100
67680
-18171
-72881
72357
18154
-29961
84288
-67854
99473
17004
-9163
-34995
64576
69006
31795
92413
55667
96422
35868
73777
-47977
77328
-30944
-25595
-39986
-12962
9555
16884
-9201
-96244
92569
69339
-4183
-549
-51779
48806
-61273
12684
-17695
-68711
32335
-30598
-77872
-91267
56261
82260
85551
-59163
-37299
-8010
-2926
-69541
-54994
2660
-70868
-25236
-67791
-49757
-21730
-61683
44553
-46477
-87248
45353
95628
84140
-63523
90568
-21217
-28813
-51640
-19171
34929
17562
-8883
-66644
-34082
74130
-36813
-95658
40371
37965
11709
-44030
94993
55796
70623
-30422
85034
-87422
-52594
4927
21417
-197
85488
32442
70318
-75187
-24461
-24383
