1000
21568
40652
31813
-63949
92624
-62833
-82137
-60359
64940
39756
-59561
47440
-24774
-74457
35686
-16733
45349
90757
78233
-41912
13886
-53050
-6442
-47863
-73667
-45854
952
34897
-3994
66015
-39615
91376
52359
25644
-14225
-90997
59613
-60898
55591
89635
-23465
50372
-45106
-24192
-62094
-85400
1655
-50823
92547
-99035
23414
91299
595
95392
75091
-5612
18724
-35420
25306
-41517
-58990
9118
17040
97501
78869
90289
95104
-36458
-1757
-70153
84339
41419
88754
-22186
85693
86624
70875
-82822
-22156
21275
38618
-70988
68156
-60789
-22542
37359
-92290
-67818
78894
72074
21495
14174
54529
-6313
-58452
53776
69967
-69200
70716
19145
-55099
-28815
5710
7716
-8926
-49835
2536
-51420
36697
35504
79265
-33221
19087
32902
-2129
99509
82303
-67321
-15654
55556
-71683
60456
25106
-7384
6872
-69665
76123
63547
-65448
85627
-8410
2710
-70810
35037
50236
-53853
29707
-10409
98515
45697
47057
-12001
-95293
-6643
-56378
16815
-84526
94867
-71650
35389
40107
4177
-584
42578
-37842
-39708
-43847
-94454
-77535
75282
18133
90087
84163
79091
55660
-48559
79617
-40324
-8560
13230
67970
65257
-20891
-65446
-92643
99271
59810
51523
28458
20955
14836
53540
-92618
34930
13441
77276
-49520
60807
51209
-8918
66624
-4278
-63447
-45688
-69480
-11821
46074
4640
-69854
-20317
-3434
79983
83192
55122
16762
-18059
-10765
-69413
74055
-31082
-17157
-64576
50851
-37359
-35202
-87781
-25156
59738
-81988
-27197
32237
88085
-19650
-98857
-60359
4465
-50906
19690
-37964
-73313
-15582
22539
-89984
-87570
42619
61423
-4811
92933
-69558
54589
80858
27196
56905
-40714
14096
18327
-63673
-59200
49103
1311
-98123
2829
34503
45791
77214
-96980
84968
61752
-95820
94508
53565
4577
-64827
26921
41459
17471
3405
-33548
19320
6365
-92380
78627
-70913
48264
-76200
35634
-11745
-42742
-64811
-47852
73371
33665
31681
-1638
75325
94811
-52892
-22785
39643
-48016
-61115
83725
-62917
3131
93776
97328
14547
-52490
34546
-7530
50985
95506
28999
97727
-87015
91216
37483
66150
88117
-86401
57901
33356
-82106
-63022
40738
-35043
-4943
89629
78229
-72575
55733
69292
84060
1538
84881
1408
39878
81173
-56638
-57881
-11024
71111
-44438
73847
-37577
-26811
-30643
-47258
-45177
-76792
94132
7369
-42286
93211
62004
-58457
47069
-12790
26633
-46918
-9868
-33111
-4261
88641
-40130
-15106
-6941
26628
-49685
-756
-7513
-20570
45257
78717
66337
68128
-23818
-78293
-4290
65248
-53584
-94838
25666
-2563
99016
-94602
75592
-30251
44086
17365
22887
-59259
54277
67049
11569
-20348
-13969
-2059
75413
38108
69187
-4728
-21148
-42938
-49982
-77206
-24336
-28510
91082
-46302
45648
91088
96426
52770
-59967
-26322
-8876
-80303
9511
-81234
79280
-28493
47025
-88942
-5171
-13898
-61030
71111
17394
-11365
-44085
-29668
38931
4286
-10083
82781
1055
-43964
-58051
36816
-52810
54881
-74903
-1845
40184
21379
-78826
81072
74105
84895
76980
67271
26256
-92138
-66551
80822
-43185
-44285
186
-48609
73741
-44316
-47447
-19242
-92834
-27230
-21769
-56259
76452
30782
58026
77247
10751
31514
-83286
-37595
-45665
36258
-40474
-84328
45627
-25707
-86892
-62668
8282
-36364
-2731
70020
-10865
-25339
-14410
15776
40194
63876
-40237
-94176
45480
-49561
-45930
87356
22612
44557
-30051
92418
34151
-79102
-43910
-11790
-44188
98033
54227
17913
7134
71975
19754
-83192
18962
-44289
48760
-84335
29521
-86544
92594
-30178
-32490
-75537
53037
-31154
74806
79106
5405
29804
-42507
-8541
-28359
69165
19572
-72819
1531
-62586
-64888
-74010
-22397
56040
-28825
-23864
94171
-81319
8892
-74579
-47275
-94160
-81190
58615
61777
-71315
22860
-28902
63195
-34702
88267
75175
32305
74274
96265
-91595
-99103
73365
17450
57006
73873
43509
12882
49587
72665
41464
2521
-33043
-42550
890
53083
63537
-19758
88374
-97299
-99377
-95113
54241
73194
98936
87297
-81757
-86677
5449
-25931
-72078
-24172
39800
-21445
-98227
50635
-68582
-11999
-67373
-81788
19598
-17928
81405
51256
-10358
32156
55806
35316
26496
-61998
43126
-55410
63404
60874
-26291
-77134
21309
85571
72754
-95910
7517
-45427
-42512
52700
17183
30762
-95126
-97699
-18748
-27378
-52109
70115
3946
-37050
47116
-41975
67410
-78347
-88837
-88629
-47028
35320
16324
9537
8321
-88917
85127
63721
-30563
47685
15221
-27043
-78313
-83425
-87184
34339
71774
72658
6207
47779
545
-36483
-1173
31667
33979
78438
48569
31119
-33862
-46920
-48445
-74332
-62901
85354
67573
10251
-83837
57088
-39327
79443
-24884
-85781
29760
86967
-85334
-58484
-78266
31022
-54359
75159
-41888
-84446
50725
35986
-38707
52856
20982
-39365
-44458
46670
-63882
25801
-85077
86659
-48913
7499
95260
-94033
-27418
74029
87793
-33869
-34370
-67110
-71450
68908
331
-7109
-14458
-75199
-62348
23964
59362
-38628
-58940
-70992
86126
15030
-13363
17579
59769
53386
40057
-96627
13384
-37077
10030
45759
9230
-2063
2589
41045
89929
52431
-74712
17140
72123
-2240
68590
-54899
-35901
46432
-72076
-34553
-54312
2327
-60239
72123
-56157
-81232
16566
44313
-16522
18632
-92744
-21720
43500
58145
84219
41130
61725
-22186
-77027
16413
52350
-62231
-3
45150
-23852
-71688
-39610
-15063
-91309
47375
-26468
75579
56663
14998
65121
38616
-40194
-63125
60516
27049
78048
-4597
59558
14781
86316
-96983
-80949
-63696
-19680
38049
-23526
89769
29476
-67962
-29647
-9860
-37116
79319
18120
-68751
4616
-51055
64479
-51556
-75470
11806
-94585
-80341
-16428
10795
88330
-30338
69067
-73129
-38407
62640
604
9671
57168
65205
-61015
-46570
-63289
-6500
-77297
-6742
-99528
-74317
46303
6242
-34201
-3575
10616
-13461
-14477
27918
8574
-22350
-83048
22871
-12935
-35021
-23777
29630
60684
-71568
75491
69095
-79665
-38722
-86528
-55971
65740
90041
58393
-39590
19603
3160
-77370
62309
-40006
-8421
13721
-3114
71541
31009
36363
-61195
49550
-78762
-43448
-24511
-90495
-20855
65172
58060
-17418
-47397
25432
90627
43483
80531
70605
-69236
39389
-47345
81924
38664
92932
-12074
30351
59128
73449
-27384
27472
-60037
-52012
88758
57692
-20619
-95754
70350
-64438
-80756
63871
-39761
-99426
-48948
65437
15067
-51571
-11478
28819
65994
96493
66086
-13647
-56805
-96581
20297
91830
-86682
-76344
-98674
-18050
50284
-45888
-23843
19177
-39248
35736
62450
-67189
-87393
-87916
58909
61193
-40278
25778
70562
42646
-94539
-45066
58816
-17846
90983
76691
37455
37660
-76958
11699
-5694
-43652
-95156
-53597
67149
17552
-79028
-21858
44128
904
-85167
92533
-47600
-17440
-85236
-44329
37143
92594
-94978
-24893
-21518
60405
-24341
26631
-90456
-84010
19374
-25549
37163
98609
88294
-42017
-86697
13484
78798
94038
60759
-82704
-45141
36510
