10000
-76855
49765
64765
5345
72783
44795
-42671
37751
30128
82843
89459
-22489
89654
-34452
-99549
71544
93101
-96116
10781
-1190
-38050
-69467
-19926
-51177
32183
-53784
-26222
-90535
90950
-98775
-99473
6418
29220
36503
-34276
-69556
-92434
5718
-28083
1357
39087
30203
-83784
-91802
-30246
-69917
-58831
-5800
43570
79217
32276
-16220
29388
-98206
-58021
-54354
-27284
-24434
7888
-75251
-58291
-90179
66012
45745
-73539
60899
28733
21873
-18588
-64326
64150
46385
32229
-84486
44448
36205
77980
-33096
-49026
84580
-84088
62616
43311
-38301
24578
-9552
44445
-96340
48043
-9221
-82798
29764
-43163
96247
-18102
41238
-98761
17052
-43933
92167
30612
99576
-64335
83351
-18059
-90708
-42130
-36752
-25373
-47491
23758
8527
30161
54167
96561
-62772
-6875
90341
29234
-14905
151
31365
7901
11633
-17550
82412
70077
19764
-648
76438
-94766
-30848
9379
47847
87905
87155
67525
-93597
-62234
63717
-43823
67463
-88091
60941
78066
-70782
-33058
-55789
-295
-73901
91039
-29134
-70380
-94144
78003
25993
89690
-64400
48056
49599
86563
-96026
-24497
-84783
4404
45722
-148
-45126
-78344
96374
-87091
-98691
4874
52970
-75385
-66798
-17584
-99988
-2629
-70677
12225
-86001
85096
98145
-48634
-38273
-24934
43072
64126
-54761
42177
-65556
-6884
-43041
81052
40046
40427
-6107
-13484
-1505
79922
91958
-53979
63599
42739
-96647
-10441
-12846
-52275
43689
-52661
-96119
-55871
21549
2833
32713
58961
854
46870
-82807
41604
77556
33242
-86163
40647
4949
32447
-2294
-70674
-79333
25310
-7595
-39208
-42183
14964
-3411
82799
41930
1594
97602
76814
-74098
-71726
-32
-3330
36801
35357
70748
73945
13146
55849
-7399
-69552
78877
-89016
90424
16584
30621
70140
-35366
57374
-63470
59406
-9582
-96628
-86189
-2242
-59156
88547
49136
-46956
88789
62392
7150
-62059
92837
93916
-51041
-29615
-88112
69123
77726
-78887
-16348
-41915
42341
13775
20223
32835
-77365
42773
-83567
1570
-61796
-76313
-37046
48179
-61610
-11195
-85216
79667
4862
67337
88446
-24659
-87970
-2025
-54132
-33218
-10341
27953
57943
-3023
45814
-43094
-12450
-61368
-13217
-24718
73144
-740
62065
33744
-32667
-32228
-72049
92975
3759
-73359
-37031
80591
36028
62338
-13174
77788
-58765
11667
81200
43292
-96439
-55736
-28919
-54079
-64281
6536
-78025
-28642
-75718
-33219
-35552
-9034
-39722
-22345
-80923
-65551
44935
90608
82365
38376
25974
28202
82733
62111
-44683
-45131
81254
99026
-9305
23565
86267
94504
41679
99359
48253
71556
27251
30764
34613
79931
-58196
47110
-95235
-59424
-19507
23480
77755
-65030
-41554
-63037
18171
-92201
56660
-91134
60328
19258
28478
90735
-68633
-94801
36943
70782
-39919
18687
32723
-36185
80074
51968
-94097
-50175
46338
95492
81130
51594
-71544
46833
-49838
2435
-16250
23089
-44980
24056
-6947
94463
-59204
-89954
-23202
-21022
-82675
-35884
-16287
-97289
62877
39756
-93690
-96026
83016
-2429
-18170
-69385
-98096
-29844
91957
80253
-75098
-89365
1494
8368
-13225
80316
-6950
-13735
-50538
-77132
1591
-52186
-72606
-97504
-57311
26461
95891
-79862
6888
-39315
-12921
21401
60910
-42911
-47581
81752
90883
93614
19016
15887
39967
78123
36692
15949
-38725
17888
73810
-44984
-78452
-25226
-23361
8859
57181
5134
-55046
-75795
-90744
-50258
18311
73138
53392
-67817
50623
-14389
61790
-50702
-52456
-55671
58455
54824
-86643
-63921
-56682
41617
-63382
9813
-4789
54596
-69578
27209
30319
-86899
70076
99920
-81885
34748
-88136
94313
1444
4506
75675
-34125
97645
22455
-53061
-69243
55914
97887
-86053
13115
5524
58027
94418
4177
-62419
-13645
-1510
98727
11674
43617
-21257
80484
13592
-58335
-91455
-76617
-98468
79796
85200
-15495
38411
-8156
65476
9582
-31917
-90414
-28882
-51861
-1756
34411
-85601
-35055
19279
-16711
35403
87991
-93639
60245
17880
-28314
77819
-22917
-82103
-99843
36890
-9546
41666
-13387
-76706
-68166
-53641
-13441
-24175
-45680
31797
97674
17046
-69589
10381
-71264
20835
-28006
-39144
-79568
-35364
-45929
-61524
42726
-38579
3772
3610
-55242
-82940
-17899
-40864
-31175
79753
48400
50802
29486
25723
88657
-78688
-80863
80969
54178
-98268
296
-9591
-46584
-13302
-15094
10104
-7887
-196
4091
-94513
99465
-5143
39939
42878
-38549
50834
-42564
-75640
66740
-30415
-84934
-89606
66548
19781
76677
98569
-25346
23230
-20223
51655
18911
-23806
-85713
31234
-68629
42458
-38452
-11143
17842
-88963
95319
69948
-99182
-53002
39664
13983
33446
45108
13532
73882
-34275
-39250
-8283
48576
-46811
42801
57374
87834
96325
31623
-60091
-99360
16138
67910
-85887
-14957
-40807
61938
47754
22842
51876
51024
97575
-72778
-8392
98440
-19757
-87548
-58126
76981
-9799
-73777
-37743
-16243
38111
-72272
57511
-41496
-7905
30531
42090
-9937
12111
96423
-49433
75554
-45566
71825
11542
-17019
12520
95566
86536
56872
63824
-5997
-7363
25746
74830
-5502
8338
69321
7864
29884
-74089
-77823
-26230
-38371
-7617
70303
26793
60952
68208
25960
33349
-10320
-78917
-60341
75543
41425
-32603
-53625
-95542
-37623
45860
-74310
-57930
-51290
-32218
50696
47623
812
-88438
-95516
-97156
40563
-55118
-61250
-56628
43035
29296
-5239
88803
61101
12637
88935
83977
30672
-1976
49140
-21340
-16923
99916
86380
44756
-45441
-51269
74682
-41092
-55550
31414
-47074
-76064
51735
3422
-57799
-91926
-20023
39717
-78408
22087
-67585
83390
-89317
-79122
-4778
-5005
76641
-28223
17563
-68331
-50286
33036
98210
-81331
24360
490
-55547
-63215
-25253
-60474
29821
41779
-26360
-90945
29782
59795
88253
72997
-67374
71413
49700
-89439
42140
1453
-45495
2481
-56793
-90121
-18935
-11760
-93213
-88285
-82599
56691
11036
-6483
-14672
-50704
27887
-25685
-16942
314
66537
-19361
92474
-26233
-92291
-97620
39396
40594
-34270
14630
59828
88380
-70969
-72574
16390
-48946
65268
40876
-28653
60697
68798
-76616
15676
-71042
-73945
-18192
-62281
-73718
-97776
63883
-69101
-73031
89499
4415
-19031
-24164
-21599
-42771
93537
-87340
17933
-91077
-3810
73534
33299
-14656
-70201
-54871
65489
-15720
-88461
27650
22208
74646
-43920
23825
-58410
18969
-62160
-21348
-38276
-51593
-89519
59817
-69017
24983
-21752
73697
-31339
51547
70761
-44144
80358
-24902
-18347
56713
-92395
-62101
83776
23655
-60527
-22851
69597
-90066
49788
-51004
-63191
60623
75647
32557
-4335
-81078
52040
-20109
-48383
-4562
36321
85866
-74934
-58500
-65298
12601
32303
-3990
44547
74981
86221
92547
92511
-52024
57636
-90965
-33846
-83168
24838
86849
-78202
-99581
4890
-24483
80500
-67728
-18227
-14152
29447
41922
-37225
31979
27357
64318
38309
-90928
-42113
53963
-38680
-12219
93686
5505
-99334
-17969
-16056
-65959
-70680
-57126
-45234
-62331
-84320
71902
86707
-11623
-3656
-40610
-30389
-25626
37401
-96054
77325
38824
-19770
45253
-26257
-31211
-21555
-27583
-75939
33045
-27576
21637
-71979
16081
-90672
28240
45153
-7964
-26560
72472
-16846
-73681
-44959
73387
-96170
-79607
47095
183
35158
38547
-58009
50725
-56273
20329
63363
-91489
-20693
31476
-79052
-56398
84890
12316
35843
-61105
64370
-3237
29700
-65812
94337
94765
-83361
88392
93130
45219
-81284
-45429
-93116
-45225
-81654
75275
-40341
-8262
-48851
-93845
-96512
91145
-18302
12190
25316
25182
-77425
-96119
-78963
22627
-53300
-15929
57250
38753
75080
72070
71353
43319
99002
10894
-57430
96549
83173
98850
29584
90824
-41882
-35329
50908
33632
-7907
-73791
74133
-94899
31734
-43739
12464
-53671
91603
-23
-30905
32110
23384
83536
-93319
-36184
45650
80194
-40033
-38587
90884
-39857
47270
57849
89168
52500
76622
-78945
77247
-34826
-76162
78153
45869
-17716
74561
46072
45524
-35431
77985
-12313
-96141
-27466
-82338
84482
-79782
-89458
-26869
95220
-57387
45763
11206
-92834
-64077
44463
-16686
43683
18289
61701
-94253
54560
77896
-43819
-98075
32953
3408
57390
51993
40655
63631
17053
42316
-75571
2595
-70380
34470
24674
-16313
92903
-88148
-35127
-87355
-31825
85763
96963
-19719
-20463
73538
20710
-70083
16089
-57358
-15857
-87114
-80704
-98011
-66828
10234
-8116
18992
-91436
-36643
-77802
-83578
-39025
-52073
-96665
-71950
77522
-7853
-76612
81648
58218
-33642
-61015
79273
79482
62666
9306
38282
50696
-36057
-29772
-47808
8241
-65987
-41383
-63342
-96003
15840
-30389
60634
97613
85936
-56152
-46879
5617
-51773
-83117
-24938
-84330
53553
31028
89387
-86436
-60355
2389
-64179
-81978
72347
-56659
13885
3275
30946
-8262
-71920
14857
16464
-76089
-16129
46681
-71948
-30067
-82836
-65603
-60868
-21066
93682
20406
-58917
-81604
-85145
-55949
53975
53232
-9295
62947
-83540
-82089
-55678
-4053
53472
44975
-82767
-39821
57444
-16433
-59338
-47013
6820
69036
92290
69708
26796
-72520
83961
81577
44086
93348
93005
-62813
-41900
57926
-24904
-24532
-84938
-29289
-53419
-10941
76249
-14637
-93220
26670
91853
-33277
-40200
60294
33057
-32489
-67897
31468
-65428
-54036
-15443
39641
-39173
39534
-7339
-9260
-91502
26967
54534
45116
35489
-1514
84765
90053
-99579
24970
48685
58304
-48137
4717
-14352
35794
49941
-59762
78824
-65722
78155
25526
-10090
88959
92510
-65939
82006
-49914
-61547
-619
-61483
-70846
-52156
-30605
11057
-4731
-71370
72142
98091
34882
118
98608
88011
88157
46714
137
77777
-66661
-83027
28019
81491
-5511
15319
-46767
440
25944
98859
4944
92623
39253
-62290
93647
56205
53047
59967
-76901
-1119
-39614
88775
99091
-75914
-10776
-21443
-19925
-27836
90655
29718
-55669
81939
-7282
21768
80599
22606
-63520
77626
18378
78912
-43077
61002
89915
53165
74699
55802
-25342
78351
-94280
-30280
6452
61548
-39242
58184
-60791
-16624
-42630
-15856
-94305
-12179
13706
71231
79767
92939
32365
-84581
20893
48109
-42558
-97497
-15674
-16830
-40787
55533
-51630
3717
-24020
81773
-1328
36850
-41593
8738
-26911
63268
79846
-21651
88340
3344
-11268
40545
37105
60888
-21343
22186
-57902
23885
-77634
29210
84970
35588
-79198
-2990
-12439
-67117
-43599
-39159
-59336
-69143
-35781
-93444
-30049
-96505
45163
47026
-59641
64607
46038
-97813
-94823
-73913
80243
81508
-16764
-87206
64746
-43766
-37794
-81429
81157
-62983
-42718
35239
-27645
-9425
29272
81670
-34293
34962
-50862
59630
53374
-43750
68946
67748
-90331
77916
-47671
42479
-30455
-17164
53946
-30837
69538
34575
6781
65415
-93849
-66926
-94944
63100
-26684
-7061
-72280
-41238
-97430
-44622
88245
78320
98240
-15685
-76285
50599
68407
48315
37261
-9700
-26885
38483
-51892
-45847
63685
1022
-26084
-84497
-22259
81044
-59392
87410
-47715
-56968
68924
34769
-64191
24357
-89568
-14944
-57829
-34865
98789
29988
-44141
-26055
-93520
90986
-96725
67219
77555
-73532
86960
65101
-82445
80161
52108
-63684
-17052
-58360
-71431
99431
-7568
-5135
6096
-43536
88726
-49792
88959
65626
815
93727
38489
41659
-50035
-45514
79048
48767
-86468
-21686
40413
48534
-4246
90799
19336
-80965
-72285
-5141
-86749
-90334
-43084
-59479
95016
-49410
-9743
-92201
80323
89004
85267
50781
88451
63551
-22087
-11655
-2198
-31255
-86641
-49093
60579
59842
99596
47194
-39021
17080
-43691
-72014
28232
47188
-63361
-85989
-89266
-30172
94130
-68313
-86432
29963
-18519
-73609
-39300
86113
-36139
40058
-34161
41736
-55007
-23548
-91568
-87924
-20399
-89721
59241
-31050
-56573
-31504
-1649
-68370
-18344
21216
-31693
-5366
-20180
-60795
73552
-32585
22912
-48427
2085
-3902
-58055
48615
3453
-76540
-53695
38446
-73559
-14232
-51764
-95278
48080
8346
-45771
28204
-71587
11022
-84026
64606
31446
16362
-18921
8717
-68339
5138
-59763
-73539
67887
-76210
8644
-70713
14393
97113
-95929
71097
76235
-36920
19516
6218
31957
-45420
68189
-76168
-80914
40263
-35807
6592
79299
63807
-63367
-8582
25068
17122
-61770
-29554
11546
-95713
-21561
-79145
-52371
36636
38560
9810
35042
-57406
45879
-97534
49705
-94751
-55448
38436
-21163
94400
38393
68234
-97491
-50043
54519
71831
42655
46461
79551
38294
6292
11721
-19111
92151
10719
21542
77054
-2906
-34289
64023
24250
-53687
88739
55217
64492
-9257
61469
63427
-10133
55312
-56849
-37473
-63229
-97892
-7022
38281
-18851
71364
-53066
-45700
-48324
-85113
22484
43155
-8861
79450
90975
-88741
45333
-82944
13208
-87566
-38220
56257
-6271
67803
-38517
-55030
-14615
-30494
-95193
-97184
-31642
73830
-79456
82114
-69663
-15736
-73355
-68005
94923
75311
18965
-84319
-13714
23221
-18566
-34355
87454
79921
-59984
-39433
-48050
-47647
78708
-37043
-4738
-30732
94455
-59920
-43118
-97870
82754
30507
88767
69641
-31501
47952
48542
-49547
-38875
-54351
9635
93770
55278
-90248
51303
-71775
62018
7908
76705
-87651
11636
-30624
-6861
-62183
55069
-48127
-75232
24944
-6699
-51300
-34724
10728
-82658
26754
14140
25723
66785
84442
-93107
28548
-72048
-95719
-6848
22787
-93270
-91744
74754
-69491
-11299
-44815
-74134
36819
-34747
-13617
2188
-11892
63954
-54926
-6165
98626
-59191
-25564
-43189
78966
46433
-46789
-86493
-13583
-34419
9523
81905
32553
-78183
-72344
-30808
74892
44142
71596
10821
87468
-79760
-93621
-16960
38214
34054
-12071
-1379
71536
20665
-76877
-24479
99935
-16651
-26277
70114
-79598
72814
81962
-39880
-64033
-49636
33777
65423
-14952
79014
-45264
9694
96154
16477
61618
41906
17329
-25697
74819
46884
46571
14556
11344
98537
-30408
-17739
99737
-44920
-68486
-6656
33877
47782
42479
-92760
17442
95741
10488
82162
78566
-47701
-81722
-43686
95240
-22169
-79904
-93157
-82875
-61298
-82029
-61682
-42513
40924
4470
-1686
-71608
55926
-56808
57578
-23433
-30109
-5751
23436
39717
82267
62850
-80971
71991
-80392
-49103
34162
-50648
85257
-49883
72985
81282
-83322
52435
5838
-74632
92765
-31293
33633
-87581
-29141
75226
-83819
42903
-8186
28356
2236
-49246
84215
94205
32573
-40096
-96699
-24195
-21832
-10306
80364
94590
99200
87753
23917
-74197
92359
-24590
27263
-73433
72983
-1376
-3869
-41226
99964
38962
-13419
68300
-39168
-10992
-8546
99376
-79666
-81044
36806
-92403
-12552
7387
99623
87381
-62316
-39670
-72739
-93806
-39103
-94178
1818
-50997
50183
80620
39446
71631
-35427
14034
-10333
37153
47620
19056
-91042
-16512
-76272
-99257
89346
-34799
54918
-31252
-11242
-21717
15713
19560
-34105
-13889
-61649
-3921
13392
-14558
17433
19195
60437
-1223
87935
23109
88528
51328
82305
58528
11298
99766
82843
-58766
-73269
74217
-7896
64015
-30539
-68583
-49465
-35405
62443
-90228
3739
61596
34855
62318
-24340
-67070
76424
-7902
-98325
80692
-30686
68585
32914
-13935
68335
-66451
-11670
37023
45668
83563
15398
-12469
-38049
-68484
-70419
-21698
42620
-73730
68085
-44201
-70265
-44829
64395
49483
-50869
15894
99823
78487
67593
-82811
23131
43613
-93179
-12593
83300
-98270
57338
79820
59322
-14301
6381
32563
41162
70415
52703
-65748
-21566
96934
82459
96051
-38924
79020
-74064
-49307
-38060
14473
87481
-54677
-1828
66240
29272
-26816
88014
-58166
61633
-66016
-74471
41679
21234
-50801
-45867
-84160
-62080
-31101
39657
-34669
88013
-61714
51148
93468
42326
29932
-15960
-891
-5271
14406
-40230
-30998
-54860
90593
-22122
-25517
2551
-24250
-9816
1487
92955
98575
87445
-81815
86685
3754
-43040
-55478
64611
-13235
12008
-57685
-54417
-35402
7151
75828
-1935
86878
60469
-71818
42486
-76870
-91069
-18686
-80449
91948
94595
-82908
-53075
64589
-83316
-46913
78743
-31345
-76228
-1722
-72002
-36909
-513
6804
10200
-48634
52076
93225
43336
93624
18830
24642
-66641
68347
-13313
-67948
25500
36340
6640
84260
-15201
37121
66950
-50106
79291
-505
-95969
-95824
-59079
-66794
55602
12538
23065
-86725
56661
-10636
-33628
-95581
-25641
-56412
50397
74919
8269
-53350
-25131
11320
-55702
-17806
42782
14568
-84280
-39898
-65065
-63021
71555
-2035
-95066
42664
92740
-30988
-77883
41752
-8740
29399
87667
59161
57926
60093
-88246
-78185
24143
25453
-42831
-56968
-30511
-31344
-68441
-40182
79387
-53980
-67136
70348
-31508
-56870
3437
58838
36446
84046
82291
1765
87328
4065
59518
-52601
1180
-97804
-68145
83935
70199
-97214
81744
67158
62646
32986
72136
14110
-67522
81144
-32535
5796
-73228
-11905
-43961
28114
15235
30998
80483
41022
-97541
25052
-49242
-6158
-58409
-15799
8361
-9832
57815
52770
76465
-29694
-3700
49688
23416
-75500
99826
59198
-69402
-42097
59895
-46746
-68513
-91462
-66278
26007
-1163
51247
-75601
46572
26494
10367
-2498
29708
-9599
-84733
34891
-78847
-39350
-19328
-86799
27831
24413
94326
-69336
-15468
-18873
63429
-97818
62574
-40944
83196
18273
-49747
-48564
52608
-40463
48126
31248
76182
76436
-5967
16194
-68083
-21236
-64655
61066
-80053
42915
51613
19173
73138
23310
-11897
-38696
-88338
-24209
8840
38273
-65698
82805
65789
-28344
29468
2015
-79517
34165
31467
-5283
-63029
16988
-82564
-72361
12665
-6605
30749
-43001
-43489
-26620
87231
79297
55025
-38915
73378
-88045
90341
41637
36639
-29305
64265
-14039
8401
-2747
-81088
-61355
90209
-55531
17498
-15330
20589
70467
85263
-87013
-40427
32987
-5928
25492
-55903
50388
76523
6451
-22062
-31799
39121
-41321
-98492
-69470
2149
53384
-86276
-87215
-49109
31493
-29740
9081
92810
1336
-21056
18281
11815
76555
59900
-44923
52192
52755
36436
55365
-53854
-82262
-54385
-90217
67176
-93476
16569
352
20561
24312
89612
-26336
-43173
-77114
78010
87988
50626
-46121
-16166
73780
37039
-22665
4908
-11780
1375
92415
74763
40648
-20335
37191
-47954
84729
-48725
10873
16282
18804
49514
50562
-23896
-59862
-41148
77921
-63954
8946
42909
-5663
62861
65361
46561
29988
-3625
-56676
37124
-36779
-39398
-81291
95252
-15233
-91826
16689
-2185
-41668
-84201
-23654
-23033
-63355
5686
34512
68294
39849
-9134
83466
34432
-61287
58207
-55686
19260
-17697
-56279
14415
-67042
-94161
83455
9236
-164
-41706
37246
-29707
-20261
-13233
73273
-98654
-74907
97845
23106
-66420
25993
-39534
-43688
-64371
-10736
40277
71980
-4380
-36329
55778
89362
58590
26510
84356
-70911
54224
2956
-8642
-4794
27904
-43892
54975
-68020
30691
-91384
-20045
33408
73985
88432
-8842
17636
40565
-61049
-70877
49010
-39600
61083
72779
-1942
-12707
-41953
32065
-29830
6144
27814
17683
-77750
-9352
57726
18515
12897
-97341
26535
-51629
19447
-96031
59439
-41042
53463
69168
-9173
-15421
62512
-7754
-59885
-45315
-52038
21182
-50885
-69682
-55040
-31271
-98006
-83782
67917
50118
95001
12047
-37129
-45460
15369
-99085
-58685
-15421
49793
63446
-70413
50643
-6109
22406
29683
-31787
48042
5217
-86756
39733
82883
-92764
-51422
-11463
52100
-85790
72545
60283
-39539
58833
61503
594
24058
-87745
-44291
93455
21122
-6750
58655
-6429
-86097
-31348
8054
16734
-28422
-41091
54279
3090
-12798
9426
12186
-52522
-12439
-43620
41248
4902
39756
-53940
-98559
-4440
-27556
67402
-51518
-98550
-87651
55204
-69872
11526
-9989
5027
-81429
90887
-71612
54330
-35406
-33434
33287
-40744
-4985
-89267
-30778
-39587
-44194
-95876
96986
9000
-36441
49514
55012
15375
-36842
99203
19499
74728
87051
-47024
65175
19972
19427
1205
36361
41212
-53797
-42541
33877
68643
73244
-44530
-47843
43802
-74073
-20440
34763
84355
65245
-42228
-73622
-91634
15532
34791
6370
2799
-94382
-26383
-30450
-6544
-72625
52362
-52292
54370
3691
4927
84800
35503
68129
-59989
-96459
-1845
91303
51514
74449
-89591
-30757
13705
-89500
4746
-23157
55849
78189
-84976
-85727
-82493
-42407
6320
90281
-90603
-40807
-3354
10561
35354
66270
7234
56092
-35128
19060
-75007
-81934
-15245
81976
-26761
-4472
911
42680
17703
94103
7699
-28379
-77451
56092
-23304
-83401
-14
29884
43296
7518
75799
-38959
73876
-50592
2701
89685
-17050
-21356
-95511
-45399
73717
92153
-15243
29315
-59249
48627
85417
26419
26097
92004
23481
-26352
87913
30051
9160
-1149
14813
10780
66874
-8401
-24860
-34684
-14937
21052
19602
-74570
-13653
85759
51281
-17233
63642
-88377
-70166
45411
-12527
50119
32611
-15942
80488
44059
-18045
79914
-61693
-70279
80817
64433
-23992
52213
-23941
-13136
55530
-22928
-34126
-98593
26788
97694
91057
64369
-22398
49395
46399
-65531
19353
-14614
40650
-45691
21079
-68686
70164
13599
-21963
-73355
-71638
70942
52489
74309
64334
73956
-41161
8165
24630
-36858
7304
88242
53037
-55228
-20461
-49939
-15976
16163
3159
-9882
-26797
-5463
85547
94789
-67654
-86027
-32052
20536
45700
19256
17686
15157
46409
-10732
-87154
69418
-68444
41231
11355
67849
58227
-20492
-6443
75753
63163
68486
83126
29979
83049
86882
-18834
-88630
45619
-44240
-67630
-85875
58653
-79355
89268
8589
31704
-5607
15374
-82930
18117
-90016
54615
-50916
68375
19015
-53768
-23278
51349
-91764
-8616
51850
-96193
74490
-35885
69212
89928
15232
-56054
-3179
-63678
-20819
-87724
22198
-69544
76491
5523
18853
-31948
-98731
97313
21621
-64639
32725
15848
94413
43466
-23074
-28975
48567
-58751
-55453
55252
-66425
99612
68467
-26578
-30746
77466
4242
14129
86010
58788
30453
-13515
47667
-20914
-27879
33132
32501
33340
38656
-25197
-91299
54050
-36855
59781
-27342
-34973
-97173
85930
74858
-81509
11214
-15092
-41898
-34824
46534
59594
-46229
-82109
29804
-44123
-33299
-16771
-27429
567
-14855
-75932
76100
-35644
5808
54741
-22289
47657
36604
-71541
25806
-24079
76480
97029
-99329
25479
-40544
-23482
73759
56517
62953
-76170
73926
64874
-45537
20198
84258
-18581
-57886
88625
-4813
-90528
-41540
23613
-46880
-11105
-29558
69281
91573
84966
3268
74465
1274
-90767
-56406
25876
41137
-99540
-30516
-3353
24427
-66301
3766
26746
59143
-6571
8631
-92440
16968
-49082
-21619
-51356
82066
86259
-12625
29566
70913
-39359
-35785
-76347
85926
28815
-91607
60103
94623
17098
64036
72116
-42222
-56482
-88477
-89695
22022
-41847
53296
-29208
-79906
-28468
-91609
-59860
-90062
-92484
47011
-50118
29579
-5259
66887
-40309
21371
-99539
75627
90854
-91177
62758
1632
30690
95443
-82115
-37854
99721
-51208
-23008
-6823
80344
-13948
20189
88908
356
94750
8853
79843
-74858
46644
-74161
-21609
-68585
23475
65961
2808
-76537
28514
47913
-48422
-89114
-40421
35953
64349
39253
85608
22033
20888
54071
-26634
-66505
24418
43250
81336
8833
-55044
53202
-72549
69939
77406
-44084
70625
26500
44892
56671
32093
69395
58037
-85738
-45686
18167
-13831
-53589
76935
17459
99476
95173
87603
-47160
62650
68578
801
94949
53361
52176
87736
-41798
-97290
-20394
-98390
-2262
75405
21935
68111
4063
4072
-13514
41501
69751
-44877
7901
-41338
-81444
-60038
97047
-90066
24433
-67080
-43498
-37496
-1176
86845
-56594
57996
-26320
94650
-871
-72361
24396
-89428
52692
27934
-52673
76707
-17562
73104
73827
-44881
-13632
-27512
-34087
56806
91072
-26452
-25893
91283
-22320
2661
62254
6718
-97877
-2437
88499
-64940
29312
44172
-26405
-75021
-47570
-19544
24058
-54380
68400
31884
53429
-15978
-56366
-1607
-4394
40931
-79519
-76879
48190
84609
98018
82318
-87302
46903
88120
-7489
-94162
-28839
14889
-74785
493
58291
69114
62195
78955
-65266
77110
20288
21706
36257
-96050
-70649
-24560
-77161
-36902
-10977
-16390
-7623
59709
27757
-33367
-64455
9831
43969
-42693
-27814
83253
24208
-72523
-84162
-53517
-48182
-56740
99150
-75839
-17448
-25821
50560
-65901
-95884
9534
7944
14994
16036
10837
-27683
-20256
48852
-37484
71014
-88967
-74737
-78561
84033
78324
-59238
79779
-35728
81705
77357
-36024
-18591
-90387
64975
-48126
-93031
-90631
72973
5703
-85956
-4951
39766
39771
-22533
27744
48822
67846
-11942
-81848
42413
-26841
-11427
-55369
7211
-84637
-85362
30765
-43605
94390
-57170
-92294
58793
30313
46774
-99011
-49407
-58140
84232
13254
-19162
-25125
-39753
23389
-50309
-70620
50159
-17636
22609
57449
29059
-50697
53502
-75591
72082
-90404
79062
75385
-90796
-86347
-60855
-38025
65606
40651
-24231
-58209
-21264
-99324
25014
-89082
35088
-55219
61111
-74268
90725
-16430
47223
-66337
-16103
89578
-46390
-55358
58315
82256
-1061
-68852
89401
-87220
-67869
3685
-53433
19249
-49720
-15189
65326
-69441
55696
29867
-75644
-61272
-61504
-53268
43299
46960
75285
61925
-55495
-81555
-3938
46926
-27604
40430
-72716
33491
51367
6584
53783
12901
-10426
35308
-71449
16107
-59686
-50748
95548
-53353
60441
-47940
1442
-66221
-85147
-47347
81204
-64487
19575
-46380
-47788
-76062
-54680
-12462
78468
-15370
-4708
-90867
69092
82530
-39733
-50605
77000
43976
1709
-354
17141
-41008
21826
63123
-76296
23356
-32901
11685
-47068
-12262
-36856
93910
-39450
-57966
-23553
80222
36294
80991
99622
-42908
-67780
-58341
-28835
78249
-20115
-33486
67243
19588
19649
-15623
30435
-29432
23906
95255
14194
96257
-55406
42529
90632
40861
-77335
47428
72929
-3672
93610
-11493
-23697
25136
15809
-18655
68966
18312
-38308
-80512
59107
-75737
-73181
-96888
95674
32112
13397
93051
-69989
-44276
9920
38021
-3297
28211
12381
-6455
96245
91274
53894
-51434
39523
-59289
-90732
-25864
86843
37680
-14247
-13525
76829
6433
84983
76651
-83933
5355
47963
95142
78061
1210
92506
-79981
24072
-5169
52902
-13796
80317
-60979
-55316
6711
79348
-29361
32590
-97133
-1276
-36874
45304
-39187
-88424
62016
27297
-54591
57087
97043
38816
-68258
-82801
78746
-51096
-84270
-22473
-35386
-18334
37445
-16096
79286
30757
-43294
-42624
-84431
25109
81008
-68549
58832
9493
9727
-18123
-20487
73450
-4291
-39560
646
-63763
-32600
-64961
-60285
1260
73374
48349
-12458
43871
14672
55629
-21382
80834
-39723
-25641
-92444
-40364
2202
58523
62406
-76566
-21000
1917
49969
90416
-61986
-13715
3029
19389
-63507
-55471
-31772
-99246
73123
37522
-83947
-93200
6318
-85632
-73787
-45741
-36062
-28317
-43337
-33138
-77818
38175
25724
-80508
25545
-61438
28014
15552
-74926
-71762
-23274
-96078
25461
-31842
-91475
-23865
-70207
-85290
-67712
-68061
-43210
64491
35052
13822
-11756
99436
73673
73688
-41010
79340
49892
-5990
63070
31597
-14428
-33141
-1998
-83285
2829
8491
-49276
74754
-75869
2672
64519
1852
93542
46938
74045
-64965
60604
39861
-89563
-75712
-61587
-53781
-66542
-54891
8776
-82493
-57129
91165
-81630
-90630
-99169
-34314
-65026
67836
21273
-3256
18248
8575
-40496
88941
-39812
-72323
-14312
-56579
-66396
97932
4772
-28876
-93570
-19365
95605
-51390
92219
1867
-88979
-68688
24228
-8345
18818
71274
27928
65282
-18035
33517
-3088
-47124
95234
23246
-68157
65744
57275
18980
39621
-61075
82029
-4973
-15030
-76049
-88581
-86666
-34199
14441
24361
-79768
70331
22642
7977
-12369
55619
82457
-96111
79622
23207
35974
-81682
6598
95261
-26450
-70542
-13008
62625
95602
-63288
65241
91746
56085
-54392
90034
-51011
-26856
-21498
94771
39968
20084
-95931
-86876
-8559
-35980
-31287
-86776
-21945
58220
67338
-22938
-77450
41881
82565
-13643
1896
99351
-23188
31843
65351
-60743
-43971
74818
12279
53000
94192
62608
49312
-31589
91017
31521
20873
2256
9742
-21973
-82976
-10268
-47725
-76754
99670
-67980
81073
-34306
25575
-36271
-22763
8494
81527
-18118
-23756
10715
69336
88312
43036
-46382
-91544
-5029
11750
-12961
-11049
22220
47816
39475
63495
-77361
36487
-72143
17420
-13864
14857
-96107
73683
83462
-47032
-40831
-41058
66176
-39389
82278
-25811
93675
-96818
92171
-92743
13061
-41174
-43907
-35559
-73951
28272
68883
51016
30015
-44410
55133
-51458
-43577
-87756
62889
80570
48802
-75280
-20495
87201
-58378
-62315
-64540
-34368
-59844
-55758
21071
-57234
-51137
-21825
-65688
8461
72178
1259
74295
25455
-97105
13393
-43230
15764
73352
-36472
-99693
13777
72652
-74791
-84088
-7347
-58344
-10292
2742
90598
77910
32219
-15013
85233
-74153
83848
20383
-74530
-48695
-84150
-39770
-17735
76565
53602
6453
-30516
11351
43917
85886
86754
87163
47762
-96375
-69594
-25423
9659
-62847
8554
-6260
64352
-57639
-81915
7292
32606
-4071
10452
19750
74535
78089
-66784
-93667
-84236
29688
-36128
16448
-76075
6633
81365
78640
-34968
64155
-68589
-81493
-67288
-19596
77024
61962
-86243
13641
45173
99347
53233
-42420
-20319
21436
89827
-52525
-67251
25917
53844
-1343
-95206
-90992
-55489
67091
-62297
60872
-39546
-20663
98094
-64437
45543
86318
-83762
-34194
15053
83782
-92317
55275
60355
-35180
-68143
-22207
-38781
6533
-2784
-91799
-5843
7548
17025
13296
43731
-66117
74223
16118
-91215
16491
-13135
4097
92282
-6456
70972
7039
-22259
-60245
56437
-23146
-59065
1653
23187
-92758
-26574
3413
98147
-34518
-61926
-25993
-88283
55895
27904
74954
-69164
-70189
-46808
-4949
-87741
-76383
-47603
87475
69091
64255
-21259
52378
19105
-63715
65631
9286
25580
-5383
-32424
22964
14484
59928
-89940
88898
22414
-81438
41018
-19562
67540
-90725
-6239
-12369
-99223
-59206
97814
-31098
59962
-70296
29784
77152
89888
99990
2362
2355
14210
-44421
63455
37234
97944
43561
-3643
66167
60234
72843
29175
-33652
-53257
66109
-12122
97622
-83055
-55096
11538
62751
59877
40505
-32605
17599
40184
88860
-14764
-16987
47437
-38886
-47729
14599
5828
54188
-15661
64228
-67364
65659
-9711
77042
-99751
61974
-85161
-73174
72833
-44337
93603
-56212
-31296
81906
-40294
84687
71211
-95645
92241
-30071
-71583
98707
-25977
-57160
60238
-77345
-99786
71051
-85687
-5243
90046
96336
90397
95043
-71614
-27686
-58907
11726
-65586
-26738
89552
32940
19381
-16502
-91899
91950
-16582
57523
24288
-83890
73892
76378
30489
-73119
-57931
-69109
33798
-12488
-94605
-42767
-4937
-54887
-61723
-65303
-22273
-1323
-55590
70881
57682
-18554
71458
-77651
46922
-2457
50400
27046
-71740
48400
29111
-59969
25895
82956
67362
42854
-25660
25432
29280
-622
-40871
-62085
71692
92719
19568
-45251
-25397
11364
87205
-89595
71710
1661
76100
-18925
55063
79226
63633
25558
4456
67379
61793
58346
16662
28838
-19931
60146
38477
91807
88519
30543
-84914
7042
-33364
8314
-46205
35448
-50278
-51388
-83468
42356
17971
41703
-96751
-17311
68768
61511
-64977
66410
-51703
70027
36496
-3611
62144
-20909
-82021
-61475
62525
-85547
29354
51066
-19708
-15657
-79678
13135
-20893
70603
-66018
5504
-11305
34754
-85084
-65906
-58545
4046
90425
-4927
-50936
74105
-97488
72689
-65897
-40869
55773
62512
67013
-44132
-43192
80855
49620
95303
-37507
-75220
-83168
27590
18625
-27027
-47199
59008
45919
-99012
-71155
74572
-74272
92582
-21926
-55536
44504
-6383
-41823
-89733
21981
41794
-36322
55899
24467
-10551
-90412
-74213
-1373
10121
-54451
13917
34762
37352
-63169
61616
-61235
47951
84939
-92690
-81846
16990
-72865
36085
40938
432
-42438
-94720
54835
-20410
55183
-73439
59514
95506
-28989
68445
83382
54434
-86255
-75229
-36369
31143
-41587
-39061
-62572
-38622
52614
66664
89068
35370
-56124
-8855
99237
38428
24752
-88303
62473
-87009
2835
817
-70194
-6190
97463
-15489
-79476
-99691
58857
-98378
93705
-41551
-12000
-21047
44272
73381
61944
32069
95009
-14130
-35561
36674
-5214
30961
78257
-15483
69810
-96728
28838
-35723
-95554
26088
97480
14520
-94483
69995
7995
-7766
-45034
-51650
-2891
77434
-77807
23273
17894
-84576
62251
13238
-10255
-4034
-66061
33888
28823
-76717
70129
91098
-80075
-29546
-98250
-60360
-10652
-58507
52943
-91842
47870
-52375
55187
-73340
-67008
42550
68124
32898
-56309
80508
26066
82366
-93819
-24323
15587
11535
62364
31788
35471
4108
-89877
-87378
5151
-21354
-52427
-1424
-28427
91519
-12915
-65180
-11329
40470
-76776
-7975
39237
37521
19115
5749
-68382
-78251
6542
-94958
97680
-35996
49826
-22669
-71332
-68125
-18530
78178
-34440
96391
-48459
9447
-29073
10396
-41388
64102
37235
-50830
98631
21270
16210
54436
75835
-18278
3271
-46970
82910
16957
36461
57834
60835
43151
-42033
-99057
10081
82326
-20198
57831
-92197
-13517
43700
-24252
-72486
-27693
54053
-62818
-59849
-98930
-63501
-15485
-40139
-31969
23437
58779
-73334
-44095
82141
-46761
-52993
-65502
-4608
76022
-61907
9286
11538
15987
-96985
80699
-21086
40079
-61066
16244
35909
-61450
68351
-11259
-21370
74641
58881
-86662
-85893
78631
-13765
-61932
80243
-34320
72618
33313
37451
35448
-11344
27447
-14625
45229
-23792
-28531
-16738
68677
19606
-39307
-44553
29774
-63788
-32390
-13328
787
80710
68818
-77035
66664
-11561
-14784
72397
-65901
-91971
87561
-47032
23127
-577
-20016
-33452
14942
34903
99600
57615
61314
-15246
2230
81911
-24008
-70189
63641
81949
-63783
-12008
78039
25976
3023
7637
11405
-59882
-82280
-80804
-2830
-18451
12154
82463
-64623
3408
11651
-51092
41121
-87747
11452
-28010
28162
71379
81642
25908
-79978
-20127
-20288
-49213
-42118
-59431
56292
-65369
-33376
31651
22940
84431
5131
91406
6933
-43531
-76955
82465
23888
-32059
38848
25552
65514
20821
-35545
27722
-34938
-98605
18720
-71953
59480
-91203
-82366
-96417
-81391
33672
13805
74286
-18974
-1052
-6359
-49549
55535
85015
-63330
-34496
-61678
-64250
-36819
81963
-21047
91539
-42069
-2293
-9027
95
-14152
-8897
-29456
-73552
-88577
-21976
54658
-67858
-37172
89078
-34465
-21944
-51132
48352
70152
96692
6086
39853
29821
64147
82781
26864
-96379
40818
-57314
38737
2777
-3155
-37851
-45883
9011
84078
-22554
58975
26670
52883
-47502
-53888
-72294
9518
-97655
64618
-97954
83237
-60842
-3533
22026
30458
-58165
70485
-70343
-13659
-6695
18914
-82273
57118
-68852
-89196
-1291
-64009
-79742
92099
-55810
613
88902
-48657
51124
-32865
-84915
80701
-58924
90078
-58100
33023
-7485
-3643
68212
-39188
-39397
-47077
-27380
-52625
-47017
89011
-9367
43739
-84201
-73875
91019
91835
23951
-94443
71063
-70521
-27438
-39320
-16147
-2573
12279
99639
5541
17634
63973
-52571
58475
-2567
-55167
77194
-24908
-50482
-47632
-39302
58460
59134
-28597
81376
27422
31133
-44321
22403
-99729
27209
-85795
77611
42359
-51496
99365
52829
20397
7343
42921
96705
-33778
20724
-1279
27493
-76807
-64165
-31284
-7462
-91094
71645
-76035
88316
-97455
64199
-88183
41104
11726
84143
-1685
-6715
-98164
-31999
3858
11101
-67209
6391
-55191
35685
-5861
88231
52608
93728
14682
-63050
-89252
2882
25674
86314
8024
49240
29737
73246
24245
73093
52157
-13234
-8762
15910
21196
13970
-20943
41367
-5387
37416
94882
87311
-56278
-342
-56686
41446
57931
40990
42095
-3016
-86049
-38996
14697
98849
-62095
15658
-82151
83879
-18555
99987
56205
-87433
87478
-68457
-28236
-44408
86573
35020
-95901
67740
51264
53378
37633
78501
-27868
-90444
-83754
-71612
-14064
79449
28970
35948
-40911
-1830
-37731
-74266
-16637
45855
48323
-72403
-67117
-88189
51449
-36103
-14642
-4378
-98551
-32743
31556
-1632
88757
-91015
-38785
30866
44004
6019
-60934
72345
-72730
24226
50880
17564
-4506
-79582
98595
-65339
-44629
3124
-88939
82188
-41270
-5171
3558
-75857
-1812
35821
87322
46334
60856
31805
-70874
-14638
-77219
-81455
455
-97954
-1987
-68402
9920
59613
60281
-95963
-56274
-57429
94805
-11715
88457
26416
75464
19439
-43399
-66185
21987
-87381
-9582
-33443
-19045
-13896
13614
-71068
-40971
-40040
-65626
57895
-91699
-41783
-75348
-10904
44034
-59992
70408
85317
61697
9969
22893
90761
64877
88929
-73672
9823
21864
-12996
28292
-15006
-77055
-93462
-788
-30129
-64518
-84675
94046
9436
-61068
64270
64600
-82142
75769
-84219
25539
76597
-23770
-97930
57896
55572
7219
-80024
5907
-88900
49889
57266
-41405
47255
51775
63359
-39862
-26734
65304
-38224
24135
36108
-13636
-3040
28542
-38230
-87831
-35005
-44079
-62265
-11113
50983
-23971
14601
-61667
47261
-18892
-36593
14723
-57999
59762
44038
94757
10836
12862
-70885
92800
-30053
24479
-96182
-58468
24480
-33352
69589
83542
38406
-15390
-8047
5065
97499
36324
-77606
-54248
-63146
53073
63399
73691
-83329
49919
75320
-32860
-90002
-70049
91948
18157
80939
3326
-56593
75423
91509
46103
56336
40321
76382
-48366
27376
-452
-5357
-46563
4694
-65977
88122
-26650
20000
-16525
-43596
-14286
12372
85653
41921
-44835
-6379
-53109
17987
-29906
86513
85741
-94821
-34666
-49129
-45678
-8912
-42234
-10330
-46468
35214
-66326
76128
47585
-5398
-71547
-58371
41302
-19388
3626
-17636
13594
16677
13588
91476
-835
4424
11363
-34711
-21589
41493
-4236
13147
32921
19464
-40933
80472
51531
-77903
73535
-91823
-95681
-89836
-82989
4777
-6918
7600
77101
-21686
-5332
80093
38916
43602
-89982
-50994
-47605
60587
32713
20598
-1500
-2567
86010
-35704
-66749
68844
-79450
76822
53344
-38731
84671
-76709
-10920
44117
-96320
34068
32929
45520
16890
84104
-68696
41921
45564
-36055
72265
28103
-86689
-87853
-46550
-79587
20523
-8911
15796
84680
-93014
90687
-1809
-8471
5575
-48791
29498
90994
-97439
-56493
-69405
16181
33842
-67598
12585
-89640
-44394
-94249
-57781
-26779
-63301
-2356
73228
-54018
34660
-71209
-27898
19501
-54887
-7717
71016
-54950
-12625
-18722
-50
-44458
95536
-1050
-1924
42899
-24922
-36228
32566
87734
-76407
-10862
-31810
-40123
30018
-53824
-66453
-41669
33563
-4502
1442
-51333
-56506
75902
79284
1057
20103
-84518
45268
-81293
51198
23370
8563
40502
34389
-60241
-64390
-8931
-82558
-79749
-70429
84828
-82247
94680
86004
85660
-51214
-33752
21018
-31737
-94638
22824
-21538
41154
-25096
77614
96390
-90629
-80153
13777
-6645
55064
-501
75815
-34319
15374
72170
-53655
-65783
-89517
74408
-44621
-90369
13931
-45066
10792
13216
70239
-52583
94963
-53203
6605
46227
92072
-91244
-96552
31408
-51832
-39279
88895
53678
65763
-27551
-51701
17481
13848
39838
95906
49635
-97352
87612
22586
69709
-46519
-47330
-9625
55797
-82394
-14442
-99052
-26452
40964
61816
-85936
31378
399
-24679
68672
59231
-60686
10473
-40717
-41967
-22218
53482
63123
47918
32066
45836
-15434
-16907
-63935
24551
21268
-50011
-97311
-26092
80979
-43927
41143
-31063
-75201
-43426
-77569
-73201
75477
60739
-87871
-80960
75774
-32004
54096
-97822
30233
-85053
53933
79099
5169
-16661
65608
-97199
65614
-19438
-96154
-55905
-55641
75747
61470
-76555
-73419
-39227
66685
25453
88098
70756
64073
22853
58528
-95206
97123
58078
80791
55737
32389
14992
28790
-78857
-44437
-79320
-67413
-55369
34895
-90817
-66387
-74576
-13812
14648
-29194
57724
-48540
7125
9551
16127
-69219
89654
-95485
35506
41414
-31824
67509
-27509
83223
-72506
42702
81099
-13514
-98105
99150
-47324
-6058
-19965
65092
-19708
-93318
-56149
62617
-24958
-17448
-74236
-16506
-43356
16536
-21944
-80539
31626
-901
-59751
-59419
92795
-20391
-6621
-24040
65035
-86334
55117
-50393
-28315
71942
13275
31269
-23621
-54895
44899
-18624
-2617
-17554
43881
-45932
92284
-1684
-28966
25049
95694
46558
-14111
-85315
-78309
-28036
-87126
44109
68916
-85978
-29903
-36340
15244
-32375
73990
-13210
95933
95898
-34465
60094
60657
-16576
-32935
13988
-83085
-98802
93965
-3550
75666
1966
-50869
68341
52719
49113
-23370
12953
97444
12226
91964
57341
15249
56274
69295
63318
49284
20302
-90555
-87600
-76028
-57578
-48727
13727
29307
53703
-3781
-141
75389
18687
-20053
50825
-43015
-92800
61357
-72866
-69445
53229
-80615
-3906
27163
47986
10979
-25093
-15674
-12543
-12686
75130
-49690
98871
48030
-24984
99185
33437
57995
-36982
-97909
-41783
-27107
-86159
69017
-80731
-84393
-33653
46627
-45497
-85229
-96554
-72795
-57152
-16352
-23568
-51277
-51407
-51917
-31733
-84282
-75882
-49332
45756
75303
94310
48359
-95758
66038
75859
-53350
38339
92823
71596
-44911
54114
-39558
-63133
84516
54381
62726
-11288
1682
87651
-37854
-61389
41629
-71693
14239
75489
13825
87663
-73595
46006
55890
-19424
61241
70977
-80655
61426
-91384
11613
-59414
-70448
-24046
-84077
-8530
77899
-39147
8605
-75672
92595
75285
-14906
1085
46216
-26458
47789
88421
97610
-93162
55400
-67615
99757
-23623
-38012
57304
233
97041
-20757
38482
77869
-69030
-98977
-13104
-79565
79856
14626
-90043
76463
-60002
53880
24245
87649
83204
2244
76585
64074
-44764
71311
-27252
41851
20425
-86104
51302
-66424
-79532
-78619
86066
-47524
-13276
455
21149
24230
11681
-74564
-84386
24561
48614
43069
34668
45714
-35576
20696
-69663
51514
-59129
19976
-7511
21803
9937
960
92710
-824
-70163
-37881
26532
29445
55562
-54788
68084
-84547
-3419
80507
13607
78114
-99759
-54760
83881
19150
-20442
-29496
89335
-36615
30920
39200
510
-96316
52243
4021
-20782
45681
80544
-26335
-63289
-93834
89399
-86937
-82256
96230
3089
55726
76977
-61937
89800
-75350
-62973
93923
-57635
-12200
5380
16846
78374
33319
-58375
14630
38866
42484
-50911
99585
25178
84654
-85002
-7456
28486
-53223
-10621
-59192
40089
81838
79069
-42895
-549
91231
-87041
-40808
14273
17399
71558
-96401
-93126
-40032
62853
66293
-91816
34238
-15098
5984
-85607
-3527
22814
76085
17170
-99495
56876
23866
-93449
32330
-84626
1668
-56759
-49922
56319
-32854
-56228
84593
71473
-39782
-36604
-12664
75075
83145
63516
-25837
-12353
76166
-76494
-61774
95475
25832
-95726
62483
-64375
99302
4846
5337
-42811
47365
-35737
-33256
10075
75756
-93510
-18371
-213
-47853
86282
96267
35866
31002
-66554
-39488
-90738
72054
-23178
48086
58821
-50234
45351
-71067
9043
46084
3377
85221
-16074
64086
10274
3538
-74409
-50300
-54135
-7640
40736
44485
-10912
67790
97972
24946
19287
-58225
10767
-28964
-73095
62531
98492
-96199
34557
-14708
-83539
-7879
-9620
59964
7226
-80585
71977
-37484
4281
-49462
36578
-47641
-86986
-37892
37202
-9250
-23473
-21678
28400
74772
-40401
49994
14455
-8031
12197
18531
-49517
-76300
30624
74774
-24155
62106
-36279
15074
-42445
-33317
-93059
99461
50159
60611
-73946
-73466
-90590
-59970
6581
82543
39797
75037
-43779
83993
-50468
86133
20335
54623
-24736
-48602
-19858
31029
73543
-67143
74254
56977
52001
-2717
48494
78407
50610
27558
-25681
44018
29367
74711
86608
60110
-55913
-32902
95528
48995
44775
52233
75583
9564
26970
-67052
10376
-60490
55876
-76094
-97409
77588
85001
61557
54235
111
-41882
7884
-783
59754
43547
-21502
-7579
-80829
-77068
-97613
90509
-5786
2227
83519
49956
-12452
97500
-69881
-81945
-81568
-87011
33429
-69617
-82414
-57641
-41768
23660
2629
6861
-79412
-56357
59187
-24664
68024
-25116
17168
63716
31441
-77326
22907
59163
-19524
27503
64017
25004
79921
-13060
-75812
96648
-58693
50442
-13399
54553
3931
8408
-96905
334
-35507
-85879
-20661
42695
19554
-53279
-37535
87642
-48052
-28900
9404
-65728
-52168
83627
-39393
-77536
82006
-92532
-88812
-62347
-45260
-19708
-24855
-79522
-20856
98364
-14789
54978
-2356
-20363
94506
56029
-23932
29802
-96084
80876
7835
-1727
-27779
-57935
-3669
20205
90612
52451
-23908
7075
70833
-99338
78500
-33290
38835
-2110
29868
94161
99078
-67181
-81901
33873
-44455
-55796
-68981
45245
-55955
36216
-83039
77666
-2390
-83601
-44901
-44081
-16052
30561
-51206
49322
-98886
10882
-99425
29742
-62409
-34094
96906
23938
-85647
-761
-37699
-23370
76855
18138
-72257
-55268
-16248
-71573
1404
-60415
-17273
81810
-38262
-61049
45834
-5245
9414
-9440
87569
86365
33757
-51159
79763
-81777
-63705
-4959
-65356
-56473
-27283
60420
-52460
-49031
55243
-92024
89665
14568
-92303
99507
-81012
-39084
-20157
11095
3065
51168
88352
-21
48848
-9250
-35904
18760
-34800
32858
6391
66109
21443
48384
47702
-76913
-88979
-71061
97712
-1136
-34338
-19766
28730
-5542
-60825
6833
46988
-7575
-59671
-54982
60484
-24942
79049
60565
-78326
54500
91263
58419
-48787
35226
-16370
95947
-45268
91321
23438
-76344
69842
74444
-80731
-20081
33080
-28102
94612
45424
24302
-66879
98733
-80984
20725
-97711
1698
74705
66915
-50745
60153
54631
-15639
17476
88541
17783
-39822
87210
76174
-61850
-59167
19571
-70217
24539
31549
33069
70432
55050
-68375
-43434
24442
-99362
87436
-45168
-7848
32642
13071
63872
41917
7309
33348
-56759
-13744
57352
42212
-26080
86892
-5540
-15119
-3828
50068
-62051
59258
6973
-90237
49837
66557
81094
68258
9294
92646
311
-53613
42440
-50570
21979
85290
55539
75647
4299
3580
-44446
-57269
-85843
-74353
-77780
-77731
6477
91121
-36584
75791
92437
50532
90852
98138
48236
-29130
-61966
-22412
-72599
15408
-11440
-74092
9203
5092
-26846
68817
55351
70633
-18578
-69528
-9980
-77276
-2684
72412
94406
-29572
64840
-76488
8989
-37777
-87138
24368
-55719
-47741
73968
-66074
3028
89556
-12002
-48120
62636
84428
95875
-68074
-35876
-57550
-4511
92353
-86217
3033
-48792
-91665
-59328
5304
53736
96732
-66968
83930
-25456
85850
-88475
39148
-40542
83256
-1877
-63500
-20555
-67519
-25399
90913
-40794
-33828
-52125
-22915
42076
7697
-68088
-77954
-7113
55403
53935
55484
-76715
-53832
2579
25406
1408
48109
94504
-90707
28599
742
-24968
19626
-28904
2444
2463
-33349
-53977
47376
-28193
-2912
20349
59475
-17439
-16956
82575
85096
-62839
10639
86490
-45263
26484
-53800
-58264
54438
-61807
-53256
-63422
-34124
71193
-90054
-85645
-36223
13804
45038
-77260
-29618
4554
-1507
95929
73590
72426
-75370
40983
26131
-61190
-74969
22288
62016
-54668
-25177
48893
-41160
-63910
36656
82710
-36323
95310
62123
6113
-25323
35024
-41340
-74955
68879
36628
-90244
90666
-67292
-69185
52444
-84832
2200
-64706
36103
4520
-5121
91331
-45719
-75118
-17476
-42531
18380
27219
-9371
86835
-70135
49683
770
-95203
-58277
-56687
-36812
-13536
54735
12596
44467
84931
12887
16239
-45712
60114
75199
-93553
-22375
-15185
69559
-39516
-69893
-18993
-18482
71946
-6591
16216
67520
70163
-99494
-92202
12582
43090
82745
9044
15691
-84218
-56650
95517
24351
-38750
-19694
-12273
-71163
-8267
-26665
95256
-89465
5627
39518
56848
42409
79871
66282
55859
92827
-38933
98802
-11143
-86841
51758
-10180
-84972
-40629
49928
-59675
-77306
30977
30965
-88195
52636
-98119
71028
-69105
29898
-10552
-88078
-52098
-7260
92218
1624
85450
-83017
-85086
53550
-51790
-36094
51987
19242
58484
-36460
-15257
-4647
-53328
-79037
96956
54889
-10197
-65210
44351
-28015
6318
-2832
-94944
-5283
-23154
39178
-64091
51481
30919
59915
15258
-47463
-18238
-6986
-37338
91876
55414
-76592
67578
-77509
-13846
36989
32034
12553
30232
-54345
36094
-77592
1966
-85719
-44918
-28979
98990
-27922
-86888
84690
-73675
33633
-68704
-42785
-744
-73248
60078
23475
-50070
-71134
-25927
-49004
50586
-73230
-51564
30801
36665
68232
-63427
60593
81882
8130
-58285
250
70290
22340
57445
-68769
799
-43799
87846
-41337
45541
7972
-91716
-68490
16979
-520
47863
-79398
-37275
83536
40543
58484
-75262
7355
-90586
29281
-68411
-12664
16636
-38139
-62311
-78533
-96702
26707
-38275
77097
16534
2554
52007
73717
77517
77167
-25403
11175
-53314
-2093
-67490
90726
45051
44994
52375
-46638
-61093
-97864
2898
-78272
45363
84639
-95439
88403
76323
27385
-99592
33395
-99892
93926
-73520
-40211
45663
91603
25768
28327
83793
-27329
43446
-4354
84267
-7509
26332
15166
-97219
60958
28517
-75139
-28046
-81902
79214
-72492
22719
40574
-16927
-71493
-907
-75775
96477
21568
59127
12968
47026
-10332
59909
21660
83016
-81582
-4810
-76885
-95969
-71235
73732
-80847
-38224
27093
-40063
35106
-44685
-52891
-13208
-45257
78010
96780
75791
-53261
-36998
-90987
-96328
30481
56042
-16586
27974
87820
78789
56674
-70644
-71350
73257
-10485
-1983
-6554
-88415
2999
93136
-2023
84480
-60162
-86132
-79292
42148
-47074
14785
-11300
80730
-45958
49573
92018
-4320
-35275
40622
-63906
5
-19353
-90307
-28985
58989
-77125
75768
41810
39473
-28507
-62539
-9243
-57757
46786
13137
10199
8559
72653
58465
-52618
75228
-389
9472
34868
75058
-48395
49160
-28626
-44874
-50128
-10340
78426
-20975
-70678
-95007
81037
-72689
-34686
-16564
-85209
65154
18484
7126
-49060
6983
99377
6989
-12769
35104
-55145
-48444
90669
-39103
-74222
-63125
90355
37222
55054
37561
-10276
17825
66520
-57083
-58117
54130
93584
-57868
-33262
-1650
3981
-26419
92413
60034
98957
-43991
73534
69169
-50025
-86394
-36442
6457
-71760
2490
-22244
-4620
76789
80132
3213
23898
78747
-80002
-31440
-13820
40769
-9170
-73100
-85173
-75025
-91395
66249
-5041
22126
-74369
-4856
40788
72131
-45264
6336
-57914
62857
-38400
37214
61981
-47574
-60027
-25032
64475
29946
-99696
-21130
91635
-83088
45786
87709
-4412
-44159
-87780
-71751
18690
-76325
19517
82087
-84874
-13829
-90778
-11716
-53348
-83541
-67918
58070
-93590
63004
46401
97917
76784
-86245
-69077
-55883
64026
-95373
89490
44066
62355
-56992
-86959
-21096
96004
-14229
-69487
-27969
-96966
-56601
-22918
-85729
-71066
-56506
-443
-65714
-64451
-57448
68848
-86349
-57728
58658
66443
-6410
85590
20759
-53136
96966
90581
39478
-16112
-87994
83679
-66369
72743
40021
-66519
-17773
94289
92792
-47337
-49049
77495
27879
-58237
-96540
-65695
-15503
80541
9119
-70672
-71540
12076
-42896
99875
-17219
-24909
-87631
-65834
2208
30830
54549
-63540
-56619
-1157
15394
53857
-33465
73494
82060
-12510
65562
-27587
33200
10808
62256
20274
-40151
23039
-51624
63135
-43949
-82572
70485
59795
86554
18317
90886
59563
-21891
93475
25142
23116
-86811
-88821
21186
82508
67164
36866
70947
-92112
684
82182
-14440
-86128
-28715
-38975
-8975
-31721
33001
-69088
-61383
-63897
73224
68483
-38399
-88039
-25228
-4147
35909
8610
51024
-33254
50686
-96751
-31110
91600
56003
-68556
-22015
82959
84829
-29094
-90299
20994
-35546
10676
-35862
93527
40092
63509
2424
-5237
-6265
-51431
22931
67614
-47739
7713
1106
18598
76271
-25476
84349
-50176
6378
-48671
95528
-5343
56012
73944
-54106
-22966
-65624
2361
-28564
58458
23352
96909
2884
-2563
-10842
49937
91818
35458
-41673
87768
-89401
-79861
73300
85264
9031
75037
-59273
-26339
70105
-38312
21550
59361
53507
-37696
41935
-98595
-18529
77305
-70599
-9039
-44171
-686
22466
86911
92662
31672
-66878
-65618
95507
33483
75387
86858
-5320
-35123
90339
79177
-48151
12342
69648
-1751
90487
-28058
-17280
-140
4702
74738
79553
-66907
1342
44127
60419
95589
-53068
77485
-63432
89134
-5483
-43254
59685
24209
-77305
-66520
36297
-50606
28475
4904
-30106
-11471
88202
-61131
48
33156
11179
52270
27025
46079
-20337
96187
-93801
21334
10073
26369
43771
12153
-68227
-49744
32527
-38722
80116
-78791
17667
-26915
-31335
28381
-57133
-63916
22884
17697
-2863
25067
76160
-19938
80202
86738
-59830
-11980
31896
46054
93608
38495
38340
-12014
6596
-40286
38357
22162
13412
33119
25338
-31341
22888
-66168
72591
-5129
-32673
-25616
-58481
71988
-24315
-53765
87127
15900
64285
93108
29907
93943
95783
-55427
-40889
-35380
-48833
73633
-72132
-45825
-20974
-8314
30533
83092
-60931
98878
23660
32913
-81660
10556
-34434
89346
-92821
69155
56944
65046
-10956
-46854
-15827
49703
-49546
-30404
59261
-17449
40215
93836
27795
42774
-54810
82246
32179
-33281
-45161
47537
-11266
-13982
52444
-33520
-869
-65123
26332
50584
-55036
-29341
43090
40763
-54934
10462
84357
-7709
50886
97585
-45985
-35782
-28546
-6570
-45011
-2586
-39952
-87577
13490
34770
-56355
48632
41320
75688
-15627
-44959
-6188
-58469
-85637
-92199
-10299
74656
35988
-79811
-93911
-96388
78194
-9935
74507
-25800
-18152
26525
-77011
-4878
-77815
84057
-16195
-68338
-79087
26595
24248
73993
-24977
-31667
23256
84973
-95523
95732
-8389
91809
7422
64618
-23278
94360
28323
-72331
41666
88618
-81350
43057
31578
-52929
23316
85584
-63631
-64281
10257
-64894
31772
20360
-69013
-89552
15562
30191
-17765
-72735
96188
-58681
-7765
52671
-98205
-23641
84058
4852
16279
88901
-76315
-25041
-21198
-39480
-42696
-70141
-86137
-8260
-2575
21166
74178
10847
-71411
3830
32030
-58024
-92047
-35793
-99843
-27705
75799
53658
77031
-40009
48467
68840
5985
-88528
53825
-31844
-77719
-85206
64973
55246
80333
-92453
-44961
-34549
21029
-67791
-61919
61274
-80909
-28196
-4562
16986
54293
44546
-88424
-98617
56932
57046
-26602
-87205
-49747
53507
42761
32080
22794
-80830
-82647
-83452
-3684
24907
-23728
-46858
52966
32679
-99933
16877
23049
7332
76633
-67400
91224
86434
-37591
-89456
95255
2443
54100
-28391
-12331
-51232
88268
-60217
-75869
46190
-79872
43550
-38416
-49057
52229
-98350
50370
69484
-82846
-90740
-57581
-62608
88312
17422
21062
-23720
-26164
-38931
-5628
-37193
-15565
41661
45496
-86538
28569
4300
-74013
-48407
-90323
41668
37020
-92100
68268
-92172
40360
-42484
-49975
22248
-39374
-97262
-84874
63924
53607
-92998
-51438
12240
-54480
-47534
-96529
-27491
68365
53341
-47938
-3514
-29045
-62200
69850
-64959
-37599
97844
68270
-16331
77485
19826
-23421
57590
-23098
66573
66409
85099
72125
60736
-69375
-32879
-62283
-80696
-9306
-97576
88156
-63340
-54218
-6869
63557
7002
-79680
70221
87268
60995
-99124
87391
-60123
-51130
28097
-514
-47447
14163
10487
3721
-1250
-40667
-26662
-92992
18169
-24326
96375
-48760
57171
-94241
69734
40651
87581
13156
52692
66492
-91134
-10640
45164
12216
-82152
-33939
93346
2824
61697
-66205
30812
195
2532
-74269
-58947
34448
-28285
20505
57038
3785
-56582
75909
-92469
71932
-17133
-29437
85576
23371
-53176
77830
70014
-27853
67350
46947
85686
57769
-26246
-72311
-51759
11616
-10037
51663
81010
-25496
98547
-49818
40840
39920
-18165
-47506
-12741
-32340
-62062
91556
-44622
24337
-65270
-39624
-1473
98109
-26320
94652
66024
-8395
16150
25017
50387
-58682
86494
1180
-9203
-33652
5461
-23090
-99913
-12399
2985
34273
84109
4045
-62263
97573
63124
-15604
42264
13147
-90080
-52435
21837
-22527
-83009
7558
69353
36940
49733
26917
35990
-88652
38133
-69071
-68199
-35735
-14711
32688
-76428
48355
92319
69474
61723
-80105
98816
21770
91856
24325
-37043
38860
-49187
37614
60488
-28175
-21330
58020
31804
-89592
88968
87865
-37173
17512
-13334
68057
-60462
76880
67966
73780
80634
-55313
-26564
-25901
-91618
21951
-22500
-30772
88340
-85557
47477
-61615
-76454
23826
-19337
65442
58079
-33596
80834
44707
-93653
88041
99424
93000
-87765
-90335
61286
24044
-95907
-67514
-49310
-61247
57556
-82643
-68735
5474
-95256
13324
64128
14725
54078
21557
19213
8396
-94864
24640
91514
-76486
99352
-82296
-94052
-40894
13310
-17333
94662
57659
-76452
87733
42845
-48335
-19702
-45578
-35624
91989
26698
-78129
-48489
-89452
-13966
-42899
-69092
70084
-77646
27052
81194
-69253
-65087
-45700
-10760
-13702
10473
-77407
12370
48263
45483
-15148
73677
41560
36944
12743
88613
5931
74381
8006
77109
-85453
-73583
68985
-96879
-19796
59631
-19770
707
98768
4899
-41773
97633
-88606
21763
66281
-90424
-95513
-27389
95476
59319
-97932
-28699
-14809
-89462
69347
-57797
2620
-81264
-99233
-70822
-62503
-69684
-28705
-30371
89678
83525
-27856
4051
42747
-61878
-87318
47302
70159
44870
2820
-52375
32235
89147
-49788
-99875
25252
77535
-75250
13472
-22745
1616
71134
68818
-12937
-52876
9425
39845
74067
-47887
1245
61409
22131
-42170
50978
-81262
61360
31428
-89832
-54385
-13629
-2451
-25561
-53529
-84315
-83353
4309
23913
-39530
17821
11737
-23856
-91654
39411
-81201
18953
-10403
-16157
22085
7971
-42153
3449
86258
-38126
79563
-91545
15302
4000
-99191
48134
-70307
98097
92308
-93718
-29171
63665
-5763
-65120
-90786
43804
-70098
13638
-1127
-90391
28675
14535
-20295
69972
31442
-51021
-6978
-54905
-86005
33463
-60063
-12892
8059
-8259
-9950
-12238
40235
11619
88125
76065
68709
90384
-27397
-51781
-89514
24825
12964
57193
56719
-41937
29586
54368
-42459
-41246
-84768
70758
97145
-13066
-87742
85701
93778
34944
58543
40906
-72858
72285
-45128
-82950
85304
55151
-10564
82707
41307
20213
-75020
60026
-12204
-90234
-88470
34694
8093
-41686
32775
-55257
98886
-14635
-72439
58548
-45257
-87679
99475
-19567
71568
-27482
10334
31737
23857
-68455
-29490
45358
24533
7679
67039
43578
-93095
-83540
3582
95520
23835
-96932
-97612
-7836
71101
71948
-52419
-95564
35465
85110
-79561
65778
55919
-78296
-77578
98783
-31511
-87168
-82252
6053
96895
88774
-75162
52033
98662
-55578
-23575
-45749
75780
39048
68059
93731
-30897
45198
-65465
58810
84179
91689
11704
68922
-21934
-13288
42798
-97837
-43899
69631
-95122
-53405
-96959
-21600
-38348
-67775
23413
-91208
27844
41191
79632
-14408
59807
92345
-27777
-25250
12688
58870
-69612
37232
-50395
-9286
-92542
-79275
29307
18029
91461
74832
91635
-58740
-69090
-87591
-8191
-25198
84732
1562
63971
-50110
-76937
-90493
91694
21716
78965
-92918
-91773
3066
-48593
98051
94113
16141
-24434
57943
-7596
-84967
32303
69604
588
-31935
-59194
-63823
68808
-1391
28894
-69364
-28623
21214
-34498
20354
25091
40988
12007
54395
43366
83132
67643
-80593
-87973
32767
-40072
-67383
-29486
49500
-85727
13846
-7592
35978
49853
92650
-65299
39531
14777
-18736
44276
-36587
-42904
-62293
86851
8957
1451
88941
-29542
60546
-60308
44723
73329
-27308
-60156
7676
-72982
36031
-23811
-99515
-82074
-78312
14513
-57982
63731
-28542
54993
58554
-12125
-31971
-45310
61632
9720
92877
82785
99785
5371
79842
-58457
82799
-46164
91049
11816
47681
31251
-20978
-93579
-62076
-89227
-85588
63650
22795
41634
-87309
-39454
-27090
61611
-32139
94862
66154
-15118
43597
-74236
-88235
85786
-78292
-15636
58108
60252
64257
-91626
-32485
4347
76677
-67457
-26696
10576
-11936
32243
42716
-74433
-5893
36620
-24465
79178
69411
44824
-99345
39108
-21802
-47207
74252
18525
89454
-40218
4708
-47588
-31129
38574
-2666
-98900
-93873
20380
-39547
-55347
-73591
-18025
-96341
-70805
12861
34081
-75945
78732
53536
-79329
-37756
-63198
-57061
-78665
-86632
62208
3930
23957
60278
-54934
3764
-58231
-55040
87493
45042
87690
81644
-51731
57086
9886
57921
-12507
82538
-72687
89071
62505
8217
-6558
-49975
-72224
-93810
62078
-90976
-69907
38927
91108
61757
-93083
-1739
13863
60282
-71269
-40941
84434
-70211
-44330
-60927
-56987
69586
40676
21956
-2946
55205
85128
-41957
-92333
-70695
27278
79336
9820
3335
-75200
15162
-55539
-58090
-92879
68147
-50879
-10381
63798
65819
-56974
21421
45684
62784
79333
-37712
27477
-11193
-64349
82204
4309
30036
26977
-35198
-73672
72081
-2175
-63749
66974
-75617
85233
-9116
-8914
-67881
25522
-9671
-36816
-71621
97971
-48307
93687
-56065
7195
52131
53435
-8147
-31514
-16211
-87867
45369
-45465
66270
-36861
2977
-88277
11182
-15621
21632
80254
-30998
67741
20081
-97977
-96651
-69007
-17574
44494
-98145
19823
72028
37406
9759
-76435
92885
-70714
-17104
74419
41168
27321
-27514
-79318
9226
95253
-25684
-61965
-35166
21057
56444
96277
-16036
-69329
-69702
-87666
92177
-51711
3085
45194
-57993
-83000
17626
9905
52233
-61145
-14722
24411
85971
97686
-71512
-78881
-57636
-64638
-53038
-20727
-25809
-110
43546
39017
-14840
-91067
20737
27528
-10152
-39113
-46401
48374
-20107
-34494
-52416
-71489
-54111
-48447
-20801
28860
-94347
79472
-78914
-67003
-56853
14511
58911
73732
49349
-59994
-96798
1701
92252
-10558
-26692
25385
-53944
88668
-51952
15322
58409
58875
51532
41689
-304
-66896
-60637
19923
50126
-81120
-76894
-24366
30102
-6114
48689
70127
62609
13878
-13719
66662
94079
24391
-30900
99522
-19068
69000
34149
81207
24023
98603
-31363
-33522
-60798
35166
4023
-19525
70358
-28562
-57783
57290
14703
-55226
-5737
-7496
-50208
-49130
-15250
19166
-85830
71887
-3111
-76216
72638
86602
-34588
14948
18781
-5304
-22677
-12394
-18713
76180
-60451
84712
46744
-98939
75091
-37345
39228
-18272
-54073
25769
-63941
-46118
32626
78258
59077
-66758
47622
68309
79642
21213
99205
-62865
-94666
72019
27580
74960
-67560
78823
6688
-38645
22894
26301
79875
65261
20511
-97773
20275
-49590
-99404
-75478
60848
18483
-34012
53374
22087
16579
68282
-24592
3087
-52263
87717
-58939
80575
-36448
-42084
51591
5099
-28023
-30036
-59639
-63399
-40550
8543
-67320
22468
71648
-6261
2349
-11860
-55616
-82828
-19600
-22696
-78292
69471
-30570
50986
-89487
-37388
-79526
97437
-71380
-69554
49834
99997
79196
-44957
-15928
38082
43731
20427
26385
44907
46215
84910
-40293
-12557
14405
-65137
20279
28755
-13307
-68241
-14315
-94188
-89576
-4065
-92729
-81490
50366
-53210
414
-47550
-50284
-25782
-92239
71345
-98902
-45121
9724
42199
16179
-343
97124
60968
-71723
-10928
-66216
-56795
59105
54367
49940
-52806
-28963
-32423
-49601
-1545
88508
74969
-56140
81641
53103
-46268
21342
-84971
-90412
68685
-59523
-17328
-31539
-69596
-22971
-10946
45612
47676
12709
16101
86666
84983
64229
-78035
-80009
11313
21160
-86922
-20277
550
-17967
-14314
70107
-72639
80642
19053
-97529
-97534
4544
68711
-17359
-84406
36083
38670
-41720
81030
-48183
-54134
89218
-69386
-14535
-36362
58536
74841
92709
53599
52107
36215
55832
84315
-4908
20234
-39249
-58556
-10695
-35894
-54699
-82672
-23028
40212
-18329
-67442
-48275
21110
-34954
-75265
40608
49049
-58838
59663
25785
-84020
-47869
-75090
65076
-72855
-66821
-60464
-40159
57382
48648
-49603
-11204
-35398
53117
16533
-14437
-46423
18960
39524
-54144
15470
-19722
-94434
99150
89796
73579
75959
71897
51922
-33010
-33823
53910
37937
-10392
-7709
-25423
10459
-8691
-87725
3966
23473
-87653
-59152
-51001
-60312
42655
49374
66499
-8878
-36648
-31106
67432
-66619
-21997
-85207
-71272
85738
-18379
-34166
77046
-47900
56343
12437
91292
-80422
-94645
-94680
-90203
-39773
-11138
67644
77925
-3187
-87050
36872
89208
51466
51770
94066
79160
20472
-61168
-17870
75528
-3189
50849
-56378
82701
-13734
74425
-61748
49405
-77438
61227
-81473
51535
-65733
-77743
-99760
92370
38709
-81487
-53792
62490
93870
-65092
-17256
42196
67859
44016
-57818
76859
-89584
58845
-51308
-33629
-41354
53636
-3578
20531
68232
-5030
-79152
28784
20962
64301
71282
-77964
-57785
65182
18161
80573
-41211
-12724
42131
-64799
94599
54481
31222
-62561
78519
1382
-67059
-89134
-87794
-84894
-54792
-44609
61689
10911
-74881
8909
-29463
64573
-49172
42708
-40520
-69504
6210
17485
-70349
-85035
-47971
-90454
48072
-25998
-89753
39935
19085
75739
-93068
-70947
-29718
-81600
-32197
32128
25061
-44413
-58766
-29090
-10232
76504
26757
91871
89201
71622
65778
27564
-71434
26250
-45948
-96351
59698
-37798
-98711
94044
47921
-24505
13170
-54153
85620
-25221
-96216
90898
-88927
85730
-1019
70665
91466
-95706
54806
-16827
22808
-98350
4843
-27858
-33068
72152
-94921
-70658
38417
37486
12043
13105
-25094
59282
-49110
31768
1844
32111
-95032
66445
-94737
-9768
356
64065
38798
88689
42495
57713
51504
30060
10167
-64328
35803
-46479
97925
-11075
-53947
23959
-21808
-99380
28798
86031
8747
29379
27837
-40351
90674
-98077
76933
-25330
20284
17094
57843
-10733
91069
-99537
-26841
99023
-7813
39997
76045
24444
-34709
46394
3655
60569
-75224
-94960
99577
-152
-91057
11739
94704
-22509
-86279
64922
-87633
-81174
-44650
84478
9240
38279
47202
67237
86196
10707
20871
29856
-53089
45153
45711
24176
58963
-71368
-72892
78672
15311
10158
13159
59692
11171
34415
-86007
39983
-15845
2269
-77495
7482
92229
84562
12394
-78160
49505
-22656
25679
29166
-26267
-14470
-31594
4760
47466
-55157
66063
58703
-44490
4036
16408
80062
91879
-96172
-23978
-69420
98680
-17329
-26350
56588
-57357
46033
35501
74791
12019
97788
30273
-17028
81877
63836
-72170
27045
-61637
-63636
-69186
-49445
41468
65394
67662
-34020
61483
-49979
22329
25416
-31229
30255
58698
43404
-64404
-2259
87806
-57291
-19348
-44781
-51333
-76826
3565
31756
63793
8293
-7962
4991
14732
-83057
11625
66958
-71917
-53716
44297
93432
-27424
44637
-57690
50846
24764
11634
27095
-49437
46102
39768
83378
-99732
5984
-64081
53243
-53433
1607
-35526
29478
11176
-62003
-97680
-38838
-55730
-8572
-60049
-84059
-83836
3369
-23920
23494
-78461
-72230
87509
80923
51508
37173
72959
-58089
46612
28367
63549
-27329
-80271
9806
22014
97298
-30191
-93340
-14041
-49005
-48719
12712
76257
23732
98091
-79790
73481
94369
-30799
62995
-6965
-89370
22453
56015
-62967
-20675
-4501
33656
-70284
28792
16230
6344
-98114
-39225
-39841
-95845
40998
64487
16277
15270
94898
18536
-23090
-34216
-45317
34840
24891
84939
-17054
-26927
31545
-69337
55584
67228
-90700
33236
-43652
29889
9702
-50727
59477
56301
-48451
39190
-39009
-27395
-64101
75226
38379
-39059
78775
-30878
-99298
35608
45152
53167
-69693
-65941
64546
46338
-59203
23466
78337
19319
-89067
57246
16098
70588
-60302
51034
-32438
79084
68966
25961
25917
68300
-83292
-67625
-48120
91872
65232
-33704
-91685
-46037
87151
-87272
-86578
24194
35646
-28385
-40828
-53556
58526
-41056
-82643
71960
-36436
-59105
13349
-62565
51119
83838
99386
-65915
86507
-94
65803
46846
-87534
-68410
-82549
57474
-96550
-7844
-10587
-47338
73130
-54373
63930
-53595
-71827
-5334
62533
-79620
38857
-17753
-76256
-47201
10922
-8620
64031
36230
-77448
-52642
-53670
-53193
4263
-5876
-83191
-54335
-15188
85889
-27961
54162
-40115
-61843
94009
4726
30737
-36650
-11960
-16340
25111
-20481
61642
-71641
40899
14578
-26178
-45474
80531
16623
-56394
56656
96591
73137
-36593
99224
79391
6809
90908
-98776
36343
11834
97185
-44187
-81619
85568
-11461
-4129
39082
-28291
59741
-14293
-81025
60433
72501
91231
-69105
-71818
3501
25130
81450
-12442
2317
-71155
-91461
297
47933
33018
-87977
-40514
76968
36167
83381
-40155
-63363
-52145
58813
6727
-80369
-29594
31929
30147
89116
-52618
-89944
-50345
80747
-88325
-37711
-24858
27406
-5545
44597
-81429
9735
-95086
-97603
29691
647
85938
-14062
89584
99794
40179
87532
65208
2814
99492
-80446
-71624
67417
-40802
62784
74910
10218
-88031
-49513
-58558
-10864
53644
26926
-78472
-31864
-97927
-59082
76532
5130
-56653
64155
7834
97810
-76907
-46634
59554
22332
74368
11039
-57371
29704
79224
92352
76230
32190
-55077
-3451
-57089
85419
78784
-90992
-45497
-22775
87336
33673
43165
99068
-75101
-9678
-78156
-17095
-65725
-25448
69883
75841
-54731
-88603
-39160
-99829
-65919
88723
27808
90112
-48290
-39365
-24667
-49696
44786
-44917
58269
11458
-63322
29078
27611
67896
-91229
58182
-56884
-59311
-59285
97516
-40160
-1672
45846
62776
10514
45177
-38617
-71804
74646
-22684
-28278
40074
29855
26634
38060
53879
-21174
-87388
-38665
-14441
68586
-61804
-81879
71215
-48272
6083
77712
38313
81719
43433
7780
76714
-39318
93866
78784
-71296
-621
-16034
66879
40695
-43520
50601
55983
-83830
-98220
83465
71925
-3657
7207
12143
87229
50027
27547
43780
-677
-12963
20732
9740
-38973
-61193
-20717
-77848
29409
-91090
89608
27573
-57962
-99341
73521
-89966
73680
18433
95739
93632
62149
35799
-67469
66402
-97332
-62720
61298
43363
-23784
-9395
-3549
18742
49873
92005
57010
-14151
78033
-87437
-54189
7923
-98056
82365
52844
-28868
85676
-7467
39776
50940
44208
17128
99065
-52533
-66592
-10893
-6415
20024
-3770
91862
80285
48933
49821
63041
-95369
41104
-35104
-48373
-33658
98540
-79539
98465
-32980
-12051
65915
67547
23052
13731
54869
-16150
-60330
88510
93298
-1618
30512
5424
83922
32356
-9278
-50576
46584
-69123
93598
-34790
-75041
96841
14347
-37709
44826
2834
55085
71435
36043
-53370
-31662
28219
53183
-41077
-19557
-19122
52069
-71881
-10299
-60164
-87575
71832
-37101
-68079
-56014
81005
52122
-20755
72308
-67912
-71448
86308
38898
74731
95506
-19707
-42284
-64001
-90663
93048
-74912
-48732
2488
35201
41048
18515
80589
