1100
62353
-55796
-2913
81578
-72893
7903
63693
-92389
45033
-45757
70861
29850
-14598
-28520
-73356
96858
-73502
-53465
85018
8126
-56215
43287
29263
-39457
-41611
81865
-9621
-2500
80422
-5680
-28669
383
-1313
-95728
-24776
-21400
39909
-38158
-32471
-57575
11295
1473
-67704
98492
63357
95588
-42166
43284
47093
39288
-42184
22047
-98839
-81207
39267
22373
98021
67054
-53067
-36319
-57596
46974
31202
-32376
24562
-8270
99196
-46598
96011
41433
22182
9668
-606
16370
8096
-83504
-53409
23529
89154
37482
-52480
-93391
19588
49071
32768
-83334
761
-29420
87124
58704
-79140
78544
68370
8080
15427
40296
97709
-78713
-56464
11349
-86885
1128
61127
66835
-87081
70570
-31015
-88760
49794
-81348
-33378
6863
19237
36838
87362
29857
81489
-72643
43670
-36192
33767
67202
-9241
7871
-18316
13465
62444
14992
-18572
-99871
-8551
77611
36792
63028
40720
45048
56034
-69956
71863
-65382
-47668
27888
-77852
-83528
60168
54122
83061
-81239
98562
-23065
-53571
-95172
42498
26906
27353
11361
-30450
-31315
51488
-83786
31788
-82475
-82504
89202
84997
59600
-61114
68200
-76827
17918
-72899
-2247
-98273
-23783
35864
93849
24974
-32045
45218
43772
49334
-58805
27122
46428
28552
-94357
72949
-6038
87172
-9056
-30557
-76018
15609
-39497
43668
-3683
-18648
-67055
-96917
-9833
26055
47939
-74384
8665
84769
60364
-55172
16549
15386
81331
50381
79372
73041
-94531
34682
-46410
-25122
-29752
33344
-56370
51386
-2744
-83014
31244
-95170
-55397
96175
-14112
-53948
45002
87494
-59016
81578
48414
-52588
-6930
-86283
98013
-1578
53201
-20527
70432
-13958
-3825
73014
-30190
-65193
-7300
-80921
29831
-59650
-73087
16533
-91658
-2264
-41565
87200
17877
-35442
-50961
37181
91471
-89448
-12672
-17678
2085
64493
-96340
29182
90718
14825
-38447
-14441
24812
37037
-74633
-53557
-2019
-96497
-22942
63048
2362
-36750
-45385
76279
82432
61169
67016
-13950
30904
30709
87102
2487
95861
-85721
-26974
48068
362
78078
57800
-34718
-55771
13113
92888
23311
22636
-78423
-3846
-22733
-82509
62502
8606
-52892
-39114
56290
-45659
-21499
30201
8410
-4433
78153
63706
2088
26946
48853
-10993
-3210
88339
59908
-8510
79117
83829
-13820
2502
48331
-28325
59357
19252
58995
-57269
-84206
6823
-97826
-44190
99680
84816
2256
82302
49763
-3914
-7962
43915
22552
67725
-88917
74861
-96003
-29390
46601
-82617
-10155
61313
94044
-71514
83016
-30060
-28766
61454
-45338
5400
-98417
-68578
-7476
-95219
35645
-21278
13087
90842
-20479
-61771
-99850
16970
40409
-18287
-45228
48359
69505
81653
14098
-12943
-86364
36337
-68772
9851
73968
-45295
-10606
83811
25602
91492
-94386
56748
16385
22760
-83195
-43910
-97978
10323
-34042
52585
55993
39680
54048
65481
59639
70453
-28127
97146
91119
-55603
48120
93153
-46900
-15865
-9924
89412
48972
20649
11973
74888
-62480
2386
-89608
-92220
-68916
24795
24161
93569
-79042
63017
-97415
99857
-7941
97555
-71418
-27448
12933
58986
-13343
62620
-14343
3049
-94637
46485
-46780
20410
13721
60528
-90506
-71005
-40505
90838
-45201
-63925
93641
49716
78901
61229
-20476
60342
-54616
44248
42523
73957
-98740
34656
3405
-1893
92038
61669
-78213
89055
51682
-24387
33479
-32543
3153
4993
76569
-77997
3760
90161
54203
11617
-17853
-38843
89124
-83697
42176
-36527
-90990
48494
96392
-68141
16336
-72005
-96399
89116
72727
-51692
-17602
-40935
-47087
-57064
26480
2622
60408
-80614
93813
-51698
86813
42432
78655
-22199
-21819
11262
-82576
-73742
98926
-35285
76721
97659
54895
30589
-16286
-10609
-57731
-65818
-10581
60860
37770
-22582
87729
63036
81031
72731
-16155
62878
89611
-35053
11702
-33066
-45940
53261
3943
-23779
-3575
-73855
79867
81414
76042
-24870
36748
30047
-6273
71158
-11782
-58880
3910
-47495
72129
-40717
65096
-34866
-82524
-77377
-49918
27452
23494
-32301
11106
-86240
12823
8268
-74937
88589
21675
38307
-14101
-46724
57638
-5194
-34723
-5519
-37676
41841
43046
51181
-33515
88921
-71474
-28214
-79307
26677
-30985
47734
-71974
-5671
-57178
37454
24727
42768
72034
-86378
40541
-99611
11189
70163
-35504
-46386
-25969
89670
65592
70198
38602
51717
67406
71718
-34167
-96649
64566
72527
86521
-84117
-2675
64758
76217
-75307
65175
85884
74774
-45977
6171
-80695
15855
-89144
90827
50901
-77640
-6156
-70053
74130
-2343
-65552
20466
61626
1398
-17368
-24066
2096
-38326
-56025
4770
-64875
-75732
-81487
-43317
-30358
-34572
-99136
25760
64413
31863
38618
18967
-85262
-2579
59979
-64091
56591
-41868
71940
58253
3044
-59411
-688
93594
68661
11397
-42961
-45272
75013
57550
-15151
99868
-98463
-83829
63216
68531
-99258
-63541
-59382
35000
-43665
89772
-92870
-88561
57279
-35199
-48462
82735
-23544
-31218
29847
-15635
39286
40688
-3783
-18957
-34596
-15143
53870
-1777
69976
50745
-29302
20200
10788
21177
28412
69195
-21764
74401
-80824
-53213
75176
9690
-25251
-38201
96229
-48435
-14510
-30290
35700
59049
-72254
40637
36030
-75388
51648
83969
-57246
66393
-65159
91768
-57763
-64976
357
-24374
-36843
-28901
12073
99989
-87422
-91364
-92083
-27738
-73351
-67868
-93227
47747
-40041
3126
31934
-85403
7558
-52566
-52714
-15293
-68689
-69682
83640
-8055
98876
51431
-1245
-91481
92232
-19179
55287
13894
-14874
-85676
26891
-89066
-19189
81439
-95955
51459
76249
65391
68151
454
32328
13537
-9782
-30120
40563
13429
74410
96257
41661
22642
-65674
40014
95774
-27673
5442
5024
-24690
43981
-88173
-47903
-72948
58633
78838
35090
-17909
-50227
-56707
67712
-9670
37470
48151
-2666
-10642
10800
64331
45643
-65297
4077
30801
97083
97052
-68779
-65587
70612
13115
55358
60201
-4313
62753
-49475
-39219
-91810
-86662
-46947
79742
-59251
41910
91020
93456
-43935
-72879
-73706
49161
4597
10941
21832
-63340
-12925
-71571
-22474
-51361
40055
-30336
-85799
-9519
36511
-15480
-93232
49643
-17473
59447
73479
-54662
-87230
39781
85173
43254
-41974
-18943
94719
78139
21736
-35247
87994
48737
40359
-69209
51342
-54534
72323
65378
-46922
28583
-76745
27614
42403
-81321
23092
-70791
-13952
60062
-76435
36355
-46959
20781
8335
41665
-17100
-32332
66959
-5090
76490
-431
83419
-37137
-23953
29555
91314
30625
7652
-75760
-51377
90178
-45170
-91649
87488
51688
-36008
3122
46230
88130
24627
-7532
-56075
-27527
-40259
67131
-40373
-92862
49919
81994
23518
50307
-42159
-75674
30397
-18657
-19496
-2925
-19240
-27424
26096
12074
-14996
-90496
70628
-69127
40854
5972
-32422
695
4105
33430
51916
62050
-65381
95245
15409
90871
51449
97819
-94406
48077
-34629
10979
53688
51791
33427
61588
72538
79572
71966
-93353
-13484
-8675
34333
94801
10268
90346
48445
-57451
-37682
-14983
-64558
67945
-55248
61596
10403
-38733
26319
61366
-84194
78209
91272
-8622
24748
44082
-57885
43615
56863
-33213
-83751
88844
93960
-61575
32118
32764
-89946
-45976
9817
-74970
-18183
58207
-43559
-94004
49908
-69263
71618
72854
73552
4640
72253
-61749
-22659
-45785
-53555
4139
82675
-26460
23606
74283
89959
52000
40504
-26035
49818
15229
-84871
-17508
72267
92219
35200
-75583
-95347
34278
34525
53957
32243
-89120
9319
80228
32935
91014
60573
64330
-2726
-30462
4142
62765
50453
49069
-84651
-30266
-73425
42334
92507
-13331
80087
59924
74624
5392
-22447
-91588
84724
-497
96190
95775
