1200
-11863
-3270
-27764
-371
88448
-63164
-32295
13637
89920
-52310
-85572
-67322
54688
14198
-33304
62083
-22958
-57615
83238
-83894
55172
-24834
-81878
-54167
-48893
13139
16577
-36803
-58246
-70828
-48347
79960
-89767
-79666
-50317
12878
-30255
-82803
-28108
-71843
78075
-60070
-85865
6262
-9128
-90988
-88832
54124
94259
-14039
-17799
90872
-59485
-72142
23686
-69850
86445
-89303
49815
-22880
97606
13447
-62441
89430
-8843
-90690
35426
-20730
-3049
55888
51667
25133
2108
-79413
-78918
-28854
24943
-8479
39789
89163
-56236
51496
58806
-169
-7575
69546
6890
79735
22703
70314
-42727
-98591
-19550
59828
72161
-79965
22499
74399
25437
-33367
-52553
-10525
22779
-45269
-94168
-59567
-47509
99189
-44599
24563
38580
-50220
-94441
-26496
9952
-47654
-73157
-41156
-17512
-11825
620
-53334
14858
-33676
-34446
-78609
-74490
65397
-71803
-99707
19049
-7126
58708
-74024
-54672
-1015
-8159
14336
78702
-1044
-39287
-69348
-61352
-41477
-59614
-5433
-1794
-96714
-4163
30202
26388
62178
13130
-19138
-81425
42317
33627
-32628
1803
-97346
-18815
42499
94600
-66818
-81646
-4604
63542
64637
-19379
-44755
-84859
37923
84372
96369
3999
-2316
-12585
6225
10769
41631
-57902
-17991
-18012
-12701
21420
36281
-40694
35743
-50944
95518
78772
30068
-98759
-24915
34369
98136
-99689
52667
19792
-19206
73742
-76244
31734
70734
72589
73734
8907
47668
1500
-99023
-28641
15241
90590
-46579
33674
85769
64246
-30032
-46751
-83746
-40186
63291
80517
12362
-16557
-63209
-24811
2542
-85308
-30831
-97085
94197
-75382
64016
72516
59360
-75303
-1617
7073
-36242
37203
-63045
-71445
86439
90246
46218
65419
24581
-52404
81398
69816
66752
-49839
-25931
40065
86324
56882
11670
39178
15858
-74176
31386
21715
85664
68067
8045
-72716
13773
-83685
-60672
-26011
-79467
37794
-51708
-31879
-58003
43758
2692
19243
-96884
27602
-56033
47889
-51337
86084
-70623
9837
-64217
4793
75390
10275
-25576
-85203
-8342
-3580
-97615
55551
99096
-70200
-8181
-50312
-20020
20955
-87073
-96276
84511
85454
-67951
-79879
97743
20526
-61805
39212
-82368
44146
6135
-94012
54355
80077
-20331
53326
76066
5348
42581
-91729
-57579
91674
9498
-34432
-51164
89798
70540
-41453
-67351
-81210
-9665
-97452
93728
10925
-36603
71627
-16769
-45864
-5939
50814
-90324
69726
-77962
-73868
56544
-54811
96756
83348
-88426
-59822
99101
-78997
-88273
-99816
-24239
5260
-68187
53426
-41532
-39727
67946
58603
81962
5504
-94052
-51814
72701
-31798
48423
-90708
15470
35693
63800
-24679
-25498
40376
-9382
25209
26999
-52625
45167
26479
-92892
-35388
64011
53443
-72439
-32955
79152
13838
-53335
27990
-75166
-59506
-95726
-85421
40039
18202
-11345
17943
-81763
-44881
83690
31067
68407
-77272
-69189
49142
-94507
-42804
46034
42242
-35264
60033
-23395
35487
54847
13919
53366
78353
-39528
-17056
-15636
40773
23014
62835
8749
70961
-5548
-89425
-29747
-27687
-19853
-29531
-24395
15853
73086
8590
-38037
-13553
31975
-45661
-51015
-47693
-1379
-56372
75901
-12832
-74467
10672
-37939
73683
81394
64235
27972
73922
-96885
-74978
64557
99262
61623
77087
70539
68465
67135
4433
84099
59655
93472
-61873
-62040
5098
20067
-32318
38240
-33371
-75877
-17133
21175
-3670
-81029
92921
-61120
59759
69265
17587
59939
32754
-14429
-1902
96008
84062
28004
16174
76447
-62010
71187
7481
19529
-9523
-26639
18352
-52442
-19928
80349
-47955
-92036
-16964
16205
96666
64000
-35807
-52053
-91200
73477
17480
-58230
61629
-62402
-40839
26499
-93036
-45071
35060
-87760
-67682
4923
-45319
-39996
42335
-92934
-99036
49670
-96844
-99366
19120
-21208
83623
-87553
-48420
88904
-10075
36876
46122
-25982
-99833
1935
-84796
94575
-31924
-77431
65338
39423
-84952
-84899
31718
39919
-80907
27987
-87759
-90202
-83576
-82038
53230
-21582
-94945
-48776
73316
84698
-52810
82143
39465
-55777
22648
-81265
33001
35028
-75501
37265
-90234
8343
-10140
11191
-25127
-33173
85970
-47426
-94441
-76237
-50186
1245
-22512
23053
61368
-88851
-72112
-38327
11637
-29516
-75992
-48059
74972
76367
-13689
-37210
-97128
56572
-8383
66869
-23513
81154
-8462
-59821
85002
-72707
-94532
-51621
-66795
-70199
-26965
94867
-4378
-91253
57146
46029
15794
-76777
49647
51872
64891
-39551
-64863
-24642
40670
-38333
-22886
18354
65352
-11192
-90345
-58823
85769
7827
-68308
18106
-76672
-4145
-6396
-93726
-71498
47411
-14074
-75104
63752
-92463
69076
5818
6139
-60164
-90067
24394
99956
-20652
14642
60313
35967
30640
43910
-80425
-93235
8422
-51250
-70028
48955
-72711
-24616
-98275
-62003
53856
95448
-3562
14649
72751
81356
-656
-18528
4900
-34559
28904
-18281
-19119
688
43868
-22428
-39455
-7808
83754
-63227
97352
-18641
22823
-31703
-35701
-65141
4473
-47742
22569
22682
64146
43506
99877
9561
-45175
-55710
28529
-46878
-20137
49266
22712
-8858
97514
-88694
-20344
6810
-17623
-9585
61275
-77649
55877
-64398
-21503
-41671
23224
-68638
-85077
-41423
-57378
63010
15382
67990
-25300
49460
2897
95982
15249
-60555
29293
-13846
3175
-58430
41665
-73113
-49002
-29544
-34857
99089
47750
-65798
-66057
-79582
83966
45451
-94131
-87416
-97762
-10373
5817
-56411
70773
79070
-26893
-54544
-68160
-26472
-17447
15224
-63232
-4683
10711
81481
99895
-39595
-85646
4007
-20290
-9660
-30927
14711
-19898
-65560
14632
25597
-75735
-95597
22690
37696
-99348
-82183
-84310
59658
-51308
-20165
-55818
-48884
-13855
82850
-4239
-85410
17067
35623
-44252
40547
19096
81838
62016
139
60152
44500
-98486
-92558
93053
-14883
32291
76710
-13030
-46384
76659
-26811
48118
36959
42674
71045
37773
-81219
83859
-98162
40548
-63468
-68723
-32894
-31769
-36849
64582
-72548
72800
-22638
70943
-7818
854
49930
-48746
-65564
32256
14110
84188
766
-9116
94020
628
50428
-96367
-94671
-57084
78521
61621
66664
-24324
-27110
-20964
36468
59680
-9528
-21498
-19919
3187
-27688
15139
60804
23490
39180
45869
87850
74826
45427
11298
-8658
84871
-67669
42269
-28876
-48358
-5433
1616
58675
-90731
29515
-64608
63552
43302
37716
-45667
-635
7647
4181
-98147
-65648
-16930
34300
65332
-60921
28766
57075
-61935
-61190
57496
-73214
66808
-87279
-87785
-25327
-3945
54884
-42281
-19637
-25656
-58454
2329
-25313
-12510
21512
-74618
37280
34876
20747
20349
81100
-50113
37681
79419
-41366
59687
59554
-64922
-27572
-90794
-44292
-71690
-70284
89045
-53044
-22079
46419
23016
27544
-93343
27693
-85428
87896
-80317
-60200
62607
70726
-77489
674
-18164
89099
-33617
71826
78850
75032
20670
-92281
-52592
77590
-1329
-15618
11600
-99787
67223
55215
-11955
-61983
-53960
49878
-89758
53971
-42965
-63537
98160
60100
55880
9434
55483
19772
25461
-2817
32610
95752
-20119
-27445
-19143
-79671
96348
-46472
-46203
2473
61261
21930
74643
-17495
-86545
-29674
39029
56022
-76879
92157
51226
-25573
-25111
-9834
-71351
-28177
94940
15306
75066
-4178
-68116
-13223
-36591
11270
45150
49370
50103
9032
-30969
95071
-83817
12574
-97900
-21385
39410
31708
-48526
-49651
-91360
-47185
-50784
31725
85604
12530
-72817
35303
-56278
49183
62770
-69236
35615
64418
-57624
20309
45741
-93367
83908
-59356
4242
84248
73781
2530
87260
-81926
84375
73351
34499
22481
29013
1399
-70365
-68626
-39496
37514
93908
74844
-15407
96740
-90969
77655
79423
37187
-1664
-21798
81502
40024
78219
40918
-11188
97612
860
99710
52505
-46237
96679
92927
-93046
-11330
-39272
12174
-94454
76218
-27247
-59943
16302
-20874
78462
-19873
46499
67059
24853
-61797
-46985
33044
-92753
90779
-36416
91396
28606
-38928
-76883
86710
-96533
-36418
12263
46536
45453
-98445
-98589
-46655
-81017
66837
30919
-64263
-83906
-88525
85110
62296
-88139
-36163
7994
15478
34568
61872
59021
45666
90050
13993
46980
73662
5915
17243
-679
-20857
-19055
-62756
-36205
-94989
74977
31257
1684
67827
-53086
85226
-96513
-96104
-70081
-8383
58563
8018
-24625
-69445
67337
-29229
-1197
89945
-7946
-14318
-46773
-57784
-93923
83435
53429
24796
93125
89635
87331
93148
-61295
