1300
20333
-20937
-22013
14263
64096
-24858
61221
-7288
34088
-5338
-55513
81556
-7973
15439
21316
63203
-68450
-28538
27039
19368
-36704
18013
-31212
30823
-93443
99525
69290
-46655
78786
-24784
99364
80413
-92848
64199
-82954
14325
7385
51077
-55083
42618
52104
14638
11815
-88475
1661
69296
13018
83420
79990
57620
-41775
96125
-33335
43489
44344
93193
69901
-9522
-83912
87088
-59495
-67103
-186
-5707
-44828
-60440
-1386
15997
-7156
-17517
53678
5050
-99534
3180
-62827
-274
29122
-74315
17450
20255
46928
21021
-14960
-29802
24286
79198
-85753
-13293
-8582
40182
-99754
42192
32772
43903
-50140
-33296
-91187
50925
-91801
-23164
-6245
-56220
-66381
-83142
98186
98228
48436
-16285
-41651
-84430
-75401
87071
87121
-14988
-48350
-49944
58882
89704
30852
95031
37798
48017
-79801
72278
-44568
-70816
40258
68419
-84752
-1109
-93525
53758
-67347
49740
-90582
-55632
32628
12633
42760
-39368
-77758
-41221
-13818
-78637
-8227
35117
24522
54054
-83751
78291
-40843
-17173
71351
14324
-63216
28598
-50776
-20522
-12508
45859
96175
26805
-93720
-67810
-34076
38559
61397
-73265
-90796
71087
-19242
-62432
72454
29156
88795
-82132
46873
-21475
21773
-60923
87113
-52301
-10532
82914
98640
21171
-13453
91300
62377
50294
82253
-22461
62767
76255
-59295
98777
-85148
-32591
-68743
-66741
46991
24586
-9119
-62640
10940
-41472
-52230
18335
-59801
-83753
4526
-7303
-70029
-28708
91774
82768
48533
-96928
45367
55955
-33778
82964
-5053
7127
-747
-8450
80475
97571
13842
-61610
40410
-41768
62087
60351
-6867
-22277
25098
-67995
-91161
-16607
-12243
93679
-11535
-3914
-85250
71201
-50146
90537
-72855
89746
80413
-97289
-52804
87940
30984
66003
-63165
22565
-90279
60591
19538
4257
57083
80682
-39583
-83678
63806
-94186
53841
56677
74277
-60700
61709
83962
19290
-82257
-50804
-9448
-70462
-34207
-46862
6106
-84054
22598
45974
-94886
-58784
-62165
32735
-17751
51039
-43534
-93689
20904
-93150
30838
85569
-19578
5081
-90091
57271
-29290
18617
-91298
-82388
9483
66478
-56616
60673
90899
-51284
11565
18963
-39346
-61597
39026
60417
93674
80273
-36396
21323
-3171
-52943
80736
2518
-87683
15569
17710
27020
25215
-95295
-51861
-2848
42186
25063
45186
-42257
1847
-2704
69351
-90238
76456
48801
85824
81520
-92542
-68341
-58832
-75424
13448
-25251
70400
-31507
96213
-21292
78700
546
-81226
95757
97992
81508
43681
49594
39885
57455
-38826
-80973
88324
95608
30801
1828
-82290
-6158
8937
-70427
52238
97005
-38072
-62873
-23949
-95656
72263
21065
7973
-81753
98982
68938
-37237
-10608
-80859
50905
-59337
60335
54977
15049
59759
-73335
-82226
33056
89817
1837
55278
18383
-19710
-19402
-48917
21947
-80437
85166
26679
-76102
52528
85517
11965
-94247
-87178
-92065
50147
-24038
76785
40899
56543
-31493
-85329
82511
76723
-77647
-93180
-83631
-8378
19828
7283
-75791
-5663
-77517
33462
66098
-1086
76969
-61461
3159
-47072
69255
56795
-41630
-21316
-55279
-11161
57463
73633
20997
-10479
58784
-78216
-30603
23268
11946
-81782
-44362
-70783
61740
-21678
65713
-12600
67047
-81666
69079
83743
30089
77250
-45647
67298
83404
-6247
-67115
-91289
-65093
-934
57524
-11540
-70955
42931
54609
-32224
-40694
-61756
-39732
77771
66018
56538
-83684
-43238
72765
9094
-420
83979
-69707
-70822
63740
-50447
97631
7615
94552
96164
-37199
11126
-27739
68041
-77635
4265
-4792
10362
77276
99181
94017
94993
-85274
-44521
-59388
67030
-15459
17208
83944
-29310
-81687
-58058
-45000
47152
91582
-92024
36136
6495
65242
88461
45089
24614
28778
-57910
-11779
10421
-83188
-19970
-11313
-40701
-64849
-27036
-4775
-44902
15831
-6651
-99743
-80837
86461
-96841
-85347
17838
-22701
95093
-43381
49387
-19291
20956
62621
-78370
84315
64128
81106
97627
-47077
84137
-22880
-93922
34763
13613
28685
28157
-40396
683
14365
-42004
-90174
-19615
67558
-61139
-47640
79211
64255
60114
-42720
86553
-1705
-19280
-51952
74539
-79966
82082
-25528
-59284
51245
-40393
-89368
-76632
94931
17337
-2401
99466
71880
-77989
76494
28311
3858
99518
75530
-26495
-15336
55200
96577
-60567
48915
82849
-38092
-53260
59873
48115
88866
-36728
25080
96286
26885
23396
-35081
67694
-44363
-50854
13464
-3014
90475
74473
42114
-11951
87009
-70149
-83973
-69694
-75116
-9801
96955
-36728
32427
77188
63196
-6832
-41486
6428
-86163
-70423
16319
32328
3045
22279
6709
33342
55860
-24524
-21337
44243
-11467
-90796
53908
79262
-42176
73043
-26480
93035
-94947
24557
-43772
38425
71443
-94759
-76724
-25455
-66210
-8301
63742
-58589
-9282
94021
88458
-34434
27628
21457
-89091
-84724
56232
72317
-62688
-73112
-32595
-99588
-99203
-98115
72774
-47915
83201
-80260
5563
6770
35773
24377
-36061
50888
30471
57891
1693
-18531
-72579
-76706
-67494
14267
-19863
-59009
4561
-46161
-93056
-46429
-42282
-21378
-28027
4780
-20731
21606
-82933
-58087
59352
48396
-54313
46465
-8680
96583
-36445
-21908
-4943
30151
12543
91150
85342
-44189
-98221
-22047
88451
-72449
98239
93534
10009
64214
-71261
15447
-27517
47658
-7046
-53580
-89728
89925
20449
-4728
-13062
-86294
81078
92111
-54853
95261
284
-14137
44159
-244
-62374
-79257
92324
1433
-91101
68352
-86659
-96379
72624
-5713
-92665
13562
53513
-79044
-37133
35893
804
27923
48994
-51122
-97116
-93348
-6225
-87707
13058
45945
41637
-11605
96905
58716
-47855
61834
30779
19778
-55245
-83022
42577
-33201
97486
64129
72160
-79289
18655
-2418
84951
85350
67178
83667
-34715
51870
-85393
500
-68937
93611
37564
-50768
-62241
-17132
-9828
59427
66832
60544
7597
49333
83590
-12239
33103
-69597
-29693
-32094
42553
22184
-17997
77881
21925
-3961
84529
-75287
-16469
64376
-49886
-27544
37228
70765
30591
-94457
23205
-95809
30449
-17613
43555
33850
60885
84870
92693
-67391
-15777
-34101
89341
-88288
18714
-23475
-94399
76972
-95923
43418
-9762
-90791
-90822
50329
-37636
-57896
-83520
92677
-7972
-53078
44640
68805
92909
-76090
58908
-39574
-2241
50595
3131
-6844
77903
-94621
-24854
-43039
-47936
55580
40892
-32797
-43733
10307
-77422
47101
-12531
39607
78870
-90038
-26657
97768
70433
69706
-36477
48098
10813
86841
6042
-45190
81796
-44210
-9998
-99437
-5145
-63667
-87075
95629
-70581
-55607
49053
-60788
36365
69562
251
20000
-29338
-60426
-44810
13654
3370
-84017
-47975
-34406
-78229
4874
-65307
-17721
10618
89975
-45714
17933
24781
-56078
73474
23166
-36932
34100
-4669
3061
-8858
97750
-57130
-48029
-98000
25188
-33100
40695
31341
79386
43358
-2326
87962
-77698
31597
19876
-44032
-3431
20743
-43314
39036
7507
-53586
-43275
-43877
-43734
-9614
2711
26207
-42417
-95353
63374
-16481
64797
-75279
-16106
-31734
-78602
46748
-82115
76044
-72644
61192
19238
12809
-62807
76385
-44295
64774
75852
-55956
-60053
28455
7713
10142
-91099
-94573
-73077
70727
8339
89907
37040
-341
-93620
-69862
-53839
-63247
49497
1023
78277
-90507
-63324
-84635
-8015
73720
33791
-39525
-80474
47607
19981
-90017
-96905
-44391
-24239
59998
-23499
-65343
22225
32791
63144
60164
31910
-90979
-98132
-8140
53539
60219
40295
-20901
57888
86769
-52829
20996
32674
5725
-19700
2162
31208
49781
-7353
-30988
70996
-92495
-32532
-36848
33909
96518
-88862
26460
72365
10316
-60650
95661
54979
-56767
49432
36838
80392
-87386
-59822
-56526
-49122
1671
-88475
-90100
63273
-78952
85281
86331
-97898
-16773
58017
-85924
2755
-673
-5375
22039
12746
-31614
72766
-8588
-71571
33878
-48536
-58938
-55457
-15422
95238
1797
-65235
21887
14790
-68486
-16376
31331
15519
-70509
-6225
-88837
78725
67222
-4995
-30064
-20664
87410
-51188
-56116
-59126
32817
-22843
15542
86683
44554
-79418
-36390
62067
50260
45166
58436
68299
-50860
-83896
-45910
9624
-83977
-73903
5161
96933
89307
89191
-74776
71499
31623
33297
-72423
13584
29628
-14555
-56610
-84326
52579
49882
15048
48590
15333
-64789
65722
51146
79641
-81885
96428
-77573
28888
14347
-9973
97371
72493
-7378
-32962
-35830
98345
-26298
-78140
-632
-55789
90309
-25735
96205
-32644
61505
-90312
-47739
12911
54652
-2407
66028
29639
-34993
-88037
46977
75292
9587
82781
5290
-60011
58988
-74489
84132
-99295
-78829
42310
90084
41537
99582
-21068
-9329
74365
-43122
-47723
-92205
3063
31380
-38595
-24224
51676
-38240
-83184
20231
85366
70248
15010
-41171
-57826
-35950
74493
16363
-68721
93087
-44416
-3386
67542
-33741
93924
22918
-63002
-72827
-77286
-24075
-89527
-83873
-74608
78581
-84560
-38190
14355
-13186
98539
85434
25807
28596
-75084
-55959
39729
-75615
-11931
1267
-39635
67924
-10422
26646
35483
-91499
-58223
92547
-79812
26627
-55202
-81907
-10597
48461
19899
-71059
