1400
54886
16862
-17900
50303
-45678
-88250
44263
23012
-9848
-53472
-55026
-23685
97277
38754
-47575
-97857
-36116
5951
17740
44694
-3658
42217
61230
27
61859
86374
63354
57606
-84090
14222
33539
-96838
62271
82847
-76331
-56725
-69734
2236
77478
-81365
30613
7433
-70996
82127
-64833
88475
52936
-60478
-78340
20960
-44385
-62426
30629
58571
78986
8098
3084
-39559
-53917
74380
96157
90213
-55424
11380
-62240
26372
-46404
-58357
81626
24959
6768
75887
18516
62539
-97279
8596
-35341
-35162
-9069
784
23622
-21201
-24228
-88061
96287
-57886
-35181
93024
-36904
-90064
28486
-84963
21879
-78985
81163
50739
-43540
-72285
45966
18002
-92617
38432
-77814
-47387
-43482
-75589
-45421
75709
-54212
11732
-34865
-97892
-17938
56578
54405
-39391
27014
36483
21197
-13493
-95062
1822
37287
23019
-52488
-73192
61416
-34966
-4216
57487
-59632
77236
-74285
87221
-20234
-12800
-76175
-64915
-27612
-95554
-54082
-31365
-20865
-48868
-95530
-81813
-51169
73332
-21376
-61182
88765
-40171
99431
-92840
-53750
83052
92355
50074
-91620
-51506
18775
-81829
-99197
44709
-86445
-36142
-78342
93174
15961
97268
697
-37621
93789
-55569
93416
-92415
-86747
87040
-21458
-10384
-38992
-75535
-84442
69234
-71821
37683
-91981
-3566
-51522
-35501
-78294
-81517
-54466
-78436
-45650
97498
68315
91850
46234
18169
-55423
91686
-35690
47832
76732
9731
50252
47234
-26499
25619
7861
20234
17914
-54554
-65459
38488
13745
-33535
-46171
33107
53644
-12265
25815
71852
-90720
-68633
2323
13189
88335
67825
-4200
-58179
17102
-34218
-85761
3482
39233
87243
31537
82257
-9213
-99847
37433
-99404
90689
-88203
78708
-32392
-79290
96535
-95195
65826
17
-84039
-27163
-9970
31330
-56434
-39753
79964
73620
-93476
49018
39928
-38045
-95209
72504
30147
-8049
42396
25947
-15069
69850
19398
77182
-18012
93355
-57103
69921
78793
-63275
46281
-14281
60980
-22927
60429
-76070
78701
46119
13734
-80610
-10350
-54708
93982
-89213
54811
17253
-5697
-33340
-17143
-98038
-7863
59852
-85077
90470
-88625
-824
-43443
28251
18030
-21992
-46083
24450
-19093
50335
-46597
48400
-59608
85369
25404
99860
38467
-95604
73819
70876
-38197
57783
97373
-69512
-69408
14120
67103
46294
10214
-78774
-95394
62476
-45915
53723
47203
-76299
-50239
-44517
78409
-81102
78929
58272
-73108
-19054
43421
21127
38896
-4532
-16263
-45627
42987
-9943
36920
-18533
4400
-76417
71503
-54744
33721
97623
36168
-16232
-90384
81584
-21217
63482
-93926
63197
87357
-92048
-25183
79305
-4338
14399
64252
73563
-88703
-96122
-42627
94772
-79780
-36404
50615
-71979
43257
4978
29449
99742
-30304
76295
6667
69489
-37438
-47046
-95147
78837
45456
33642
21351
40375
-89674
-92582
-91848
-46294
76216
-7552
-33442
-62001
56807
-37380
-28842
-63824
69055
-19738
-74383
-70586
13472
-38976
-60068
33914
46439
53707
-8822
30152
-4887
-36747
76544
91008
38028
21871
-14532
18087
53889
90333
-80701
-3846
-99935
-62489
-39802
-18926
-59293
-51411
-208
-94173
3640
-84201
64271
27038
-96444
29194
-6948
-78601
-19528
-17034
-79512
-7680
89168
-31668
27045
-28236
17318
75277
6223
-84847
-95566
65854
-10059
84060
-24865
-61704
-43224
2824
-2166
95899
14399
-55631
32921
-55069
90627
-34237
33846
-49390
56318
77368
37415
28813
-90021
-46722
8140
-74173
-73350
-59850
59124
-42040
-8109
29913
-20261
92480
-75132
33461
-54780
41782
49848
48661
54191
57100
65398
38015
-12104
-18291
59971
-38825
47372
2014
72309
27233
81544
-18348
86358
-38172
94768
-70177
-23759
89961
-99000
-50653
17596
75107
28243
48551
96609
-16408
34341
39526
-82645
-73443
95079
27779
-60854
-69263
55015
64538
30787
-37504
47449
30834
31542
64279
77167
80974
-92083
-13417
-4848
3298
-30209
-67342
23223
-68765
-89026
-34093
-21525
-14409
38275
46682
-50281
-3636
87923
-72699
89605
97029
-47378
-81110
-67077
-48242
-56715
19424
-81998
13200
27957
-52802
90607
19392
23348
-7173
-71679
52754
14871
86709
73046
-72628
-60787
-46131
11321
-55307
88028
-93073
-43732
-49236
-30522
60719
17181
-27500
27991
34255
-375
-61203
4814
14877
-60502
62270
-64922
-14983
-3746
-61714
76352
-62924
61398
53875
-46994
-50475
21239
51874
80798
-71499
-55920
-95196
-56607
23050
-37447
55689
39831
-54080
99460
-86922
-29383
76803
-29725
-44934
-36413
58266
89494
-44289
66684
-39955
17806
-28644
95971
-76953
95715
79239
-58184
-51466
80175
73704
-52316
-84305
-26171
-5944
-63611
-23729
58129
-39704
-36902
97373
-82098
-80209
45192
-15061
85534
-99333
85511
-93702
2313
44312
-25492
1725
-91819
-89394
-18221
38838
-59715
-75628
-34072
94973
-78510
91875
-38638
-70689
16235
-17946
-83395
72803
80586
-18803
-11773
-80280
-77683
-255
86135
-93590
84877
-6350
74061
95267
-52073
69068
30441
-46770
-20923
-59641
-6973
57414
-18248
59486
-72077
-21554
-97549
92119
59230
-67798
18135
20737
-61251
91754
-82377
-1796
40647
-54394
86679
73842
58939
-11547
-85754
-42908
-41332
-29960
22805
71967
29416
-78333
20147
24525
34535
60
-92890
30503
86285
-99316
61096
-51128
91323
-96782
-32548
47965
78265
22151
-63061
-78599
92248
47644
94272
22917
-95161
-62209
-97700
-81388
75189
-44643
-11114
33493
-41443
897
49587
45538
-75469
-18630
-77090
-32459
36905
50075
69124
-7622
12766
-69988
-6770
-43969
47652
43486
-12356
17287
42732
64460
-31781
28606
-98160
30685
-16414
-68536
47613
40181
44655
69235
-27461
-69205
9049
47498
81243
84518
-54543
-90037
-38276
-2848
4506
17328
-51655
-75827
-55230
73833
89907
-20972
92988
75435
-586
29820
-70532
67106
43658
-88926
-71314
91714
-68967
-77402
7859
4155
-32073
12774
-15687
-19957
5907
-85726
1973
6189
35385
-67265
63616
78639
-59774
27559
46411
46689
43737
61837
49217
44905
-37270
-16882
71224
-460
18665
-12173
86674
-39353
21243
18707
-16842
73268
-54523
-23786
-76890
-2649
-66416
-99564
53694
-88160
-35562
-42149
-23288
59579
-3284
-89841
-19522
48043
82123
2476
17629
82245
-86020
-45976
38818
-50184
-11488
-12621
-69212
-82149
40089
11936
74125
98079
-43047
-62371
-37642
6947
98629
79006
-2786
48167
-28027
-47207
-18809
92440
93355
-26390
-5074
-14967
8189
5910
51685
69251
-91232
22828
-19250
-8333
-15005
-10873
36534
48449
-8794
-64463
27339
-75966
21670
-93022
34300
-59069
678
-27162
-46804
-75770
45626
-3940
47250
86153
24115
-19174
-91665
-58367
57122
-58962
72045
-24986
52555
-26816
35985
76008
-93400
-2029
48541
15743
24214
28202
-89851
-15328
-5152
-27769
-16053
26059
-63769
15438
67897
-66175
96427
-4855
-40581
-42605
-27784
74949
-96874
-90026
69871
55641
-59831
-65101
-30672
-8378
41470
53019
-52255
17850
-25811
67991
-85410
-58897
80270
57597
89341
-34319
63544
-38210
10620
-74820
-81573
-78179
82889
85443
-29353
1338
-36242
71565
34359
-87924
-56040
-54150
-85555
-55122
-65854
68260
-53014
28880
96899
-53919
-64838
-24114
-91408
-85724
-39878
49053
65519
-27965
72920
-55646
4889
91859
12582
-80419
13259
-9937
10361
31298
8266
27672
-55004
28008
19600
-59786
-78772
-29094
98807
893
-88152
53708
-16255
66795
-85032
75240
31042
24557
-64290
53957
-9110
20129
-90435
-15687
17395
-90122
-38419
2629
94755
-52240
-69513
-91025
-77954
98376
-56077
43373
59276
-32784
-75236
55421
-36862
-85260
-40115
96978
60624
16124
-72101
-94232
-45626
-15378
-74354
91704
-99420
-99920
-68100
51911
-86852
-25269
12804
-82598
-57274
-96341
-58076
43588
52928
-96957
-25928
-76641
31808
-93427
97552
42649
-75048
47
87340
81190
49380
-2567
-48746
-12205
-10958
-51829
60252
-27845
-19633
80404
-2327
83218
64234
62581
-79169
-38946
-73880
-19324
-63852
16198
-90173
-2580
-20218
-93885
20703
-8719
2171
46323
10219
-12655
74329
25036
75312
-66298
79007
-37651
-56007
47976
-56610
99024
14111
-67664
-15272
-84068
-36624
34776
-68685
1432
16252
-15202
66458
-96263
86139
-79386
-39503
-46500
-44770
56959
10034
23631
-56463
51262
65577
-24375
81001
-13690
-26680
69178
-22320
-27222
-37272
-43715
-78966
-43991
34077
82219
-34942
78296
-31436
-86391
-42569
-78115
10571
-53535
11869
-1001
-74418
-26002
14833
13019
-68406
73328
-30116
-78822
25775
50208
-7357
-36194
2919
-44546
39273
99059
62605
-49786
-57086
-86174
-73717
384
12373
89368
-49579
-43401
-22644
64678
12988
-84863
-55141
41314
-64528
-98883
-9141
73706
14293
-94500
-66974
5960
-39552
85205
-80911
9649
79310
36860
-56198
-80472
99937
-3923
84667
-52544
-52552
-27358
-6693
21950
-56662
-33371
-35344
67805
-56705
-29345
92651
-92949
25707
-56050
-96607
-36208
-11544
-62635
-14922
5422
95087
92845
19752
-34524
-52846
7609
26805
34029
-53639
31544
74026
-12442
4855
83604
68298
-49555
77448
-40233
-28265
94629
-55063
41661
-59264
49685
-62572
-88540
59046
65904
62679
-6560
-76212
-45905
56272
-23957
-31268
31579
5191
70137
-36272
84327
-44824
-59862
40003
-38407
83163
35673
56149
28105
32642
81937
-47948
46818
-45362
-7264
-8690
49542
-40322
-25661
65744
26159
-51082
-960
-57255
35375
-76360
50899
7936
-68168
32257
-53568
-49410
376
76418
-82233
26810
-21987
30137
-31178
-55952
43318
-27924
-64424
-28227
52921
95938
12427
14089
-27551
47358
-48464
-64367
-80336
-42791
8955
-59889
-22958
-65222
78377
29129
30562
-90732
41746
53171
92357
2140
-34348
-71550
-22284
53990
-29905
55951
-77480
-22501
-29969
88547
45198
74201
-26364
1957
16138
-47129
-34835
-69475
