1500
35154
28017
88463
-98852
-82192
-74435
-2653
-57632
64682
54020
54702
71717
60741
-32288
-83651
-88462
-71449
-89152
-71564
-15652
-77742
-1921
59046
20780
33678
-86302
29959
16302
-21787
-78802
53753
-30247
-64312
16036
-21374
-91114
31696
-79141
15071
31983
87198
-76872
74034
-46123
67235
74123
43926
67086
72699
-1143
-42477
32825
-39436
47650
-77523
24639
-9106
49535
8791
-98408
-31974
-65382
51717
-51529
-88348
17977
34335
14355
9965
50888
977
5459
2865
-78382
87935
39510
10120
-15268
-84650
-71908
-88184
24862
8830
-22636
89607
83679
20267
-37566
-74050
53931
73235
-30580
-18295
-77388
88442
54050
49098
-57853
85352
-61431
93294
-8551
-43971
-11774
79304
-26778
36571
-73765
49625
89957
-87103
-29679
-43535
63506
12920
-94752
76398
1993
6117
1066
41315
-47235
-72129
-24577
27157
-22447
-32101
30479
81055
96726
95844
-11735
24501
80354
-31002
-48465
90565
-79031
-38583
53081
17337
-48773
48858
-49118
-1831
-6470
-95035
99474
-80178
-19275
79391
-34903
29249
79558
-77472
27685
-43678
98245
8622
41137
27781
24007
48340
-10774
-94362
-83273
-60015
-62002
14221
-78834
7181
83843
8141
-1550
-21337
77826
72038
-80599
28009
-3490
-35574
-48904
25629
29173
-80003
-25572
1913
25009
26197
-3420
-73867
70331
88289
64681
97981
96702
25958
-82965
-55550
-49005
15172
24586
9323
-87858
94840
-20258
-11926
53604
79931
-60813
22697
8440
59783
85156
-74910
83585
-28743
61266
-66226
-95848
-30190
69506
98741
-28509
77783
-38703
33188
-44390
-99303
42644
1597
-62797
-7409
10576
-89112
44462
9183
-25582
56680
-94721
95867
-39123
-36472
67667
85224
-92274
81843
60096
-73702
95933
33507
-13106
20860
-67790
60402
-77924
-47156
28242
-40564
25265
-17374
-10235
36102
-50656
-98992
26612
-16825
-60521
43685
63908
80996
-93180
-6388
-14934
-29110
-76573
-36462
39754
-44524
-72855
80645
-21776
-18243
-96634
30071
-17974
9647
-42149
-37598
40768
5818
-62472
-80987
63505
-6752
-63344
-16403
80779
24781
-92868
-80145
78503
-44380
69928
91089
46783
-64972
55198
-36056
-52372
44169
-85523
51996
14720
91295
-17483
-97496
43677
94642
95634
-62594
-91216
-65423
48419
63111
30670
-1648
-69962
26760
-27607
80828
-83182
11808
-30674
97642
10592
-46546
-5249
28361
-58314
90255
76744
-95018
-90943
-77755
-36352
-2291
98703
10227
8766
-34755
-28105
-26427
4277
-22795
-38491
-87188
9486
-97702
-43194
-3897
42848
75162
-85620
67101
41679
10875
-15842
92871
13438
-99187
63072
-8981
23730
-56258
-90662
35554
32516
-66036
72839
75003
7554
17557
-64771
1881
-79324
38922
-24397
-76041
-80154
-30526
15540
-88052
62726
-88213
-71905
86730
28060
46171
63448
-24000
-53935
12548
73295
74975
41981
-94330
87275
-31463
-29663
28767
-88558
77285
25918
-61827
-79913
86751
71376
-19340
-95807
65293
3178
39243
31476
51517
-75345
5617
-10881
-83190
55274
66957
85377
99261
29579
82419
25720
-22577
-79553
-27918
-91288
3660
65450
54218
-18012
-81132
36356
75515
-58308
-38980
3853
-83400
70147
31697
-46226
-39365
71995
-5572
-76626
17074
-46497
13889
4045
59927
-44915
-13726
45057
22877
-34929
2976
93834
4998
25029
11233
88884
-17199
95344
93613
-58519
-5487
-93219
88594
-83536
58393
-95124
-33624
-80250
82324
40763
27567
-45865
81393
-43084
9364
28121
-14469
71409
-16109
83846
-23866
9223
31798
-88396
99717
-89418
-67269
23186
59065
40875
28179
17089
-10812
-56337
47559
-72692
58588
-44560
74037
-84538
52315
68458
25977
18431
-56334
87282
-3417
-35998
39038
26207
-15820
-74642
-97805
-71915
71412
87439
85301
-30481
90941
-26728
-86651
75784
-81749
-3360
-86824
-17305
-75395
-3274
-84796
30725
26653
19906
21971
29307
42173
-2887
-15174
90124
-52131
-30660
-63069
72205
94057
-85746
17191
-2131
6590
-27088
-1576
-11611
32269
-39141
-42503
70909
31000
40857
-46319
74295
-21030
63489
77396
6493
-74364
51981
-91198
-60254
73377
79898
73484
91831
72474
1019
28336
-47891
78038
-30599
-63578
68802
-59911
80811
39730
-76470
-84018
-99090
-93734
-58437
-31553
-65726
21490
51733
-31359
-27007
-22317
82092
9420
-48131
63594
-18988
-62840
80500
-40340
71975
6340
70962
-84569
-23883
87007
88452
31220
71753
51593
47124
52617
19796
-84508
65446
31659
69433
84484
97710
15232
88052
-21227
-50037
67138
-67480
15580
-80860
98192
-28861
55830
-24546
-11297
-28208
-10052
-21897
-82867
78936
-43672
35138
-91242
-90634
-17903
-55425
51807
31350
68466
89110
22832
-74135
11850
-23248
-43585
77640
-3972
30451
7975
97666
-46250
-8424
48440
79141
36654
73834
-2649
-1115
77992
-69348
-60122
59787
-60971
-26873
-43377
572
-16330
-34368
-92935
-29980
-10082
84115
99053
-15680
-93707
-84642
-70477
28294
17817
-78005
-96315
77617
2270
-1045
-33051
3052
-61194
-83668
-8374
37274
-26388
62775
-73738
-1856
30346
49896
57507
93264
-5349
-73749
43995
24915
-86005
96943
44583
-27406
69866
-96438
92895
-52896
93007
-27863
53857
68903
48345
37426
14556
-9842
74513
19704
-7604
2724
-58389
-89254
59840
23533
-94676
-25671
5142
-36954
98469
55443
-49079
-88523
-30179
19713
-56223
24882
58701
79497
-21687
-15988
61060
99681
95613
-91303
50027
38977
50786
22974
78691
99619
-53585
-12937
-21046
12442
82377
24580
66013
13516
72109
-19855
75191
52750
-49977
-62912
65912
-51046
74591
10100
35329
-98257
-22285
87421
-10085
16070
4319
37947
-38153
-7700
57592
80112
76304
73473
52217
-70457
-99283
19147
32661
46715
19970
-34953
60651
82534
-16138
35310
-39912
16231
-56768
97168
-32282
-72658
89130
-87536
-95839
33831
-264
-4948
-39222
-72832
-5150
76999
7397
-4391
-92484
-76636
6189
62727
14135
97985
97768
29125
-33536
-33266
-90859
27896
-60538
50953
72577
85854
-79527
31671
-92231
-24302
66734
3584
85209
53182
-54849
-53080
-34877
-64355
76751
81894
-31828
-57813
28555
59171
-23920
-81876
75404
10192
-63163
-53290
-67783
-1820
28717
-28067
-79350
80881
21190
1113
7975
-79070
-50852
58517
39726
4563
-98403
60918
39956
-75315
-82803
65990
79202
-96036
85520
-68772
-27743
-62001
80229
22698
85521
32844
946
-25053
-54318
85197
-37127
27399
-60570
59323
79210
82252
62926
89957
-26029
12970
31376
27933
-25293
85763
-30758
4015
72556
21294
-56703
29503
1814
-12385
-97438
67390
8688
-12172
66985
-43575
-92751
-23906
97328
-87586
60860
11114
56063
-86405
-589
76459
-3150
48597
17507
55814
-37576
49010
-88099
71514
-88713
-8669
-31260
-60598
-24051
81442
50434
72104
92210
-47676
-13451
56447
14137
-77926
9223
59261
20213
7914
-93253
26427
-76808
-58747
-14493
-61845
9911
98053
82831
-27299
-9527
10661
-11937
-41810
-65714
58493
43514
62477
-93843
32536
-11049
13163
14517
-79693
60920
93567
-91995
7637
-25993
25331
5639
-31226
64185
48110
95351
73069
36991
2239
-9919
-77111
4763
-10910
86696
-52212
-47681
-81037
62595
38351
-11215
-65364
-445
-2698
92954
69980
89167
-22302
-22722
49447
-29808
31372
68423
-59532
-42680
-61499
56698
91767
45661
3911
9163
-67622
8308
99638
-58613
-47990
-30343
-14087
-129
43741
23482
-22288
-36211
83931
-34445
-88175
-84144
86704
-74267
-74142
52426
18988
-33185
-77291
-27783
-74700
13342
-19909
-67134
87561
-15600
-19482
-37110
76722
80437
70752
-88924
26121
-72610
-26047
-94492
-86880
-38504
89521
-88750
68878
-62750
-44165
-52293
-85671
-44199
-91447
98465
-11775
-85003
45250
49042
21735
57580
-84547
85270
-61543
-98892
53408
-86783
-37829
86758
2457
91689
35219
-50562
92985
38578
51696
-17601
75048
-1787
-45384
-54221
-2743
-92705
-96307
-55408
-13525
27013
9755
24950
-47768
-59114
-73599
-2987
42206
83257
31834
-24148
54855
-48652
-32857
-37908
-73800
30686
-81957
59707
-82573
23277
86210
82964
-71064
76201
-60850
67467
77135
-5118
-32001
25774
-75237
-59076
18094
-71736
61531
-88568
-96393
-20545
-79374
61359
84673
61213
-60879
49127
31020
-40149
-72498
-80696
76693
28473
99396
62168
70472
-24261
99782
18882
78403
65422
-64735
-83418
-50845
99416
44141
-13878
-60626
-43764
-55121
-11027
-38852
60813
52430
41660
-5054
2602
99696
69598
-57924
-13368
22193
-22358
-91465
-82083
-10880
39608
-88648
-49384
-1003
93525
-60660
2015
78098
-32496
-79059
83952
-86026
-7183
-93618
57256
56760
43786
42116
-19934
-39482
-10203
-42608
47544
99737
9116
94797
-25691
10868
-16312
48947
-76853
64058
4753
63429
64079
14250
-8283
6621
-35934
-51016
68292
-4014
475
-36343
44151
51587
95040
-9910
-14816
28611
-1756
66221
-9555
-47199
-12374
-6015
-85273
-90670
10087
-95636
-32025
-6211
97702
75848
-49177
-24349
-67451
38488
97654
-84567
60796
-20954
13253
388
78334
48506
-34977
74688
36856
-42888
-96266
-56787
-53002
-68969
-25320
-80090
95077
-34246
-87039
-94145
20403
62060
66633
83658
-10990
71357
-40514
2886
2460
89075
-20788
70566
47057
-96081
-62695
-9479
5627
86814
-10706
35322
-26446
-35624
85967
-33866
-26116
59352
13995
64342
90124
-11880
84974
55560
9003
-84343
5492
-12018
78452
84396
-13223
40547
75385
38736
-14228
-90107
-27836
12072
27202
-17244
-27912
-83192
67302
3941
-21355
-5316
-21970
-4589
64538
73285
-48279
86627
1092
-50767
49332
51938
-30987
-8682
-71892
12541
11248
-65749
-14787
5869
-57407
-10558
-33063
-31427
-29639
-6426
-32059
27257
-45033
57485
-70259
-76619
-84477
50426
97944
-89801
10611
-75470
33814
-20030
8112
-63592
-41579
44223
32819
33639
-28813
-89398
16489
7436
-67154
24023
-41706
23518
14359
24128
91350
51259
69926
61996
-86338
-8768
10086
-24227
83744
36580
-48495
56981
70957
82098
-90250
26982
44981
-81055
-44650
-57899
26763
-41199
-1585
-68054
-83004
-13468
96624
-4521
-77666
30391
-6357
56706
10812
30588
94824
92593
-38065
99381
94454
94737
-1007
6991
13148
-40989
-19541
40793
-50866
71812
-66313
-64993
-10245
29719
-52705
-86681
34499
26449
27428
-92473
-26234
-80864
17915
63393
30168
71993
-59246
95549
27600
-29379
30640
-47743
-10240
33863
8314
-625
8575
-20524
66577
85371
-2399
-96176
-53735
15592
32456
85561
-37931
-23554
39380
52850
