1600
-60857
36129
-283
78121
-63151
-18334
18800
95944
-90107
73998
99742
-10834
-54421
28701
-54698
96705
51669
3701
93177
-81863
26437
98395
-14064
-5269
-25556
-30506
-56796
27827
-56243
65570
-5267
-29058
-60864
30734
55842
71985
34259
-24205
42159
74298
99723
23633
-60795
-54799
13768
81287
-76405
23210
78214
-5906
93938
37530
-77696
81619
24806
96290
-17873
79888
-14368
37693
-13329
-92730
66584
-94781
86659
8377
-41896
40343
-99985
52104
-70036
4916
81987
19591
65846
-2994
26680
15675
-8546
-39000
-65037
91569
-50138
86770
-154
74811
43739
36444
88086
-97720
50983
-90053
-55305
-80289
50756
-27178
85555
-99400
36619
-32049
78537
-20873
-45206
-20631
83922
-4602
-66572
79162
58528
-85427
13651
52398
38271
-34095
14616
98101
93085
35814
-41869
-67702
28038
-45550
19134
-55775
15687
-15168
-76813
-67475
68212
-8930
-80578
-17909
-79034
83860
-52690
-66482
90076
-12448
95621
71016
-94878
-9838
97262
79601
-66865
72161
-53042
6615
-15416
809
28659
-30621
51426
-39870
-38487
99811
-57339
-91586
95083
42234
74540
24510
81207
4416
-28792
50865
-63238
44567
64644
52011
76267
-19893
-45020
11102
-61900
-85467
27654
-99209
-3062
96845
-62389
58071
-13666
-22311
-8497
-73876
-11413
18742
37715
-71380
-16
-63439
-53444
91630
73528
2275
-54924
-2971
-83820
-34697
72047
-84295
29547
-83175
-82104
80579
65640
85053
28489
56421
-49839
-51319
-74998
17348
-94024
17761
-80976
29156
-96566
-5299
40023
57182
46468
55176
89226
-70016
-17914
-40665
95279
10945
-42304
37347
66496
39519
22409
-30586
-86796
-9129
91790
75438
80764
-56383
-15513
13761
-16023
43717
35333
-19858
-78614
32254
54152
-3173
-50317
-81047
96557
80113
75834
-13623
34660
12992
56923
-86757
-41792
3215
-38436
67249
-74872
-49916
70218
23278
-14806
59564
-92926
-2339
-4529
-61656
-48692
5294
-27382
-59851
14433
-23731
76010
-15402
-35187
-37536
-57554
-28960
-94865
-21154
83288
-5278
-55714
-2105
-50342
82926
37926
53315
-90323
-23928
-17296
-89893
36801
-64341
-14465
71374
56271
65714
-24618
-10799
-69494
78890
-53000
-78937
-269
81393
23431
81432
-7412
-70390
-64242
-99951
-28316
-81023
-24742
49175
21393
373
12867
58217
50556
9223
46600
78514
-65386
-24482
-40360
17896
-39255
-60204
74029
91140
-14967
28736
21779
-9250
49513
71840
-31289
-76380
-62135
-56477
-76678
-25033
-88499
-4847
-30923
-64158
43626
-29544
-86634
-91721
-11847
92148
-50120
-31032
-74066
-20935
3505
-54145
17378
82624
-98059
-55717
25420
-69652
-9321
-62201
-11058
-27688
-48272
79832
-20053
-23969
51160
56227
74647
-99321
33361
-2695
-66201
-58358
47428
72193
-54488
-38845
-56221
2864
59851
-11342
-13779
-45849
-22659
60460
-83312
-59992
-60267
99682
-98904
-54218
-76057
45323
57573
58377
72438
-46607
-5428
24683
-20026
-69995
77268
-72846
25934
-55424
77104
32666
-98036
39400
-79124
-73345
48051
61563
-73807
4531
-88512
-59893
-82141
82306
68779
57493
16681
63552
-44488
-98449
1676
-74806
-46868
44942
-82952
-19550
-5859
70129
-35103
-6047
80995
-85650
55167
-86760
58538
-76841
-45575
5127
38569
85833
73504
-24327
-91091
-53552
3026
-11270
-57009
66938
5375
-34505
20292
78455
-52408
9328
62035
-22423
-71037
17180
77793
-98930
-10853
-69543
-32472
-46585
-43
-3571
-74362
66565
-71827
71071
77042
-14833
-95714
-28596
-46647
-2382
96833
-74970
7687
51909
-81715
41327
-815
-42537
-48387
59598
64942
-91720
45519
92460
-52202
-89695
77032
-25426
85219
82624
81045
13391
84260
57572
-56212
60569
-53679
87298
-9711
24895
-11496
-24030
13268
15258
64022
5225
-29576
44670
46497
-23997
4943
84857
-57342
47404
43648
77671
81024
61084
-22933
-39499
-61417
-32499
44963
-71312
-44984
-42198
87962
-60727
42634
44886
45850
-8409
48542
-61675
91055
56617
-3584
46747
43107
-59657
-96519
-91089
-79071
-74685
-92207
21756
14395
20322
36066
91060
-21881
-67327
6408
-67359
804
9157
22453
-78966
-8422
-56765
-86239
87230
-95200
-92711
-44450
47552
-70473
26151
-67959
51215
-26253
73966
83357
-20720
74585
-41597
50721
-7782
32484
-10385
-48894
3166
-36830
-26586
-5957
-48655
-37764
89762
1776
39096
97618
-36452
-13413
10031
52740
98471
2333
79893
79374
-77015
57846
78840
69195
-41482
-61168
38680
81498
4874
96758
92923
5022
14371
57826
83021
-74657
-97543
46835
-11215
-32370
7195
42621
-49944
41253
12840
-14406
-38628
-41555
-9498
67487
82570
52121
36994
-68726
-75317
49872
34149
88535
74941
30920
16622
-56558
-44206
37390
-61230
87814
6709
-97502
-57010
48308
-10412
-28930
63172
-73824
-24306
-14153
17337
-73723
63867
44285
-44502
64936
-90990
829
3974
34058
-63813
90405
26701
71222
76722
43783
15683
-25541
-39596
-72681
-29552
47860
97098
-40369
8631
-22397
-82929
46065
4529
-49700
-15201
-12500
90790
-65923
-65090
55768
54279
62203
20706
-47780
69002
-13000
-46723
-43537
46787
93489
21867
97467
65884
88244
16373
-56547
95473
18543
-16896
37001
-28598
86242
69589
94731
18550
-93898
-10482
-98968
-15104
-30936
10393
19171
-14703
13022
-33300
77339
-12766
73242
10949
85266
-79717
-41908
-42851
62920
-57139
52289
5673
-67898
3913
-45574
-57909
97014
-78309
17816
66780
-50449
-5850
77106
-52594
30863
-62051
-5623
31938
-52670
-86821
27859
64293
62687
67488
-61133
-13561
-1231
77609
81994
52730
-27950
7787
-60569
92067
-91533
-85013
-23270
12512
-12231
38141
45094
-3434
17090
96407
78932
-85227
54149
16337
-540
-62422
-29992
67771
22303
55490
-94582
49499
-12472
-27594
74992
56193
-68496
-4809
-84291
8393
89833
53975
27019
61869
-99694
55090
70774
-81276
-80751
-18889
81575
-40229
-27488
56663
-9297
21550
52606
83272
-5815
91972
-92859
15606
-60158
44068
-33124
-38009
-46092
78071
-89342
-73655
88302
69243
-12341
-79045
83503
-54751
-16088
67893
99921
38085
-32674
-31052
28419
-89016
-14887
22598
-52945
-44533
37210
16910
87034
-7223
-10997
19381
-28375
-27695
49011
78125
17825
-6497
-64124
483
-53369
27542
-20206
-35583
-18362
-8163
-48738
17245
13678
80531
-12655
-68415
570
57840
-15228
-2793
-63766
-46983
39356
-31311
-91057
-93473
-91085
-53325
-87515
35061
55569
-5410
-46502
63245
-52486
87417
-84627
-96530
94784
-40738
-50318
3635
68089
-26530
94897
54019
-59284
86290
38318
-72216
-99099
-32449
24516
-12402
15336
-58843
32747
85595
-4798
74596
86105
-53147
89403
72395
76164
74132
20263
79487
-95100
-61931
67355
3525
1559
26616
-62851
-41300
-72513
-91288
-8651
54170
-48058
-45884
94528
-22095
-27871
62110
26851
82909
47602
48335
70652
-56195
85480
50932
-19917
491
-82942
-4790
-83888
9770
12208
78242
-16729
1387
-1190
-91712
3950
37884
22586
-96170
43951
-2738
12388
-73512
-74344
55969
62566
-59972
61808
98446
50954
34128
55780
80432
-29320
-33865
-96704
-11728
-12680
-18367
32377
57900
48662
14822
93286
-22844
8030
-5217
-23345
-49216
-78521
31906
-72866
39969
-59796
-38024
-46094
24643
-3083
92924
80659
86955
88660
-94670
-39040
21107
46956
45697
28515
44175
41868
-29938
-73114
-51141
-98216
67767
98398
-31037
-6264
80361
91301
-27282
-79158
-45153
93959
51272
79811
184
-12781
50635
9523
89906
-78703
2793
-82185
37961
-59950
-86279
-63897
4326
-92126
-44869
68703
-94522
70938
-58742
72923
6184
-93934
15069
53884
-34382
-25164
-65479
23783
15649
-32723
64119
21069
-60949
61948
-19475
63109
-80140
-86868
-69572
-31340
-93528
34783
54006
79119
55355
-88448
72233
-21800
-40517
63066
59533
99908
-98994
-11449
58246
-9187
49870
-97472
49237
94979
-5379
-66668
37345
-40979
-21657
-78028
-37282
83469
6547
-21334
93656
10962
28325
78762
-20386
11975
67091
-13887
-57459
32280
-5502
-78486
-88136
-77131
-91268
-20480
-75471
61327
99536
-77619
54647
45376
-7801
16640
-47109
13511
-65346
-87171
-59503
91889
-79963
29775
13872
-13229
17107
-89543
1893
25523
-72637
-89686
-81829
-55354
-27729
-64370
-44225
-17772
77127
7361
-63597
76664
83406
86494
-8559
17219
5330
-80522
-6087
7104
84230
-43364
-85383
89683
50173
-46626
-44551
-1413
9925
43918
-72128
-52426
-3554
55614
-24954
-50172
59222
-18487
47574
12675
59970
-16882
83999
-52999
2138
-97736
64537
16881
63154
22521
-47473
-99012
-8239
62165
-90292
-39399
78256
-93734
38
-19729
-25584
66734
-31006
76406
888
-53951
10818
-71178
54090
94689
-44174
-63384
-44351
-11348
63435
95992
-886
90527
-41727
31660
-74565
37517
5872
-27170
-16652
60972
59262
74405
39697
83018
77164
86866
37193
30301
-76290
-98154
-20762
-95433
-98491
-78207
-98271
74328
-55802
-84763
22105
-42211
40457
-32999
-83536
-3753
-99841
-56551
-96189
2871
70864
-63733
89091
82469
63617
-91683
-80524
-90641
-63681
21897
-24446
-54690
-67638
94138
25275
613
37313
9929
41774
60851
81862
-28000
64669
-11480
-2419
83007
-49311
-61149
-54202
-88099
-85029
-36038
90789
-81306
-68270
-28605
-84406
-81309
-41298
75919
-18990
32632
97936
26167
36730
84166
42892
-50418
35371
-62799
61700
-69387
92454
20923
-48798
78990
-91572
-16241
-32079
66057
-5877
-49318
-26983
47322
-77407
-84716
66677
40459
-19122
81501
-77101
-16979
91482
-11902
3975
87786
-88128
56734
-65044
-21066
-72074
-98723
3000
-56156
79642
-85540
14587
83861
8122
-36244
2420
30987
60288
-41226
77264
-13157
-47752
32120
-33792
20097
-3008
50349
99637
-79859
-43445
-1973
49659
-94212
20881
-46554
-10641
-990
-17833
690
51615
-55742
-41450
85478
69948
72448
-72629
54779
65662
70893
-41253
-36909
77589
-76286
45408
42039
-57529
8808
-38380
-34951
-40213
-56140
-16552
45368
-56960
-1744
-25374
-9470
-6614
-45036
-41022
65620
67019
81108
-54449
88700
-84550
9107
-26446
27488
-28637
11061
62222
-2089
98747
-3246
-24821
-41483
-38179
-15866
-27778
-71324
27974
76005
-87050
57837
26794
-94516
63462
84374
83633
-98349
-29334
-51290
95569
-37218
-46088
-16572
47816
-29997
-62876
-78786
-77961
70309
-27249
42789
7638
-80945
87085
-55724
-2024
85277
-30542
51538
-30500
43684
-38375
94925
-6772
-61550
44881
24711
-93994
-42272
-4156
97613
-77499
-16220
18884
55969
65211
-70718
34324
-94599
9613
-59261
97553
-97056
-73029
-69442
-60740
1467
62026
70834
-15259
98214
-99072
-38474
22196
75837
-81156
-91065
-45929
57399
27631
961
40452
20268
-10053
50537
39337
44983
81062
-49178
-10312
73014
12155
-14576
-91960
60718
6333
53281
63466
61964
18441
-19127
-75703
32326
69959
-62435
-92676
-64544
-54196
-86097
17580
-36085
-24816
10041
6877
31912
55495
15218
18011
-60758
76190
65731
18369
16536
39251
-38701
67177
-46862
-94927
20606
35947
-86037
-20185
-7643
6420
66261
6148
86751
-68571
55835
3090
-84018
26372
-49561
41484
-88884
45700
-35996
16764
-11773
69260
-99683
80117
-62820
2982
