1700
-12763
-86732
2962
-76736
28555
80406
22998
31868
25391
80607
-35802
25422
-48473
86602
71853
7125
27892
-4412
-53349
-23622
70787
54532
64057
-97771
-95664
-42815
-42916
-42945
49189
-10923
92856
-23563
-66303
69036
-13748
4069
-21229
8616
36347
-59367
28133
57109
8379
-45443
-60970
-64188
68262
-31282
-43072
-14138
44078
24289
98872
-14330
70766
55693
84787
43844
43867
-23753
76741
18410
-93031
29368
73861
8652
-30934
-83
72013
-89471
50817
-74662
-3682
-45416
37237
95163
-97824
24569
23377
-34007
-11450
-11750
8968
57510
-96112
-96358
5765
-69947
65962
-69314
80801
83321
22514
-22203
47918
17336
69847
51177
69552
5323
-27939
1653
9963
-81419
-37828
-16322
-8424
26685
52136
-16449
57265
-7782
46508
46485
42219
-21765
85168
-5613
76804
-30160
14169
-45117
6066
-24200
-82289
-36934
955
81191
35994
-14569
-61470
-15116
82213
16664
-54977
-50723
-2587
50392
17576
13559
75859
72297
-4021
91222
51605
14794
58654
-91756
57915
22469
60589
12418
58276
98408
87698
-43927
44673
-1763
-81405
11451
80241
-97176
-82555
-39589
14988
60093
59135
-47738
-18244
-63812
-27095
-4516
-81851
-91638
37539
49359
-73948
333
-95454
84647
18325
64771
37381
-20561
-72081
-17280
59846
-77633
24875
16194
-63540
-9049
6914
12210
20124
43509
-75404
-17926
-99408
89956
-53724
80765
24800
-21599
-7200
47863
51197
-70341
-39041
40307
73661
2790
-73948
91107
-1904
38699
-27937
53407
18129
20656
-11342
16381
80728
79519
68016
-79927
-17940
-17546
3777
-77151
-77098
-21141
-62781
-50384
81936
-79174
-17141
61125
92060
-28276
23369
68175
74290
13573
5577
-51977
98449
-58261
5398
20506
-41929
91758
-60423
35682
68780
-42664
-7713
-5376
17144
1682
-36456
-50361
17524
64592
43964
-79384
89342
-95462
18984
-89338
79814
-776
24550
-34507
43845
-50310
50475
7764
-65330
-4639
65913
5124
43708
-38867
84133
-70972
7115
-26172
48307
-51925
23683
-73348
-57315
-57855
33423
-79995
-23629
-95559
-93844
630
-54948
42511
60093
44082
97018
-64454
65403
6263
-37077
71375
-53879
-89213
-32404
-90958
46309
7523
-14951
-22343
47867
87961
83472
-68258
14228
15785
-50765
6881
-14357
37120
89931
36856
42656
5442
63754
27060
-68154
60014
47273
-70094
-2793
-47696
77872
-48582
61511
86724
-68396
6967
33397
-76670
-32646
27219
-10242
-31222
80666
67567
63852
8588
33599
-8900
17996
94964
62186
-98951
-16099
-33807
20374
-35831
69924
-63583
19159
15024
-10339
11035
57052
61674
68236
86424
77971
59880
78833
55742
97067
35303
59673
-34677
-90955
-5649
96721
84634
91748
-78234
54774
55829
-33997
91022
23592
82168
-69915
56034
-47971
-96515
65640
-12024
13393
-27094
51283
-66382
25307
-69581
14030
-61545
-45989
-27700
96337
79626
-66992
40592
39685
97588
74758
-44921
-47098
96947
39276
17303
26826
-62259
80772
-22646
-54693
-73902
-57485
19448
-36096
34126
-92488
42897
-51014
74472
86841
85129
65130
-87141
91065
-94688
-70704
-35058
22055
-61619
8174
23185
-40816
-55098
42571
-65034
-54989
-38097
-55917
-56374
-38667
79453
-82469
-10641
84331
81733
-93821
19479
-8235
-14075
74740
-29729
96171
-81905
-30647
-59962
10830
89902
58955
-15032
-47775
-16650
56532
89243
23217
-21236
50196
-7675
90063
29775
-52494
-5736
-44801
25058
-68086
52363
80521
-12456
66581
72119
13356
61242
43238
59435
96178
-20105
-18159
-84500
-60833
-70039
-6938
-98740
-13821
-86016
-26981
-50971
3055
88397
74056
-60621
-41276
52525
13835
31307
74535
65552
67147
30012
98320
20261
61914
-1663
-25982
-50716
12340
-42977
90133
-47305
75812
-95647
22639
-25914
-51834
29934
25105
-4066
-70489
-95164
-14451
-60035
32392
72083
-91946
79292
91394
-32008
-37776
37529
-19069
77588
32006
-288
-97034
38793
77274
71286
40577
45713
53334
-54398
-14104
-59398
-52990
-29640
53583
57922
37775
-27965
80284
83722
-98544
-15153
-62661
-69446
98056
47600
-20613
47602
-24034
97458
-28331
72296
-80851
-9026
-58355
-6045
86776
-84187
94706
-82541
-37445
-30772
82751
85578
-44900
-21708
-24540
-47397
-67840
-92827
-23394
53454
-15685
-71497
20611
-62659
-5793
93629
33306
-35314
-24651
-44530
-21658
40845
-13302
-72015
90372
-12316
-93280
-56412
-70998
51066
7110
91657
-26353
40166
-12414
14318
11561
-82673
91306
-64776
26386
63842
-77678
41003
-81788
-90194
53343
-72616
-38461
76383
66298
40675
-55974
-59691
-87904
-51473
-60803
-50848
38743
-2647
-54579
-96038
21499
93742
-51205
81569
-96969
1626
-26556
-76048
-66481
-62674
53274
44634
59481
83741
-56605
-7774
54860
-54605
26074
-88903
-16912
63714
-67948
64917
48821
-43413
-40355
2090
28192
6374
-5311
-90937
-53152
-34451
37286
-78832
-44545
-48341
41238
-76012
2228
38588
-1061
-51062
2325
63361
33091
43757
95145
-75324
-10877
-50959
-70373
-70910
-77832
-41056
-12917
-71207
57224
-27626
-78529
-241
-74457
34901
-86089
-24900
-3786
86918
16542
53718
34758
69453
-83364
-51305
-38726
-85177
-69368
-49075
84489
-19293
-89029
21502
60067
-63398
3584
-57163
61227
-44468
75175
-46099
-87453
17401
-7367
25113
71142
-65512
-26875
-7282
21966
8599
-42727
-22002
-69835
81520
99213
59314
88345
-23771
-6407
10035
63193
-90728
-13754
-30315
24796
-80247
18146
-58960
-57071
50540
43277
-5668
34640
57446
66577
30712
3743
-77148
46222
-30569
-23535
31384
57843
-29624
-29046
-7599
-68727
-51071
44765
57462
28201
10343
68822
-23905
31118
-20099
40787
11281
-46203
-75610
91149
-8365
-44799
-84648
-62539
-1999
97035
-48865
91961
-5747
22998
-27125
41253
-71524
24176
58744
-40922
-95804
38229
-20936
-66197
-50288
46750
46239
74084
-5170
33751
-41366
79980
62598
40429
-66292
6915
14999
-86458
21847
-87756
84911
-29909
7364
-73706
86310
46944
-22753
-915
-90632
-65387
-47023
-23120
70045
-19083
65227
-77275
-43321
-4389
26445
-98839
74168
66212
93584
-9780
18429
-10401
-66602
51672
99146
74529
26252
90354
-14925
31670
43032
-1830
30981
-35726
94405
-89331
-87297
44133
-8951
67146
-26000
-3284
-46289
-90575
85742
83108
-31195
-91962
3632
-89798
-59548
84373
74185
-63010
30199
94192
66370
67222
-90389
51028
65362
40559
-59438
10794
36092
-89138
38899
-46487
9221
16868
25937
82328
86033
-85952
91350
92273
10137
-54018
82333
-73375
8139
40669
-69095
-15507
-98241
18670
70948
-71634
15761
-95831
-37144
68669
15327
78106
58980
65513
-26144
95288
-27492
-45979
-92449
67094
-74016
55423
48468
65715
84790
46667
-56035
-47764
-29210
96350
78558
-72623
-91037
-24586
78002
-73260
-24367
-47241
40332
-1699
-78793
-25776
-99153
50747
-15677
-91076
-87482
3446
-53772
99941
-15456
44864
34280
-92701
-47988
-42614
69058
21153
69965
-10254
-27401
29408
34555
28953
59638
78805
79734
80531
-19726
21038
6535
-45064
-70259
-96717
26964
-36329
18082
-28153
22272
-758
5423
95117
3997
62821
23261
61223
94159
-46840
-36242
-23271
47422
-88620
-57598
75276
32631
35706
15046
7727
34272
75311
634
-60296
-29290
828
-48868
-39864
-15515
74737
-72714
40109
44451
-2183
-5695
-87167
-7383
20489
-40715
-60881
-19985
83571
-74002
41941
-76221
14935
30588
-50427
39142
-60488
-14521
-96730
3
33964
87517
85752
86861
-58834
-46374
-13195
-47053
33998
50867
-35630
47555
-32441
-12897
-77723
-46567
-17679
-37598
-12960
-30975
-63923
36215
13051
-59151
-89602
75545
-25232
64860
-61993
-15698
-30048
-95628
-83953
53841
86099
38783
-82863
10362
-57635
5589
66992
34956
48923
48435
86392
-28613
31837
-78017
6048
57880
62238
-3175
67995
17211
-97298
79322
91213
-57076
-92751
80876
63963
-20306
-70336
62854
97115
-39416
2477
-3774
95211
11632
9251
19740
16605
-79306
68844
-97911
-3952
-27445
89165
-60174
24794
92109
33100
63116
36513
-13904
-15406
-235
27465
41162
-42006
-85716
30727
-45318
-47639
35213
-58092
21686
-54616
-57431
4158
-31631
-6483
-43490
-26024
32037
78696
-55976
-56686
-16702
47129
-25405
26659
-28941
9871
41836
49250
53897
-80630
1779
75637
-95866
-36862
-76689
21088
-22328
9089
-49826
-57857
22545
-24725
46663
87439
-16721
62750
-35858
18918
30540
49588
-37133
-82621
97748
-46171
4552
91840
65022
-15542
-91699
50148
59962
92860
-85750
-53227
33717
35547
-64120
-89558
50444
69034
-18164
-13473
-13621
65496
20657
-27486
-5024
50906
79585
-97782
53792
-98445
27440
-89369
68853
-26091
67925
-58316
52260
-29791
88645
-90455
19447
-80821
72942
56621
56651
31705
-46835
47849
-69832
-52150
-91028
93496
5144
72595
5628
-99206
-28490
82565
-42486
99080
53525
25930
-3103
55425
-45926
70414
-6915
-54717
-38377
-49222
-57433
-19594
58420
72539
58098
85122
-91396
-2271
-87216
-44960
63489
87428
99025
57934
71149
-35391
-54918
12892
11495
43970
48510
91876
-48034
-11428
63324
-46505
49717
-85838
75284
88945
86795
-38345
52039
27918
7334
51216
-44118
-98473
85371
67159
53478
-16683
94620
52348
69328
-35610
69438
56710
-99264
74380
61926
28215
-17328
89443
-34832
57678
-84237
-35029
-17220
-11738
-45649
-47741
-82251
13500
10616
-42057
2239
-13426
-71125
-21264
1149
68702
55779
22986
85500
-42218
7612
-73149
-43585
75909
5218
42382
-74649
41671
-59244
92039
-26497
-54845
-67077
53570
-79646
22030
-81183
65276
-88887
-84562
464
2483
-55627
-81159
-5944
60690
-523
-79653
31323
-80252
77269
46773
87977
-35799
99235
29347
11764
87142
69279
33622
63455
-90793
-35202
-96608
-17144
-4832
74907
34511
-87106
-80543
-9669
23792
4577
-48825
32891
-85835
-90155
68031
-96040
-1167
8290
92678
-87141
82623
-39380
18588
-49505
-32957
-57527
72663
4800
-27320
95364
57876
-60894
72073
366
-10296
90651
-8949
2587
-87436
-60546
-25561
-44224
94519
-94971
-64154
85095
-77763
3418
81028
14540
77398
33602
76183
-42856
25825
-83609
-80695
-48201
-56729
71232
-4543
-31016
46084
-99425
96737
-10368
-61633
74838
36776
61004
12731
-91513
89654
55489
-23353
2247
54960
-31791
-24688
96943
42426
-45011
-12810
-44801
-59167
65857
77755
29358
59419
74129
49112
55378
-99867
-9298
2346
-52568
11852
19028
-10487
-35135
-89592
-36253
72826
-56822
1282
29304
-23814
9206
15159
54440
-9350
-63094
-39756
-11431
48363
-82300
-99391
73596
-28753
-36759
-60902
-17174
-69586
63978
65112
50458
43466
-1870
97519
73853
-82838
52879
33104
3510
82227
-2566
17583
83129
-66859
-66812
-44897
75199
82305
15519
-8103
-16925
20857
47559
-53861
63069
-16257
-99893
-79699
-79208
-75665
-63556
79871
-54031
-48471
-2640
-50258
-76722
-31770
78899
-55067
80153
32428
17356
69920
-18344
32796
-56217
15884
-96341
34345
-97820
90762
18657
27683
-8197
21715
40246
-51983
-89335
10613
-44947
63261
37820
-53828
-80058
91210
-56232
-57428
-78691
-57664
-31133
-81750
-90017
91112
-59405
-76742
78377
-60589
-67118
40674
78847
15092
4235
64622
-49051
33134
-48300
-19699
70109
-42744
-50153
44057
-44290
75582
-36897
78900
-59218
3569
-2468
1933
-39684
89406
53778
49538
79708
18987
-47132
-69984
49664
-31299
-63175
-40635
60495
-12184
-19576
-81433
-89724
49950
-15226
51437
40550
85705
16937
-83589
-68385
67219
-10921
-6389
-69124
54626
-26832
-28682
-59648
-25566
2933
-20909
-65947
15226
59795
-17674
-5136
26464
-88432
26
84144
98056
-22255
-88359
24019
93367
-24507
44375
18276
-96841
-18190
-99457
39460
69155
48218
-24539
40260
-72286
32329
74699
-59907
-72656
38270
56447
-59251
-12584
-87884
58593
-53873
-97666
53643
32515
-49227
-24360
-64552
