1800
77115
-62298
51472
72218
24960
96423
26830
-30497
26993
96605
-78884
70197
48726
-20776
1785
20797
45913
-91482
-94264
-90161
-39727
59881
56352
-57824
59356
-27436
-34689
51277
-49564
-71742
-64226
35846
-62331
-83277
97439
66074
28549
96419
90531
49498
4993
-71223
-61320
45293
17577
46121
69487
-68432
71586
-93546
-68980
-74233
75722
1736
-83113
-69115
7960
79573
-27760
50484
71328
-83632
-75009
-4543
75254
-27141
-29911
-7289
27051
76713
-94689
-33162
-21901
-79627
-72656
-48801
-55833
6360
21758
-70240
38501
14315
-59858
-67865
-683
44218
87481
-74396
98183
23873
-25248
-96689
95032
-47994
-20676
-90029
22196
56338
35827
55510
19029
97933
-81721
63014
7977
-5579
-43960
15745
99569
-47173
-58262
34432
-45242
-29254
-52111
-72414
-24553
-20907
-34744
-7183
75597
-33045
23858
-54893
-43569
92025
-89640
99888
-52255
-33651
-50688
31418
13799
11427
2910
6941
-49976
98398
98885
-98043
-48274
60196
-80778
-37177
-49623
-40042
-91687
91117
48115
-57301
59401
-4639
-82610
-3928
-47094
49524
29834
57406
-84074
-83892
-80029
-17728
-25068
21096
93702
21567
-63830
8849
58996
-10813
-35031
-68512
45696
-40471
-23065
60582
49842
54804
-59989
-98757
-35570
-71087
75456
-94810
-44626
-88437
61612
486
-55412
-50969
-7109
-18725
75356
44925
-52428
63444
96150
14068
19757
74614
-15023
79929
-27910
15109
26571
-78436
60033
-19438
-25787
99015
-58519
-9535
-23669
-42725
80049
89142
-1390
26856
-21539
-74212
83449
-73271
-75638
-33071
-78414
98843
-36445
7282
32122
-77032
45804
-48834
68804
-91181
572
17641
-67596
-56622
-12728
33728
96390
35843
-72295
-39501
60367
-96483
99232
-86716
-10084
-18540
-7648
36043
-61769
44344
-20663
44515
-51960
53739
12773
98357
-2601
81853
57643
-54946
17135
-32090
89137
-49920
-53858
39967
-65409
-45982
40410
28701
40447
-16251
35710
79595
-86384
-83516
-68815
-33373
-84551
61734
-4633
29832
15674
6788
-34303
-13117
-44545
-12975
-20016
64696
36782
35851
-57609
55749
31007
6845
82990
-7977
11179
750
52131
75368
-36579
-1750
67515
61657
36166
22698
-57418
43879
-35667
-59102
27824
21389
-67998
81320
-41469
84790
7411
4092
29450
-74594
-80456
-24712
-3199
-28220
-57143
52245
24200
-35954
-46512
-88553
79366
-83911
43897
37911
-15126
2106
-44026
89771
-27699
47286
-13186
-60493
-13901
-82213
72005
61571
31601
58521
20871
-8088
-8344
-73023
-27378
81241
7791
-98120
3188
-33476
49807
-72297
-55566
-11567
-92953
-30173
51862
-90945
-81296
-28636
95507
74937
-6949
-25180
59891
8013
77335
-2683
-73305
-759
15918
-54529
88255
83530
-31089
-28746
-69004
53922
-78042
-36108
94371
-9819
-49497
24712
15957
-11312
85483
44282
-1543
-34217
1393
67369
-49805
-55606
12613
83588
-17587
-14941
10814
-12575
7307
-87698
-58912
-29699
10717
4373
-87198
-49007
-3346
17735
-65973
40525
97754
48005
-59658
65779
-88644
-19831
-35404
26899
-44508
82579
73808
-96161
94312
-73391
73005
-60438
-93806
4650
31564
35650
81591
21607
30122
10598
38695
-59778
58822
-99354
97792
-98307
24384
92374
-89315
49360
-18723
-78098
-36308
-16850
19367
15041
36125
-5082
-33358
-13608
-81737
-53822
12793
-32597
25349
34133
-14234
80315
-51987
-29530
-56208
52494
-24672
62329
-37153
-10424
59757
49270
-149
23715
32945
-93447
-7806
-68405
52201
14517
81257
-56487
74728
33349
-76294
-70935
28387
34129
68939
78682
91498
-35303
43439
-91935
89713
89185
99990
-32630
72013
47737
-6128
-89779
69178
-55192
41134
28425
-59496
27573
51529
-64928
-10761
29649
97308
-46866
-30201
-72540
-47604
46118
51122
-48526
-74551
10891
19909
-32726
34700
-76280
33673
-8437
-59264
96750
-47760
42291
43069
94216
-15573
38534
-13777
5019
61401
-7689
37205
77183
-80167
71030
-92186
-45228
60672
86966
-87666
49635
-71386
91098
16021
14035
1371
-82693
-58591
94405
-61321
1944
-9454
-74420
-25265
-28325
-5237
58060
37380
73668
-75759
-13586
59061
-45899
74635
33533
17172
-71080
-30103
-32864
-54762
-65552
14817
20532
18692
40059
91733
48005
-40273
-16959
89809
-44950
-93247
-5891
80688
-21830
28654
7716
93598
89326
83400
-7978
-45833
-63083
48562
10272
22030
-27346
59884
-23956
-82101
53797
69838
-99258
-19412
5485
-77232
-77877
10028
25654
27717
2800
-3328
-81012
-29464
-19220
62910
-30196
-82865
-49980
55385
33475
75324
-7375
39559
14884
-46957
94255
14723
10534
3365
81636
51438
-20744
43818
21035
55569
-98270
48910
-82947
21437
-29575
70370
-76100
-69101
2750
-93965
64091
-9056
82901
-45320
-18900
-56672
-98915
-16219
19783
-88220
53552
11292
-28716
-4146
15672
98307
-2378
-74312
17068
-12112
-24620
66676
486
-31743
11077
-56978
15907
-38711
12312
48750
-60394
74149
-16195
-8518
29673
87468
-12206
38872
44881
61636
-46770
-65359
56588
58194
-58812
58897
55546
7049
9685
73099
77013
94564
31797
23034
-79857
44974
-28712
-35870
-29113
88254
25848
-6412
70823
47297
81222
-848
90268
-88849
-63958
-23963
-10125
85600
-37703
-98796
-22771
-10953
-57101
-78157
30079
-20292
42229
23565
82440
-93944
-82559
55366
30767
-78823
-63256
-93827
28217
77126
-23662
83722
11204
54156
-91990
-29722
72004
-72058
30184
84842
47767
76539
27580
-73424
64966
33234
31444
82390
77338
-84448
13770
23329
52185
-64926
-25875
-66499
-98916
-73658
84459
-52574
53646
-69405
18840
-49709
-89405
-92406
-32931
-94079
-25102
-33420
60223
20236
-11759
11418
59339
-94423
-6069
-93916
74908
6686
17185
-86919
-41208
56106
98074
21301
41901
-45245
36776
10873
42899
67255
69401
68891
-70146
97844
-48714
16126
-18029
55587
80188
27133
82660
47278
-25612
-98623
-31078
-35485
-59407
-58829
93054
-37392
50790
-58166
87460
-59058
10657
63493
-20172
-36741
92200
-65035
-85034
6303
85039
-83854
-6
-56112
-52942
31406
51265
-69775
-3915
-45914
5643
26293
-92138
-25996
-48610
-20287
-51189
68098
-6097
-95184
79870
-80743
-6447
-82192
-90430
21847
27383
70985
89776
50815
-67865
15294
21155
57898
60926
-47796
-58356
-24548
76634
12239
-44558
-334
24039
-58300
-63735
-76361
-42359
24745
87598
-51307
-62493
-97535
-49027
7400
32962
62772
34960
26798
-11414
44306
-54508
1755
-16518
97784
-85047
-73975
-54978
-56757
-91178
7693
28753
42082
92678
-31707
93421
-54720
-80669
-50483
-76975
15230
-34579
-84688
-65843
-93880
-649
67516
68653
-31106
50719
-89074
42304
24954
85736
-28659
77764
96241
-14026
-28846
64815
80050
-46171
-81083
-62052
-67316
-96571
323
86673
-56883
-87946
94651
21929
31396
40989
63768
-17629
86248
88960
14360
33349
60465
5124
-87300
-97682
-50780
-29760
45592
-54217
-29811
16381
82634
-94971
35045
-20083
83271
35119
31538
-18428
67729
-10490
-84787
17304
88901
-70203
60223
50321
-69872
92246
-19899
-788
-67838
62463
89331
-11182
-14917
76519
-29259
-42704
-93055
-24183
-49616
-59534
73972
-63692
-36857
60001
-62824
39484
57785
26391
-3502
44033
-24985
59163
-23570
-41703
76979
34077
-55843
-49507
42885
5967
53820
-24435
79015
17501
79759
90337
61392
89547
96076
-77971
70590
83306
-64044
8815
88444
4279
98045
76472
85059
25232
80842
373
-67331
-25196
14652
-16550
-53660
34006
95553
34346
-76343
31292
36363
62693
-28943
-75462
32444
41998
52250
-25113
1661
-68521
-28389
-42311
6190
98347
-855
-50718
-4553
-24872
86774
-79226
-73987
65432
30899
59799
22961
10426
66679
33039
-55870
-80014
-3528
-16311
1523
66361
-84619
-52547
42055
-45278
67126
-48554
-47400
-23173
-95061
12082
51590
-31204
-94926
12085
-76147
-51505
-72844
90250
-720
57819
-70098
-82504
-44206
-46673
-35250
-13476
-88029
72552
30707
16137
-14857
-44161
81111
-6472
1906
-4654
-69239
-15827
-78176
87501
70290
-15959
56609
85237
3450
96774
91457
35281
-74589
-57998
-41434
45429
21458
-25590
-96541
-35796
-17394
-4782
-51543
96065
69473
62031
20892
-37462
64251
-55422
90180
42706
85942
27265
81626
41282
54645
-93453
36994
76075
7269
16999
-58471
-75502
-94107
-43311
42083
-10792
-95358
19811
-60697
93413
-15909
67524
48343
-84111
-87388
52464
103
54830
-38907
-90004
-38530
-1450
34338
99940
21514
-98484
-92938
3427
-40722
-19599
32856
-61907
-32041
-25914
68576
-88772
13612
-32327
-92893
-88682
9123
-64306
18969
45511
8113
-62549
-75872
44096
31321
77760
56729
35340
34086
37521
-62799
64555
17588
289
-5126
52173
38632
-20995
31799
-82964
-62081
81698
10935
-99770
74436
76811
-28264
-29898
15963
-79845
-95251
47214
-33797
-95196
44218
-51501
59641
-53358
-35172
26485
58303
-18568
74373
-16534
-53797
-18316
-35163
72326
40564
-42240
-17947
-52488
26967
29336
6605
5572
-54609
41540
17798
-43431
-67309
-75647
53561
76494
17978
19088
93013
-97090
69385
-43494
-3024
11068
49549
-71042
77637
-72715
-81660
40057
2012
12065
-6314
38321
8967
-82715
41121
-17954
31688
-54775
97330
37141
-30640
41297
8079
-38797
31202
32826
79985
4002
-55658
75154
44687
61771
66938
-66252
-32043
60568
-61293
45535
89075
40420
8065
-39629
-75438
94018
-36416
-45689
85986
78695
51595
72105
53583
-75851
-39909
69043
18898
91876
-57011
-31482
-54684
67663
-23263
11878
33549
-62823
-8226
37810
-4454
-21254
-55597
-93058
-26708
-39126
81081
26575
-14611
47528
47221
70706
-7970
56679
19065
35833
-42804
5782
-82102
83411
-53662
-72118
53660
-17657
71895
95115
-23783
20941
67911
96376
-90367
-35767
79904
-38185
-50006
32933
85555
-95427
78313
-7351
-94358
-97194
-88439
60858
66777
-13038
-49032
-56436
93805
17069
13378
82949
-65087
-40871
85044
44240
-70833
-33847
32674
-4773
52611
86108
-36411
20749
-30165
-32476
99836
53607
-81077
-68141
-68621
-32522
-14386
27969
37729
60914
-94954
-22371
83563
-67209
-22604
-43347
51622
66845
57459
-45181
78586
-45450
-89585
-74178
22626
-45725
95875
-25478
51215
-66221
-27776
-2603
82412
-12262
47929
-21729
-20995
-18839
28379
-45795
56288
-48272
-73893
85882
88310
-54899
60903
95563
-21221
13935
-4674
-9667
-78832
-16628
36187
61982
-16326
63803
-93172
16964
-28988
72238
33570
-50786
-32737
79824
-94911
-87147
15721
-36937
-47977
-90722
-68245
-31546
16042
-15905
17085
93666
-41271
-36741
52100
-99633
59236
-53060
17564
48230
-42056
-51876
28176
52917
20066
44848
-78010
-64013
22613
44722
45496
77534
-34777
60329
-70819
27187
-30779
34359
-64794
88201
-30009
-53121
89700
-66421
-73185
12528
33542
-14832
-41942
84659
26176
-64615
-14487
-17427
-4216
25574
-47351
-98831
47290
-203
-7650
76293
66652
-50152
-65873
67343
16955
75890
14378
-17379
-31180
-73778
-648
-36722
14607
-8677
54635
-40225
21701
-32824
-91756
77269
10594
-89608
47474
-59900
-52923
73506
-30075
50043
-18107
-76152
6656
-115
93614
45586
46940
65276
8297
-23673
40009
23171
-8903
90023
-41025
86336
31778
62503
82035
55100
-96476
-41079
-25178
33049
-65691
-93096
-22761
85335
28780
46909
-63399
-36286
44361
83265
29951
-89540
-75053
-41952
3571
-73822
-16375
4294
77030
-11618
12250
45801
-26079
2121
5121
5186
-21061
-74118
26119
66473
-97885
43056
-10516
-99060
-2531
-64936
45472
75659
-74294
50875
32684
82420
-32993
-18042
686
15574
32056
66231
-33727
46340
-21243
-4254
92155
-77336
15138
-21731
-10096
65024
-2939
37582
-56941
-46470
77905
35279
3485
1768
28295
29499
6662
-64288
-54500
-84712
31440
-44429
96613
-93919
-44572
59976
-80210
-24978
-89932
18324
-85653
-5118
21055
14712
96710
-91919
-84877
-85770
-79017
40620
42412
-57711
85426
-94613
-73381
-24575
-85991
87029
74690
96848
56978
68303
70235
-65964
55380
77375
76888
-65463
56347
8699
42822
74954
-21349
-41741
6603
20908
-32687
3320
-77362
-75784
89332
-14585
-81547
84098
-11190
-32202
66825
66602
73560
-64774
26359
-2641
27570
40851
-86416
-63829
84592
-86380
40687
92591
47937
-72813
23898
-80581
-99431
-4823
-58238
-2726
27014
-64602
39493
-69928
-68320
-74604
-7597
-415
42847
-47450
-78067
24248
14791
7102
13513
36560
-89986
32984
-97934
1867
41662
86038
-96563
-98804
-78555
-6616
-11498
71291
53353
91223
-37304
83348
18154
-80401
8892
83436
93792
2631
-57751
37634
81459
71534
