1900
-21226
-32413
39036
-10524
-82490
22557
39582
54299
-89545
17574
-78748
-78051
-23916
60881
-91197
9977
-31264
-37358
99303
26167
51579
-10219
85380
-46786
-77179
-7749
-62262
-82650
-16423
14066
-87945
-75685
13882
35759
-76026
80490
-37300
-42357
47941
-12117
49849
-77833
-19452
25483
47540
67486
-86807
56821
-99814
38102
-84895
20445
40308
13633
-26255
61801
80025
-79610
78954
6140
92849
3560
15803
95840
92436
87872
20320
30286
-79728
-12773
-33479
62301
51210
-68110
-72907
-62266
-93508
-21374
49197
86160
-74596
-19768
52301
-50404
18397
-93541
27309
59279
-54450
-16475
11774
-14761
66721
-30081
61471
19740
-12025
9896
8015
78981
68790
-63454
94653
-48092
28236
83626
82876
22335
-59571
-55982
-95662
59324
56200
67324
95216
69032
11545
-42955
64251
-69404
-65913
-23317
-7032
11116
22989
84301
62887
19333
-31178
-1794
94934
-19261
19297
34485
-56041
-14604
32869
40244
25052
62701
-12275
71394
-41890
61614
73860
-87353
21900
-26060
-69300
-31324
40161
82524
86440
12845
-47026
85551
-62822
81508
9623
-38450
3655
59219
-646
78971
-72138
-37594
-65143
-68927
41527
-47006
51865
-15230
38112
1990
-18925
50843
-91469
88317
40679
46773
-56293
36412
73057
-74581
72789
-89218
88340
64787
57900
-12838
-56846
54443
-13348
-83459
98046
30434
-36328
57290
-65384
-47616
14632
17483
-30217
-59470
-81494
-51566
-41866
8118
61944
5552
-49339
71711
-12118
529
78976
-1978
-59854
34802
-73828
12941
84134
-25599
68349
-57007
40411
59856
12646
-43476
-65748
-29259
-86648
-4381
98266
-25536
5307
-22221
7885
-99623
-81974
79859
-43207
29622
-39512
-85466
-20196
41207
193
28063
7459
44574
20652
96209
-44947
-86034
49020
38130
81831
-82337
-67274
10764
-70250
96762
92509
-66592
-2765
-30377
-63896
-13001
24944
-56527
-62059
16390
92953
51171
63766
71357
96854
98434
-57878
1324
50188
-52202
-45753
94290
-16476
-95243
-57421
13252
36835
-9986
60786
-95689
30008
77423
91162
-63382
-40555
-60060
48706
-49166
-6155
-86611
36121
70947
83195
59530
-58093
31832
-40261
55173
957
-84448
-14638
26476
69106
-2107
-8529
-55062
67814
13818
-49227
-29503
41119
33184
45177
-28377
-13180
38517
95206
-37190
97294
70682
-70080
93984
39579
-70145
-20603
-27585
-63775
13101
-33361
-76266
-28929
95663
97047
69814
-93073
-41954
-396
-63647
9880
-30968
78464
-88131
63424
-87428
-66437
21877
2975
-90891
-55671
-39315
5391
-36831
-60042
54303
-41953
1228
92698
-34281
-81466
6318
-35176
46343
88436
73677
27712
-2936
-24764
56080
20884
76654
45838
-67038
8296
-19066
15706
-70785
-77790
-17681
45743
87134
-72799
-27758
88777
-84485
-8517
-74049
-1560
-32448
-12194
-20187
45445
12175
22935
-97298
-44320
99119
-57295
34165
91316
90832
26614
21221
-63668
-54020
9361
24367
60975
-64547
72019
95655
-96265
76965
58132
-6468
-33408
-87331
96626
-78830
-81733
-34034
40437
-77826
76578
-47482
-95725
26077
-78586
-69497
-55730
65873
-31100
19218
-1989
79961
6998
23755
67359
-10804
81477
77705
-7246
-34062
-26883
-2500
62789
69311
62841
-11269
-2305
-25043
5085
65130
16067
-84299
-70686
-57979
95470
-69847
-60693
6347
-90372
7089
-35721
32265
34058
-81504
46960
-82495
27190
-78478
-53280
-35272
53538
76516
53443
-34855
56024
88944
-36617
-82551
1927
93284
9359
-33976
-86292
-7586
62856
-33216
34252
-88282
-34925
97262
62237
18856
-32943
874
-22460
61516
93277
67220
-95815
19892
-52862
88541
-20280
7569
-51443
47023
56496
79650
61438
-89350
16046
10891
70680
-11364
-70892
-83506
-35752
-44308
41682
93032
-83134
21220
65238
74378
32086
-61208
-752
-34062
-47390
78967
-28786
1510
88049
3373
90503
47885
-29023
-4558
79923
-75542
76818
37507
64599
-81290
99259
46107
-15137
-12712
-67114
76925
-30173
-37949
38971
-58207
-17332
86060
-58421
-44551
-85168
30823
74243
-41314
79832
-62435
-87248
4444
-7869
-28372
-46783
87191
-65468
-73445
78136
69976
-6361
86392
30651
2872
12657
84241
-18553
59943
74020
64907
65412
93081
-4447
-31902
-11725
87631
-5592
-92099
76675
4669
59196
1389
36867
-67939
-37214
9346
-22925
-37680
-70265
45514
66163
-1876
36161
-12825
37661
-92314
-48530
95564
-81042
26269
-3207
65428
34015
22209
36731
9150
92562
-7906
-95171
36297
94760
-92535
-36516
-45080
-53585
42853
72901
-63198
79033
-3310
-80288
-67254
89096
-10124
50314
85141
-82651
57819
-83846
-43875
-96881
94804
60037
-94031
-66927
58507
-70404
-37674
-12180
-17573
-22605
-42273
-8908
6580
-68323
-19292
56183
-26392
84627
70626
-60969
96018
9267
-77521
20857
2403
-31579
41176
-52202
72715
-52615
-51047
-47249
30528
-11028
-82952
-81379
34861
12874
-85570
74310
-58694
-24467
74131
28204
-92556
95843
-35211
-84513
88602
-33427
-14444
61715
-96445
45540
54670
5900
19694
2423
-4222
40117
-84824
-17073
34195
-99439
16788
24211
-51589
95113
-15206
36615
-11127
75875
64431
20623
-65159
-31468
84092
-110
30766
-60372
17646
24186
-47026
-26257
-54375
-60713
-15750
-18492
80137
60131
-42008
91015
-45273
-91616
-56416
-10311
-45371
-18018
-52977
99415
-93818
-92263
75019
-5880
76077
-14914
-66524
82351
45888
-45746
55587
-93023
-87784
92572
-33566
-17232
-38136
-78928
42439
1190
75560
-34930
-81633
16141
29437
-50608
14931
55851
-30650
-61072
-61751
33740
-62810
-38494
-55975
-28937
-21783
-40034
-98326
-92606
6324
13627
18281
14466
-5810
79543
-24091
50586
-15995
-89325
17098
-66316
-41474
-25445
35321
49422
15325
74116
-69504
91628
44109
-36818
6779
-49044
-33876
78792
-8890
12790
-96042
-10222
-54755
-7471
13965
-58434
-65837
-17645
37122
-94288
72555
93361
35842
54117
99607
-65868
-60672
-65937
29195
90445
-20229
35294
-92036
10815
-41141
-97285
-53830
-45766
-84850
-19794
62439
86984
-77207
81855
-41069
-54048
3709
-16327
50934
33753
-27160
-8982
-34168
-32904
65397
57544
-45439
36138
3809
-22994
-1240
99597
-59381
11907
-37414
27624
-39881
70907
57178
-49029
47230
67895
-73329
85234
-2666
82952
-63586
52979
91962
-41519
1316
39766
48822
-39670
29392
58164
-18095
-9375
17628
50584
-40746
46331
63654
10451
-23423
-98920
58415
-29460
15939
22100
-83409
21044
59506
7753
63826
-44554
-89903
-2350
-92013
-89075
94007
-24853
13812
23057
78174
-42892
2839
79209
55818
-66028
-29060
-94524
48275
-89414
61976
-11997
8721
78783
-73074
94670
-31004
9895
43916
-29850
-98211
63047
15173
19162
76365
-44224
-28410
-13580
34344
-65751
-18120
-5685
54868
-71029
33329
-46245
41876
-20283
61110
-64079
39820
-96304
55569
-79488
86128
61725
25675
-22190
-4979
-68325
-28729
-33320
97844
-2603
-47685
-10206
-25730
72567
20683
-61142
79233
22705
-74172
96202
79822
4980
52914
18766
-83869
28953
27486
-28252
-42636
24609
-7641
93680
-75631
-31145
98939
13116
53683
-58606
-21581
47309
-59159
-1642
54473
8464
-18918
92442
-85450
66291
62198
75429
25708
-68847
84926
-24366
-20627
21573
-82196
-61454
-90489
87840
575
91472
-5396
43701
78951
36879
-37966
-76143
-86006
-33168
49251
-46712
93489
-44112
39554
-99094
88339
-92722
94491
1109
31739
-68886
-14715
94756
-15720
50121
5624
-52667
56033
-15051
-41339
-29655
-15965
26754
-68746
-36268
26344
33515
-32510
70996
-24058
91354
-26707
-11698
76801
23046
38010
99123
96158
7351
-55666
44498
75653
36517
79587
-37816
8913
-51010
-91163
8146
37816
-75449
18796
61955
-92206
11354
23767
52753
94408
73805
65985
99209
-6310
-39757
3235
-94877
65420
51708
34950
67760
-84690
-7688
62243
-16593
-83385
-2311
-48231
61952
32221
-9579
33673
-68112
93540
21962
25553
72114
8513
86013
-67740
68783
82169
54299
-3709
-38732
-52165
15072
-55078
-630
36998
-24074
-43079
46179
64824
98485
-6803
48176
2613
-5815
-4549
19088
13488
-37135
11576
8930
-41703
-23260
-95032
-97221
58787
-43698
56881
42739
-85456
21112
4571
-53734
37468
-10875
-69594
-37111
-37277
88536
76008
-21102
48432
-50285
-76286
-65575
1347
-59781
-1059
38460
83069
23991
-45818
75054
-16501
46967
27620
-31967
-16467
-56974
6930
11105
-13598
-95097
-74595
86206
35762
12613
92635
27874
82711
47174
-75994
-74751
-95479
26422
69940
-67091
3941
-72975
11412
-13559
-72583
458
15495
34006
-79378
-55767
62009
-85207
-79213
38092
48731
-39811
72386
26222
-58786
-33563
-34639
-21052
-7603
-9254
-57321
71652
11335
28466
6008
-23551
-37416
-94606
-96305
-89711
70964
-85382
-31400
85071
79119
-51042
-48393
-63844
-34788
39254
-98552
54849
23135
-10805
13508
-17777
-60111
-67311
71884
-46488
26768
-95244
-70059
60054
-82336
11179
-2767
58584
-43966
4970
80374
-19330
-30896
18323
-11059
83818
-69390
26444
60569
22198
-78176
67947
24385
-32460
88948
84878
-34276
-63536
81642
32776
-82760
10770
40760
-27530
87047
-93120
-27196
-35089
97127
-88480
-12857
56857
26829
61147
95356
66137
37581
-45378
-96060
49058
-67960
-13799
-8743
-81809
-18702
28874
-92947
-84981
-91074
42900
-86882
-45107
-14487
99432
87768
74274
-73376
-41850
-54200
98691
-38577
-93571
89017
32709
-82361
5710
-81716
31503
14859
-12817
64024
53477
-74888
53035
-35044
-24029
11534
25766
-69667
-50170
-27361
-79873
43553
-11995
-38510
-67826
76870
-56067
54676
39628
84031
79785
5469
6738
-27284
21872
65370
-27974
-53354
97209
-97860
-12894
-85692
-95591
75997
21967
1148
-83251
-58742
-54099
17945
85827
-50831
-56523
901
40467
-12824
-45657
-49324
31115
-84777
-36489
-50178
-77145
2436
-86588
14902
59680
71674
-84413
-40341
29275
-75820
-33478
-28774
66690
56363
4137
-46834
-54416
1626
18947
57270
48582
9002
-8871
-70111
-17381
-92705
39128
51928
-3504
-60386
-67863
-11177
30976
-35847
66486
-90390
5526
-17639
-60403
1057
36282
-79545
-22628
-67088
-93980
-36137
-61348
24357
45585
-3279
99403
-75322
61458
-76227
-64879
92038
33153
60074
-54652
35108
-58993
35419
-30777
-89631
-94791
9904
-35187
13404
41497
-29972
-84612
-41397
85529
16328
61868
96536
-48638
31955
61838
-83435
12978
50500
-59543
-44130
13356
-14178
-42560
-28854
-17974
38782
-69360
-80371
-81395
-18108
77045
36077
-77611
66908
-39700
-96289
89964
38888
-23181
-41666
86396
-45876
-50611
-30105
-91999
-93483
2274
-11149
-15847
23622
-55933
-12270
8792
39105
94666
-70207
-73672
35023
14687
18855
-82226
12172
24920
74898
-51240
-70158
-47880
-5943
-31918
-12032
-49384
-88435
-4057
54854
-96732
66225
-22459
9040
-83588
44371
-50679
-43539
34746
91510
64154
-76966
87571
24125
-22702
83600
-53098
10694
57366
-97945
-52718
33697
87238
31909
39061
-66452
-7920
-68888
-70130
-94452
79135
-7317
-53292
-74038
48689
15672
-960
40071
-92793
47402
27828
-20578
55477
-41506
12095
-48556
76505
56438
75097
-28546
87656
-1655
-12472
5232
-74076
7659
90086
77725
56810
93588
12409
52560
-98009
-32657
38594
70790
42155
22849
48785
-37083
90006
-22540
1301
69853
45102
83264
47986
39706
52371
74421
49419
-88989
-14390
51879
2399
-42926
7669
-61579
54799
60016
-56925
45368
-13891
29805
17732
-81787
28433
35576
93621
-87584
77653
94337
-68742
-66307
-85056
-10487
-23799
95027
28816
2530
-79549
-15360
-56368
-55799
-75458
55539
-36935
81564
48061
83834
-26123
-81799
2113
-36152
-71873
77749
83960
-27166
-20571
16246
10964
54279
-9937
70126
16567
80826
33050
21620
-35574
-56211
46013
-96576
-96083
8396
973
-72957
54344
-76573
-85124
63073
90816
-16596
-48580
-60276
20678
-99463
49185
-59778
21897
71674
-31196
28243
31180
-93332
91459
34240
31954
98975
59846
70900
-79051
29986
34269
85513
32406
-32820
73446
-38105
37870
-61463
52042
40886
95235
-39488
-45689
-90819
-24137
-93890
-60792
-89892
-40517
-9151
88944
-35422
69792
4866
99125
86156
25870
49439
-5143
-58085
-9139
72132
-72683
-89519
97536
32246
-45122
-61497
-49293
-89221
-99959
-77906
46601
-40022
-22726
27488
-11240
14155
86936
6114
-70896
-40662
78637
-53767
22806
47549
80681
87525
83311
44975
-29850
3390
75799
45576
46023
-53334
15730
33915
76601
-12615
-99366
-82035
-52453
-28131
62167
-59107
2234
-35959
51500
-18604
19125
-17820
-47026
-42199
85952
59562
-75344
-61103
47619
96992
-13447
-57534
54690
-19663
84503
-11101
-92200
-84566
-1363
-54574
9468
-92529
61416
-24623
-32154
-93416
38319
86670
-14997
-84853
-79560
2957
-17085
20791
-51464
44596
79436
14986
-41293
77362
-25368
-86640
98673
94797
91521
-2424
67601
-82104
-19092
86693
83703
93805
15915
-28514
11808
88316
-10227
46066
60631
-80592
-7120
13692
-2815
-48598
-39641
58926
-47662
-36611
56374
-40019
-7070
-83435
73978
-18487
-64422
-9468
-47002
38487
456
-80213
-52505
-19
-47789
-7551
-79063
54650
-12984
-17725
-56333
-82240
-30446
-70408
49454
24942
-38712
-60128
77059
-2082
-14047
-54728
-16991
-15577
-17405
-92563
-2466
-44256
11768
-32741
