200
37681
42082
-64105
9081
-62998
-79817
-13035
-983
37370
-40710
-40577
65347
-92622
50745
-51741
26567
22747
48425
79381
13795
-21862
-42915
52450
-62018
-68882
86561
80991
-96478
31573
83702
62426
-77181
-23410
34153
-68174
35312
8826
-55598
-37117
-5291
40412
10726
74553
36778
74815
-61062
-44090
-62788
71799
57365
30446
-38186
91519
-77968
-80577
42700
-45694
11212
-47585
-85597
-29835
-85648
40253
-27872
-47135
-32066
55914
34988
22782
97585
30720
45920
-79301
-69130
-81792
36595
94683
-24285
-24838
74045
-73415
12056
-70619
49703
23596
14513
-49970
17266
-75067
89381
14253
-70624
-77323
-23426
-48876
18115
-90036
-84939
-82687
-30880
-58980
-54359
-5998
85310
-61188
-75844
-91176
27409
19176
13450
65732
-25858
44614
-46841
4349
97995
3971
-26956
24852
-19035
95196
35326
97615
-95092
41145
8627
-5470
-53345
29875
-74143
11260
-1025
-90953
93005
-78468
-33821
-51198
33293
-66812
-38024
-49716
51651
97318
-62478
94657
-53066
-74564
47156
-84694
83406
-93164
25432
58539
94700
47559
-55397
10277
-99036
-13781
-90968
71227
-19496
-6370
-14017
-14094
97778
-14717
18562
-97358
-98307
98377
-34276
-49367
27425
-78106
-85553
76175
-25671
-42716
-60136
-2684
46930
35154
-93440
-5035
-46333
18011
63746
8029
34148
-95821
40916
76552
-53844
-34643
50004
-91597
41515
96617
-43888
