2000
-60009
89219
93658
43229
37463
-52484
92901
-67954
-54718
22525
-11242
46426
71311
-73722
-61282
15637
28826
-18026
-79090
86979
13865
65085
-60818
-44276
54154
-73249
62957
62267
-168
-15289
-68110
-49038
97628
49189
-61871
99246
63183
-90394
-72231
33203
73085
-32850
31178
37588
-64314
-80843
-61661
-65439
49151
26427
-21030
28013
65013
83625
-42267
86458
-9583
69766
-16907
55172
77591
-62062
11523
96295
-44023
-92734
7043
-56019
84712
-21799
-47820
26232
-45542
39392
10713
82888
-6041
-46910
34306
-98582
80093
-82106
-31357
45502
-2988
-48599
-75898
25763
14156
13079
28861
-32511
33650
-52730
-60305
85874
48450
18800
29044
48653
83974
-7637
-1796
77969
-47812
-38170
58889
-52757
59989
22786
79549
70820
31706
42698
82317
-67029
-87831
-11183
85077
-6982
-81058
94183
86598
-1498
63501
96439
-97350
-23224
33643
-93440
-6296
40836
83788
8238
-89741
-84301
93958
-41388
7069
71345
-66187
-26423
-80231
-84540
44440
-18596
-59075
-11865
53657
59252
43926
72691
3114
-47159
-47402
85673
51531
55929
62696
-69666
63080
50504
-61084
89539
32350
-41737
51678
10576
81950
70015
98521
99213
56938
-30870
32793
-70339
-14211
-71345
52438
-29209
33096
95272
-93172
12994
33238
76945
13871
64380
-85488
12000
7996
-27929
-23203
82267
-55125
23872
-88735
72602
-22591
85150
-19801
27002
-90174
43636
-75239
4347
67651
-42429
41900
35831
74908
24927
-43623
-54592
33660
48475
-11067
-49644
45656
-96237
71234
-26561
1916
22039
-4370
-12146
-25406
-76689
-23751
8427
14687
79248
1413
13146
-45734
-77479
52646
1487
-3751
-49910
-68472
-79767
-46444
49026
-32464
14159
-36118
55666
29019
-40986
23442
-82908
56834
99756
-33174
82658
-78785
64116
-97237
41540
43401
79806
38782
-10982
55195
41266
10919
18673
-78860
49593
-6304
-35322
62135
-88456
62401
16133
72626
-61078
15962
-67332
-77317
-72039
-64605
-68127
-85769
-21831
2059
13308
-47180
83425
9388
1906
-30218
-8345
-6816
80688
79375
-19050
84781
39408
1895
-56497
14875
4587
-77220
79289
67111
54683
-47294
-5274
-39984
-88212
-83573
2180
45774
1790
28354
-12548
18082
-2983
-39054
-20566
98249
24558
-34909
-74758
37578
-4282
63556
84443
-23761
70666
-84444
-17501
-12912
57582
-75174
1343
-50998
-98886
-12347
1301
-54257
-20234
84270
9272
71319
-23503
-76982
25031
90357
-75282
-58725
6434
58116
-54676
97653
29642
40256
-20271
-56802
47061
16177
78130
-60465
54090
44225
53953
24727
-21153
-90001
58516
18143
27148
-8996
63758
15624
64075
59587
-19476
-84944
88239
92934
-77458
-19884
70750
67043
-86561
64207
60973
47365
68227
33089
-34026
43127
35549
-57909
-73512
78899
-92326
-38090
90284
24281
-36451
-63309
75807
-78085
-9688
-35587
-10288
16725
995
-83365
-10104
37274
98573
47361
19377
-7767
81020
-27754
-19595
96606
83538
-86895
84468
62405
-79810
-78980
73377
-96598
76844
-84773
44794
-25332
92106
49574
20066
59120
-18824
-42127
96924
84369
-99188
-7059
-61274
-58252
98047
35527
-33936
-3494
-43081
98734
16311
11535
82865
42674
-67325
-38240
-82742
-82296
-88839
44970
90923
36138
56414
30028
36751
2395
38505
-44418
-99917
-84344
12546
-35909
56985
-15606
39645
-30118
59768
91720
-39826
-8709
-65917
50682
85192
-48996
-95020
70920
72022
-68981
22261
99280
-31500
15286
99147
22471
33899
9310
28576
58295
45255
-72278
-10805
-75162
66263
80280
-77442
-79273
44417
84814
-33492
46634
5567
-52849
81301
98334
25786
92041
84399
79287
-98431
-65525
-78477
-45446
13606
32531
47361
-85802
93365
39429
-23888
-27491
-76014
9144
7478
-70993
79342
-31445
68400
-53257
69349
23445
-54320
-63537
-39368
32602
-91552
59263
24674
53401
-88649
68899
2649
-14622
-78409
-62102
70434
-65979
-69249
-33734
-82671
30598
50548
5105
6044
-22420
-10457
-77689
-26725
53560
28451
-76401
47007
-16973
47638
54556
-80852
61409
-36582
24257
58836
99729
-53346
-19600
-54607
-21162
3957
-5821
-29378
6800
-41349
-56551
87506
-40029
71648
-37223
-65413
55370
57362
41234
-15821
70532
90251
25411
79554
31212
90612
-53066
-29585
-31834
-81100
34119
42276
-80907
-37734
42178
48029
6698
-2141
-68310
63500
27063
5928
4822
82253
11106
72679
-39433
-8895
-98603
19756
77684
64393
-72814
-74597
-21322
42465
-22397
-16739
-80704
94934
25071
58149
96373
73254
-66039
-12322
65533
67250
96227
-23501
-72957
29154
-66112
-99654
-33130
-3179
-31098
98750
30895
-10301
7378
-7961
20626
35122
-78042
48968
-70259
-44719
66877
81157
-42915
-15371
21568
-18593
3824
-10643
83665
83870
90246
-42300
16324
-10407
-89232
45778
60845
-90907
-65797
-24577
-96940
35096
19814
1046
3845
83321
-42610
97345
39044
-84986
38699
71911
2590
53600
4211
-99490
50587
-52201
-23332
52111
56656
-13362
-12225
27941
-92463
33803
1240
-66959
52867
-55075
-40150
20830
-74737
-80278
-22273
11404
86834
42324
-32947
10123
83441
26632
17716
-14859
25258
17059
-43292
40424
57670
-96704
22812
92254
63435
-86046
33101
-34453
-20402
-4037
-97059
-23213
57349
-42985
-57657
-37050
16635
16808
-60769
-72327
70620
-210
-44749
41634
23600
-48701
-55154
18000
-64411
-86464
47766
-59548
-68732
-23152
5397
-976
-60858
-59185
5268
44202
-36416
-67682
-97885
-33780
84153
-78714
-65866
-78708
30812
-39995
-17046
99251
-71544
-45062
19429
38557
75973
45034
-24934
98508
-75182
39213
31340
4648
-62310
-2824
-22422
55639
-78587
-80121
67257
98037
-15574
-97689
63247
79728
72545
-31715
68571
46531
83638
-45385
-90557
55117
75707
93101
-99195
-48179
-2827
20274
90367
52093
-17098
83421
73481
86664
-84533
-24145
-40896
-32152
-56565
-92032
-39906
27040
-77360
58507
84549
-2349
43394
-56750
-32613
-33344
49294
35183
-66354
-60517
-26314
-90951
17720
15304
1667
87951
16222
-73546
95573
66948
74963
-36778
79771
47527
96506
-79561
-99619
-32723
78184
55232
7094
72830
-23704
-1719
60192
85465
32152
17878
-4120
47396
-51728
46320
-73152
34452
-94173
-55582
17907
-9547
-92066
-94835
88435
-89194
-80147
-71319
-13746
-27371
-69507
-69416
12799
-43902
-43012
-47384
2657
691
-89252
48102
-59266
-23708
99895
-5415
43782
1736
-16499
70690
-82981
34544
17640
-26834
39177
96215
-43808
-51947
-92909
-48504
-11909
81426
-76824
-852
14252
-90977
-18379
-87500
-9028
9901
-54764
34271
29510
57021
43042
-29976
66332
65822
10670
-48560
84744
-28477
-52660
-43901
49069
-37952
45578
32361
93323
-8607
-37446
3084
-24223
-21465
77422
-43935
-91860
-98272
76610
-37899
33102
-73950
67923
75445
91658
95139
20174
93402
87724
-36360
-15069
-23185
23238
71337
23255
-31488
-7404
-59347
-11975
80865
-46655
-92409
-69076
85912
48642
-97604
63395
32872
-78495
-58705
27116
-68613
6356
48603
27363
95979
-26357
25453
67527
82669
5065
-29316
12777
-40742
75626
51046
28736
-33125
-2685
-24184
8794
10865
-99994
-62759
-69075
-68961
1348
-39005
76748
-19916
-67219
-37536
82741
70648
-3212
-87635
-78777
23027
82926
-36499
-32048
49045
-75111
26813
-49723
28933
-83752
-69233
17547
-48183
-7908
70693
-10511
-23602
-76897
37292
43137
-63147
84554
32883
25452
-22406
-10569
-43706
10914
68002
-74096
61675
-45053
-61055
-64042
-79752
-50513
20102
58878
71439
-3655
-81501
47606
-7112
-10949
-24900
-19003
7641
-9725
64747
-11696
79572
21547
68718
-45832
-54211
85703
3886
37089
-73161
78839
85612
53646
-10710
99611
-73462
-15512
-44446
-91802
-25036
3742
-44153
88780
-9495
-74715
-54155
9877
25514
-98144
-43400
12755
-20611
87964
-99995
-53200
43486
37426
67223
-77407
11459
61264
-48123
-27657
-76533
-70127
-92099
-99052
28610
-26489
12991
-11078
20819
94363
-30792
50431
-61877
6604
-71718
-49059
47814
40723
-9196
3174
38968
94503
-81677
6356
6106
21148
12373
-86402
-66066
-9049
-73979
33703
52529
89020
38264
-40655
-99875
45656
18083
4079
81496
48155
-43401
-5352
-25988
-8179
-31622
-7658
-14396
9473
-46461
-16962
92623
-66986
-13550
-1893
-57964
-90342
-86966
22371
99363
330
-2805
87307
-20780
-21195
-51792
-53450
29390
79103
72354
39305
-7243
-66368
-233
-82662
-20047
54476
54635
56198
-10024
-55282
-33191
67233
-77577
-94515
-7082
-53560
98114
-31599
-61558
60883
75221
84958
63467
13223
-40858
17631
55416
27944
80778
4638
-38256
-70133
44256
30192
-62931
-51703
24478
35374
90752
-25361
37622
-93667
87273
-55854
-59868
-83985
81490
37985
-9833
-13725
75242
-85549
35961
-25593
-83911
46975
93085
82270
17573
35978
-7996
-76452
95424
-86790
-39092
59277
-51957
36329
-75082
-94442
65740
36694
45522
93524
-94009
-40362
7561
18721
-76068
40872
839
-70667
43005
-59355
31427
-728
-40759
-41962
41452
91541
-66550
-34464
-7054
19099
71560
-87974
-36371
77821
-88248
-69889
-4306
-7063
-95644
37631
-55839
46038
80968
44784
-48741
-20794
21446
-58206
15110
-76117
-10985
65679
57702
-21722
-42257
-45455
66247
56746
-15813
-77650
77125
-94657
-71814
-21009
36792
-60701
11509
25550
22778
12491
1949
37997
-97962
-20729
-55681
-32412
-82866
9667
31334
48338
46025
16489
63885
69141
47063
45284
-52993
1300
95267
-8384
49037
-57607
-1484
-66963
-15445
-24196
9631
35299
62440
72411
93581
60127
-58487
10662
-62363
-62773
-92351
75638
84821
84859
-30514
94653
14466
-52973
-38030
-1095
60362
-56441
36365
-5181
-20750
-27333
-20460
-19324
-50063
2057
-46864
-59066
91544
-60704
-78091
-81496
-34404
-40823
22205
-86100
-66366
64901
-21471
46379
-10715
-33709
-12845
-89496
2791
65934
-90085
-21823
49458
-38158
-58068
71809
54890
-89985
994
72915
35953
-3658
23835
62738
6870
94464
18991
-21445
-73061
54190
43021
-82108
24097
43803
-8461
-53434
-45006
87150
-5367
-18923
95211
46268
34459
-61072
-79804
-80566
78258
72788
17149
35888
-16947
95531
-38041
8985
51585
57633
99917
-43482
36010
-44905
-37059
59250
28749
75505
63798
-14736
-2420
-2549
-51985
-69007
-28220
64520
-57022
-60030
47559
-1590
-67276
62259
-2255
-79106
46497
-49230
41385
-79474
-53304
-10155
-47370
51770
21233
13302
-7237
-65023
10871
98872
-39856
-20807
-93002
-47704
-97665
-99906
-69999
56704
41816
-30585
-83680
-18235
59825
31252
53301
-93937
54270
-7677
81929
74665
-24247
15874
54728
-16690
398
-81313
-95754
-42476
13621
-25604
40828
-58203
-19028
94878
-17197
19111
99489
-82652
-39092
27902
-80615
-24492
-4359
-33817
60336
-86447
25212
-93051
65517
-99927
94186
-96839
20929
-10165
3291
72234
82908
-14122
-47920
-27292
-33492
55756
57473
-23588
-23436
-67099
98243
97553
-17979
46784
18067
-54769
85403
94260
85954
-74930
92054
82693
60348
-37321
-84142
-14350
75830
83078
34022
49963
-65612
-73526
41526
84769
67572
-96886
50165
-34251
-57606
-24702
-21701
-71342
-80327
97419
99199
-31466
-64933
28376
1585
-92757
-64019
-54500
-55433
34549
-19286
-40439
74305
-23068
-37661
-99532
78283
71464
-69561
61397
-28753
49476
-55595
20522
20580
83644
21083
-27526
5015
-72408
16489
-44425
-88220
-14037
71448
-97155
-60815
-21059
29552
18999
7847
-63581
13306
15520
-96050
-49791
-79005
96999
-40316
96582
-35638
-33620
-95782
-26555
-85977
-23128
31116
36068
66775
-55767
83162
-71059
66824
49914
-61817
-29822
-32387
-12575
61869
-3539
16254
16705
43323
28309
-44960
66848
-15411
25677
87148
-97533
94566
43335
-43281
-9546
-98035
-95834
-26210
-64472
-69951
-87055
98083
-62734
34713
-64285
-76344
-56264
765
-66145
32447
-50072
-62725
14464
12491
-38752
50567
-45617
-59889
38572
45074
87246
-15375
-4307
46405
30833
16363
50773
-83622
-24340
-29074
37454
88151
51815
-37454
14842
62056
26959
-55201
-44779
81305
8902
-67503
-48969
-42579
81722
-38068
-59082
349
68307
-77316
89321
25200
-84346
-71898
63303
-42829
59207
-40783
14573
8470
-6501
65803
-52098
32739
-85877
30330
3108
-99365
5428
48703
-95499
58351
2492
46568
-47374
-15976
20063
80819
-42967
-20333
-14873
-81382
72506
81917
29562
91392
21494
-97466
-39155
-44170
-96029
-64107
-36745
85610
-29284
62713
-84576
8428
37205
-16954
-48808
-31266
-85251
-29868
-10364
-10824
50748
37264
-47757
28086
-92068
86781
-78514
93342
90244
4939
-74514
-75023
-80674
-43886
-28344
9902
6938
-18133
-99581
22781
-73204
51819
63914
79487
-27087
7357
-34883
15023
31119
-40677
18722
-51531
-79814
60393
14905
11271
77234
21870
86157
23228
96298
45871
72870
39471
-62300
42986
-11909
49228
-72521
-98068
-48956
9338
65586
-46961
-83602
81253
-81765
-68652
36520
-63321
24528
77977
20891
-5102
69199
58615
53174
-62628
9681
-4998
-10265
-11352
75409
58622
-73755
-27091
51626
55074
-2966
43845
-90722
-51412
44798
-14956
-41037
54713
29999
-44077
-5961
72863
49757
-10312
27749
-25695
-4111
51524
-45024
66638
-95890
77480
-47140
-4874
19104
7829
20700
-52342
-56528
-45217
24661
86607
89561
-41395
33138
-40961
-6667
88639
60849
-29508
-35983
-21508
-83478
-399
16864
72472
25520
-62265
89194
-12098
-7152
-95039
-25627
-89057
90295
41781
-28676
-83145
22064
16872
-48117
4857
-35254
-17596
14861
-70825
18711
-93640
-82707
-35088
-52655
17516
75640
-32427
-93160
-5792
-52748
1721
-41257
-6880
76426
41013
58948
-82330
57694
-61962
-59579
-31092
-71617
-56700
-14672
22508
-93958
97903
-71445
6230
-31031
90712
67315
-17043
71465
74713
77304
77470
14857
28050
40804
94334
-56546
37649
-48132
55104
55380
-91171
86623
95183
97502
-801
12332
-96050
95150
89518
95105
-22358
-24831
-24202
-10850
40216
21777
-20989
-54489
-23632
-66834
-97424
