2100
46112
-34149
46839
32148
82995
-64919
88731
-27229
83044
-86301
70578
83768
36448
17050
98463
-72935
-49050
-75369
22839
36639
-89911
87092
41613
-28451
84
72407
3944
76395
-21689
80140
92118
13582
-60608
-19201
16858
79941
-99147
-8301
18816
67890
-72034
78433
-34926
-18652
-85905
-9776
48867
63997
46595
-67251
-64632
66373
-63724
4711
8102
41034
-68057
91466
83303
68529
69637
-362
-81209
-42146
-14173
91228
-9014
-17349
48035
-41611
-4656
-3671
37811
-77634
45632
-80383
26708
15603
50594
24197
63413
89447
201
-33943
84989
84061
-35347
91319
-32728
-67257
-50985
-79773
-99639
-25064
-30475
-9493
-61267
-18232
-76787
-22678
77088
-94044
68559
-51717
86601
43151
-10429
-47356
-64080
33881
14241
94886
-5792
61241
9535
-88577
68328
-37142
-17691
89818
59579
42336
-30404
70644
23927
-3738
-26651
31340
45443
45590
-99737
-15098
39313
-78348
72576
-17061
25027
64679
23196
5025
32426
-49772
99939
51283
90729
-73000
-29523
47677
18424
15778
93073
13478
19140
-73300
50523
55897
76596
23892
-64293
-18030
59335
-46117
-24422
83458
-41575
92473
-57304
27519
-20988
-90406
-43887
-52277
-94685
-93447
-66002
23039
65010
25176
-56809
52053
-31599
-5415
2166
30543
-54040
24252
-95113
24838
-71900
53046
33179
78418
-68642
-9174
28844
-55085
5213
-9914
21579
73754
-2190
32829
-54299
94584
-57790
-54756
-15548
-60832
-9824
-13493
59137
-47173
-29352
-3229
38040
9161
63049
-23770
-52844
-53586
3178
-97185
87081
-45279
6509
95895
-36064
24300
-88768
89777
26925
70240
44400
-27549
68188
-295
91304
-12015
-50070
-41302
28056
-51256
50544
18916
-42255
-51437
-59526
-98424
95628
-96002
-88394
86919
64874
-88795
-46008
-14799
34390
57207
67002
-36542
28775
-43571
-24687
-2234
49890
-54815
52603
75493
-47684
20524
56484
14415
-74564
-28704
-58265
-46908
-61185
1983
21025
22464
-61931
-85482
-62750
98946
-13047
56090
62461
6968
-64321
-20515
55807
-67191
-17291
66413
252
22270
-58964
-22518
-44091
93326
-87008
-87359
18677
76932
35250
31913
18987
-7729
7719
-73863
77906
-80794
62985
16069
-51493
-5290
-62869
-35949
-13236
937
-35574
-82466
52722
67445
-13169
43686
-88078
81726
-13518
44786
-17218
-91319
56
40292
-91357
-71938
-28196
27063
31422
-92360
-98868
49047
-18674
-63699
-47350
-54244
4261
-36235
98483
61477
-55175
87672
58973
-48371
30743
-24135
46425
-49971
32887
-34887
-18473
15534
-69782
32393
-9815
-20568
89392
-25360
27424
-34980
66662
-84364
52115
40875
64220
4425
-25538
-47439
-28411
93331
-78202
-19166
2375
-67302
-25766
-18753
56115
44937
14646
91380
-42737
-87261
-84863
-47599
-70386
-57277
-29994
67427
88801
88014
4896
-98961
-7898
19575
-53601
-50422
52607
90926
-41401
30552
-64834
-99674
-54969
94751
19516
99329
35303
-43065
-18039
31963
65930
41840
73277
72176
-4397
50992
-91987
-36309
86948
-33049
21497
14796
44034
-69375
-10813
-3276
3093
12552
-53382
93200
-60149
38436
-64876
96800
-70757
-65808
-16614
-72669
54183
-85831
87581
85665
-27718
67413
89158
24596
-59791
88606
-31157
-3212
36535
-29558
-48578
31518
31337
-60632
-48577
-34912
-5416
-50375
12242
-42973
-34836
-79767
-79541
-98314
-52827
87272
-47578
75443
2429
-1814
74419
-25584
65770
3895
-26642
-62204
74495
55727
-10067
88147
-45006
34078
-95822
-94856
54712
-87240
-90016
79278
56269
-80527
-29109
-60324
50896
12283
30888
-79461
49930
-17827
-96925
-42971
14223
-11091
3920
23259
-32579
-69270
65401
-65102
11873
68664
39125
49084
62778
-29448
-34662
-69809
88469
53507
21162
-59308
35479
-93564
-49368
-36626
38489
33135
-36562
-13948
-77203
99746
-95529
-58515
43456
16854
57463
76407
71512
33602
33770
42580
-75396
46668
-72694
42914
818
58796
83258
2517
43491
73312
-65761
-81468
-35173
-98426
86191
-82676
-51091
61657
-52639
68453
53747
-46134
28228
77695
-46861
-20870
-41684
1240
79902
-35118
-79226
-45027
97010
-31680
-6515
28922
-16897
23182
55957
38912
-3258
-24224
19333
-14862
5564
52490
-72222
-55572
71983
81676
40262
-71567
87296
68779
69871
-31217
-75762
-53587
-53517
-14927
55283
90928
85393
-92095
-46296
-38425
60004
-63880
89156
-50190
-61135
-83005
65825
-66087
-75297
-54189
-48161
-14618
-13882
-3326
-67518
78364
-18401
90909
94839
-43113
23644
-78254
31412
37313
66513
57079
-89987
-64658
84047
38004
-48190
-59627
-27374
-3953
60261
88620
87568
26322
52186
-14177
-85839
84827
-64216
-67668
-66530
26176
45836
72222
-50829
44956
44796
75299
-67570
-89989
87241
76
-57207
-15266
-611
-68894
-38076
-31509
31844
-45217
74267
-45580
50056
-91056
3191
56162
-92652
-69371
13824
2174
60794
-52815
-26448
73819
-16720
-15323
-25149
-86364
54644
37540
11210
14654
67825
94370
-19617
-69991
-71494
30302
86003
-87464
34483
-43111
-1789
-41830
-4786
-42767
-1686
12709
87923
89759
-42801
-97041
-29767
24778
20286
99208
-93487
8581
96021
-17305
-18877
98348
-39915
93007
-3824
14998
-8296
-87203
34613
-75401
72289
-47631
-44143
-68843
-19505
23223
-92194
-82715
79980
22033
-84581
35778
88674
26595
-73910
28873
59917
53498
15573
46803
49900
19289
-29684
-69872
-49168
-23134
-15031
-18884
-20425
52318
-51531
25217
50962
21481
37923
-46871
-79294
-7875
5978
-39938
6082
-4839
57520
37505
-32770
77709
-60591
3331
5601
-37275
15263
-49949
-31028
78511
-35852
7076
-62366
-83669
71682
-16279
-72128
-86129
96604
-84720
-3190
11636
-51699
-16343
-85215
-76640
97126
-9646
71408
13489
-33002
87152
26662
-17630
47153
26572
69950
-62339
43859
77511
37561
85469
-47714
26235
74030
-17825
31326
35120
35959
33573
68110
67320
44749
48390
75060
-59480
-96466
3221
32103
-13197
-12806
92685
-78031
29284
70622
9558
69775
67512
11815
-93258
-12331
38485
-17800
-76585
-56018
-41749
86743
84912
-87615
5606
-43039
-621
20464
-3315
-13026
76947
31098
-47238
91247
-8752
-17024
71478
-44252
15969
-74331
-30096
89578
54428
-48306
31962
-15327
-571
90569
-43167
39500
42704
-78198
-68729
-76958
50516
-96816
14942
65345
-89905
806
47395
42626
-1712
4293
45236
47335
-30011
-62890
21871
38577
29537
7574
-27095
-3761
17641
98835
-87608
-89808
-20324
83987
32766
-74887
-85827
-4845
46434
5907
-3522
19565
-39892
-6245
-9333
-93741
46605
-63875
-84368
-31817
-45079
-21925
-22617
-65075
-36622
-29466
76546
-15960
-97950
-15216
15665
62593
44501
53400
64433
11863
60160
29252
-98542
37616
-24430
-22803
-35486
6653
-2139
-844
-14533
-7589
-73887
19090
-17882
73014
-87954
-67698
96299
87496
-30381
-34425
-77833
2047
15728
55729
17959
-73475
67156
-62499
-87625
23225
-89604
-52112
-40510
58626
57769
99573
-80971
61924
-50916
67407
-77676
-44573
45169
68231
-8472
-4572
83798
42628
73860
39724
-54874
52184
-29965
44351
92774
66486
-66623
17450
-94502
-37822
59298
63517
69829
-43135
-29822
73456
-54532
48304
-12247
56006
-80410
-72976
-25334
60431
80338
90334
-62487
68519
33781
-66687
48872
-52068
-35073
69597
-62932
68685
-56232
-19740
39792
72109
-26244
96140
94822
31655
60144
3452
71557
74844
-36129
-23713
-48204
-25209
46486
-64037
-40175
-21886
16665
-29476
64926
72417
80544
83786
-89080
66556
-70799
91801
-16810
-95413
2459
-10306
44715
-39063
-31476
-79681
-67081
-47813
-4016
-24605
-59520
70186
38118
-49271
90441
59276
79233
-71467
-31844
2208
-61416
62213
-59399
-96648
-1110
-12255
-17957
-48847
74834
10449
-96797
53470
-79102
-41015
-56156
-16253
-67297
79903
-41654
-84931
76409
-10692
-409
53119
17445
85041
-4517
-84233
-84807
-82911
93728
-28593
24036
38556
-85648
70543
93223
53453
79123
-45857
20276
65673
20744
97258
26465
2375
-46001
89823
-75639
-29329
15953
26769
46336
-79925
-36627
73342
-83856
-12326
-8735
25709
71765
-60605
-16752
-24080
-14511
-1817
-15051
-77495
9900
1487
51685
2281
-16340
-31484
-88326
-26220
98957
-15106
-68574
69920
90846
-49484
94146
-99941
-91848
-50414
-22328
-89972
2459
-42871
-28596
-76014
-36058
-24768
50082
-49750
-49357
50664
-92738
-692
56205
-18323
-66876
85108
97743
-14264
15084
-51842
-37606
24881
-945
54442
-52174
-14734
32976
53248
86965
-7017
-7383
-25715
69690
-87870
-75119
60491
34818
92315
55559
-65762
4509
-58204
49662
16123
-25315
93162
-18203
39587
-14481
99863
69970
14477
95003
-48539
88074
85410
-20072
19693
-73617
-86494
-70324
75037
-99897
15204
6176
-33912
31653
32058
-75779
-3944
-8138
-30605
-61531
-26914
-85398
-12806
56816
-45558
4732
-52389
-18271
-64586
-91296
26150
2980
32988
41289
-89044
13606
99177
-98092
-52122
-76911
67689
2772
-75850
-85213
5921
-72518
-87867
72042
41339
30305
63499
9758
-89892
5684
17580
32154
-25326
-47043
80640
29497
-43415
-7478
-88725
96073
-26980
81726
-80981
93359
34793
56177
-34319
31383
61373
-36091
22502
-21547
-88625
72902
-81906
-69219
-35511
-61507
-5750
93467
-94816
92498
-1161
-92496
96965
-33253
86132
-75254
-19853
-96187
-56254
28831
13737
-26147
46404
50310
98930
-93764
79397
83442
-51553
-9267
472
78987
15191
-90372
59963
-74645
77253
-88067
75541
77682
-92945
40182
-9282
68998
-30041
-56566
8542
35754
14554
96771
37709
-56326
23237
987
55962
-47872
35400
-39833
55207
-18569
-28781
-68703
-27918
60058
-79875
51920
-73234
-75993
64627
41814
31951
-18059
48397
-65130
74085
-47569
-4804
85952
-47904
-80468
-22240
70266
-87758
92204
-44298
86252
-7086
-99982
30895
87208
23900
-40775
-16037
-64395
-4331
-23852
54916
-65417
86989
-27163
-71656
-68164
-62243
-44679
25981
-77083
-95664
70847
86409
43119
-7394
-84765
-76982
35549
79379
45772
-53633
27844
-92593
-27538
99050
25394
93990
25612
-69507
-16836
30695
-14322
89009
59427
77626
-76806
-84042
82018
-5021
95954
73157
15191
-45725
32394
2705
-20277
14717
-2075
63515
-95712
-46698
-32085
63013
-52970
-58250
46857
47870
37754
-89237
-36987
-66180
58411
-25460
15644
35272
51210
-76325
10105
-51565
72510
8644
1108
88487
37856
-7934
46246
77336
71050
16417
78532
54041
69559
-2658
72287
23083
-84137
80106
-61033
-78609
-93966
-64243
56247
-82275
-76618
19240
52177
95117
-22561
-37421
68855
80499
16257
-62428
-61293
-21272
97269
12177
51492
87651
10846
-79251
-68522
-30394
-56361
28622
-21060
54740
44795
99344
-99860
-73407
22032
35698
27767
91362
-76208
88221
35331
-8380
-38698
-51835
-28217
77720
-57502
40488
65763
-45812
75017
-13068
3290
4276
78332
-43322
81069
93927
88754
58636
-27563
-29273
55669
15051
-356
-30856
-48954
93756
-78824
-48687
6830
43922
-52923
-71312
-90589
12375
-45826
59080
-16301
-69644
17304
38422
-97521
-96241
80091
-85806
-32297
-38385
21214
-31616
35454
-24901
23742
-46555
-5510
77760
-646
5207
-56118
13905
56622
91950
-74812
40809
-45526
-63657
96186
-79060
40239
-27386
9672
-8661
76805
-65909
3901
23046
15420
23038
42084
-63252
22845
-79979
61230
76095
-2421
69204
-21379
-84718
-21028
-12381
-64561
-37932
18126
53371
34565
16582
-39480
78522
-67761
-64088
78318
5719
97847
-45070
-64640
-35217
-4922
-43714
-67504
31294
-64490
-90429
-41698
-33623
42294
45499
74513
93687
-47053
90662
-11820
-73760
-75447
69544
29131
-73282
26470
-38514
79345
28768
91287
92270
6992
57470
-14702
-63188
-22373
93126
88927
-38951
23531
73365
-38877
63669
853
64769
47370
-52011
-41500
-31533
-86832
42720
31096
-39086
95149
5939
-72710
-86598
-76325
-23259
-48198
-26164
49989
-38748
83240
-50625
40589
18430
43948
47572
73018
-5380
-71902
-53113
34685
59369
86453
-10655
-13602
32624
80919
-49494
-80184
-96157
44954
-51396
-19731
79768
-72530
92659
-58217
-5266
-83784
-12927
-79091
13293
72331
-3746
-19106
-45301
-80763
-60068
73869
-52021
25352
-95080
55256
-11072
-14764
-14707
37735
-29520
41022
-76478
-2354
71443
62031
-6044
-97985
59515
-34244
8430
-70193
-13555
-27651
-37564
-97821
-66899
-244
50144
79991
-75464
10619
-55581
64266
-77909
-58318
-10675
99306
6241
88068
-14584
-4329
-80903
10158
24351
58455
-45226
-85141
-51252
39894
6015
17207
31854
98871
48871
84190
83673
49211
17992
50431
86088
1420
29544
-58846
67437
37223
51838
70323
-91223
-44380
5549
64475
-98025
94564
-62673
5114
27395
-39786
-40947
-75326
-50887
22245
-25654
-56333
26743
-77630
45088
-76881
57924
63113
-20702
-39239
28250
24403
46208
26638
-90306
-58793
-78679
59232
25265
91901
-21557
6699
-49922
73409
-5706
41590
-72268
22336
44958
-34136
9070
15267
28927
31685
23374
95333
77147
-97277
29768
-78718
92447
-56499
19802
-39683
46372
72275
-29990
-16114
-4015
-41908
-63833
-5145
99741
-89463
9857
-35806
-5838
-75913
-81227
8073
41773
15537
-31823
-50431
91650
60480
-37450
32531
75133
35760
45226
22808
-49885
36304
13005
80193
-12425
-31227
10628
75137
-74024
35467
62929
-43561
58951
56778
89380
4347
78663
-51376
11978
-14940
52253
28145
-57340
-72012
56055
-89032
-2957
22017
-64599
31817
-69202
-42175
14994
-96811
-44106
-1839
-46563
-79112
-6847
60578
-31773
-93966
53554
-46271
-93842
16832
59050
25793
29081
60118
25976
49222
80339
44284
-65556
72817
83586
53890
-85751
4835
62404
-11807
53272
-22800
-24368
23216
-86375
-85022
-50565
-51649
47061
76135
-69289
-75820
42639
40344
-42058
-12096
-80552
-2970
-35764
86108
-55230
75875
30450
75493
23532
19691
-85049
11697
-131
24621
4977
99470
-87188
-30183
50945
99382
55611
21288
-36811
48176
-60349
-59709
-1066
-75835
-45845
45969
17730
72477
24306
-70752
-98556
-22025
-1812
-62033
-19425
23234
-12534
83605
-50902
-63974
4561
19730
16341
-21470
49517
-96271
97801
-10694
42719
89878
82030
-36067
43985
-77910
4742
-89702
83786
23903
41718
-47251
4220
98978
31717
12154
-4933
-34019
-20227
-26139
-63160
71589
-15537
71504
2572
-96505
-76973
32754
-82144
95018
34573
5201
-72567
96865
-59510
67356
-20671
-56944
-40887
-91865
-28816
-11529
50039
91139
-89094
-63328
-91117
-37639
-57807
-92319
32049
11427
-40341
-46961
-35686
69736
-79377
-63937
52112
47890
56329
89594
2351
-13426
10685
64572
-7634
10431
62168
24041
-23675
-99714
-15518
-32243
83497
13171
-3217
-51826
-32589
-15351
87060
13169
