2200
-96044
-54059
7232
-17838
-41398
-97348
-54228
88410
-95361
95590
31126
45680
90315
-16558
-82396
82911
-71112
-84417
4211
46076
-13216
-92960
88149
85355
-67212
25533
78488
27594
34201
-25498
32001
-3523
-26004
-69740
23320
-61545
-858
-55971
-80867
94369
30107
3795
-89064
43275
-53219
68603
84366
-61844
-36291
78693
8655
-53448
27569
82476
-24403
58237
-29807
10892
77767
-96743
47932
37531
-70781
-53124
24472
-97498
34906
-76778
75766
23273
41036
-28899
-99565
1834
26741
-64900
47930
77298
-61192
88155
76615
93225
-24873
-48697
46151
-79859
-19355
-71681
-10436
14799
67602
-2470
84925
-75446
71014
-7016
61049
-66400
-85175
62147
-67940
24883
36990
-85439
22090
-60611
-39696
2297
-38648
-55475
-7323
69152
-95750
13407
50703
69471
25671
45206
-72063
29347
-96296
-78760
29439
-39808
24960
84806
35438
57730
53814
-29865
-39894
-44334
-33795
-15152
17846
-4414
-28828
79586
53390
-48843
74537
60255
-47783
77678
-13511
-4198
-38405
97203
-13933
16091
-19898
6621
67338
-63748
-64944
-84865
-51095
63652
799
-48911
-42895
-99875
-78463
42680
70333
8787
94649
99155
27271
-68885
-41069
5413
963
83389
78937
-47622
99433
-5072
-63714
-62601
-85360
73201
-41353
-34269
-67274
-94193
-92854
55500
-59172
-47881
26430
57239
93006
70215
23122
35368
-97792
-26160
59274
-9302
-62764
-54483
-91901
-51205
-37255
51322
80552
12983
-42451
-37069
52989
47008
-3934
-28757
99673
70183
-24705
-99418
-66000
78233
-25923
-84461
-10738
33449
73010
65257
-10656
-76458
76331
58012
32429
-94023
-12815
50364
28194
45229
-96978
90475
-89590
94490
-60630
84473
-64996
-79008
36526
-71842
66094
31645
45577
-23277
54984
-69284
-52944
-71347
12371
-39398
65088
-93417
95025
-84490
71008
31242
-40794
20852
55362
-36052
-38029
-76243
76808
-46749
-23037
-41385
80451
-66092
19455
5741
-63658
-7779
92796
67323
-41543
54442
-30700
65992
-98918
44536
94610
-10913
-19299
61732
4743
-33284
40388
-40529
57529
55312
-95958
47761
-80453
-22415
33194
76086
29016
-99550
-40931
-85159
75817
81850
-57729
-96260
-58874
33587
57779
70721
46361
75473
86045
80680
-33202
-80020
-7251
-25242
-12314
77596
4092
-45922
44971
-38847
70542
-77761
-33666
-72148
-18313
-23495
-47092
-85842
-20005
-43428
-4065
58107
-51698
47888
84433
-9735
-65382
2667
28635
95659
77342
9970
18187
45109
38867
-10256
71124
44619
29226
83372
-30593
78522
-53679
71241
-92928
65043
80725
-75905
-89117
-29776
-81694
92914
84773
-12316
23269
-18004
-64353
94019
-46382
-85956
34205
-54838
-77631
99626
13005
42541
-75148
-37803
-16237
-99332
73651
-52309
-47366
55985
-28456
93445
-88444
26200
-24281
-16803
75042
69979
-4139
65196
-60993
-57303
-27478
86692
40502
6019
67584
3271
-64539
-33437
72875
89635
11865
47305
-73997
45418
-74839
70243
-98500
31026
86878
57687
54215
-75771
-85553
27761
-71535
-5082
51532
11684
-33127
22113
-6351
96511
-22657
27981
-68966
43181
7432
78370
55733
-34136
-71362
-29903
-65806
75644
6836
-49724
-78761
68724
-19929
-14574
26033
17699
-33599
39071
25957
56208
-73097
50990
-48731
-51649
85201
-36124
38270
97112
-66166
-93317
57293
-21705
25805
-68513
89234
-92273
68895
59688
56349
-40901
91548
63605
-92252
-69085
63450
-28191
-1034
-51257
52458
-56219
-50678
-38485
22717
52234
34545
60895
15330
79433
19499
29994
-32339
-28351
-67819
16402
-34892
5779
-75521
24651
-57741
-58466
19932
-51526
32719
-29166
-51117
-67292
8440
53683
66610
-54728
12455
46252
92802
24757
96455
28045
-81483
-31687
-40336
13539
-70532
-91416
84750
-16141
5429
89269
64736
-85294
-58046
-52656
-68196
8996
8501
-37780
-85584
-28177
2087
60268
44516
-3685
-49816
-38935
-2405
65992
55760
-69598
-65863
-8564
-8716
6017
-74274
-38520
96885
66758
30543
78885
-53070
-44974
-74570
86384
44189
67282
-41472
-10992
99883
-15418
71780
928
-65627
-93075
6916
-15763
5084
-53425
-66324
-11315
56441
-23705
84215
53210
-11150
59434
-70192
89866
-35943
-66376
99670
-50580
95694
52382
-38119
-59775
-68843
69510
-56383
-73739
88770
-37124
-71345
42169
-35311
-86179
-23430
-37570
-85038
-24738
-83717
-37681
-44159
26678
-28699
89931
-54028
-3415
-26773
21566
-17107
-93390
-92986
89692
-81841
-72691
96110
-40295
-59218
-18722
45573
75752
99391
-32895
-52077
-55155
12527
-92561
-33172
-89695
-86769
-33847
-23826
54690
-16980
80901
-38681
-30860
-39171
-45966
-30509
-87879
15093
90473
90946
-40056
-69767
10514
-93608
13772
-18068
-92720
-98577
41724
-62363
-82102
-94441
-80206
21634
-84521
45949
92203
-6058
-88251
10729
65050
-37827
21638
-18463
-20695
-51951
-39816
29611
73933
-17867
-61616
61616
-1660
79630
22114
-99396
-80338
-47342
98959
13858
-76923
98680
93131
-10051
-80261
69839
24905
77457
22446
-853
-50682
34639
84555
22906
-72145
73783
-81092
56500
59120
-18024
-8049
-78671
20570
-85901
51045
-40748
39664
-24066
-7278
14437
8527
-61308
72472
-38787
-33609
-58711
-67013
57754
-92358
-20085
-76735
-71662
-25985
-46715
27208
26725
-65421
22669
-13501
10027
-79154
-84227
87123
-24660
80573
-78801
-99330
-86450
62578
90433
-46002
-11863
58820
54711
80136
44727
97091
52736
-71481
-34649
-15332
-17455
-84490
-57392
44453
47790
-43225
-3133
6471
15111
50002
-72583
-62395
-91969
71340
2219
37293
-92537
12899
-24063
-11047
809
-62604
-95902
-96478
-33439
-46870
78570
-36893
-6618
96180
-61639
57765
-43130
-45592
-55444
-46161
71610
-88489
90909
40266
-35844
-83742
-44342
43393
82864
-62862
-27236
68257
14185
-35409
56092
-20645
25690
55699
64862
86245
35665
-29478
30602
-74306
72852
40662
-85752
56782
20950
-33249
25287
-66069
-34666
-81433
72299
-93704
52757
-35733
-74159
-66136
96882
-58043
98431
-28064
-45085
96734
42477
-17349
-15790
-87294
-3734
-79385
92178
74572
-15379
-71572
-19908
54720
-647
85581
95594
-89417
-66517
94343
29071
62901
227
-53386
39026
726
-10419
-72489
-97915
55527
9035
-94808
85414
-60718
-66559
46572
72433
97841
6140
-886
47807
99715
-72321
30357
65984
82620
94316
22375
-20751
-1098
85964
-71770
49657
-30266
-11973
-89752
-44762
-6231
36531
-44493
-51393
97246
96755
-96611
-95163
-1907
17483
-48686
-77557
-56732
57543
-23308
-6481
41859
-93578
51357
38324
-92275
62102
89920
-48707
15519
-16419
3437
11048
-43171
-61978
-76557
2373
13992
-73418
-66465
96562
-92180
-12437
-10525
-99116
-72747
-8448
-54574
-6604
44897
43455
93320
12148
-28784
-8188
-47577
71212
-90247
-33879
18300
28517
33143
-13101
-23553
95472
66368
31512
2681
21732
82965
19980
81408
-11213
90453
-62169
14238
-1112
89517
-48300
74448
92864
11050
39832
-93206
87330
57263
-32739
-90600
19323
75074
89307
46271
70970
51648
95330
-48959
4133
-85071
-99834
75424
83862
-73546
-13721
-82822
-79594
-27105
34907
39730
69013
-73895
-76485
99375
-74877
8965
34247
-65026
-82995
-63389
21238
-86125
-10761
58541
9823
5869
53330
98368
75325
14039
41179
8437
-56094
79306
71216
-91249
-42117
-30544
67183
-9972
41596
73091
-10003
-93410
-89368
5268
-93680
-43404
-36866
-14232
-22902
31025
51587
-69507
67506
-44994
93481
75498
-36287
-49541
39193
-69788
37349
-41136
-22622
74716
47301
-11934
9597
29638
-54702
-18334
-2564
78133
40198
55423
-47793
-49374
21053
-87749
-4301
98444
20588
44827
-80392
-18567
38466
-22920
-73555
48986
-84839
31859
23913
50764
-97703
-30330
-20487
-66053
34026
-12363
99105
-44959
-39277
-85341
-88943
68140
-5772
76800
47526
-47810
65948
-57760
-11943
38094
45000
-56729
32200
52716
-72007
24353
80991
91361
70129
-31186
71523
60852
-16119
986
98715
90889
59186
55179
53595
-86171
-6202
-79789
74734
29261
30538
88870
20383
32523
67
-79067
-44892
-49518
-2831
-20520
95784
-86791
35116
-77637
39795
-73053
-91558
3631
7609
9856
-13045
-25391
63036
-59732
-53263
-45592
-70114
97205
-46721
20920
-75257
23226
-73636
-11021
87086
66542
13124
23311
76168
71932
-24644
-99533
59915
-95483
-94096
-75893
49502
-34875
10154
81467
-60385
-70253
19249
-10449
31504
-91897
75324
75729
-26465
87862
-85359
5716
36496
4312
-67201
-22675
-68471
-7285
-30284
84514
-96134
-400
-27588
1723
-65434
-91021
97111
44820
-96109
21929
117
64532
85962
-63790
-21488
28344
-18741
73597
-51226
-84535
-66799
81227
-99182
-52628
-50883
-82485
86278
-51880
-54494
21317
-94041
-97182
88556
-1454
32645
30068
-86547
74088
-70730
-6116
38086
99444
69070
-17152
-9618
1504
99452
-75152
52194
-35852
32964
74260
-58711
46616
-76716
-1276
-38717
-92808
65606
20918
-1874
7360
-50703
-74030
-10348
-28921
29612
47650
-28972
64072
-50336
-41755
-51413
-24502
27529
-34749
19903
-73566
9225
-97318
96584
-113
-46295
87542
84443
-77053
-46995
64160
3668
94337
19986
-78771
-47776
-59295
-25626
44471
-95643
26417
28676
13386
16462
-66698
-789
62836
15542
69392
85243
-11297
80752
-48645
-57269
29883
18929
60401
-2519
95284
-63461
37997
68079
-13693
-84634
-88501
-57410
-47776
91629
29772
16666
-93419
95891
53
1314
-56210
-64240
-87594
-29014
35341
43291
-16664
-3849
42458
-69514
-51952
84694
-75945
33361
21120
-95975
-41711
68956
13181
11119
22450
66092
89979
-68513
-82380
-86327
37028
-43231
20144
93842
71543
7833
-12523
60045
-2035
-5328
-37580
-76721
-47369
-38383
-89481
-69948
-98428
-15875
24690
-15780
91743
-70964
64721
72402
-42732
-3711
-80207
15066
73843
-3896
-66228
-18393
-39091
75022
-23860
41174
-53540
33725
-19072
20090
-61441
-76653
35820
33477
58978
84702
-34822
90191
-41476
15702
50575
64070
58930
-33961
-16839
-29517
-36135
-44999
-86844
46501
-33895
34702
25644
44156
-34260
-86729
11884
-86637
75142
-76637
52533
-71093
42639
-987
-93702
21809
-69493
-86479
-31832
-60469
45147
-2829
-44813
-56060
14685
3789
5900
-36943
79598
13035
-60241
-54465
-80049
22787
-86120
-21509
-7323
-76690
-56875
35134
-19110
22046
-44937
-2253
62626
38716
-41758
-51897
-60456
-13409
79108
-11093
84550
68138
52706
21128
-11005
-55294
55118
12289
-56649
-55318
-74507
-51106
-3269
-41922
-65195
69530
-14053
55177
86731
-97974
75901
97155
-33462
-50649
20955
79274
-4120
57211
-58197
-30853
71570
-66267
89441
8525
42016
24520
-48182
6027
-55293
23894
-52839
-61812
88283
-82252
83455
-1839
-48475
-87349
51059
-67878
-15022
1451
23121
65765
-51533
-51749
10463
-6460
-37233
-89343
-43286
-45031
25623
85290
-84401
69361
-67855
-40521
17429
85755
8752
71077
82616
72804
-87067
5431
-39295
71056
30671
-49150
-8176
-1866
-10387
-97899
-50628
-13096
27188
40898
20369
85406
-90659
84046
-90696
61070
-8490
23729
7220
10538
-65128
39177
36360
-92441
-67176
-69982
10807
56197
-56937
-5478
15587
-70577
-71532
53556
-35113
88625
11042
-89860
4384
-56079
-3884
-14191
38486
85260
44692
4756
-68552
20590
-51949
79980
90421
-83699
26074
24691
-43001
-83998
-33601
-40064
50490
73477
-71820
-20270
35915
12260
-24838
46229
47659
-48353
43635
-86124
72995
89603
24724
-28484
-24751
7842
98041
-26359
-13680
-15093
99474
6671
-28810
50411
70459
-99417
7478
-81984
11050
-7180
73446
-34250
20545
-28911
16732
30112
34180
30681
69041
-69356
-5468
-8558
47719
97763
-42374
-57226
-34137
14323
-31793
76064
-9437
-6852
-16680
-23920
-49318
-92709
-97537
-8037
-54663
70934
-99556
434
-81953
173
61762
-58932
66297
-23975
-5770
-74637
-89844
-71452
33851
-25751
7314
-18652
32969
116
79803
-99691
50076
-39411
-93164
-69230
-68760
36257
-55035
19184
-65943
-30142
-86987
-77577
25305
58413
-24568
-95874
68219
93880
87944
-19870
-63851
76248
45857
-99294
-86214
75340
-29818
29594
27397
-61526
-28046
-95589
-52830
23364
68681
-77149
10054
43255
-98019
-8002
71551
76048
-71604
-57736
-31579
14682
61190
-90883
-11984
44104
81516
-50288
32675
-43141
90836
61860
82086
-28367
19177
97242
-30606
-24501
24751
44632
-55130
60154
57509
85634
-33354
-17659
-22333
-19176
-7997
-90823
-37021
-75732
80837
76973
45180
-94018
-23132
-66128
2441
-74122
72039
-61102
-78904
-61699
91459
-16244
55966
-5448
-37163
88140
-47913
91681
69739
-57695
-35252
-40060
49341
-63616
74717
-5868
73913
-89807
4126
-69016
20924
53721
97679
78997
-72740
44900
-94206
-10776
-34590
-84466
-32671
54208
90773
29903
72072
-3322
44337
37025
-95090
84555
-39561
-76113
-30367
-27972
-14050
57692
-95985
-46012
-53977
74476
-25887
-26050
-16306
26643
42722
-32363
14684
-87400
-82819
-34245
45466
17318
-36476
-75198
-56992
-75537
67725
-26022
-63669
-51843
60599
35880
-93492
41943
-79606
56191
71005
52428
77884
3197
50127
-83873
-17648
-79611
-23360
-50353
-68454
3476
49960
4225
-13283
-67262
79634
93324
-12395
36504
-91353
-32991
-94384
34120
-35227
-13803
-71498
95885
623
-52083
-34326
-91424
-41281
-29627
27913
99283
7543
7997
99792
-97266
-97836
57408
86746
-1371
-53245
15442
69830
-9774
59982
-82379
-93641
-66092
-91345
94296
-89419
58083
7173
-18723
-28048
-46706
-75868
46661
-14427
-15501
1607
-92741
1754
-93669
-14879
57529
84739
20016
-29808
-46885
-33465
69083
64371
-3650
-39652
18046
75090
48404
-40434
93771
-50884
-95608
-46753
-52033
56174
-85304
15625
-35969
78767
19443
76703
-58547
-43527
26913
66258
-40793
10193
-27191
30862
-39684
33720
22227
-12860
95115
-21702
95931
-86077
94683
-26973
-24034
54080
-79727
-56303
80293
-32972
-86031
78885
27339
49252
84148
-62829
36300
69564
-36031
-76519
-67540
11605
-78133
-27507
-99103
-18922
64136
21838
-41890
-74954
-95990
78877
-45828
40095
21755
-42748
57927
26030
80121
97780
-1757
-54697
-57652
59053
-82214
2214
-54976
-96874
-14909
30752
79460
1644
-93617
-25656
-96419
7703
-78221
-16259
57895
-89832
97325
66688
-17686
48671
-87370
-93292
59445
-77318
8707
-19714
42585
-91353
37431
-28052
-60956
-17846
12200
-85518
-48967
78010
8140
66671
6857
75509
-20480
45070
3824
-17548
-70924
12841
97518
-91110
15863
-47545
-16640
98758
36187
40006
83866
-38841
-23739
81684
-11708
39919
92627
-31465
-33138
-91008
-88662
78445
-15119
-15869
88282
28429
-50940
71096
7280
-70388
-5032
62824
-95271
28604
12976
-30058
4206
-66449
-21216
83732
-42975
55321
-95551
-62095
-23167
41747
61325
-16880
-99219
-45252
-92642
72084
40147
-8454
-13634
92407
91556
16350
-67350
-42502
-43434
-5146
-13528
-99337
-74283
-94116
48450
9938
-65849
10587
-80226
44814
-37510
3569
-94853
19131
-21395
-77408
4554
91597
25272
11007
-45338
-41335
39896
-66
-93902
96216
-38821
-61497
73166
3262
14372
-82881
92278
-12956
-67940
-82581
-65737
88721
55414
12080
64333
-19273
-14948
-55437
78366
-41942
77947
18079
-29043
66988
-98712
-45692
-69763
52963
30189
-65316
30754
-32405
884
-65750
24133
-25336
41679
31548
-36652
88948
63330
-31473
39971
85399
-99666
-90607
-91389
-22507
-76422
70721
48125
-71679
-6240
-78670
