2300
25066
-63158
-91407
80586
-80016
16979
84138
66182
89061
-51639
-96863
-28965
1054
44020
-4526
-27374
-53771
-69769
9599
-25402
83342
36842
-88835
-67757
59444
-66473
49896
-76260
51425
45262
-11017
78457
-75748
57253
66602
-1348
90813
-85616
5216
-73378
-38452
72025
-34427
-63541
26568
-73796
7848
65159
-89917
-59039
72170
70075
63914
41910
36882
5664
44387
-79640
4094
84679
78415
-60161
17397
-15038
36655
67668
-73257
-83021
-40158
-25425
-44555
-20305
84748
-89663
73149
-39347
-21805
-76358
99662
73169
-51069
-71800
29546
-21840
55761
55214
35273
5376
30141
43708
5130
18622
75024
24497
96901
-87941
17093
95145
6715
3107
-1724
30020
-75537
1771
-62263
61846
-94962
-93033
85284
65412
27657
56741
3993
-80575
-45948
50265
32423
-85531
17894
-88794
-56410
17063
-28143
-76234
-4727
52343
-24853
-59178
-3772
-39173
-15781
52033
62727
7075
-48432
11400
81127
-48661
443
-76134
95966
-16595
-94563
56950
-88215
-22368
-38854
48106
-72369
-45903
35053
-47546
31938
1852
-12203
-83870
54046
18855
53229
-75255
11534
-53733
-24710
-82431
-8882
-66464
4125
-78280
-88181
-66284
-25656
-41459
71078
79496
12941
8183
25943
59703
13266
34966
-210
-43804
56033
31828
94901
-28145
-85156
4600
-48974
-38893
-56370
91463
-17527
-64417
-64420
-42857
-61507
-55089
7642
-54095
73495
45286
77177
50530
73567
68714
3743
-15458
13895
12061
-27761
53202
25512
-25069
-35641
-92091
-87261
24885
-18455
25706
-59094
54864
-52143
-92668
33303
-37990
-22651
-66250
31033
35011
-19958
82982
-11408
38644
-14445
37773
40494
21992
74005
30943
-26019
-99869
-20170
-23023
-52321
-82350
-64285
-42165
81137
89217
-39232
51052
95465
31219
50299
37876
7262
75553
38330
-83117
-7322
15954
66674
87499
64250
-65837
16793
24452
-16778
3156
96563
-53460
-68803
24159
86857
20424
-80134
50357
-85447
-64996
-74431
9991
27622
-92685
95571
-7026
-37425
11340
95680
88007
51838
22369
75495
91663
-18601
-80427
15961
-28586
-87152
14073
57628
-78141
98431
34619
86091
17892
-51186
21035
70683
-38192
-46772
70507
69688
-20580
50142
34291
94926
15990
-13997
-29442
-76125
-81055
-62059
-67051
28065
-42867
60986
-84746
68978
-57390
11578
-30239
9668
13449
5308
88446
-41364
70087
64393
-7058
64486
62647
-62750
71468
3322
81555
-54228
-28128
-82501
-17025
73609
-35584
-44246
834
8451
-54813
-50633
27553
13026
-82844
8231
78810
-96227
-62097
58257
69370
-88723
45483
67010
-40293
15100
-9980
256
16126
-45187
-53229
86252
13569
-60203
68717
-22336
71421
-57034
-21435
35064
-27458
94861
95231
35406
44128
-90159
27282
-75747
-1982
-20612
-80872
-13785
-91030
-49897
73781
-29454
13941
621
57122
-78707
-30727
52449
60501
-48400
56185
20380
70799
-4351
88451
90462
36545
-5581
-69910
90102
90780
22025
75164
90381
-14476
-25095
24287
92252
-99249
-47829
-45332
-42882
-69488
14880
-69144
-10273
-94405
-35024
60923
-99628
67492
-4052
-48561
-71739
-53895
-76894
-56537
-45499
-39704
-60674
12953
-37694
27566
-43059
61162
-40936
21310
72029
-13052
30336
-14390
-20287
-86058
67301
-32848
70193
73928
-84009
-39420
72397
3162
-86888
-29066
32578
-68520
-71404
-25248
96709
18620
-1618
-86353
-3779
-30368
51574
-73493
53501
-95778
-38218
-18140
38639
38022
53548
-48453
29132
-53573
-63343
57738
8135
-99606
-74472
-16463
21706
-96856
94322
-17794
53463
54695
-17138
89720
-16367
58901
91167
-92920
84564
22290
85909
69829
-32002
-62069
-28563
97114
91025
84344
-28316
38102
33841
7022
-34809
-77168
-9913
57697
-17882
-68043
-95032
-8966
-44890
70064
99664
9233
-97098
35828
24232
-54456
40922
38313
22119
-23933
-36189
59761
97076
54151
3455
-25899
-96023
5166
-91860
-50607
-47917
55876
96008
27512
6678
-51646
44485
12549
-56787
-58843
72888
75584
91408
-59799
-44016
-38902
-86226
3495
-39453
-44219
-29351
-85112
-42076
61730
80450
-87835
89905
-55672
88345
-82819
32713
98654
-2218
11666
-85861
-41291
32406
-33312
33657
-79339
65117
44539
-29076
-98014
54010
93316
-49887
8107
83272
75911
69632
-40176
-68848
54516
-49251
-33651
21836
88376
-83705
-93977
66183
25016
67582
54513
72224
-28246
37827
-41669
-37651
-68977
-96697
-10472
89275
47633
-55931
4811
63220
35061
72235
57870
52058
-63556
26995
-87682
-38737
83996
58705
-64090
-15625
24726
86149
-29658
-74475
-80844
-55856
43391
58514
-24351
27779
-13314
-36035
-8476
20274
60355
-82708
20411
-49528
-46802
41120
-96240
39412
-46427
63111
-55334
-82494
-34237
-55910
31635
-64572
40736
-79385
1297
-88210
2425
40041
92036
-17918
39164
-35949
-99253
-29344
76275
-36180
17139
62591
-6966
-14829
25228
-99591
-39298
71460
37162
-80768
62372
73779
-87755
-30418
-84716
79221
33837
1787
-7376
-57601
-26945
51144
31828
82790
3452
88472
-25636
45893
-29444
-19490
63052
29276
39950
-5072
17824
56341
18842
-54309
54513
63651
-34474
95889
705
43715
77665
-7618
-77085
74212
32255
-81351
51786
-91037
81714
52501
-23956
8623
62257
42646
87698
-85044
60616
43648
26303
70643
29579
-5749
58490
87446
-1416
-33804
-4038
-96512
-37016
58349
79406
98331
-79374
-5387
-602
-58100
-80931
51778
-67231
-26823
82687
-83622
84340
26922
41014
-78784
94995
-9587
31362
-22324
7871
-12653
-9602
-45164
-19956
-58567
87353
71430
-44210
68897
66293
14040
-54944
3934
92539
6678
36240
-18161
-3879
15962
234
-23198
61626
26970
90911
44858
25184
5083
63762
-81557
62464
86788
-80128
-65438
-76614
8845
26185
35042
-90061
-31594
-73761
-82071
-50031
59220
61258
-48911
-86254
-82842
17301
-83374
35017
-90618
-5479
54852
631
2586
73891
-15357
-73918
-20566
74693
2827
-87788
-68755
-17290
-82493
45395
40764
-55130
51830
42744
93608
-46685
88956
-47538
25831
66017
35191
88713
79913
78761
30585
29057
45449
-83743
-74557
52297
-33377
60148
-14232
30256
99378
37725
-94447
62036
-43382
-62891
-10151
-14370
-11548
41943
-43112
-96099
43967
-46964
89470
27906
-82284
-96359
-89323
89846
-50014
46721
96040
-17388
54759
8055
-84222
-56698
35627
-20668
85007
-54657
44789
-68463
-77216
-32174
40993
914
96138
43310
-14774
17231
77101
439
22881
-62832
850
45121
-60321
37
26094
-77205
10263
-56689
68
-40362
55588
26063
-20698
-12287
13442
-97912
-22373
65986
-4487
44755
-69156
32867
-83596
83551
-48967
-28393
-27792
-2109
32153
15832
50640
-13534
-97442
-85922
64973
45242
14567
-54083
75978
-98743
-37393
-99556
-74683
92252
-20206
-35571
33258
-23435
74608
68942
-73406
-10344
-8790
-97957
42824
-3790
-70134
-79122
35356
23399
14719
54613
-89967
80567
26757
-89427
-607
-64309
50659
-45120
86208
14242
51278
-33223
73101
-94253
32043
51520
42213
63550
-24334
-71754
-10734
19475
43758
-6002
-10911
17790
-87647
79238
63697
40366
-27644
-87103
67047
-4479
87083
-73533
61791
72782
-70073
52232
95229
-69682
73094
-46719
-17343
83943
-68523
-22484
-2568
-9961
85445
-22193
83055
52793
73483
56464
15427
9399
72225
-84172
95764
83597
36683
33010
-51240
-7435
-14988
-30925
32267
-91403
-88905
-32343
81668
28289
-37127
78217
70755
-24754
32819
44070
39207
32244
-85299
-91476
91612
-2242
-99930
57653
64817
15442
-81872
-5621
-41688
-14793
-76551
91579
94438
-94648
-76924
-13870
14890
44148
-82603
79543
-93414
6319
-69684
-75804
83129
41849
-11223
-67133
-89802
-66615
-42642
63777
-86563
-63786
-10014
-48239
21360
64193
15025
3936
7697
-31902
-89295
67952
12886
173
-35137
23539
17151
-76159
-99448
3590
42179
86221
-77980
56295
-26618
-56929
-44004
-81515
-1048
20106
34316
69443
-10953
-75980
-57628
64184
61124
-61382
22280
90694
43411
18432
6103
11492
98540
38424
-67319
90474
13134
86221
-21646
-919
45635
-86386
42147
-56987
35663
54130
-59088
-69071
-83134
-48212
-84981
13221
-78867
332
48399
-16451
-46351
-20625
-2215
-72879
99123
26117
8657
9325
-66325
93821
53895
-57204
-94820
-7281
-28617
25846
-76258
-60827
-46545
20019
-97897
-59801
-19832
-59542
77448
33890
-26929
-8805
93059
-19628
-46648
-93834
88635
-90986
-83128
-85098
49268
-30298
-40383
-67171
53145
4560
-73317
39212
-30740
27129
-90435
18879
-8297
95752
36970
38500
30498
-3278
79176
-7914
63742
18912
32189
-65478
96702
6206
97842
-10827
53285
-13534
89977
-93080
-74150
-47081
-79477
72009
-72072
-85178
-63638
-67873
-52094
76864
90661
13658
-46476
-90582
33914
-25460
-12428
-24186
50645
31560
63463
-34278
-48137
7126
-8672
33855
-7438
54223
-46924
51911
82512
-20581
40105
-96116
-92332
-73403
7437
-50671
5592
-34184
30626
-16936
24981
23705
80375
69888
-4671
-42304
-10222
17303
78547
60883
-60535
-9724
83234
-51071
55472
74634
53931
1753
-69652
83706
-23118
-22076
10598
75000
-46273
-27547
-48293
79143
46089
74700
59857
-45772
81073
-34927
-91356
-81476
-53339
91411
-76673
-37925
14757
-96435
-10074
-27182
79138
-9903
-95569
-8940
-90238
-9755
-20847
-88915
-73983
-43273
43348
-96368
-74191
-48003
-95896
36859
-70238
56237
-4526
1545
68572
-12202
35969
13972
-74551
-23718
-29185
-62652
-31568
66696
-45437
-25287
98268
8922
-19357
32529
62043
9736
56038
10006
30818
28614
74999
-57337
-45682
-31135
70262
4801
73925
27570
70249
-80502
-63493
-98564
36944
-68294
21392
-89304
69910
9799
-55593
-5478
48931
77163
-76750
-70097
97102
38132
-92839
56790
-61968
83688
72633
-55352
29652
35474
-7
26725
21194
-61843
47831
54892
-32613
-60884
12529
40279
25878
90276
-46944
-23919
91209
-42217
7039
4373
8268
-37730
58377
49124
84471
48434
-21344
67234
92915
93591
57066
-39730
73326
91621
-66346
88668
-64664
93812
-72131
-29647
-5333
-91741
-78877
-57221
26647
95109
79644
32234
33691
96937
-88693
61262
43072
-14843
75846
-36658
25823
68031
59989
-33278
45747
27927
-5414
-95570
-83319
74227
-96822
46172
99348
-75064
23129
41557
44189
-4509
-22668
-49477
-32425
25362
69544
80902
73936
72049
92064
53081
-75644
86548
57995
-71744
-23156
-13874
76444
13641
77811
-83172
-42133
-83204
97129
24561
13177
-56776
-19439
68703
-17648
61291
-36811
55583
-24183
-43987
68953
-27075
-32536
-75014
-3539
-61213
-97695
6346
42268
80064
18878
89679
8257
-35756
-63080
-89206
-199
-11173
-38526
-48502
-39853
-21805
26502
26371
-41820
-85780
-96057
-88121
81528
16716
55429
37283
-42525
73531
-48961
-40487
30645
-71950
-4877
-84875
96267
45371
91009
-27186
68290
65604
-63378
74843
-55161
-78842
-49020
-79953
85386
67405
-90730
-84654
7889
12643
63840
-39554
-35287
12957
10061
-60557
-63177
-42687
-59245
-7177
50540
30994
-96262
-20306
-23082
99835
-90310
-20975
79956
86228
62465
-92786
-15198
-84973
-54765
66172
-86126
-30126
99596
-65799
-34660
20344
9985
-85661
7244
-61561
5829
-4113
87065
-94078
-71737
-98583
-84138
33977
-2088
-57976
-4414
-11406
56843
-73747
29434
42166
-56970
41016
-818
-715
-57196
59719
-30928
23510
-12852
13965
73864
-35873
41933
42058
84197
-34946
-51696
-56404
3855
65586
74367
-56062
23032
-22055
56692
-19943
36560
71382
40794
95029
-96264
-6946
97456
3885
-32754
75424
94124
60836
79015
54863
79932
53920
-5285
75981
75303
87048
43129
96309
-64046
79998
64539
-84219
63775
79895
84821
-70617
-720
-17549
75335
95066
51913
-81858
-13230
23681
-83692
60610
47335
-92664
56061
34022
-25925
22703
69309
54406
-98473
-68363
-94155
-71248
39755
-97055
65520
81209
17730
91951
72907
-70725
50865
44886
-33167
14828
-78806
-37070
17726
-56805
-13555
-60141
90437
-15735
61213
-82206
-20499
32481
-26768
-6550
-86922
-40811
-79040
-8630
-72487
-12521
-38880
-72586
-10994
-92879
19912
82085
49191
2306
5841
-52709
27802
-98922
-77828
-12205
-96932
-44832
73004
60680
51688
58070
81908
-1120
61086
99625
42187
33654
-66871
3936
-58788
30146
-19015
27472
59834
19175
-75505
40826
-91919
-71718
36119
-95295
12280
-55510
-31217
61574
98114
43759
26054
-28126
46515
74131
-32736
-23169
-53264
-5448
-53770
71700
-27313
44997
65754
-94917
-66002
-15536
-60168
-12560
-55009
40745
344
29352
3073
67585
-26689
64011
-40022
-21962
-58379
33744
-84032
-81860
-31838
-84236
-68057
-29143
25810
-28457
-64556
-53795
78040
-13133
72064
87435
-73458
-12487
-75719
55849
63610
89162
-19630
53616
85900
-77745
-14597
-7728
29763
45877
-87125
79860
-22224
-66808
78713
-5267
-48941
93227
37963
41277
26209
55601
-22683
-55037
-601
6108
-29789
63102
-23032
7344
77250
-85313
1186
93682
57560
74928
-91569
-68350
-18332
38714
-57080
-41262
11584
-59496
-69981
-2814
91123
-11786
7549
48346
76067
-63611
10930
-73117
88807
-85730
-17271
75170
2171
-50032
72877
-57550
33036
11656
-20778
2877
78260
30364
-96249
-9897
-91008
-77260
-58128
-16969
40684
40213
-6029
-33198
17136
-41077
19267
42389
-89293
-26317
-16151
-26817
-59874
97314
96545
83866
61004
-83595
81953
78100
-12387
87606
-57223
53886
25962
-38552
54933
28064
95442
-76304
-7264
-94858
-66573
36832
56963
20620
54325
-21216
-37045
-8591
-15808
55803
-43735
68123
52365
-41596
-65710
82775
58970
-65437
97543
13162
10743
-41665
26351
13642
95870
-87287
-88096
-32590
-74208
15011
-4548
-75034
-73255
18412
63224
-20221
77957
-71446
-89096
-57854
-74547
52562
77398
-64183
-11014
58358
-5566
-39187
-24662
41932
23363
77769
22687
-18538
50012
-84684
83381
-43085
86537
99937
46892
-25726
873
17240
-48221
30895
-95499
-70003
71334
-21093
-80146
-70054
-50082
-69716
-23275
-43042
-18393
23726
-26220
16689
-3841
-65564
-78150
67779
58905
-34512
7588
25680
-1903
81882
59447
32897
-52549
76288
-2487
2979
9300
99419
25119
49532
9370
86505
-24047
-97969
-76873
57084
88906
-5394
95449
24607
97580
-92425
55133
-43232
-84848
-56468
44457
-57281
-1813
-76429
-1959
15409
-54068
19494
97424
63761
53185
-10856
-70287
63076
-43750
-62234
-40730
39303
93573
-75339
-46179
91960
-89320
-73203
32851
15485
-40914
22481
-46136
9780
82472
-1766
38162
2616
84373
-23440
87758
-787
89964
-78172
-3599
-48087
-75594
85709
85244
34111
62728
80541
70926
-64919
37486
41183
14291
-66543
3876
96975
7259
29948
14142
87573
46725
-79468
62887
-82336
4698
54416
73542
8604
20278
78914
-99012
27983
-51104
92477
2442
-43627
54011
-96736
848
-31050
-1130
-23484
-99216
42913
39262
-17026
-51375
75016
-61069
42193
-29249
90519
-11241
-70605
-98320
29649
56451
-66182
47970
35082
-26348
-5981
2399
-18565
-73374
6207
-69086
-51451
50737
4155
-7532
-77819
-18751
95690
51439
-3440
-60544
53169
9988
85131
-42400
-52178
-86441
-75798
-49917
-11130
-63256
-85949
70481
-26454
-69363
-43890
-12052
5957
73786
1083
-34757
-74267
-58205
-26640
11235
-92541
-77320
-7266
34004
-82832
54735
62463
89919
56415
34656
-41170
4837
27785
-25751
98530
24139
-35008
12146
-19512
95370
-67564
-277
15357
74947
34908
-97039
46309
-6673
-27678
-38929
-53333
-40108
-95059
90273
-20523
-30637
-20565
15284
-28734
34910
-43397
32138
5699
-85560
-68395
-77607
-46636
-28363
-489
48115
-7882
49520
-26068
24416
-48278
859
73051
80807
-80181
79489
24746
-47060
-1655
-85432
-5652
47155
-76930
60354
-86866
-39677
60590
-67038
-84550
-32219
-5216
-58421
-5306
33036
92371
-27196
91004
54542
26335
23816
-15129
-68848
65578
14715
-9737
-6655
2947
-19082
25841
-86467
-41058
-60093
66742
-76719
-76308
-84828
44973
-44834
-66345
18510
-46896
-61610
-99049
17139
-8688
42020
-34828
-1027
-14170
-33688
-4008
-40618
60023
-90592
-54832
96932
-38493
