2400
-11950
57343
-37044
-47616
-38495
-40318
26339
43931
-88808
53165
75796
49641
2240
-54791
-27905
90125
7178
-6987
-59978
16137
90353
27200
-51723
22981
19388
75617
70895
-30464
-14689
-65917
16067
48144
-38015
-17328
-1842
-69289
2585
46632
-73318
-38716
66481
66430
-62029
43331
67917
55311
-422
-7933
48869
40704
27155
-15327
65101
-50156
42777
84150
93173
-62969
21106
-61062
-819
23433
-32675
-24237
40449
-55782
-41817
53886
5154
-35522
-45220
94488
93924
-13154
-49253
33738
64196
88891
-15293
-15857
91202
38991
53257
-604
26316
-2622
95852
64331
59259
63366
-97857
-14277
-66378
-86513
14885
18343
-56140
-79438
55260
74345
76320
59225
-79953
32715
-75627
69985
81167
-28302
92296
-48816
21437
95144
49029
13366
22558
-48444
-97710
27487
-9104
28792
-75216
87217
-74020
65143
-82177
-16535
53729
30977
68801
-18004
-75024
32972
25591
86733
7063
-68719
75943
87834
60629
-80784
74943
-2077
-67636
79424
-17836
37448
17940
-99913
75267
67006
97771
79667
70328
2398
45323
-1117
89421
-49815
88340
16148
-46134
-65636
31593
68124
-93045
-9940
97239
-6115
32511
72031
83054
14774
7180
27079
23924
-81524
10000
27483
97071
95856
91843
58931
97761
-82451
83896
-13280
91153
86065
-23038
-81883
-54589
87958
-92557
92438
-25911
-87733
34944
-10356
52658
-7261
34048
-93949
-66399
-92678
-61357
-53744
-91590
-25856
-32224
-77183
25589
-72029
89334
7635
-9324
32029
41172
-81142
99121
97239
-35388
37617
51313
24312
98977
95726
-19947
36303
-48902
26241
63663
41369
-15857
45913
-70031
-57745
7096
35539
-62240
18959
37477
63376
18088
-94971
-43968
45873
87562
-16907
61295
83954
46513
47880
13621
51552
30626
36337
-6088
-62536
82064
59483
53725
51294
-45169
-74575
-12401
-62986
-73055
45001
-353
16803
-63123
20014
-61370
65690
69005
-74296
43909
23906
-50938
-41366
-91091
9770
47251
-77832
635
31878
-30566
93043
88603
86984
-81600
7011
-76659
-97225
23896
-33952
52389
14191
-99146
94972
-30996
-77740
83298
98064
-26395
48756
91304
16994
-17494
-81479
76685
-28112
35252
7943
41116
70619
61816
88248
-82082
77683
-98513
-25679
-2009
22555
13295
93857
6349
-5927
-25483
-24106
-2764
11580
10116
-16069
-66427
58410
-28826
-8846
-56835
27205
-42159
-39606
33377
36858
69285
-56099
-44528
63654
4754
1161
-25936
-82396
-48361
905
-61238
-28169
68773
-60113
-12558
38545
-81950
96320
23839
-69378
-60983
-44948
-83879
-19344
80814
-45656
80720
-27865
-52769
-29334
69832
-49027
-19418
13760
44850
-82869
75244
23374
-76969
-54212
91704
98018
6701
86636
-89004
63606
7180
60668
-3696
58817
76026
-89035
-13216
-45702
17954
78358
32544
-46422
66084
1403
-17352
63020
-41914
-97108
23067
-50108
-27769
39232
24553
27866
-44268
-66004
9973
-90542
-26412
-30867
18976
20424
-52706
-99827
-860
-5459
-61686
-72172
-91731
-76295
7077
68495
65761
-21364
-450
50678
71873
34853
83677
22140
19687
-68419
-33709
-65160
-64657
-96063
-71379
77739
-76685
-27093
79234
32813
-61906
-79812
92972
52665
84930
9688
-65325
51089
-94060
9405
-85851
-54577
-10987
-86879
-76574
66890
97244
80552
-36653
-93279
-22993
-90113
-14246
-70617
42401
16216
-46363
34603
-62635
-9086
-87620
89250
90016
85348
-56134
41140
55117
-16619
75097
40992
-9478
25243
-52058
-4532
57823
18047
-46189
31917
88559
-93559
-15189
37839
40726
-96994
-3808
-66175
-541
13682
27456
-38431
-86080
-48469
43270
-79425
-74212
-43436
-49203
-65167
-43031
39674
65376
-5709
83777
-80921
-93460
-82120
52644
-82248
-19753
-4271
-42788
84189
-42391
74489
-51583
-10515
-66200
98299
-59175
-65692
-60029
42176
-92521
73146
76772
-34951
29316
67424
50792
98725
-76357
53722
-88725
95231
-74610
56564
22332
-13560
-43385
44450
-23056
-59284
55432
-73992
86034
-12012
88596
-11710
-65544
19463
68966
59713
7601
-52739
-43841
-37501
-59174
-95294
47678
81053
25936
-47997
87719
-98744
55103
78585
-88698
93142
15321
-17169
15212
-76529
-16221
37233
-86888
59948
-83351
21651
75250
54959
-33902
22043
40688
14493
-30514
-50932
-89061
-82983
79083
49744
88172
48671
-84729
44609
66640
-90471
73952
-82348
-20469
8801
-81401
-94750
50424
66196
80627
32212
46895
98063
-37390
-40405
-89537
11785
57211
-71318
10074
66509
-44322
52576
-97072
54802
42396
-91370
25844
46393
-4205
91793
-9189
47778
-24238
-8380
12994
-46934
42955
81493
18447
67205
-66650
-21942
-82064
-97227
66098
-44720
-53856
95973
81462
67496
-93496
-95452
3750
49390
-71166
-62015
-11727
85767
-71304
-16961
-81609
-91481
67115
-44363
71512
-93187
57104
16261
95400
-26373
91092
-3466
96638
61893
60033
29745
4844
-18251
-96967
60053
3848
88073
-85282
86135
-68951
68714
-89068
-88839
-71762
1369
-75810
-46523
-1608
3768
-31259
-5273
-34633
84723
-61993
76421
7906
-45559
97068
10619
-75008
91451
21828
-81961
87716
96335
-82259
35566
-650
-72255
26432
-8359
53483
54663
-8406
45776
64918
-61120
-63736
-4320
90008
-27208
80556
69004
88243
87578
44669
-56450
-83715
-24525
86971
-58008
55024
-53281
97631
75004
-23842
-58478
83552
-47228
84034
-75323
95890
34078
78193
20538
84073
-65832
-72017
-38226
45404
-90332
-31779
-14245
-83931
-29832
-21744
-60377
-23004
59397
-16130
-76820
58147
56721
30482
73765
54069
-75213
29279
42033
19255
-25429
18672
-89849
-22344
11675
-73603
98615
43381
56870
50747
-23847
-80771
65700
94539
37844
-24525
-24513
57426
-42996
45234
10925
58984
-82391
68683
-56566
-17751
93377
-34519
66064
-8854
39969
-53802
-33674
73862
-50435
74006
43171
60950
32305
-59407
-33138
-88962
30003
-50225
5172
39268
95768
77179
36084
-77444
38783
97034
68490
75327
62750
64085
-15450
65530
935
41377
-86488
85379
-55594
62560
-20101
-15994
-86438
-20976
-66677
96893
96541
-89918
61540
-70914
-41742
28597
-34647
87662
42202
42977
50349
-2221
-35341
-84081
54065
57224
26814
-92443
-59141
-11511
99339
-70080
46607
99118
-84733
-76038
-55348
-51659
94098
-2293
-78874
98488
13359
-34421
55292
-1155
-70071
-22379
29526
37164
-3504
-23160
29692
35867
73949
-19865
-53259
96709
23230
-44320
-26981
-54758
39522
-982
-57833
63600
-69155
88583
52543
35287
7257
81897
90953
10186
8282
-61775
76266
-43776
24684
-65838
-31729
-7006
-97493
-88172
375
61080
82095
-90763
91243
19133
-14894
-60438
5339
-25103
92127
75203
14231
-14260
-10408
-13140
-17114
84783
-82908
37455
-84537
6775
-17965
-31017
59969
82635
-70256
9936
73449
-8683
74466
68842
26608
15502
-56162
-63524
-27354
-59279
60525
75046
-4337
92241
-87690
-90834
70368
-23674
10023
51916
90391
97603
33637
82849
94132
93827
-78834
-95198
-47401
-3614
80679
-81293
14135
67912
-73689
-83794
89852
-54976
-91361
3522
-89542
-89113
-98684
9208
-70709
77183
-13349
-82671
-55480
-17949
68671
45644
80036
71701
82898
-51836
-21723
-38093
-41410
81845
76607
26569
89831
-85601
70798
70783
44591
73795
-26961
52339
-64667
99210
57276
-670
68875
14149
2659
68543
-81534
-15345
44387
30502
-34924
9039
-67358
41898
-20066
38106
-97619
-94454
22104
-85643
-94004
-21437
4162
-22280
75073
38399
59309
-47411
99101
-37461
-17308
-48552
76544
82342
88181
-15631
-83413
-16107
49951
5132
-59261
42515
-71399
91834
-53787
35782
-71363
88264
-94304
-51187
81872
70597
-10605
10965
46958
15138
-57756
-30965
-7082
20529
-58278
84651
95696
79504
63256
-42441
33335
-53153
39159
92804
71783
72812
24127
-6034
1347
-73488
-37439
47404
-95517
34419
25555
-66242
22361
17930
-19031
-59389
25439
-42687
-72436
-44249
-43682
72979
-9606
-32455
80285
-47722
9179
-56550
-56956
25652
63707
-63727
67660
90387
17960
-6020
42758
-24042
29834
76257
65860
7805
-37287
15459
-39576
-41240
-82784
-57328
3975
-17543
9869
14359
6649
9366
-61359
-58921
-7937
37774
92762
54418
55058
68307
52778
-55168
-35452
-88027
60884
28928
32341
-3440
-4397
-12182
-84331
-71029
24071
-61825
-44880
-82622
89037
-73982
-73125
61166
-37447
91488
53978
-33
-24397
13258
-84629
93147
66411
13475
15826
-73311
93562
-95275
83266
-78330
59991
22846
8549
-26943
19506
-15352
5960
74754
-53776
81623
47334
50364
25092
56475
-9584
-43004
2790
16581
42358
-22895
17139
-96426
21716
62307
-51679
-46894
-87109
68865
-28003
-91692
80314
-90149
-52093
-69061
-47062
19789
-45191
-13502
-7149
-21564
-65239
92142
-25218
42491
-49703
-62880
29848
46623
-2712
-82358
-16448
-21871
-76057
-82114
-34258
-4151
-35503
41122
-52097
74392
76585
-83968
55457
-43706
-54673
-17798
-34793
-64551
-88834
35418
70953
4919
68037
33032
-66836
42531
93983
52821
-24215
83171
60754
-51789
46893
2114
-89887
57607
-68371
-17678
28046
-56233
-53165
64329
-46416
2654
32297
-25428
7276
71487
81633
-6583
2643
93526
88894
-28354
-87080
32361
-38237
99031
4012
-26307
-96458
91700
-89096
59845
-14543
63625
4150
35830
31493
65344
-14995
60982
81898
47417
-9977
-64846
-9848
12337
78608
-30130
-84805
83712
-17395
65784
-6585
-2628
-40265
-44394
44376
-92932
-56749
-28131
-44364
77047
48879
-81469
-65281
-54262
35003
80588
-45782
-27944
62849
53633
-5830
-2805
68226
82048
68912
-16071
-52305
29740
26522
72291
-92736
99076
74678
-68713
-18251
-42479
81854
-65163
26599
-72007
-91819
-19826
81738
-13262
96588
-82584
-82302
45072
-66415
45662
-12578
88190
76980
1892
-70091
3467
56023
-44887
76636
79260
-69006
50325
6209
-42752
-63615
38897
32103
-10335
30922
28518
-43266
73045
90318
-69474
-13282
-87084
-83956
-35385
-48544
17540
83180
-94346
-13799
93489
-36209
-76760
42612
-74536
-98832
-56221
95083
26018
36663
-86597
65250
35950
-31014
-77008
-16480
38087
-34448
47925
-99606
81525
-85164
-38645
-2562
-62417
23026
87628
-855
-23442
50609
-22460
74437
348
-8707
-20998
-53229
76843
7408
91020
56112
17347
-14372
-52936
30711
-26413
49591
97591
36276
-46839
-62684
78531
47040
-98148
-1702
90234
86590
-25850
66931
-22437
75440
76752
-96109
-31507
-70473
-57659
48755
-12738
68645
-38840
-13495
-19127
-76992
-39230
75286
95089
27926
83827
90251
66154
70840
-26902
74649
27127
-26540
7312
-60460
11597
-82253
4446
-14461
93655
56587
-71058
-26362
77907
-53630
57647
6372
97945
-84224
-10637
8945
46780
-3921
80995
-98728
15881
33874
-48494
-66933
-30868
-16769
72302
-35260
-57101
58042
-5101
87670
-12822
77296
18169
31957
68772
-55859
-52722
58239
88475
-82566
1119
42437
-46609
36406
65839
-36582
-40566
76048
-75542
-54313
-62043
-35970
64563
-22679
-49757
50590
-43750
74328
2011
-80762
-89623
-13324
-33293
-24503
16093
68702
-84249
83017
-29390
-15184
-26071
57332
-7976
69642
-45597
96029
-32191
-50630
-80424
183
-50532
-45689
70824
97008
-70500
51546
-71438
-4184
-53391
53130
-44012
1804
-97000
-92349
-28082
13203
22606
19794
96516
20949
-12640
-15857
38242
70339
-13538
-41690
20762
52487
96365
-57468
-67832
60281
-21636
8156
-68681
95162
-79025
-98733
-96195
64177
94647
-91122
-58303
-45472
-62750
-40491
-89187
64866
-19762
73636
6494
85763
14489
-95026
-93912
-4868
-79947
-24881
57207
-39223
35319
26220
-83648
-17303
53518
-15991
-91018
-526
-36016
88967
2024
68174
54064
-425
-63097
-11562
38028
3680
87942
59913
-81053
-86903
56410
87720
-83548
56803
8289
-23886
9889
-79370
-53409
14775
-85597
-33305
-17693
4699
-44649
-54206
63240
67562
19365
77034
-80105
-24814
-36127
-69926
-4342
-89855
7322
-38249
-18581
84188
-58032
41652
20315
-9384
10948
-71487
-12305
62905
-26073
-52270
34037
47589
67700
99559
-5164
-90908
58777
-46147
75985
-97673
16336
-95312
76718
63378
57997
98571
96557
-46089
-9328
-87378
46770
26927
53722
89563
-37242
-59352
-21828
-82787
56
-16410
95178
27925
-79970
-94681
-23697
94818
67385
-88232
98842
-60372
-29450
-56147
-44330
98829
15953
24161
84920
82013
36244
-13046
82417
66265
-81667
-1257
516
99759
83134
96746
-53807
-1623
734
-50100
86991
-83213
9917
-87855
-10152
18507
44660
-12599
9374
34756
18779
-17248
27195
62518
63524
-21805
86759
53189
1188
-86513
-1021
25101
26802
-39448
-42926
8231
4584
55154
-25849
24411
42759
-83968
-66056
50914
92471
-93065
99570
-47146
-66069
-53811
89063
-5512
28963
-97820
14275
-37219
68363
-9219
39324
22263
72129
-97062
5384
-92484
10548
-90955
-90488
-8459
-1689
-11946
13473
-35483
-21035
54933
-80629
74836
-45265
-10580
-26109
-83209
37505
-98440
-28613
61053
76594
26828
-54670
63352
-278
-33806
-82978
-42842
3022
16895
-57468
6172
8487
-28782
80362
-13170
85152
60073
85157
23933
59118
55519
61196
19581
-72182
5190
78221
-91486
37658
56221
23837
37703
-38738
67886
-373
58618
63205
41415
36974
30279
-49104
-74350
-55811
10336
34158
-60908
2877
-84570
-43785
13566
469
-99306
29236
-50061
-65603
42003
68971
38359
24597
-67957
48153
60944
16402
86345
91896
89437
60115
-34921
69792
-55665
93394
-37682
-54390
-74649
69173
-51460
-37841
-68274
37380
97200
-80177
9771
-69578
-74460
-41395
16485
-98204
15752
-59977
-55051
5535
15015
-28
73446
-13347
19512
54
38124
-79474
17795
39936
14878
-77875
37678
-20287
59218
-93070
-10396
-55155
28244
-30396
-2591
67532
-59390
85963
88412
-27236
27015
47812
17616
-76014
42994
-44178
24937
-86242
59186
-25918
97672
59532
-22096
55871
-10253
31719
-74807
20835
20764
19960
-75097
-69003
51404
59628
13691
-32577
812
1043
14617
-69414
-19216
44997
53679
-28511
32800
36127
-7581
-15928
-39675
19051
-7735
-48955
88172
23326
22654
47212
97945
314
62756
17624
-88820
-62956
-65030
76805
86249
-78864
44950
-13125
1926
61832
-55678
-96347
24598
75563
20145
-19392
-80916
-43134
17180
99503
-76049
-35985
98238
-93397
47769
-36850
21032
86167
85291
81501
-85567
-90255
28721
-39240
-71074
85605
-15315
3837
62202
85628
36963
19790
-24942
-58447
-15680
-50444
-38816
97892
-89944
-55327
98929
88360
3675
35470
76901
-91273
-51453
26307
8387
-48059
70940
-24331
-6666
54513
24704
35145
-8792
-14696
94286
-33993
-28614
54916
-17098
97289
-99235
11458
-1692
-19389
-71344
-84527
75335
-65699
80246
89334
53629
54956
21715
21293
60125
31583
43619
-15558
-74528
-29660
-98793
-40739
23084
-53782
-99411
-26077
-94081
98626
55850
-12135
-18123
23327
84727
75612
60597
49596
38550
46988
-47426
16924
88447
49439
81098
1453
17307
32145
44444
-37626
27548
93433
107
-53169
-80841
-74633
-32213
-28288
22015
72650
-95948
26562
24415
-62658
67281
-31631
1908
82690
21992
96451
29829
9688
56577
-94398
3552
13477
35636
-42699
15378
-15000
86707
84381
77314
32967
-37518
-39973
-51606
-39483
-63697
-16721
95283
-69424
-15455
69275
-60435
8311
-37631
11173
55400
-6535
-93009
74300
-68367
-63111
-10877
-35598
-36820
93965
18353
-29912
-91189
75253
26328
58631
-5144
-18968
-13529
-15958
-38971
6666
92204
19737
-68451
68219
-79877
-15375
98406
88777
15159
20895
8806
15301
84608
38475
-55825
91507
-72199
-24303
-55687
89115
-55628
48426
-35942
62204
-79747
97321
76964
13408
34112
-34398
55643
-43637
-14313
32933
75857
-14707
-39372
-42264
77408
33463
73128
1986
31108
1770
-44979
32404
24211
20619
50134
34626
-18023
35986
10993
91935
69972
-85630
-91818
-1369
-64247
-66317
4144
76005
19137
17483
-5084
-80907
-91677
27403
-2686
-12572
78959
-81211
61511
-11021
-60780
-51476
-26228
24763
55279
-1469
-81521
-22
-33310
-10312
15261
75243
-55092
-61494
77464
71524
-92118
-49692
92778
-96487
-55734
910
-33657
-77202
13223
66041
-72680
19593
59942
-82120
-503
4054
53036
-47602
-77392
-72860
86042
-74654
-32488
-76820
-41306
-58481
62762
-88526
-72425
72536
-72009
-5755
30812
22393
21093
-21088
-13814
-47144
-58893
42803
-96911
53850
33130
-38213
-23399
61330
-14558
-68211
-86434
48533
-12946
77427
-97563
99561
-98459
-68179
1082
61276
-41458
38937
-8440
98672
87719
24429
-65164
5364
-78190
74208
-39786
62958
51485
-54936
76116
-57740
64108
91935
47901
-10919
41989
89407
31807
-52795
98872
91148
6310
27934
45353
-57775
31474
-37854
40187
-29054
59955
67607
28187
95744
69444
-50983
-89050
85436
60353
658
-12936
