2500
-87940
18914
78696
9820
-12362
-80446
81251
11245
-41402
98366
6609
31730
-44550
-24953
-90769
88463
46543
-49999
73124
-37948
30387
3915
12372
-87461
50341
49247
-82350
-93526
17145
1863
-14350
74054
70967
-32662
52731
49988
44387
-51950
15356
51309
-93032
-5589
-67850
48445
-78834
-15589
-33354
-2280
46074
-9352
-28666
-45686
-39916
-1110
58105
-30727
5172
-52641
25573
28778
-71210
-27484
-29330
-13076
-84547
15847
75196
-92124
3827
-41722
-26226
15158
76397
-36461
50600
25934
-57459
46119
46824
77832
34626
-26145
67511
3394
64523
-65800
-25510
23419
-76904
40003
-40600
-78744
-43375
-7867
51350
95123
-5008
-1811
86958
-12304
60425
38770
19935
26174
-10838
-96055
-59347
-73386
66717
43392
83145
47508
2890
-93510
50555
45535
20217
14215
30715
29974
-70666
-11041
-44896
-26472
72397
-8964
-1936
84336
-62539
23057
3286
-27300
20105
2538
82865
58680
13425
-74655
35016
-79348
-70753
59514
10268
-62865
60469
-1188
79126
74518
51141
-50771
13344
-29508
9840
83208
34768
27568
62191
-49763
45950
51510
7088
-22554
98038
-43557
92760
35010
71305
86553
93351
40304
23422
60898
-46598
-15127
-98586
-59508
-27351
87769
-29491
-46182
1680
80380
62924
-9565
-85
-28462
50236
-21534
-38053
59646
-92987
92121
88197
87425
65364
-21470
11930
77005
-95253
-64365
-4815
35529
-49646
8781
75599
3617
-21845
-66910
-53303
10630
36003
67680
-90431
81609
-79547
-84994
6860
-81009
-60440
-37534
-4300
-56846
-88823
-22195
-57767
-23755
-84813
-78876
-70862
70113
-91110
-10660
-90767
3328
-83384
10816
-35387
36341
-67345
-48222
-59655
-24202
-44387
-94244
-81287
9384
5389
34369
41205
-60330
7257
-96986
42014
-38387
14349
-3002
-25778
77974
95256
38870
-33788
-11952
77084
81702
-35956
71274
10212
89584
-47554
44155
89717
-26303
-60067
61950
1149
68417
-57057
-8915
30568
-48991
67532
-66760
57618
72991
-84289
-2846
-21161
35001
-14903
-33287
65221
-30292
76853
28528
77939
-7321
45543
90138
-93525
89105
73438
88773
-38846
-59852
7896
-96335
62153
89284
8021
-84116
-96612
-52592
-38029
36171
-84649
-83132
-51144
-84601
-73559
17048
37231
23089
-51776
44505
-1111
9363
81764
65490
48484
91109
-18848
-50857
33290
6825
-39910
65325
-67376
-47453
-92348
63961
-62977
29688
-68821
15876
23888
-74269
-84371
-78265
52463
-54514
-88952
41753
22178
67283
-67379
-89710
32131
41422
-52365
40667
65577
79262
-89017
1205
-30043
21945
-8767
-97438
-32216
-9751
-18445
73971
85058
-71193
-58214
-60497
26949
-65070
83351
64605
-42680
83276
-52425
-57041
90695
63922
16622
70539
8808
-77835
98467
48631
5145
-50854
34405
-88288
-41068
18250
-2693
30022
86596
-15722
99288
6216
17346
46988
-87891
89991
75320
-43281
45337
-40454
-42458
81557
27708
-7090
-15037
-75678
41449
4471
-63237
38748
-47047
33432
66583
20268
17980
43083
44987
-77328
36171
46733
78408
83135
-34503
-17911
-32542
53754
60904
-61761
82891
-40885
35511
-51631
29486
48957
75609
33834
-50568
-1160
45377
21643
-95583
-73705
81977
18676
-71991
-39896
-66094
14827
-79811
46783
59382
86188
43864
-67785
-10791
29293
75398
-2937
49550
34636
53860
89596
-36170
54679
-12029
97496
-44141
-16456
-37876
-17081
59131
-24581
72957
-64262
-45401
-28098
6161
61603
57707
49844
91902
86539
-58432
54741
-71400
-70957
54653
18022
53011
91845
28837
36704
41062
55830
-21799
34304
-14838
86266
54062
85802
9953
-3100
-61479
-84486
32180
-61415
41223
-74391
-69611
71728
-53815
84249
-51997
67048
62189
24062
26604
-11419
7784
3368
98413
67337
62895
17137
-28940
12011
75684
-59969
-4185
-88137
-2899
69302
-82787
-55070
-63455
-51523
-40087
-40504
-93668
35116
37944
-3485
-33614
66191
46672
76074
-51200
97433
-12488
-57788
-54370
-599
-64137
29479
31856
-38671
77812
-92910
21148
95305
45180
-21405
-25002
84111
-47325
65877
150
-97352
-73151
-37862
-25236
-12616
-83938
-62959
72106
32650
70696
44452
-54337
-53540
40736
-69567
72291
94043
-44394
45619
-41170
21398
39561
-28708
-84796
-64943
23280
33681
-62997
30377
40790
79698
-80963
-82594
-42208
-88091
73080
99522
-16406
83662
16947
-43011
67984
-52052
-74388
21626
10953
98418
26940
93746
-55443
80769
-46037
28883
-42985
-37345
36896
22796
9125
62103
72945
-70088
-1316
-8787
82777
-42972
34537
10171
-24697
-64449
-98814
-4116
29395
-21731
29547
56020
-9205
-83096
48533
1643
-25300
-91037
-97504
-27483
95405
65820
81921
86447
70260
83886
-18689
-17081
-12948
-91728
28184
23928
61038
77758
-75648
-12879
-76260
60002
6537
-14207
40781
-16930
-82786
52978
71394
40920
-15959
-20225
-44937
73186
-1835
-13581
94645
39782
74349
41887
-45307
-3157
-45085
-13001
-46753
-63930
-13523
94921
-29888
88671
-31670
-66533
56058
-86434
-90973
56289
26213
34483
61516
85912
-90573
-23232
-67735
-93950
-6814
64419
-58322
83006
84298
-60701
-58818
-58237
50006
19062
53813
94457
33999
-4756
-59263
85172
80788
-66948
91563
8973
40166
21802
44020
-71585
288
-79087
-37862
-27557
-41212
97426
-97926
-7671
-33168
11161
35215
-20260
-78929
-59575
70616
24752
96363
72452
27544
51618
76864
59288
-29449
-65396
-34643
-56567
-92218
86043
80740
-37641
-97120
66895
71041
86636
-61589
-64753
-13289
51588
41342
49511
-94619
-60807
36253
-46497
-3289
-89974
-52129
-43015
19721
92424
52657
-35962
-7178
11005
-11085
99877
-34161
-11783
31360
73945
68152
-69318
22667
16774
68812
31223
51556
-74680
93360
43465
-46886
-29072
77189
-37385
-35525
-5348
94967
11164
50551
-37198
-86093
-43081
-54109
72825
97845
90575
-76391
69588
84991
-28159
47292
-40165
-68251
45992
-46567
-10793
-32059
7079
-57623
43098
-87275
-6315
46835
5689
-25579
52166
-89458
-51224
58403
21554
-25724
-59024
-77075
-4859
-21806
45007
-53056
84930
4557
60460
-48641
62997
-42274
-69579
-97168
-42381
-18578
19991
-4047
-97808
75293
46425
82568
47005
26219
-79594
86232
-66661
82873
-91883
-66066
-45887
-94742
-4346
12475
39845
49636
-21732
-44643
94603
-57613
18113
-29355
-94680
-15412
-73222
14685
-73775
-68242
-37223
37459
-77115
-36764
40025
99470
12051
-34969
-81831
-12334
-92951
-92767
27192
95518
-9413
57741
-98167
-56414
-2292
-32966
-65805
-58867
-41764
31214
-66584
85701
-72785
-16665
79808
79600
52533
-87427
-57551
-56209
43547
-52061
-64531
-62741
13293
68556
-37735
-99449
-79770
84458
-62875
-38091
-64490
-10799
69196
-50075
-73234
31547
-97750
87575
40107
-24668
-34699
-26223
99549
96470
48025
-31635
64595
-65153
2932
2762
56357
48510
41707
-62045
24094
-13508
-59225
17276
42628
-70089
82288
22392
63108
-68646
-24924
-29944
-69953
-5624
-38573
-1858
89771
21880
93626
-16769
6951
98042
-18725
-47721
-45536
-24424
-13771
12263
71641
-89320
-39323
47865
81178
-50083
68633
-1548
-93897
-27027
-75155
-36757
-97221
17165
26596
67023
94642
-8376
-47484
65541
82960
-62449
62158
-56045
-47487
-32774
-9448
78451
-77554
-65108
-77751
34122
-98136
42581
78897
-8398
-5355
-9518
97858
755
88500
56495
-62993
-87151
86702
21772
-89824
-51841
-22213
-87331
17231
20721
50958
87499
-32062
-35569
59743
98168
76453
-57787
87123
98144
-52029
-33737
-71031
71322
98721
27730
55747
-1858
48887
27710
-92817
-23839
28492
-8656
66833
-580
86573
-22117
-14448
13099
80649
-3962
-94310
-37935
-40980
-28295
73332
-42856
-54506
27409
-13407
-67818
-44361
78771
-93714
13131
-1718
-8611
-72360
-84153
-17205
43352
73499
-92760
-89258
44298
-7847
-12863
-59426
-29401
36899
63063
33222
48200
89766
85573
-72353
-82156
-10123
8703
-13057
-25382
-5458
-2701
86650
-64447
76492
84427
63808
-1577
-55415
-63729
43667
27077
26094
-32536
63651
-2717
26360
98752
25287
-39768
51176
56516
-9318
82810
-94104
-92469
28144
-15964
-59755
-59952
-80716
68198
-54227
95259
38112
28965
5910
79295
1559
-76093
81545
-48132
-72606
-59575
5017
18244
-77307
-70911
40292
74971
77437
69985
37333
88599
35289
-81439
-16173
61447
73906
-68946
-50935
-45584
-35511
-97801
-39789
20403
-35845
18276
22274
14922
5795
91238
48588
76145
2380
-48599
-75181
-77855
17617
63911
-22512
-78089
29140
53078
-77092
-6092
85911
-61439
-20517
-48674
-59142
-36299
-3195
-55549
-89839
65105
-76462
-60707
73569
11905
-2239
-85487
88120
1028
70150
32722
-92378
54376
-80754
-99678
33435
-15912
78128
-81735
88798
2892
-62415
3838
49448
81310
-53772
-72206
-95269
94461
42620
-28948
-20638
-65734
35488
28159
-61466
-44608
88330
-58185
97449
88801
7339
99266
68099
-34229
19519
48108
-64457
-23719
-5640
34819
18482
-62139
-67254
-53415
17439
51516
18194
-95512
-69911
-48054
-50205
51152
57486
-74380
-36177
-10181
52509
30437
83727
-65247
85004
71552
-16657
86503
-61512
-21164
-63079
52451
-77191
-81683
-54244
-99397
33249
-33529
73817
811
78610
19614
2217
98660
9529
74081
-28050
-28910
61419
-48763
-83083
75574
44506
57781
81093
14578
25331
-11482
64455
-76956
47832
-36599
-21039
-67095
-75339
-20646
-84783
-51325
9537
-87466
21458
-8043
56467
-7927
-85458
30283
25694
93253
-25455
-74730
94667
66734
71077
70229
62642
-37901
-30753
23055
82356
34583
47974
6109
5239
73773
4443
31653
-92097
78946
-78519
10433
-66266
22452
96234
-41411
1208
-78655
-10348
92543
-89363
24442
-66497
-37822
32195
-8074
32819
-32390
79480
40739
51026
-66724
-66655
471
-28865
-74634
-60758
85253
-73430
-34567
-17749
-7862
30202
-26793
45346
-85465
70485
94087
-48045
35658
4943
-99034
77049
96261
71020
-93385
22055
21344
-60460
74635
-33344
-72823
-36270
-5828
-13041
-25238
-91320
-94509
32772
38803
-43149
-9975
28172
64406
23383
-33749
-48820
-7950
92743
-74346
6137
-58841
91987
42850
-34922
1321
-98802
-45284
-30453
-90129
46074
-63317
-57761
9258
35731
-38765
73682
1747
-39371
-98280
91802
12445
-2966
43002
25336
-27382
-7084
79199
66805
51162
2867
35983
26494
-88803
63636
41817
-88039
20330
-72681
-51054
18051
-69976
66011
62589
-30872
-57847
-44344
-88122
66814
-82537
77752
65065
-41345
55526
-97342
-48144
70657
-6038
-72923
-89191
-18125
68961
67150
3989
-83146
-1104
-37690
-59091
-15594
-48948
34491
71168
-85725
53391
64298
-30937
-22864
-67541
63269
30649
-75097
-72902
26310
46058
75335
27699
-68880
270
60476
-93575
-66306
-88196
-98214
-82803
53196
73741
26741
67684
-61410
78788
-47969
-38060
-98768
84871
21119
5608
-44454
57420
3402
98770
3872
-39153
-69855
-10496
-42220
64383
77063
69959
10408
45305
66109
-53700
92756
-70933
93052
-9310
88288
89627
-82801
-34755
1935
-60800
74506
65093
69928
79118
-21526
-70858
69986
-73905
-61749
-43772
69803
-19283
-66240
81452
-96619
53516
-49709
-85018
90461
58132
71641
-35465
62042
-41588
27056
-85726
-87745
-54750
77463
-21058
3596
8007
95147
-35165
7319
92471
-17286
83134
59699
-33578
40326
75652
-29126
-94218
44504
32515
18877
-14283
20925
76692
-48316
84867
37794
-61779
10308
-83070
25607
-90285
26396
98566
50019
-30740
-10229
-12869
-68139
-74381
52787
-73946
92097
5764
86978
-71228
24463
-82409
-89853
37774
-90308
39689
74304
90270
-23781
97366
26897
-89172
-86420
66468
5382
-77967
1111
-6024
-93908
98860
-9850
-47989
52352
-49342
39964
-17161
58542
-50816
56533
26252
-28796
-13571
-66693
-42688
-60424
21467
90306
-61822
-22382
-96980
80385
-75089
47735
79472
-11507
54110
-19244
-42628
-28492
88406
-6877
81847
19411
-8737
-97251
-76737
25172
71093
70460
46953
53128
39385
68780
86180
-14563
50115
-80883
46206
57532
82738
74087
-78271
42114
-5149
39083
310
43416
96160
69666
-52663
98737
-95441
31541
-7028
-41121
57388
-23977
66198
-89773
80881
-4845
58500
-72145
-31951
24173
65823
68874
73124
-11592
-73570
21759
87068
-51212
12866
43122
78967
-47583
7711
42081
-33555
88740
98299
-79774
13897
70677
-72113
96574
-4171
-94749
38442
-82902
98157
-55835
-75467
-67682
66262
25086
40145
65813
72808
78379
-11491
30175
-77179
-13396
-92141
33062
53102
-83636
61522
-95109
6987
-80049
-31434
52956
-76953
26168
1123
-72891
79231
97268
30817
37423
23279
-17370
-88927
-22679
77517
-38576
-13474
-46446
56273
-17382
73055
96817
-90639
-48318
-18407
54641
82572
56993
31281
-27652
7100
-74218
-64098
-7566
-16114
42705
-82515
-52474
-82546
-74178
91614
53109
-12741
85899
-28628
-220
-13543
51928
-66390
85718
70054
86907
92617
19463
-34972
26284
22262
-15833
10389
-79148
54944
1782
-20539
-68115
-38953
82360
43777
29269
-81200
-25578
-12571
58805
8837
43281
-67053
16968
20537
50211
7616
-39861
-50407
-95628
24552
7552
-11522
94389
-69086
18142
32527
84061
-55154
-66856
81220
-80898
-21270
-62712
-65659
-20797
-3964
65272
-64720
-35576
778
39373
65722
25046
-39171
-2607
64685
20602
-83452
-36453
-84657
43136
5981
-79395
-40797
-82031
7086
8970
72969
-76378
-15494
-75934
53696
89384
17135
65051
30924
72998
70555
-39059
94003
76082
-21313
81019
40289
-35751
54204
-35559
42795
-52420
68970
8318
-976
-69617
32072
69063
-28068
53422
43085
40677
-30458
42583
77149
-22299
78585
-75768
69783
-79653
85520
50230
75595
23210
50234
-99481
44425
69361
-9250
36397
-31020
21717
21208
-94977
96886
-66457
-51744
-31051
-53779
59058
-21876
-15584
-40893
75428
63340
84803
-53061
-54698
-49389
-75662
97063
72634
41205
-1530
12439
-42400
75884
82554
90412
-91291
-96811
75814
4746
25080
2711
53717
-27413
3082
32835
-53243
57297
-65966
-20649
82874
39700
-75782
-59299
-59841
-77159
-35223
-21135
-24838
-61469
-3794
-47649
34859
73923
-24378
17962
-89407
-84245
-22774
41450
5785
89505
31224
22861
-68588
69775
68572
23230
5715
81398
-78438
81186
-52719
-63869
-63269
5631
40222
-30150
-86254
-29193
-85708
56591
32938
76019
43640
-49580
41934
68891
-99250
-49077
43220
93889
-8487
62045
-20346
-26531
67214
-91100
72719
85043
12596
-36125
-9153
11601
57082
-4011
23227
50804
29428
86882
-380
-98230
-51852
53550
49890
19411
-11519
3340
21356
3041
44087
-77935
6391
-79554
57722
2562
4633
33452
36376
12207
38489
76551
-13701
21529
-47947
-85113
44743
-98546
-60402
-96414
-60906
-8874
-33100
-28466
74957
52934
49930
59428
-84389
-90383
34838
-7584
910
51518
49255
-19771
29073
8085
13219
-56803
21190
-397
96684
78558
90620
-20450
-70161
89961
-97843
-85326
86217
34155
-95785
-96359
27029
66534
-24683
21465
77206
-85494
99033
61127
-99202
-93187
-23576
-34727
64473
-55046
-32078
52633
42329
-99243
-53140
88566
-88002
10973
54476
-20427
62370
4186
37408
-15356
-62754
93365
99468
35887
-31012
60087
-43810
-59156
10235
-5782
-7089
-66800
32600
-25125
-93031
20260
-5760
40065
-65105
73939
-30674
3448
39838
-63238
53122
-1946
-9666
-1182
61953
-46530
33172
-22454
-81661
27171
-14712
-55204
61629
-52828
-84675
66
-33813
97382
-55726
73490
21402
-19425
62197
-79643
74511
-10050
-36833
-87803
81496
78569
95728
-9404
-24211
71326
3623
7658
44545
81531
-60867
33990
-70741
-97447
-45089
90661
-81492
21010
6279
-9631
-7204
38883
94646
12752
60662
-63059
8784
3166
-37636
-43754
24723
-8267
-51896
73996
49525
-9064
-17423
-48022
36826
-29041
42902
-23757
-35857
67965
-66870
-86214
77030
-89267
-78244
-50396
43982
-64821
-46783
41350
-92595
43151
52256
-21144
-93571
33747
99002
-50581
90209
-79898
71477
-27514
-89853
17466
-4348
-25300
53611
71511
86708
-40246
55230
-58254
-93036
96428
-62480
15769
8450
43135
-76505
57285
398
-28111
87854
-12334
59918
-52427
63506
65354
-11394
-35742
82653
99293
-28527
-50501
77164
75757
-75496
-29111
6703
-22778
-84594
39333
-11075
-68437
-24834
-25518
-88622
-36085
-16687
90502
66726
31955
11704
-19831
92522
18781
-61390
-1929
10529
-40059
-50694
21344
-75239
3420
-67375
3790
-61818
-60682
-87965
27878
-68679
-4194
10840
2919
-28542
-94294
53370
46096
82783
12265
92030
84830
-37793
-91912
-56143
-73165
82135
-15372
64064
-87406
-17664
26633
-5532
-12857
61868
82985
-80728
49764
-64157
65177
41048
-90587
-46818
-90267
91528
-10123
31135
-94028
-88258
38922
79019
-88842
22781
34475
34725
17210
-33617
-52143
-52535
-48293
89198
37035
1729
-32870
18799
-89220
82215
23048
18763
-70240
60760
-31782
-26197
-51604
40305
-54177
97808
-26254
17705
-38323
-87875
51172
-29237
-58441
1089
30288
58958
-16805
31716
-19703
95186
-43049
29614
-76506
-28166
-93636
-34290
-56796
-92768
-59461
70894
40935
-84039
-51076
11729
37341
-14265
25102
-63259
54787
-16779
-27592
-35349
-21310
49746
46126
-87105
-85263
99181
36192
-41594
-48962
22985
56236
-67404
-4314
2621
31987
-49544
-77919
-66133
4680
-94716
82076
25498
65413
77500
-76194
83123
81912
-16710
-70068
31509
-78533
-5316
-84856
7381
-14879
37291
-39885
-35947
-38132
-85496
47059
-94401
-83172
85877
-28528
80735
-15486
-53730
55449
-53093
-68878
1474
