2600
97915
-835
-31552
-46167
-39521
41134
13754
-39943
33314
-58294
-28465
63532
22047
89608
-26737
36824
-42958
-82922
87365
54783
-12619
98926
-42100
10169
-63580
22289
84347
46593
-49825
4964
65019
78938
-68851
-37789
78586
87836
-93412
-64826
69304
61023
79655
-14545
90175
71106
79665
-20788
-37265
2649
-27570
8975
86327
11697
-92383
39047
50976
-25728
-48640
-31845
-19069
35246
-95436
82851
26715
-19270
51164
-28125
-47243
-46453
3376
-34587
-77564
-56172
61667
-47182
10577
-93342
-7774
877
15759
-80123
-62982
-54005
-73140
-4264
71766
-60942
63940
19759
29669
173
-81584
60125
41498
57354
6716
-84385
-40947
-21615
16310
57897
-12545
-85791
-59999
77066
-85893
-99480
-33015
78078
14039
48830
19378
-90736
95578
-15329
15881
-25942
41975
45123
-42756
-7941
-94984
-21604
63525
-94717
81206
88812
95073
-51394
59332
83520
4287
8234
-75668
-38260
25940
63799
-96943
10020
43308
72779
-51148
30805
92251
85231
23826
59806
4913
-55783
-81559
64334
76811
50582
-8933
-4293
92934
-19180
-13588
-4260
-70513
92297
-49050
97988
52950
-32444
88028
71099
7777
718
-49973
1019
9789
-91588
9756
65924
-93809
86292
-81787
89308
59080
39322
-80560
-94745
-80521
40374
-15948
23646
-40264
-64253
49503
-74257
-37430
14838
-30443
83570
-73025
99433
95218
-11389
-20020
54019
79243
52288
-50944
36102
-96333
38624
-32686
-80395
-90215
-72850
77970
10144
-62257
78817
-73790
-34162
-93403
-63526
-69122
-36539
24244
67834
-3882
-5448
-40649
-51107
40508
-98930
3027
-39050
88153
-6197
79031
-10105
75002
7197
-52386
-84162
89831
21189
13105
-86169
-492
-64544
-86646
-7406
38001
-87855
-28844
-10110
73884
-76595
94798
-80945
91510
63043
-52882
44441
-37037
-84634
24866
31017
37387
25048
17201
33701
24685
-70987
24064
-48976
-21484
91896
77233
-41380
-5935
76622
-68314
25549
-4089
-459
-31644
77995
-79786
-26415
-12590
21443
-20177
-19509
78560
-21509
-99577
58150
-55484
3440
37671
-70048
21471
25710
-5985
-50495
-82882
4299
-98085
-79869
8253
84704
54157
58525
3463
45221
-50934
-47378
-77896
95848
10609
-82621
82915
38826
99014
-69755
-26833
32278
-36323
-57342
-15268
21535
-39119
-60458
30244
34932
-90028
94453
22332
14819
45313
13016
44793
40711
-9267
-70654
90192
-61905
-3908
4398
-42954
94733
96944
-22441
-7962
-77800
79868
-52509
-91327
-18369
-71785
-78931
3023
-37047
65644
98414
-75229
-39538
-33266
20999
37405
-61685
16073
-3923
68617
-75802
-91308
44785
40293
-68545
-52894
80747
79937
-38737
-53801
19202
15166
-39776
-90024
16283
42296
-2295
-37381
-44004
-7104
65028
2974
-23012
17218
-56243
31059
-61847
-6202
-61223
97913
-62283
37394
89745
41830
85853
7276
-53335
-78976
35991
-8388
-92574
99051
83448
61136
-59688
-71780
35232
-25862
37832
85388
-41917
-18540
1506
-46711
-6764
-83676
-2617
26023
-54449
83674
-89312
-73261
-88605
66998
-83814
48775
-4549
62214
78529
-3879
19816
-70771
62456
-67537
35565
-11136
92947
31885
33318
-81559
86545
70031
18965
-69393
87097
95154
-34422
69101
-58929
34956
-79057
46014
88115
9756
31662
72474
-72361
64572
-49601
-31847
36891
-71373
77073
37207
-51385
-57689
-43436
-79439
-89884
30639
3425
-52181
-51657
-19513
-85881
67251
86235
-41763
-92045
10944
-45766
-96120
-75973
-33707
-62808
69912
-57657
72994
57308
35272
-27620
-47415
30667
-89904
97158
4926
-10397
60823
1954
-3961
85345
13126
73413
27107
-58417
-45192
-819
68103
-17634
-63091
56066
26371
72283
-25186
-28953
-52092
-17391
-82742
-68573
88178
-55044
40879
35975
-27335
32357
7285
-3716
80294
66399
16068
18506
65895
91356
-37674
-25209
-6859
-70356
-64474
-9382
73485
-66796
40904
-31509
-96295
95623
88658
71017
33646
-82493
43768
-36489
303
-51765
13878
33844
47694
-96772
73510
31077
-97102
95055
89777
-55487
7541
46634
-38494
16217
-83388
-30429
-35370
-23645
6634
37458
90256
95458
27430
9745
68009
50931
31608
-32493
-87644
-28363
-10373
67550
-33761
-91818
-68500
95206
-21018
79671
-39800
-2809
-82782
-46405
49300
-13089
-12689
-45391
97270
-54841
25227
-56549
52865
-94228
78122
51419
-46194
3533
-32346
93561
-8827
32467
-30637
-31405
70203
3016
-71631
53794
19381
64373
-21958
-62236
-2101
27037
34460
-87188
-86424
7311
9793
22018
-24210
68460
98761
33848
-21194
6646
-36583
-91894
73205
64080
-42163
-88591
67066
-62888
-30519
50308
-1197
26845
-3475
-14453
64144
64959
-73818
98530
20639
76706
-95839
-48377
88214
45902
94043
50112
-26672
-95897
1621
-46356
-86610
-81533
64035
75044
-80769
2413
-43038
4301
80634
-56970
71305
-17795
-50264
-34190
73945
-35129
-58849
-50730
19502
-70747
-4056
17900
70520
14337
-50366
-65872
-23933
-2400
88000
-29173
-46351
-9685
16077
-76183
-3766
-3237
84688
55737
-70230
33025
-43350
63872
63577
-16656
-37220
-62501
-28617
-43960
4230
-80817
2198
-49953
-84214
-76274
39906
86925
61327
-9463
-43397
-53676
-68382
36908
-41245
-30998
-25866
-24709
-18093
26789
31500
55175
69544
25666
90030
-52404
45691
38802
58901
-21590
52302
-11326
61674
98046
-56351
-39739
-89559
10589
-87323
7328
11554
48685
-61624
-52526
-76646
-39905
-46097
-15971
-27314
87244
-65278
96309
-23337
-80917
-19616
38340
-99351
-38099
71603
-88296
-89163
-25099
-13473
86506
22959
-62217
-83756
48716
3626
41964
-30396
-13394
40862
93743
-87890
-30836
-58100
35895
-873
33016
90040
99058
30490
-54849
-11499
79162
88791
-6085
23743
-91658
98951
50805
-18526
20560
-67792
35060
-1736
97358
64819
-32026
-94545
70480
-37693
-39254
-42136
-99419
18672
-69384
-32740
57673
-43935
-20946
-30439
-52033
74657
-67016
-77526
13895
26384
-57574
-82667
59773
-326
95837
-48322
-7218
-75644
64660
-76567
-29097
20226
-40247
10205
92827
-27226
-30327
-2333
-86751
12820
1225
-18962
-63960
-10736
15476
14932
62472
70361
-92846
-61637
-16025
-74417
-96746
-76529
95636
-40497
63940
81327
21187
-53601
-9411
-16985
90982
-59003
28008
-51752
71908
60530
3391
48436
-55816
-82468
88115
-78234
30057
-11287
-75907
43726
-32799
96199
-10877
-63126
-77779
82648
-93021
-67952
22224
-24565
31966
59799
44420
69958
-604
42390
61390
33727
81400
-86140
-40771
-982
-44801
-8321
-70722
-36404
53995
51560
84895
-32017
-47618
35435
73758
-91538
82941
46812
-38035
68272
-28172
43709
9029
-94415
34464
-10340
-10396
-71428
-5764
-85543
81445
-51275
-14933
-56570
890
-22382
-56066
72295
37256
-61974
90787
24984
1438
-20186
-64917
-562
-51565
-1644
-64970
97077
-32900
-23398
98046
90041
79239
-66617
39292
-38303
91128
-52923
4602
-99179
-29123
-43733
-63498
85888
-58065
29359
-56720
-64816
85864
64889
41809
-45222
-71301
-72558
34744
-91493
-48556
-11845
32353
55578
35181
48858
-57868
-83607
-36502
-30321
8104
-22391
17619
50213
-99630
-68947
15147
81765
-49266
-7273
-67471
56964
45512
77151
43186
-3140
75944
77906
-81015
-26760
93976
32119
-46987
6248
-64461
-96083
-30507
20917
98315
5616
58754
-32690
-67433
64058
-83767
-54879
-58697
-52474
-37692
68710
98534
-50704
-85740
-80811
-389
59704
54012
73784
95900
-97883
7773
-36773
-11584
-79162
-15478
-20897
-47714
-22893
-28665
81966
37879
49971
66723
75464
39101
-47401
87151
83068
45343
-97213
58522
53363
-7694
-92563
10154
-70041
-81603
57278
85913
-60879
-65055
-61643
56330
-52993
-59549
55915
21222
51171
-74408
59185
-76712
18761
-75092
13013
-44319
88257
85710
16388
73496
-70342
-56709
2505
-66750
-81840
72166
94003
27529
17788
9089
68245
31197
-9302
47467
11815
19044
-53720
55670
-82742
-52833
-23558
-19501
74665
-12966
-25270
24477
-96837
-67313
49468
78270
56420
-36775
-71264
-64062
95547
-91376
69441
23350
-77401
-86395
-98214
54652
-26078
-4133
7592
10031
-59424
38912
87963
63469
-65144
-50169
-82202
-61499
84961
28644
60086
16190
-24376
73731
53375
-37438
-4515
-57083
-6991
-98906
-75906
5656
-36918
-71593
44715
7601
-61371
-95902
-37751
62697
-72336
98015
-54270
-64975
-17893
507
36553
-81037
18028
-47903
-50181
-8889
74896
5829
9505
15247
-16500
-49779
36114
59760
-78927
-42212
-93578
43821
21742
-67525
-63195
-19807
-75521
-53722
50413
-60583
66627
-43599
-3598
-96244
35500
-50731
35888
-63240
-35824
-7461
-73571
76122
-29412
5860
13290
-31032
98407
-44974
28135
39215
-58844
78487
-71226
19237
-67278
-22056
-67593
-81494
-83058
-91011
-97037
99264
-79512
-21160
-1195
8164
-26413
32047
-20190
-74904
-94699
26920
82601
44142
20638
12176
74694
-85501
20822
48647
-16128
-41963
32207
89292
-13742
27154
2842
33953
84551
-68833
91829
-23845
-14658
-44302
45986
-70072
73037
33933
98067
-1604
85506
-34152
79936
-6278
-3323
69017
-52069
-46532
67801
-66542
-91621
-93408
-66239
23927
18869
-61713
-50817
95754
-87830
97162
40503
-50155
-8967
-89805
-88973
-5117
55220
79541
92160
-84708
-94352
-1167
55349
-3492
-35754
38791
75283
78190
63190
-46819
10248
19466
27708
-10033
82446
79720
98522
17267
47601
80607
41125
36423
-16723
50847
-63972
-20102
73141
-21177
-60765
-74349
54288
94756
38702
-66238
13662
-72057
13528
-54014
-78663
83906
54420
60327
55671
-35713
-24454
23113
54347
-58756
-28861
-48371
-71541
-60377
29136
92365
-83700
56849
-32924
-41117
55209
4370
-28813
-50665
-28317
-96198
66258
-25822
72546
86511
40781
64735
-14694
98152
-23273
63949
56329
87109
37788
-33213
-62180
-34616
-13261
76337
30961
-18764
73967
-30066
98488
-10496
-19243
-55965
-91854
-18056
40359
-27276
7323
8177
47839
24902
68581
-19801
-95049
97682
-27623
-30603
42213
23620
-57246
54447
-55387
7344
22565
-64545
-38930
-52654
3720
-37733
-53754
69504
-42924
38656
-57743
-68050
-91723
39309
31173
83742
77534
-56674
40217
-25950
-38711
54530
-80100
-83953
-56420
57788
-77183
-98176
73576
45075
14488
-74876
-68150
-77930
27128
-9947
54580
-73680
-40871
-70826
81670
98787
81534
76984
-3946
75876
33039
14729
54927
-52845
23492
19625
53429
-41962
5758
-91958
-41658
-37039
89712
61428
-12100
-45372
94266
-23053
33520
-69504
-45098
-2338
-90472
-10041
5995
-45308
16177
36543
62335
78388
95800
93011
97098
84073
-50031
-51673
53733
-17648
-76021
-57227
62881
-85256
61947
-44279
-83403
-51307
-43196
-87467
37199
-89359
13113
-90958
37771
-15184
-95719
-28684
36929
-24962
11833
60072
-97607
-85545
-98305
93100
52729
-37198
-1462
-97173
-16001
-71669
48367
-21836
-97333
70092
-69217
-68489
1300
8663
75748
38619
-22950
-26446
-78006
56510
-83685
7504
84954
13642
-84193
5752
-3647
70385
1070
3860
-73456
85445
9314
18649
-93923
-62987
77335
-3827
-3194
-32792
958
10106
-72106
-99537
83985
84205
-47681
-22549
-92575
71339
42311
-72837
34187
-94479
-24000
4127
69001
70631
6063
-20050
-1948
15904
-99569
-4496
-16825
85072
-16722
20697
90031
97483
72692
90467
-71553
18934
16323
-51706
-81743
268
-46854
6935
-59162
22607
41428
67450
-34019
-7031
37102
71301
16578
-56259
30374
-70349
-89442
-8401
64863
80962
38701
-24947
5664
-36950
79565
-58055
27228
-31238
65298
96948
-80756
82832
4278
-4696
-70215
-24396
-43346
-21678
-75050
64722
42584
-77750
23817
-9710
91344
22768
21130
91222
32417
-20939
-48604
51151
27608
1603
62809
7740
82805
84810
65059
55553
29243
78248
-492
6112
-56025
58036
-30818
94038
59581
35176
32047
-3116
99453
96104
4469
-27688
25909
-81101
-67457
-82904
9776
-20251
4804
42347
89548
-4122
-64772
48996
2537
29811
42476
-35637
-12099
-9657
73407
66442
-43643
74917
41360
-41263
12566
35717
-86971
-73258
20498
-63208
-39339
-59988
76661
-21958
89513
8447
67983
-56396
58016
-1686
-34676
-86230
-44755
-87691
-86673
-9049
-28901
7662
66333
44995
60209
-78430
-86954
-66129
-62927
11897
14846
75037
-5510
-35413
74073
-13042
29581
-92829
66710
-30471
88428
81582
58498
-59563
33374
-27872
-73827
5508
82960
92547
26634
-57572
-63850
-78275
57055
20306
-37874
-83587
21341
-26683
-13659
33633
83321
-38491
-18573
-93720
77273
-85186
-19134
-39409
82074
-61147
77292
36170
-55602
-85187
-35166
98656
28227
-8026
-50167
-61533
24318
76484
-18178
-62453
7047
26791
51131
88239
-41698
20188
99665
51871
-49845
-81329
-36715
25120
-65901
-45221
-17577
44485
-15033
-70224
48205
70886
-28682
-52000
-4465
92096
-31422
-28666
-35460
-39959
69648
-50605
62202
-64146
92761
79158
-32038
-66421
-96674
38631
-57063
4805
-54536
-28015
-95870
39208
-63475
-49446
70002
-34727
-15905
-82352
-3404
17239
-57602
-9167
-5558
43090
-17122
-85865
4685
84071
-64253
86334
-55189
-51848
-97064
-31564
-22960
39077
-29217
-64996
-1440
35497
-54717
31454
-94048
-51053
-44214
-82706
-61580
-1122
-98074
-20616
23619
-28240
33386
67173
50231
93740
93594
-27635
-61920
-51020
76955
-27527
-71240
11070
-88695
41683
17217
-9583
-58840
-40915
-7029
4445
39218
-46550
-78511
82741
-68850
89869
-14397
-81558
84514
60188
-11041
80965
20543
97328
35192
-71456
-32901
60636
-37415
-19423
35868
-93256
13635
-69740
-93840
-52535
10321
43300
-73158
57806
97789
5366
-71225
18537
40187
12835
-52962
21032
45571
-44656
-42667
-74000
-9556
71851
-27392
-4155
93556
8643
56005
-97736
-42724
-9340
11531
38062
17584
-35122
42513
-27448
-85404
90738
52763
-54668
28186
76937
30918
-11504
-74431
46640
7613
-12298
57879
68067
89092
43496
-38642
-64843
-29966
87385
69005
40233
-86148
78294
88653
-43407
-7765
-1200
-68316
-25536
3951
9798
-84193
25102
20750
-27181
96647
-78488
43125
-6191
72902
39152
-98385
-91223
76964
9784
21683
-52295
-40022
74295
-31849
62368
5671
742
-52125
-22103
9936
-10886
85953
37073
-96638
49918
34256
70070
-98396
-68916
88727
49119
33128
-82072
-51754
36834
-14416
78968
-86280
-94346
-69491
67300
-79322
6358
-88606
21510
76917
-98355
-29913
35662
60479
49828
-70134
1269
-50033
-35482
74351
90524
-37642
-43827
-93736
-46719
-48134
63051
-6688
75868
15470
5302
8290
-71908
7901
-72880
72439
-81159
-87904
17138
-9381
85110
-37425
75541
-16911
-72395
26900
53373
-37987
12726
79771
68291
-35953
-338
97062
15421
67616
16704
20348
69196
-99436
33370
-46335
3393
-8576
-60881
42849
-37780
-82363
-69492
21478
38147
90682
-17831
-13974
-22676
54440
36015
-1946
-83992
9006
20624
19176
20315
74693
26567
-15709
-80388
41758
-65507
-928
11733
-60504
-87755
-813
11383
30573
6085
59400
-46018
-32484
84145
64636
83964
33889
85958
12169
-52603
-39888
92751
52153
-31465
7137
-90409
-6789
5475
41974
75837
-35086
58236
13624
-82387
82219
44507
-45698
85824
-80409
26381
4559
76338
98135
35706
-62561
63996
93542
36690
68086
91534
-62288
99221
-77714
35627
-8368
37887
76955
-57248
-3178
90447
72837
79330
-88552
93683
45200
93763
-84833
-94510
13181
84497
-80893
98933
-29751
-85685
-60079
-19309
-8653
7489
-75288
-24585
-79461
12423
-40861
-31344
50246
-18539
-29392
37525
-16706
8254
-9985
-82861
-20330
5003
-67369
-8684
56076
57204
-79678
36525
91975
64506
60009
3557
-91201
26340
-56070
-7235
-72709
47508
-75387
-13919
-95882
-37244
89958
-49431
-50597
611
18589
44428
-592
97734
-36742
69474
18063
40717
-41229
851
90702
27795
-56872
-56990
-86784
81
36701
85008
-24171
84496
92246
-53266
-78884
35144
-57022
4226
-663
-96806
-61762
-77611
91218
85735
60123
-75368
47827
-59701
-21495
-24528
-60847
-64902
-57870
-40219
50684
-89867
-90845
80610
-52211
-95768
-17947
-43286
-13329
-51997
-53590
-1448
-80838
-95117
70435
90960
-94950
23260
-70354
-94136
85838
52854
-85651
16429
-85492
50210
29554
24819
9091
-2969
72662
97148
-2568
60012
-64023
-69020
-24238
-12652
22659
-25049
-8911
-16334
61497
30960
7352
-96089
93100
-7234
-36885
-47137
-74629
-15051
-37196
-97948
8728
89151
-13120
-739
78008
-291
-87738
-2520
-23900
28558
3496
34639
-92947
8282
93490
-2711
73916
48827
-69761
63696
-18681
68841
80250
45626
-10272
79809
-79102
-22474
-96216
-25519
74599
12357
-80160
-87550
14225
-31725
-58720
70242
-62015
-48048
-90848
98702
-25745
-98896
-85133
83641
-72943
13627
-5292
91419
-31363
66385
-61671
-4552
-66331
78206
74884
22795
14914
-98954
18745
97807
-93620
-87379
-51511
-80597
46693
72341
7148
-9480
-50923
-12939
-44722
-99344
18288
26723
17024
42292
77524
-27554
-83505
90361
90127
35914
50994
-59759
61021
-6264
17372
62802
77838
-40975
5298
98853
-58746
21168
1751
43628
25567
99769
84002
-93551
37673
18538
-655
26344
20817
13180
-36521
93248
-60193
-5659
66609
5131
-96551
-38642
-72234
-83353
-65147
-13012
6572
-96696
-66036
-20162
-37993
10308
-66374
41313
11213
-29637
86754
57491
26693
98849
-40865
66178
4750
-75414
-99595
-22064
-83396
-6575
533
79462
-19587
14596
28159
65778
84873
80495
-69502
-63490
41208
27875
-18465
83886
-86611
-90909
-96500
27542
25456
-9525
-33516
-51594
47130
3678
-63141
-52461
-97879
8554
-33153
95794
-72076
-26662
-21285
-63436
-72200
23960
39205
-20087
-14832
5660
65719
19026
-30205
-58026
-99989
-57129
-65481
-6668
22495
60386
-30460
39504
-14376
86006
-13980
-97862
-34686
88431
-88698
38109
96917
55031
-25023
30096
78100
95458
-24282
74811
-73553
95143
-21778
49572
-68471
46140
-66606
-10539
-41324
-55347
70202
-37012
53527
53592
31565
70463
-12847
91880
-47001
69673
47480
14059
78697
67894
29530
57330
-30679
52775
-84955
-60986
32330
-69086
94594
-86367
57703
-2439
-40869
-14704
-72663
-92331
-47939
-63645
49016
-27074
16793
71885
32590
11658
84965
-67617
7783
-52319
-36768
91548
80597
-31575
