2700
25120
-35141
50095
-24212
-24579
-75446
-49482
8917
83177
14677
-12884
43866
75840
98164
-60347
8309
94191
67231
3669
86785
-11311
61156
11451
62990
-47432
-71037
-34374
31811
-98035
-74967
-281
-63824
92239
-35385
7998
-66192
27511
91919
-34544
94775
-74052
-18805
75160
-92610
-13518
50202
33579
47048
-73842
71239
-98291
78543
-21372
-81081
-75168
-37168
-25775
86479
-52873
-28304
-9195
25680
-70968
7370
-17384
-15280
-36800
-87914
-89235
-34266
30193
2615
36019
-95598
12646
70880
75640
-61834
10968
-80476
-66375
-56075
-91783
-72358
-85563
87143
-79187
-9559
91584
16822
-30184
-62602
-29438
67224
-42286
-78169
22239
38697
38071
6802
-3774
79908
53404
-14521
-29262
-16130
76572
-41546
80439
51679
-32112
-75649
48213
-131
95133
13269
-84297
-98985
-75802
-84403
26215
203
-51358
17033
29114
-76011
17097
-43653
75209
58213
49961
-50600
857
83228
3093
-68709
49564
-37278
-19716
-56205
5969
-18394
-34921
43211
64582
89715
-52548
27635
59454
-44116
5456
-57104
88365
86564
12890
7325
-84576
51612
-7438
70779
6713
-38694
-25576
-44131
-61800
-28190
8800
-67735
-50858
404
88971
-66485
-39253
84641
-56782
-41668
74735
-29141
-21796
-7702
-87107
-8007
-40274
-32955
-97100
97812
25730
8934
65687
-52736
-66672
-60005
-39404
-46246
-89080
-65453
-65950
-47541
38402
17827
-33341
-40346
42253
68083
41705
-72860
84708
6984
20533
4217
47615
-16210
-16166
-31534
-13947
-90239
-74592
-8722
43422
-40680
31685
-96554
-81945
-6257
4030
-19718
-41793
8752
-85605
-48278
-50178
-76291
-12344
31278
5574
-1507
-91345
-37374
-83343
55073
22587
-1231
66666
95921
-20296
97292
-38505
14679
82710
-11513
27060
63208
22349
-64463
-20293
46538
-9446
-42033
-4033
-20313
5543
39507
33689
-91795
1992
20286
-56839
-35842
-6174
21263
9438
56827
-27354
-87002
-13408
49768
86139
99258
7914
-70468
-83910
-83916
46790
80712
63890
-7770
64209
51841
-28020
-44309
-93043
-59348
-91606
-58213
47253
-93531
44392
57259
21675
-84277
15332
-68896
30893
-1013
87897
-26706
41959
87496
-29497
-27279
90114
-24732
52719
93831
-14247
25646
87610
-64056
-49748
93416
-58759
43235
36205
-19405
-66041
-59178
-42504
81049
13963
-47159
-84704
20855
-74278
-95864
-92
14725
-71239
-19941
46977
95620
-96896
-19452
59489
20675
77914
-96043
34609
-60275
40040
89771
86544
86514
66245
-15477
47331
-62928
-37916
-51881
4421
41279
67350
61100
-20132
-54218
66345
86811
44679
-99683
-72342
-67325
25267
15888
21578
-13624
23373
-5108
-82658
20146
-92206
44249
51584
5348
22914
-18348
-87469
-64906
-89742
24088
-69404
-75342
-53503
62665
29229
-32216
-75294
7228
-61453
89838
7512
34246
50447
-8776
-70655
67360
-87031
-9200
-69047
52596
-8865
38001
-18817
33094
-56154
-35450
42500
31042
44360
-1798
-30304
76638
62123
-34949
-28434
91499
-45581
-43375
37112
-34498
-19299
-30123
56221
-35531
-2228
-42929
24367
37864
-61023
16880
15705
-70098
8771
-34840
-84995
-5879
46398
-50715
38748
-13457
-83513
3370
-273
-17291
-44066
-74809
-42798
29338
-74420
49594
6432
18798
-70644
19426
94874
16350
-57146
57500
-85568
4892
-55690
13821
-43710
-65297
-16981
-39958
20176
-11756
-29524
97942
-75698
-86896
-44939
78169
803
70355
-33505
-53462
33009
-44470
53469
-11271
49887
42434
-46494
77803
-40879
-16780
9184
-1741
98553
-55887
-73556
73482
-73337
-86741
55742
32138
73404
56925
55636
-86419
70236
-48040
-30539
89629
66498
-70612
98003
76727
-78707
-54033
-3574
-51487
-13000
11053
20165
17604
14664
74092
80895
22056
67294
-3750
-46105
68843
-20884
-3499
-57251
9182
75716
3671
-8422
-44996
44492
-39044
14892
13448
14670
20850
51038
-49662
-67476
-2820
64182
84165
-49615
47522
36823
-51520
89346
93049
40455
82127
-1741
-58293
-52213
52469
-28746
60962
-13265
29368
-38354
54902
-36126
-32999
93217
-7952
55101
56495
48140
-42406
3428
67871
-28143
77478
8197
28730
-38516
-43304
72382
-14285
-93501
-77040
55387
7291
-91397
17208
-73603
11515
54823
67526
-68842
-48594
15356
-7058
-61616
24280
59680
-37720
-58739
-92890
16256
1561
-24055
51235
33153
-14687
-36388
-72043
8078
69504
-26788
-2254
-9712
-89947
-78752
14786
-44548
70997
80287
-17262
75781
63860
87734
24210
41203
-46093
40648
-16244
-55796
92759
74624
55041
-57554
54178
81266
-51614
89598
69280
92191
-63448
-60421
37327
-25961
2128
-84308
-28948
42937
-36361
-90312
-38058
-71338
-94195
-60012
-84383
-11596
-41927
-27946
-18630
-78866
-85943
-83863
-55118
-80072
6484
61465
41449
8705
-38353
68046
-15720
31601
23304
-5098
-63302
85714
-88478
1563
30104
-15157
-58643
-36812
-37392
-46522
-43263
68118
-98687
81843
-64649
-661
73846
-68186
84324
36027
-62868
-15652
-49485
13831
-55006
75867
-72930
-27211
-17732
-92681
70281
-923
7924
30640
-93893
-51679
-50659
-6087
89273
72947
-91883
67604
15873
-96367
3271
49048
-89952
24500
10074
-60459
50352
-2873
11962
-69170
55218
-53830
-37631
65124
35716
-23307
-66495
52756
-57473
-25814
38641
85911
-91153
-34109
36401
26152
44847
75131
47099
58850
34209
8073
-6936
-54777
-54968
-37002
-33764
85341
-89278
24271
66896
22386
98853
1463
-90438
-5695
69492
-58348
-99365
-24339
-75203
22825
-69659
59626
-61869
82756
12870
25915
22628
34126
-77931
35349
36150
-74240
-34152
11683
-12798
75381
-74576
27683
-85011
-73318
15585
39150
-3873
-48319
72898
39508
97154
44757
79741
-83611
-5799
-10584
40644
-94259
75834
-91224
10641
79703
46762
77873
2839
-69550
49555
-62276
-14454
-20527
65828
63476
-824
33547
-92731
60969
49571
-30237
-38602
-99810
-49716
-77053
-64189
-2692
90461
-63903
5158
-89622
-36734
6692
51129
-17100
10949
-46433
-79722
-80856
-17931
8955
-40371
32192
-39309
61236
-5759
8121
-44263
37114
-63649
-6654
-70009
-20681
-18564
28432
-70709
89392
-29302
-48690
364
76677
99575
-5006
-69100
-36270
-80413
-61845
-19497
54072
-86789
30390
-59804
14646
-44489
84432
-52537
67504
94700
10374
-55976
11666
-11378
6632
80004
35278
-23930
45084
83509
-37887
-59540
53518
65697
-61965
76514
75013
4844
-50627
41676
51537
13819
-41595
-26961
-30047
-9258
21029
82469
67633
-80135
94890
26618
-60320
-41096
76408
-32601
-89761
19724
-26549
-47960
46789
-10626
5656
-17412
83200
-91730
10770
-96583
21415
7680
22280
76681
47658
-92764
33451
-84411
-38165
-74175
90670
-27668
22181
-69378
87750
88896
49034
-32403
98257
-37635
40236
23891
-6957
-71625
-34991
-84008
17179
11663
21097
88584
55108
-45871
-71973
-77437
-46697
86701
50811
-42617
-41394
76624
-5863
-7016
1267
-4129
-42125
41098
88103
72784
-99126
10091
83263
34596
-84783
-12529
-95671
-28667
6210
-19272
90028
52088
-28724
-99358
-95571
72126
-21337
-62551
-87922
-89203
41735
-26920
-80687
92966
3758
57743
49498
91539
-1828
56400
79154
43583
90786
-21082
-75352
-28431
13077
44786
-41774
15334
-38179
-71277
42353
-56117
-87699
61105
-15758
-72172
-82419
-11353
17617
-1732
-86254
-88309
-95656
-59495
-34704
61018
-45690
34395
39142
98693
62346
-47263
-99817
89298
24110
-24009
-43591
-17871
-73391
-86416
46118
-70884
-67571
-33507
66704
-59735
51959
-68057
65106
65647
80260
-22514
15329
45267
-57016
-10818
95137
-35858
88922
65035
-98604
-97956
-2796
-72182
63149
-55004
73527
91915
51523
3903
66411
-92618
-79775
-88441
6307
17409
-31046
-32771
-96929
61131
-59655
823
-25077
-97896
59383
-81564
-8763
31210
-69178
54141
-89604
-8584
29418
76298
58356
-86963
44007
-40050
40741
-2624
-394
-42351
65283
-60404
44049
86728
-35111
-87413
-99218
-55774
65423
57940
-21880
-99727
-92406
14573
86232
21620
-52750
-59281
-59933
-12419
-82097
-32971
83885
-71037
-62899
85760
-18101
12102
64798
50667
99862
47195
23870
37765
-87557
21587
96018
-27504
-58640
4300
27178
73877
20289
-89517
43941
-96606
-57656
-49676
61044
73954
-78597
-70751
45047
-90729
99615
-96709
45699
-92810
25947
-99841
-26491
-64162
-11673
37392
-82240
-40393
37539
541
46130
46308
-15164
-42002
34644
86756
-51543
29905
-85183
-18550
-85300
-98213
40750
86423
-79980
-58019
-22889
-56783
34631
94501
97019
-69182
-91492
-51091
-38595
31024
68654
63333
-71252
-26444
33549
75928
-12260
-43687
-59985
-47363
-41613
81299
11204
1629
-30592
70650
44391
-44197
40581
21409
66032
-41243
87893
-96169
52134
-21578
-78504
-34822
-62062
-62395
86252
-9550
-5074
98445
26854
-32879
-21443
33338
-42698
64133
13748
18669
-89048
65656
-74602
-32660
3399
-92347
14109
9257
-11300
66390
11604
-45011
-33132
96286
77250
3809
-5953
-9424
-68672
24057
97013
49275
-724
-5634
14099
10402
-70282
-15370
43619
-44740
-74473
30513
-81574
87653
-80798
75315
18426
43327
16755
94841
-97512
-70135
43331
33898
16888
12825
-47906
-35621
45460
-17031
68651
-59137
94844
-39652
53290
-38550
-57065
-72708
64509
-77056
12039
-52719
-59619
-96450
-74645
54255
36589
-74204
-10754
8573
-5845
69822
-41828
-44723
73347
-84146
93157
-23075
-97922
81688
85626
73577
-84201
23818
-9052
-48085
88686
-62587
-7339
89137
-39082
54476
-89978
-50856
32969
-78072
53503
-34774
12475
-76747
29493
-56942
-55669
41837
-37683
-13832
-10666
38927
92607
-56003
-86874
20556
78550
99284
-59896
-22130
-82413
51835
70012
33092
4145
-31083
85445
-71282
-73276
93158
-13665
-13822
-20485
938
31376
51545
-252
90322
-4905
-89990
83342
19356
3393
45152
-95318
94798
5659
80746
43659
23374
-74430
-26625
-532
33
-4202
-53797
-25583
30462
-30899
43579
52197
-63730
87267
-8351
-88318
-26557
1967
35844
30544
-62446
-68271
79576
79236
-74290
39688
-52811
-22070
83491
-13216
-27865
-5571
-89429
80584
32721
96531
90992
-84734
70462
-26922
14655
60403
-34682
56013
-16859
-90854
-73255
23993
-48183
-1186
62059
-83397
90917
-25345
8188
-29165
-41054
-79057
48002
80707
-99568
-35334
96950
1426
27135
-52768
-70984
-60180
91901
-10173
56352
-61274
58796
99067
57954
-3680
62142
-28729
69277
-12604
79696
42015
50304
98986
10016
-58011
93017
-21410
1197
11961
-95556
-20423
-97814
57451
-31668
-56405
40542
-15157
-75799
6043
21659
90269
-67338
-22939
-52456
46569
-90747
-13310
55853
-45138
84386
23750
-14677
3767
2233
-34366
-38442
65861
36709
-95095
7297
-3413
-72491
-8304
88964
-84679
-31331
-81425
-37541
71504
55703
50628
89182
67669
-69388
91830
-86632
-7871
49827
89623
-64569
-37164
-77541
-8413
-30672
-77975
-32183
-78427
83100
73509
56017
45369
-24846
-59383
81219
-90388
-79630
-61017
26012
-95233
27788
-69262
-39370
-2293
59867
-3538
-47603
-66178
66689
48262
-78354
-48509
-83233
-67524
-32322
-5440
97585
77563
-77532
64953
-17659
-59640
71188
-54446
96598
91927
-3847
-3727
40201
-78022
99454
2562
-54077
-40204
30266
-27756
14053
91244
-24970
80801
62949
-32963
-64101
-17621
394
62954
51965
-61951
-40764
-92945
-23810
94369
-4443
-92110
-65760
21303
81472
-33448
-149
36100
92380
-21259
-53897
-58214
-60971
-35109
36695
85315
-99056
75603
-35998
19137
-4391
-32086
-52449
77361
-79397
-40734
72396
59401
93307
14154
45899
-6912
-83823
-26520
-60118
-91763
65987
84562
12813
60039
45952
-70820
17146
84651
21718
-51029
-41087
-16452
881
46696
-41274
92869
93361
-48303
-27923
97146
92774
41961
-78816
20797
98731
85776
92480
75388
33436
-38611
-6427
-27145
25141
97543
-5932
-29921
-39736
30643
-33668
-3174
31259
-58968
11885
31587
-67876
-95570
82262
-49329
-54847
-8523
82425
75690
-11840
-57534
88301
77632
-19736
-13756
53711
-22921
-13541
65733
25735
-79847
20328
-70596
70578
-5648
26505
72063
87537
-53302
-64330
59733
5901
58717
67875
76393
39173
-72445
78493
75099
31799
19878
70397
58545
-41561
93175
-91386
-76053
76526
-24553
-49567
58228
-2303
13785
1970
90548
-38499
-27489
31190
80899
1228
-78176
-27781
311
98199
40396
14173
-39778
72265
-71738
14617
-20665
-74149
17936
46895
33723
96961
-40443
-30695
-18615
-56752
2431
-12734
84287
-60662
25432
94501
9141
-91704
67918
-67517
72131
98946
6272
49344
-73134
-96194
-74283
-22117
-40176
40147
-27588
-39416
-59139
2457
-23603
-70868
-86813
81136
-47537
23861
-49566
-17303
70867
-42733
-76119
-25324
47677
-76202
84801
81447
-49630
-10715
64771
-61433
-37427
62616
67818
-34058
-98340
68531
-77309
37338
12424
-3520
44481
42662
-36094
-75832
19885
-79641
-46216
10669
-21830
73389
26678
-48089
-75594
-35308
-84054
55897
-77091
23854
1856
3151
20296
-16882
-80148
55895
33091
-28812
-33210
-15431
-28932
84240
-19506
-85997
91798
74741
48977
-93866
27229
-61989
95397
23575
-12908
98896
-49394
-18029
-1685
-61891
-84029
30978
44173
90961
-76342
-68778
-49515
2956
-82496
63824
-78112
87722
-40011
-64641
83261
-54806
-95436
84759
1601
-25159
13792
78698
17400
75008
-63687
66629
-10442
-53753
63870
-93142
92747
55748
-70739
-91355
25748
-7036
39462
-89907
-85522
-58379
-92115
50457
13830
33870
-64882
-99556
-29300
30875
89819
30878
10822
-53720
-5359
39513
-12799
40521
10009
15501
92962
21893
54442
52032
72986
-37155
82315
-42474
-67912
64572
61430
36232
-18536
26812
61721
-38076
36217
69714
1398
-64799
-29459
94168
34601
72509
3433
58934
12874
68342
88572
-35732
-76632
91521
97245
-5635
56310
-85206
12508
-59653
52098
5224
10043
91564
-80416
-93604
86358
-73194
67109
-26650
65597
-66516
29839
3108
1314
-83947
77250
-20472
76397
85525
68973
13397
98414
-67558
-43381
-24906
1386
54501
-19834
96507
45910
-35693
71478
85425
-6174
28424
-76666
78108
51116
6711
-3337
-30061
-45483
53839
-72705
17913
-33167
-4347
32073
-48941
48024
81658
76192
-60277
-38567
90634
18662
13504
4110
-95759
-15490
35784
46667
-90471
-38006
76163
37744
72772
84430
-4195
-53794
-24558
70131
87711
-91066
55984
5480
-38541
23133
48541
83299
13682
21612
95450
-28219
-9749
-27005
12142
-49444
-95437
42510
8275
61698
-97308
-85057
32384
-53534
2548
-57557
-67244
55707
51506
-80399
-164
17853
-64418
-41900
41793
-96848
-17498
-55382
80273
-44429
-34311
-43090
-11800
-63038
56074
-12176
87994
-48303
-12765
10412
28992
-35594
28515
10359
-71299
56227
-51114
-5547
14764
13008
-8977
49576
13256
37815
80868
40515
-83401
-29447
-50842
-64995
9684
-24866
89084
-52191
-66280
27194
-67653
-94814
-6940
19563
62820
67500
73325
-32834
27354
9270
3524
71025
31486
30067
-24831
-43309
25769
-18617
3916
55432
-67515
84247
-11897
-43927
-97528
39353
-41381
-43384
91279
24203
-4002
-5168
10451
88735
93982
-437
52042
57108
-29939
80894
71516
88768
52424
49775
2880
98057
72261
87111
6451
-30509
-51367
27858
51093
52371
-53468
38818
79968
66306
-61414
-52204
-18171
-74514
69166
-12502
59557
-13270
-15843
-38953
84584
-17946
46484
37082
76990
-42791
-81794
12226
-54352
-89766
31278
65103
65890
-27121
-88154
-67207
-22937
99132
98690
-36598
87489
-88579
18308
-83674
11572
85647
12157
-77525
-55547
-14968
-75948
-16589
-40876
-7065
-68298
-5834
38931
-10554
77402
29709
81314
-72660
15279
15633
-90743
21311
-13723
-16414
-16495
-57834
1493
36996
95743
-42003
91982
-21917
-20498
-82958
43773
6007
-87352
23996
-89544
39426
17568
63387
-38809
75190
-20881
-89526
-65137
-53323
-94678
83713
-47492
-67216
24380
-99929
-81013
48944
63461
-40091
65746
-87757
-18641
28054
91948
83822
-63352
44122
70820
-42446
-11199
-97142
-32579
-16983
-61150
-87611
-57381
82367
-54681
-48919
15442
96861
-97508
-9314
-26614
-23024
70288
-25140
-6453
48008
-88647
25197
-91541
-18499
-56412
29052
-12399
-50644
-58666
-15092
87333
-17280
18309
-55754
-82922
70731
-67540
-84565
20999
24691
69775
-48088
96471
68458
-15221
-97337
3979
-77419
-28648
51505
-16869
-2802
-97889
-37839
-40938
-90235
114
16164
28722
72961
-25044
-3123
-56652
65604
-61657
80773
-13384
-77747
51539
-71857
-62178
87863
14201
88585
4625
-23489
-35763
-56321
-83723
-33053
55081
-60646
6892
36197
-66260
70134
65093
26095
56622
99345
-61437
80
-36130
72478
86661
28068
10619
3642
-35689
94482
-79829
80502
40468
-80848
22971
28882
-97355
-95551
64628
92875
6011
38878
-20842
85964
-8139
87474
-34316
92864
-48210
2782
-93588
-81209
-77577
-92034
-41984
-49978
84812
-26173
-81898
-19495
-77466
-54401
31176
-98204
-12515
19968
-18967
-89017
91383
-81773
-51883
-49425
56209
-66070
69428
82761
23656
76696
20619
50962
-71676
-35912
87422
30603
-10493
37614
66598
88648
76670
-16891
-27509
-13722
-8294
-18120
-7298
34396
-97747
86092
-36330
-46229
-65590
-1318
17093
63279
30187
-83541
61590
38232
47994
23164
-48763
-29390
19004
-37408
-47046
-92001
-58790
-88955
19684
91367
-83186
-73266
51054
70502
-15130
76256
94369
41763
-79368
8441
-12778
22785
65251
99322
96470
94671
52157
-65979
-26032
-57798
-610
-10751
52214
-8158
-11704
-31238
-18444
-92535
7282
-4122
-563
12328
-15889
10626
-35628
-45988
-79616
-15909
54917
-60098
-60173
35945
-60930
10000
33525
-81450
74781
71890
64443
-21604
31159
-36939
76873
-67445
51633
-59609
-9186
-37270
67903
-18739
79228
24438
82807
93903
-65961
10822
-68591
-54196
-998
50830
-92355
-42386
12176
-51966
57633
-81703
66421
-17134
93038
96061
-27686
-57388
53342
52427
-51217
2624
-99572
-4539
82416
-78956
-96209
71213
-22865
-58088
70196
-30241
27770
-62980
-92488
-96325
42600
-1379
-85473
-81670
-96315
58406
-26604
-3742
3671
-53613
23197
-6508
50957
-37039
-19879
-33597
-95421
71170
75865
53759
90868
-43428
89177
99823
-20867
39857
-56166
97758
-38390
52041
-49443
35180
5535
21163
-10819
18020
64773
-22533
-81814
-7890
96911
-20675
98174
-1573
72776
16759
74493
-71138
-82502
-74891
-55314
-90406
78429
-28378
-15728
-91946
-48421
89828
75643
-53746
18492
-29231
-94571
7779
31283
-75172
28397
-40718
67652
71459
-20873
7041
15248
78451
78628
-23530
-88705
8874
-18531
42146
-76600
-23234
-21347
7323
-68704
27734
73449
-89433
58236
44118
-66004
39156
3461
-34056
-4173
30116
47128
-21994
-14783
-20378
88630
14852
51664
-44896
68047
62745
54949
28616
-65434
81295
-86002
-92910
-58720
-14080
-6725
50115
61103
-36720
37495
-8027
37462
34730
5377
5331
-47848
-97502
-32885
13556
38721
6714
54350
35908
-44848
