2800
-87013
13983
-8361
-45999
-46854
-43883
41374
4612
84735
8581
-95067
-90828
-8211
38484
-23412
-69040
12482
91304
66760
9376
-37960
68415
66104
6065
-92249
-98259
72086
48475
69255
11952
22408
71468
-65004
41009
59414
-17421
-41782
-16166
-61129
14314
-44144
-27186
-31996
80513
89649
-67895
64334
-509
-76923
-60650
84555
-30937
-35218
60391
57835
-70602
-72962
80148
-67511
-63853
-55818
97139
-79876
37164
-95831
77392
51278
87548
84736
64521
35396
91834
32214
-53623
-73124
-70175
13699
83551
-37995
-63267
-80458
-18822
-69976
62159
-24132
-73853
-61612
-19587
-12707
56279
39191
60377
39397
66592
-85128
52204
-13184
-89137
22657
92767
-63617
-43593
45835
39782
-74121
12361
-90447
-12086
42184
-33624
-37849
29137
53307
95976
-31901
55947
-43579
77608
27513
-31428
-19992
-46327
-64828
-50079
-6151
84874
94208
26273
30588
-81470
7221
-35631
81643
-19783
80974
15652
-16298
-64350
-95352
-60114
25444
-77895
39750
-46381
-86921
57397
-87679
-18544
36782
-72789
68316
77221
-40380
-98049
77205
-90018
-80235
87367
-41192
2621
-94655
-19778
-69650
-88122
77033
-86623
70546
-90713
94231
73449
83940
40961
95034
-46106
30519
91095
30414
-25419
-80251
93970
91610
23454
36994
-35090
-39789
94476
73933
-35643
4958
-16215
-78461
91318
41587
75414
55534
18098
91165
-26876
27803
57891
47773
-86030
-8567
-37768
-1553
95171
-77315
24017
-9756
91451
24307
-61116
33902
4118
-51346
5962
68986
-29115
79601
-36150
-21064
-27002
56326
24703
-18762
-54178
-43525
16328
24298
-46410
82989
76876
9678
72527
9916
-42745
-39002
51684
-54434
-91210
-44515
71643
-18801
28251
42701
65575
84710
-96659
-18018
4029
85251
17248
56966
-81488
-30555
87564
-88466
-56533
-79784
-87299
28725
19083
-27189
79190
44877
-47721
28607
-32606
67651
18524
26332
61113
78365
70633
17054
40907
95260
2596
-16340
26316
-81567
-57400
30985
88572
97004
-62852
-13981
55057
58431
-41136
94217
72196
73697
-32298
-82950
57653
-11650
-39525
71961
-64580
77676
-14975
-40068
-30963
-37688
79034
-59805
-83065
-32513
11427
86149
-36199
-51799
80187
19462
-68655
52815
62846
-39162
-43709
-34995
-14366
13523
-82926
-56109
-48851
2110
-93282
-98555
-61583
-5045
-91190
71810
-83483
-56574
2600
-91326
20386
-28894
24772
-13991
-2057
-56587
24522
-20264
-92951
-86017
-58027
-94638
-25398
-13872
-41772
94780
30644
53625
70747
86190
83107
-1125
-25468
74118
16108
-27749
-1537
-16788
-8738
45489
67517
79407
83636
-95904
-61003
-86066
67315
80000
-79854
77460
-91546
-96777
48249
43226
-51404
-25402
-37318
21936
78811
67199
99602
-30121
-16309
-76012
21723
-5211
-53983
57611
29009
30091
77758
3855
-62783
-86220
-18812
69024
-58288
-22461
-1363
-12823
24165
-43969
80327
-94734
-83020
-49781
27280
-93268
-43672
-90034
87082
77354
82028
-72143
-67398
82607
8599
-64698
10595
-66590
77234
-4346
52762
-9378
-52826
93747
37862
-41178
-98105
88284
86583
-29387
-84361
-79617
71328
18164
65912
-39736
-23823
18757
37330
97336
-68811
20156
-90019
31393
89157
-94482
56364
52557
27143
-18655
-14250
-73921
28871
91043
-65118
-54895
-59985
24374
-56242
5756
-64666
-89496
-32132
66294
-55869
42498
-76294
-44042
24941
-28778
82412
69715
-51119
12859
-84136
-23286
-93442
-30378
4046
-47586
-8160
-89458
-2510
79578
66199
-49823
-61656
-78094
-98893
66005
42138
-16632
-31410
10566
-47256
28618
-69562
-29410
-2003
65208
98006
9188
-62293
-28093
86865
38699
-33454
-78511
-37894
-56406
55794
24990
-44286
-27732
-67270
24316
99295
-70754
-70484
93946
32709
47046
-40289
49315
-42749
-56877
39088
18974
70589
27599
24198
32371
11266
-96976
-48063
91885
11529
37262
-66369
-81318
-3891
18800
74826
89391
88834
84863
3297
85512
64498
-31780
-64798
99278
-64263
-1651
-74287
-58638
-67623
99410
75847
-68779
79611
97494
36857
-92406
-59901
48129
98788
66291
-96754
-86678
-71022
82056
-94901
-87446
98572
-73802
27379
-7540
-96099
28835
-44890
-27424
-90754
-49264
-51932
65007
56483
-6760
97572
-80376
-65311
52757
-65644
-48135
90938
61602
-59154
43353
-9337
-25606
83636
-30526
-32576
14463
5384
-90531
-30357
21271
-92950
-66090
-12193
56497
-86514
88046
-87692
-8858
-9639
44014
-46006
-45254
75704
-57351
-62542
43585
-33059
-56517
3772
82206
74455
-4354
-30947
37159
-88051
-11941
-88899
22500
69143
42445
53403
-53642
97594
47393
54238
-91179
-14467
1417
90105
-32078
90284
-70447
-59463
-32773
42473
4713
-6034
52029
-69783
-42592
48820
-36445
48978
38002
64285
73948
-23952
71480
-75396
37339
67342
-8387
-12272
-99912
23671
-82063
56588
9332
75657
-19721
-73473
74649
-80590
153
-73883
54528
88650
8667
71817
-65300
-77619
-42323
-97195
-88300
49779
-26375
-80712
-90370
-94674
-35491
11762
92999
63168
24819
-95105
53055
86838
42379
-32354
-33743
-35900
-46726
-86532
-55296
92158
-21108
93762
2028
-43407
-45228
-52360
13108
-54756
-77659
42772
-73450
-27762
-19431
-35485
59442
96477
-97714
-20397
12685
16064
-93007
49179
-44816
22922
22770
-99769
1200
95812
12951
59043
-57335
26469
37356
17539
-30620
-45520
94936
-29778
47096
74474
-3892
98405
47308
56631
-88236
-61357
-35750
57425
23952
-65134
-71344
-31005
124
-96937
-5648
44168
-90070
21308
68823
93339
93714
-85591
-2854
17466
-80192
-34211
40396
-89764
-597
-94946
-65764
81740
78502
-62085
94427
-23550
22831
-52165
-49252
49628
10085
-94172
83124
-71938
-67881
-94615
84577
-81341
57208
-49551
67207
59486
-94930
-59136
25685
91090
-34167
-32124
22983
5066
45009
-89090
4036
-363
95032
-90805
-59545
-85566
-6610
-16625
62171
-84139
38612
14909
95391
-56413
38024
81860
-8983
-52913
26271
-11751
8423
-94111
39984
-91875
35680
66944
-85171
-46420
37177
28428
81293
-5950
74580
22170
-77883
61705
91859
-79027
59797
-87549
28410
-11891
11678
-74352
73522
50855
90257
16605
48042
80577
-80541
43561
-3880
85816
-79715
-46987
-29794
-46056
-56433
52232
51335
-36425
-78044
-70948
20336
-84690
45969
43752
3523
-19659
92327
-36213
-9697
31898
-80759
-57646
94164
-24162
66615
99558
16010
52204
-3128
8917
61441
36535
88246
83771
-6606
-12113
5715
33676
10197
-5473
61338
-26367
-32196
-4186
-59359
-70435
35036
75663
16490
-70181
97900
-45616
91864
-85066
-22169
-62948
3518
-30380
98411
64037
36371
-81584
9731
76849
80514
-87901
-28350
-30888
33374
58030
-9018
25368
67187
-80730
53276
38356
-70921
-12836
-93054
-56529
-21216
-63320
-38969
79681
51855
14641
65039
-71243
-40022
80860
-55117
-93889
80199
84623
70853
46908
48195
16353
-5583
56551
26099
83616
-99586
-26187
-1550
15678
-42508
49039
14298
-5736
-84840
-5718
56590
-54812
-91565
-91900
75635
64055
-13967
-1604
95742
-84623
-32572
96334
-61016
-29242
80425
3179
-51393
-38615
-58270
47409
-81706
-49001
-61853
-8436
48413
-85251
20648
18152
-20917
-72314
63555
24658
-3849
-49531
99188
75306
-63802
-94724
-66768
56327
-88897
17351
-41148
-78489
82363
-92696
-18989
-60655
10232
-13968
-75973
62282
-33204
74246
-2666
-57425
-34314
8471
50652
88373
52048
66202
1894
-24837
11040
-32706
75405
-41079
3983
89651
10929
14376
19121
77522
-77482
-2595
-25598
27562
68712
-88573
52978
-52760
-82209
83204
18711
-57118
13373
-24588
-37822
-17472
-73803
4106
60460
52423
34790
98043
8718
77571
83588
5173
47951
-96175
4056
71157
-73320
35078
55262
28037
-77308
-86976
28876
7062
-12685
80903
-10190
13493
-53379
-19873
71804
-97427
53636
14828
78613
-74694
355
834
34086
39973
12163
-20087
22780
84737
-88564
-13495
5960
-55552
17143
-68136
-40129
-10318
-23998
75933
15330
-15588
-71555
-64320
4696
-60431
98626
-86288
-23049
26736
87170
91600
-13215
-95783
-41159
-86081
-10421
-69235
-77821
-64062
92185
-13119
19017
45073
-32859
50334
-25453
-48709
25183
-75207
-97086
35318
53326
38890
-23211
90823
-17355
49163
68584
-68086
63376
35599
-20674
-17121
77885
28476
-11725
-4623
-2248
-45562
-19564
36900
-50753
73610
-89014
-614
-64300
-21533
74801
56738
86689
-86547
-17466
11967
53301
-76844
13503
97936
42349
67863
91893
90528
86318
-52577
63165
19212
-67634
-89226
-52908
53197
-63982
79078
20344
63266
69074
39407
-93037
7195
-64903
-85917
20306
18435
-28887
-61598
47253
-99477
-4485
-5074
42175
53903
-71260
-47958
16172
-47768
20339
92468
45890
62349
40054
26651
78049
68999
44156
-51073
436
-33488
61494
-16188
-68311
-50554
-99081
90738
-92995
86993
88795
-6995
-84432
27823
27395
-32884
51224
34233
-59650
49175
64786
76884
20611
24994
20755
26198
9562
49792
-97828
6290
5723
4454
78412
78466
-6769
69470
-64625
-68208
4019
22500
-65164
-60927
-6310
-98975
48029
-77058
-17294
36737
-83185
22977
-89313
-16269
-14038
97048
59715
-26947
27890
-91879
67167
-48199
-98933
-541
-59565
-53585
65796
8268
-52415
-56048
-72822
45996
83600
-51379
-65731
-61115
-78004
-89838
-24993
-46643
78827
-221
12008
52122
69099
-26031
-81352
-10262
-72938
37080
32932
-62197
-45721
99480
45745
-14547
9095
-55762
8799
15938
-94416
-2001
-29476
63887
-49677
94145
-80102
68051
-65132
33877
-19718
-41648
-80493
93892
92903
4858
-40570
-74747
40192
53499
-81695
-59255
40109
-79903
-67368
-32461
-49709
-36635
96795
-91465
-86686
91801
3008
-12466
38731
-27027
-18881
41107
-88945
40477
21526
46846
7411
50427
57485
-89286
-14640
46548
-63724
-9244
-87482
30786
40200
-36702
-78767
-71858
-11948
-53090
-62540
96703
28788
85918
14353
-87484
35925
73858
-80102
81081
-48679
97433
92066
85593
6454
-83873
54605
75585
-68226
-80361
68838
-15011
-48263
-29695
-18801
70257
-29138
9721
62803
23174
76545
70380
59928
-87249
9910
89015
58800
33782
-54125
78558
94670
-73816
9444
96549
61525
14714
-99368
82190
-73012
96343
81161
10288
-39186
-10809
-29287
-37839
20190
81533
-64520
62368
-1800
-57155
-16575
15601
88195
75432
-83196
95958
77890
14373
69919
7542
-49302
-91922
5637
92812
-98899
-58700
56864
-89761
-75467
-976
-85869
-51687
12780
92168
76696
38471
96760
64474
21065
68524
86916
81639
-91590
-39998
-47750
-42849
-37245
-45746
-41459
-77883
-15205
-28449
-33806
-60290
-88161
-46941
-66642
33404
-30861
60581
-25206
54594
5951
-84697
94244
15763
89755
-62825
31136
-99909
39365
9458
99003
90745
16591
-3278
80703
-85049
29782
35893
38995
40392
36076
-56916
-2518
20365
-4393
47740
-64420
69060
-7565
7284
97553
40254
-98766
27435
17241
-85925
24068
28534
59994
-55083
-3886
-41788
79265
2725
-88413
49622
11929
-16107
28065
-21411
-31271
-43420
-58698
77105
74007
-51377
71185
67116
6138
-74238
-93435
14241
16142
30939
61904
-76228
-67503
38935
-58696
-18248
31146
-76517
75729
82423
-50631
92001
9180
-14207
-93559
-23363
-99382
-50661
-58270
65483
63646
-99133
38844
51511
-15888
6215
3213
-10775
-64947
41279
-99325
49675
4284
-34003
-95538
-28872
43548
-42833
30996
-92094
79529
21406
-28536
78368
-97699
59847
-25323
80115
-57294
-93308
63220
91187
-40442
49270
53277
24506
9560
42144
-11111
92461
-93841
89443
90678
-95805
-3942
24146
35988
-4301
96658
62065
77789
-8194
-16837
-9969
-79214
29846
-60919
-95235
60736
-90646
31936
3562
-95791
89295
95060
-43236
-71362
20428
33262
-5363
-56286
98050
-80112
94560
33258
-62858
25999
-9858
-9879
6525
-92353
-64174
65864
55107
-70674
56861
32347
-71305
-54906
54518
-25778
43926
-12458
-43934
22206
49363
-94806
91020
-30620
63648
93334
-70111
-80660
54108
-10158
-56374
-82972
-59495
35455
11911
-87537
85768
-16568
64101
-75238
23172
37795
-32677
-8794
20408
-59593
96903
90628
-47635
76824
-65344
-42817
-4045
-14355
-89577
-18222
15083
-73293
82223
-18246
62640
-23398
21238
-60186
-49056
-28339
69759
81484
-49014
-54513
69502
-21611
13046
3585
57503
-84936
-79797
-64576
-23613
-8987
50145
83499
39512
-61033
-91868
-85054
-173
-60852
62497
-43670
-66483
3281
-60176
-56883
13431
-80714
64062
-13538
58876
97762
-24778
38458
-13966
-30017
-87604
-22166
11067
9365
8166
5189
57982
-4619
-54361
39538
47293
55435
82840
23307
24468
-1769
-89355
64734
28685
34485
-15086
-31091
41570
-77096
-59736
-45035
46800
-53547
-27136
-1557
-10092
-61925
41787
-79550
-42235
-28671
-50820
89642
24781
-42632
52338
82450
58501
99424
-28539
71918
-83156
-60618
-52324
-53261
32580
-27990
28489
-28161
53642
-42866
-33966
-42153
-97584
31403
-55971
80648
-16712
56366
-99401
68206
84239
-71872
28545
-7533
-77949
-32909
-25417
-34641
34435
58199
-74338
-29938
-85518
-60307
27722
-38897
-62585
39027
3785
-47800
76419
57758
-93201
-14521
-30896
-11866
-66241
28467
30643
-24453
14515
-41774
-68306
7637
85353
4004
16757
31657
-60566
5100
-99830
-67401
-52777
-70258
45111
53568
11506
-5997
13480
-20138
-53562
29898
63394
-7733
47925
34634
-76124
-37173
49756
38418
-64552
78086
-86172
50577
-73994
-54779
76008
-77247
69046
49374
38526
83117
-30161
-1277
-99996
-58220
48273
77172
43273
-72858
77692
-16427
19189
-30613
32506
-22182
27285
30787
80672
23006
-70489
80968
-97796
-95853
49790
-10097
-38021
6740
82674
68238
4698
-56617
-69464
-79145
-43833
-51650
93178
27778
-41196
87628
-50750
-71638
68950
-45580
48648
-435
50592
11277
-44026
8407
-69417
-49437
-52268
-66440
84082
-11417
-60108
98865
48977
45702
-91524
59759
83190
70742
88220
36878
18660
90157
-77173
56958
-87726
78668
-92973
-85821
-54900
27641
-14859
-31402
60455
-50582
30586
-68695
60831
97309
22231
-63160
23439
50821
83899
59675
65419
-7010
44665
-82680
81181
-56222
22413
-68683
61467
11412
-78707
-90069
45026
-74247
-47187
89558
-15183
-66010
41903
-71703
16292
-49739
33637
76638
74186
-38767
80228
-35045
39590
-399
-72953
-37968
72767
66274
-40867
81277
4324
-89476
50608
35697
4480
-81290
13939
40045
-67499
-86954
-40377
37574
-39847
-92288
8298
-77399
106
-84496
-56196
69657
-43666
21507
-11473
-1067
-25141
-62225
-6005
41045
3776
-71660
44316
19570
-47138
-23638
-73863
71845
-12249
-95399
34609
-36569
-77823
87975
-77485
-77192
-16809
10571
75098
-49092
9997
75873
30515
-66945
-90915
-73097
-26963
66969
77203
-18044
51708
94125
63073
-20424
31722
-97269
60832
-76881
-89957
-56522
-36380
9599
62971
-2433
-97094
-36816
-74554
-89968
-13120
-693
66483
-28027
13089
-87861
62142
9076
31533
-20560
26065
85901
-97263
35059
-55026
38813
-83529
68564
33148
19309
-10947
-16177
-59957
36871
7690
-88019
38789
12184
23571
60534
37203
45681
105
92804
2346
49959
-60484
-64590
13008
23259
1648
-46796
31887
-46764
71194
53569
42612
-79352
25303
34922
84996
22586
44553
47630
-59715
-11203
-98833
-88922
-67324
-87658
95328
38972
-78352
-41601
-44956
31737
-67279
-95416
-30033
86747
-97762
6489
38523
-93499
-87205
-23150
63296
85936
39971
39955
5971
-46080
-66248
85015
2841
38641
-55452
59771
46502
-43408
22698
64669
73974
-88378
24206
51295
-45818
88879
51582
21643
51728
-54903
47772
-23087
14114
49320
13545
-34069
-1894
-27002
-93297
-20383
-83712
-1128
-10037
-79576
-61632
-76997
43893
-54362
-94654
-97779
429
59537
-86680
97689
-58140
-68491
-61213
22826
68292
-79532
-26318
-27200
48445
-39961
78329
-46816
-97491
-85693
5114
1286
56235
-11753
14194
19766
25265
-57134
41490
-91855
-34013
-23775
20760
-41854
-6464
-85482
-68598
47223
85732
-50268
82447
29549
-57929
-72953
84266
-99771
21494
-60224
4691
63475
-68644
-22274
-5452
-79755
60524
27865
-69315
-27616
-45730
-88521
-87196
-78763
-23004
17745
-38275
-32173
-62057
-88112
-37839
-66586
-7421
42449
69726
-28034
-78709
38664
88523
-66470
-86597
-56128
-5370
-9373
-57752
90688
-14052
43157
37446
-4791
64181
-1768
43142
64829
-57911
-40339
-35799
96858
-17277
-36476
99238
81187
-45456
85034
-20172
98591
99876
25567
80373
-18373
69866
-80250
66175
-37814
-63067
-96203
-15481
-68051
-63161
97516
16172
72974
-61843
-26781
3038
-29818
-86314
22588
-71383
-38817
-41537
98968
-23646
46643
91676
-29947
-66836
83635
-42572
67477
-71193
87556
-60006
62090
42487
-637
60419
-49427
95212
74857
-70327
42750
40595
72906
-70725
-96635
-42600
80503
-52578
-16249
-61802
-20284
-49979
-4652
5437
36004
-28088
-15171
-13281
-32016
44324
-2076
-63977
-66170
80815
32812
4374
58446
-60106
48334
-27253
-95400
40629
-31795
3567
-25759
60658
-90622
14250
24629
84214
-9391
72805
-89490
-23063
93372
27757
90714
-6391
-5546
70400
-70853
-22970
-78513
73656
-99288
62
-83858
-81903
95376
-2800
68958
81753
-75938
-47777
-55969
947
-29639
16613
-43619
46919
-78493
54385
-42466
-97270
-6207
57214
73364
-23963
-49927
38258
31506
-68412
-38025
-22096
-4644
77438
-5493
-24870
65175
-36516
-81108
71910
75039
-50872
-97312
-35877
50423
-85420
96307
-64919
56155
90467
23844
76195
-80014
20600
10464
85978
44959
8473
-45018
-64681
-25097
-41441
57033
-1164
53709
-22563
34580
63447
-58392
2155
10375
68876
69590
-90482
-80384
-5057
-3750
-30203
62645
76243
98176
84914
40542
-13855
-88366
-60444
623
-3504
23075
-40707
11203
80141
23624
27333
-23660
6439
48166
9546
-75353
-84470
-50649
31985
-23483
-40938
-53689
92958
82531
51420
-36790
-49221
70179
65077
-14128
-49495
-11469
-51458
-10112
-35071
-1580
10803
38882
36997
-96971
48039
66889
84841
26173
50461
82605
-66313
-61144
-92601
69207
2339
-49143
10072
84149
-58197
20653
23176
-44275
74090
31008
-4380
-12785
24251
17737
49679
82499
-69692
41392
-74471
-11999
-40730
15520
-89479
-85377
20927
78184
6314
78501
64090
-9733
57440
54716
-68108
46391
49830
-2843
-77332
-91837
-40682
-38105
91142
72337
-90828
70400
-4197
-45245
-81561
796
-41951
-3862
50836
-35357
-35501
43625
2392
-8339
76669
24056
-95390
-63471
-75482
-34940
-90196
94491
70873
58932
-21804
-58789
51282
7047
-63973
52890
-5886
10137
-51335
-11544
55551
1412
49754
88465
98635
11299
17273
-19858
96447
58930
99800
92247
-72939
89169
18457
-71306
-86321
-77208
-41156
86647
-85050
50468
28086
-38437
59538
27806
-41174
9772
-49197
-57955
7110
69067
25690
50162
19901
36965
-19976
-82302
72220
-47036
63648
43168
89419
16513
63547
-30888
-66013
84824
-37111
46025
50790
30676
12590
-78358
-92769
-37335
-20767
74989
23127
-96800
-69652
-91776
15729
80365
1632
56240
-60765
-92452
19481
88488
26001
-534
-28054
85016
30344
96176
-98140
72369
66067
78778
-61496
52236
-88002
27638
-88505
-37654
-74075
-13880
-68495
57750
38391
87994
-78590
-95833
60749
56657
-89018
26658
29473
-36677
-23771
-33412
69356
47076
-48113
-76484
70624
-92121
-24764
-32385
-28289
90785
-65280
78997
-61930
34274
-39870
-45047
-49318
-38147
16632
5375
-2019
-67649
-75127
-85707
23533
32828
-49858
15020
5706
78981
52110
99296
-39295
-55563
-46396
-12494
43945
71979
67407
-59033
-7687
2194
96678
-92471
25925
43675
1174
26731
45779
-85428
-37655
