2900
86329
35611
-38118
-98461
-80712
-91642
24629
58625
-48941
-78608
-50056
-60942
-22067
53904
4571
82162
-73260
30991
-55207
-30907
-82369
-41186
72713
-29982
-48010
68788
57931
-10630
79664
21987
-64419
-72600
-53609
-5098
-42739
-91274
-99191
-32791
-86775
72841
-86024
25445
92498
7595
62129
-97833
-75633
69427
-55046
-9909
-3650
63251
-95917
-61590
-93819
89726
-25121
-11603
-49561
96500
-99491
-43011
2962
56235
15630
-20951
-94059
-19365
47739
-92989
71214
50598
21327
50328
30209
19235
46879
-72119
-18523
94278
28683
3338
40473
-72211
-5060
25591
-63020
96585
92557
-34034
31866
8871
30918
-28531
-52950
43610
96643
-80151
-85388
36743
24179
-78040
95976
85645
-28612
-27429
18954
-14833
-99972
55100
93025
-16865
27819
78496
-89810
-63992
23964
-19688
-10310
-69000
-68574
51434
-20663
52680
86031
-32345
-59990
-90966
92760
43945
39920
13486
-84012
-84501
-94533
-45775
-10077
-53243
-61201
61730
54571
-9726
-88441
-94606
4926
51232
-22718
15000
80152
40931
-46277
-23170
-19004
59990
89878
99083
7709
99103
93718
15182
-39950
-15042
86988
-64828
72899
-91550
-22357
-15290
-67096
1064
15222
-70190
90513
83376
35226
-27085
50216
55902
28632
-91184
-89325
11562
91354
-30513
-33707
49509
-4697
82660
-82284
83337
-94670
45114
-48459
-13573
49997
95740
-55773
70303
-8517
-58816
-3217
41176
-51358
-72240
23761
-94181
69471
-89385
41421
-38162
70004
-78491
-91535
32835
61661
50527
-64773
93611
-23552
93382
16151
22329
-11198
-38238
77253
-18572
-67146
38474
50009
86583
40368
-2605
83804
-66711
-20360
46995
20624
-11115
-16038
9168
57681
66021
35546
45386
-13993
-95104
-4731
85410
-29992
70141
98467
49318
-89014
39938
-92855
314
-88826
-69698
30155
97508
-54264
33023
-65522
-9933
-35821
-53584
31675
26381
-11470
2867
-28017
21780
76697
38679
75663
-45323
99177
-40778
-27559
-86707
-51886
47150
-21802
77431
90963
41658
-54644
-8074
93917
-37908
90128
-80964
89813
-28663
-26344
60693
53048
-28095
36655
76595
39514
-8951
-78591
-60714
-92345
-42025
63190
20887
61066
-99079
-70052
92690
-39988
66067
-27428
89582
-54061
22131
-19697
-10485
-50388
-110
86922
78918
-11740
-68310
-92588
-70485
71728
84014
-11048
56120
48172
29931
86262
76618
40128
-71559
-85581
87911
-48865
47005
-75887
-53529
60073
-26689
-51846
-64193
50737
-68542
91286
-62549
67672
65989
5692
-87304
23896
2294
-63548
-60245
72797
-67570
51451
91665
82381
-4756
71728
-42268
96041
75922
12075
54359
18123
-93770
22653
66239
-9393
-99962
-91789
69150
-25586
23868
20388
65356
-37690
56473
-61078
-8956
-37227
-27008
46637
50376
65828
6642
18970
-66126
-89759
34082
-96589
38937
30308
-44811
-26047
-82468
43699
-48872
18084
-80178
-44575
37501
80779
85886
91409
45043
20670
-77983
31512
-51552
64728
-72226
-18432
-66850
-95405
-99018
-25751
30384
-31684
-93489
81675
-86112
-73595
-81893
-47210
3254
-90951
-77271
97978
47958
39114
67208
-66174
13367
-33850
-88109
-34725
69116
5096
-66594
-6221
54705
81675
29500
-64259
-23645
-81543
39722
-25391
31707
-79582
60123
86255
41081
-29656
33248
-86620
23594
52055
90548
-40443
-99130
63474
28641
44120
-54584
-5592
31699
-33005
10795
-65754
-46345
-41092
-66979
78406
96080
-18641
-75166
-8923
-93034
87102
-60664
48850
-15414
-34446
-25213
78882
10459
10288
94052
85344
-66834
39991
30074
30625
-38834
-3386
-20155
-90314
80048
-46693
67027
-48068
20001
-59947
88186
-23859
-20914
-42181
-72015
-41511
51184
93781
91147
-63089
40594
-8968
-73456
-43916
-80512
43232
11321
-11625
17806
-23435
-97400
74139
-45374
98032
74242
48115
90591
73943
-49846
-18387
53519
-14620
-67556
38693
-25301
-61308
11426
18970
-19542
-88197
17974
50269
-29851
-90972
-30411
-73691
29635
24406
-26436
-90816
64454
93027
-21182
66532
-96592
76218
14226
58852
-89133
93612
54371
-85890
-54412
85579
-79595
-26415
-58085
59823
38538
-3605
64442
76114
-45985
36161
-41288
33051
-78458
-90888
4056
34360
97730
-69408
10891
-2204
-23043
3904
95758
-74552
42057
16908
5249
-26306
28145
-89165
22854
31792
91452
-19435
36946
82847
-32194
81618
-77101
-6464
-6374
41917
-76482
8832
-81577
-55888
-20044
-49880
95134
-94343
-71664
-51748
-59187
-96974
-86576
-46210
-48388
-68113
-59491
-31312
-21942
-68976
83448
-66954
88482
-37707
-59773
35961
-26416
-97519
-69910
8167
-80007
60056
-77268
4664
58300
-69102
54474
5644
79844
-92015
-62902
36144
-63865
-14593
67112
-83520
13566
-67823
44890
51558
64128
87064
-71938
51392
49565
45942
-49437
73760
-17195
75629
-77903
85357
33043
-92845
-74634
-39962
92873
-52190
85389
-11961
84393
-1556
38253
-75388
37628
42987
87563
89714
-51293
-42378
80621
-66299
61161
-52272
25805
31156
26881
34267
37286
-69319
53088
-62102
70942
-23820
-34439
47540
14607
-38545
-66030
91428
3187
47868
10176
57676
47212
86203
79235
39866
7150
-75208
29568
98723
75466
-655
42391
-36164
-88617
-56011
93024
69480
43199
-57433
-29433
53836
45283
98594
98561
50750
-95252
-61834
7978
91163
-82193
-65455
85181
-46729
94268
94394
-10641
-53393
46148
60918
-13208
-24869
-83228
99981
61855
92768
722
95334
94737
-93534
96483
47375
5469
59414
-47626
33689
-53377
42869
-57535
-9248
79911
-20852
-63242
-92567
-61835
70832
23249
16100
-4972
25040
-63295
71184
36272
11619
-30032
-34882
-88107
29056
-98575
79405
-91547
35276
-77563
-31532
-65418
96333
-29622
-10433
44358
42589
68865
-15087
52443
-13829
98042
-95256
-52549
96060
-6370
-91363
25477
14815
-61095
-36566
-1557
36989
-38558
3879
79373
70303
61800
-37139
-24014
78378
29594
-55653
-91099
-53963
74515
76535
2858
-57925
-83167
98220
-12580
-59924
25137
93809
6180
95326
-70184
64843
-33576
-80479
-76544
-32855
-94355
-70481
53165
-91540
-59429
-65534
96491
18890
76620
37184
32150
-24440
2623
-41902
-77242
-97244
49024
85138
54677
-18859
87868
93986
35149
-26518
96771
47258
24819
-84529
1183
76313
1194
-26705
-69429
-14659
61574
48435
5714
-52947
32430
18920
-86074
-70317
-87827
83454
72729
-56281
-48299
-33236
-97829
61287
44944
34545
66000
20515
85380
-91146
-85459
72820
-61726
10576
-19537
28877
15436
27553
24793
67945
53729
-20514
-77688
48868
35174
45802
-64780
44646
65298
86113
-81851
-85446
-18954
-84302
-15537
97084
-48569
-25564
71724
-96911
-81655
-61767
-52299
98161
85338
-72657
-66276
-54465
-615
43747
9193
29689
-43087
48657
40719
20842
19077
-4554
-30485
19645
57274
-13866
-32232
33805
79195
51354
-64079
-74985
79597
40209
-40028
-70255
1809
59607
93935
66900
52623
56915
-92677
11764
-52667
-47590
7185
30768
7147
95793
73085
-19643
21505
65327
-3778
-46115
94808
42881
-84826
49124
53818
-10616
92180
38972
-5896
61213
-34292
-21626
96206
-61580
-1232
54369
-47820
30238
93278
33263
-52860
-61208
97125
13842
-68734
-68639
-67228
29239
46413
-79239
-67647
-7992
7265
56581
-66813
86853
87175
27935
88845
-92883
-59174
13995
1400
59158
-66571
-3276
79563
-7076
-42754
-38732
-13287
27894
15818
-36878
-8840
94372
-50324
30598
-52967
-95932
86429
-75848
1417
-71739
77257
2311
35139
26162
61812
-94075
-73297
73264
-39545
88799
31355
-86141
-22277
-25413
20373
19338
-60447
-56326
-35262
-51701
74379
-44131
-66722
-13527
-36390
87683
-95119
-87246
97958
-5168
-97431
-67435
47491
-22294
66874
-78031
16566
-63843
94351
62792
39284
-84065
-84309
-13230
24979
36397
-43807
-32146
37456
30292
97772
73267
-72324
44299
-92564
64613
79427
-50243
23486
-57405
-45222
-31643
-85706
9534
-56187
-34029
-89093
69380
23746
-39221
39104
97209
71701
-4276
98459
39943
-28431
18606
58883
-85748
-37888
-13787
-54165
-33742
-30961
-80542
-69707
-41059
1049
-68904
18965
81661
-59794
80732
-5437
66818
-9152
28965
-78692
37039
98506
34419
-90218
-88632
5150
77645
67294
-63707
21577
55074
59664
-97943
16228
4497
-12718
84428
67898
-12732
-62322
70099
-91503
5239
-2423
35554
64919
39511
1061
-18200
27499
-33467
39919
-57992
45764
-41415
-3162
12024
-50366
55619
53449
85234
-89265
60205
13531
68808
-32782
-37187
18039
71172
-28496
9111
57545
-15027
4575
9983
62000
19126
-76664
52539
42479
-24271
-17672
38614
4938
-91999
-78941
-52479
80835
24589
-79370
-85611
-9231
-9232
-78408
-93964
-21767
89069
219
79181
81388
-49889
-63195
-59011
7485
26383
49526
-84141
43677
-54529
44853
-25620
80693
73635
-20389
55485
95551
67055
14492
28975
-41854
-20661
26413
75685
96808
-90716
31734
-59239
-97539
82908
74582
21220
-97146
68001
-25459
80412
13308
42075
-54389
89239
15652
57151
30802
-69490
-19636
-15743
25418
-72994
34339
-55450
-67743
70759
-23115
20407
-42020
42647
-72637
28049
-48641
-96895
46843
55578
43861
65447
-78951
-42674
10909
-53545
-31462
-28937
-57647
-97424
-86760
-14469
-60908
40966
-70457
33039
-61193
-67173
91146
34826
-86169
98830
33715
17748
7031
98768
-59434
4349
61190
-25648
-36792
-8022
81165
-53447
-41799
-19478
-7737
-16111
-1365
-12378
-90051
88322
-97522
88823
-47315
87158
38522
-81070
95766
84315
28360
98526
17827
-93434
-37362
-92442
51954
-65997
97909
90730
-58369
-53653
57592
-56048
49778
-97986
-98886
10232
-59903
-3280
-50236
-46547
33347
-7184
23707
-50953
77523
-52669
-57606
-46835
54749
-25280
-17743
79463
8904
-99148
2906
48242
-44480
27301
-57869
20893
67678
57972
9629
56017
-6409
10460
25584
-76099
18238
60503
31353
-17905
-61994
-95329
15633
-15810
95353
40594
65499
5508
-41538
37422
18457
-5847
-21238
-22276
7979
-95173
-69418
90890
-69722
-85606
44120
-34160
-89715
85807
-56111
-92876
-21585
-47363
48434
-54167
99548
-55792
-25300
32178
14533
80913
76819
-78651
9711
-96453
-15443
55946
-27500
-6296
-29923
-48829
17238
50821
33831
-49147
25377
11173
90143
-16540
-9444
-53391
9459
91181
-48053
-39236
70865
53324
-87292
85108
66806
75342
19467
-53772
80277
35137
33549
1079
-92832
-95944
-49931
-5400
65333
91371
85103
-54315
-70552
-74053
-24009
39361
49769
36370
-675
93656
-82350
-84183
-80041
-38595
-94128
27043
-55870
-49537
14763
-4009
-22089
14315
-83469
-26069
55110
-65861
56393
35739
75858
16428
82375
1625
-76151
-31891
-55667
9999
-76419
-70733
-17495
-45056
23140
-20310
38754
13580
-21335
97349
91425
93906
64940
-77642
64893
11439
-42467
-98758
44577
92837
33264
-17396
-11364
85144
3965
-93255
98373
-9742
-47112
2899
29705
-69467
28552
-53825
-36525
13968
-77562
92650
43094
40955
-47149
-7464
-94534
-96451
20694
99996
-79071
-57155
-10671
356
67860
73429
87135
81068
-26865
71122
95180
38291
45925
42840
-38256
69195
-54895
291
75050
-99863
82011
28136
9686
44380
-38429
76441
-45718
15994
98574
-44216
90707
-78410
-67510
99683
-39578
-72530
30719
-96803
-42651
39073
-98093
42542
-80687
7806
-73126
-23184
-53210
-46761
-83943
26730
-87304
-39884
31477
43370
93032
4996
75133
-14965
37955
-65361
-23087
-71465
-87817
98183
-55507
-81083
80114
37532
93334
67043
-56039
-40338
-13025
-20849
9953
45565
-7400
29151
-5618
13309
16020
-22047
-75770
10534
-18794
-48644
78225
75687
58648
-80139
-51024
-37830
-88137
-68274
17878
88659
25406
-55928
28295
-92558
-3827
-99830
51532
99992
-53595
-34086
-41264
-93610
25683
-42809
-62245
-39744
3767
-38679
64680
44865
-76687
67200
88868
21640
-9817
8442
-22010
-86816
36404
-11311
54917
53982
-96400
2384
44411
-91405
-17192
44213
-76524
13921
-73318
-9806
-1486
-63221
-73600
9038
78561
20900
66806
71081
-73550
3530
-14727
95708
-91530
-56597
-40034
-23874
92761
69733
-2883
47300
51736
68972
17144
78464
47840
29220
28587
75466
89221
20303
-53390
77820
56859
-5408
11281
-94762
-70667
48110
56708
-98494
77816
81540
17380
60787
-59174
61205
97587
84967
-68868
18509
-88828
-14069
-84766
-37630
-11958
-17731
715
51849
-3141
3628
15089
-97690
30368
70235
-17889
-58917
2044
-59067
89770
79137
12246
-5541
-60083
94901
44069
23465
-20379
99337
82520
-4714
-68219
87899
48127
29002
77943
98083
95449
48170
65680
96934
-19077
-86274
-66577
67048
-7079
-59468
58002
-47234
-87884
48382
93012
-75711
39840
68822
57287
-79457
-24335
-51423
-9302
-63669
-79935
-89999
-37177
68245
-3423
-57115
-28372
53908
-81382
-55317
-41085
56191
89254
-8240
-63781
-85424
-2262
-11065
-8817
37997
-85468
51144
3859
85589
-81065
55928
-74169
-48710
-25471
-59971
40736
-28316
-27556
22805
99261
57502
8704
-61676
37655
-17407
64358
14456
-7913
75610
82247
-15958
95170
71675
52002
-91564
-93041
-53669
-75619
23513
62554
93546
76675
93046
-62991
54774
97132
-31053
-31094
79667
81530
-98811
-90153
-44822
-75457
65923
-13710
-91775
-55556
90947
92467
-85789
64581
49041
58529
-181
-37632
-76341
-14587
53234
43020
31452
-78502
8403
44414
81747
-64416
-83561
60294
-21409
15696
-68253
62320
49577
-11415
-25222
902
93902
-48471
59279
78420
77112
-8681
-49301
24324
48920
26941
67959
-69017
68609
93748
-18905
-25580
-18652
2071
29827
-93909
3620
38937
-46701
-59341
96213
79987
-79961
17441
45142
-56907
-66112
1914
61832
-13314
-51426
-85105
-29526
-2489
16423
-73049
-62957
-41511
35953
-34565
-43061
-97505
-26964
91611
15878
-94442
78511
-72594
-69123
-23840
58653
91926
-31062
-69704
-76428
1202
10081
19009
-1038
65341
42502
50807
57572
-7340
-77905
-30458
71244
56212
-16105
35001
-48082
51042
-3717
75851
-64201
-91004
57236
-31590
-86133
17772
-30926
-17287
-33430
-86059
-13454
-49372
50557
-56250
-20132
-53809
-31613
82804
54299
-84073
-54189
48645
3609
-50790
-63219
-29202
-22217
90210
36833
76797
18534
19900
-59717
27955
-3227
359
-20214
-36855
-54121
-42392
-83284
-83949
-82752
75706
-95752
28738
89180
75363
-35993
42436
21724
26210
42975
94726
-74178
92229
-82722
-46759
-47161
98199
39743
2098
-81184
97845
1452
-8116
-76214
1922
18401
87912
49344
-11536
-75112
88884
-11160
-66497
-89577
-78966
59445
-92605
-72366
49999
-15652
21853
79869
-67140
10416
-42228
-33741
-88903
-46564
45724
82108
-37339
-53123
-11332
46718
-72909
-13734
-51603
-53501
87662
30464
37207
70243
68508
80958
79030
-49778
33473
20410
-17807
56824
-91333
-64337
-46773
-48927
-40822
98756
44018
-95680
-62350
78729
75509
89100
17209
39888
61843
32870
31499
-76506
51374
-34650
76542
-59219
-2593
90112
96431
-809
71907
-61742
90827
-35839
58354
27406
50218
59434
76144
-81601
53589
95566
-1027
84601
-27928
98211
-33753
91810
-68525
73071
77247
-32170
12730
-85756
72265
82236
-81923
-34918
75788
-8477
33618
-92537
23178
55127
-81651
-30371
88906
-40954
-48063
83360
49937
60490
-8959
16994
62831
43987
39232
-5443
-14539
18290
-76906
2669
72196
11780
-26013
45895
-39488
-14471
-11186
-10854
79972
35712
-76825
-55839
-93968
27089
76587
-42335
98493
-36202
-25883
-24475
36784
16055
40177
73556
-50867
-85439
-98468
95724
57059
20914
21799
94045
86245
3235
85802
66436
45721
-86766
-54442
-86462
-35031
22987
7059
-21703
-96937
-56205
-46520
-30557
45966
-42191
68792
-56306
-28845
-63239
-65399
6520
-89702
75511
-73119
-65661
7413
27156
-38423
23892
22184
-70105
-65485
-75314
38103
71291
-96584
-13913
16736
34233
91450
51299
48262
-80590
88264
69749
2882
19531
-61984
-55313
61310
2950
-4946
-20703
-92644
-71191
-31309
96342
6000
41165
55425
67559
-65905
71620
9443
7866
-68097
-48984
-80679
-86885
61773
-43588
64256
-26699
-10818
11906
83472
28332
-17187
29337
99840
-37990
60915
14415
42436
-99739
80405
-66421
-90826
-54022
51863
-11120
-52653
-86680
-54049
26543
66780
54811
788
-72884
39196
-10637
15668
13770
63178
-9408
-3323
36694
-83964
44380
-95197
-93427
-79813
77222
41912
-23285
29038
53398
-76726
-86703
-97905
56386
-43473
-38894
67073
8940
-68133
-59878
79363
28165
12570
71196
-36826
39363
-44199
-66026
46842
72986
-58018
-16285
22023
8793
-76008
91549
50551
-6812
-29808
82668
93329
-54070
60799
21680
-8608
36674
-63750
-50809
-70670
84231
-71223
-51845
1532
65997
-13163
-70517
27291
79390
-16065
-47340
96373
-62250
37709
99932
-23298
-1097
12735
79675
-48297
-16214
62400
-67225
16592
59987
-55240
-84006
98446
-88241
86270
33378
-49720
-23027
-23829
44741
65131
57798
-46326
-83954
-98658
88986
-37973
-63432
-43489
13577
-17322
-42954
-98932
-74550
-7459
-54179
52158
-53557
267
42031
84880
72198
-14856
-29179
-65731
-86851
-19266
-74600
-7833
-52590
-46330
-6868
25204
81669
73531
37529
86867
70346
37921
61431
56221
71942
34174
-99035
-19946
-20698
-99850
55414
61842
-35236
56885
47289
-94348
-37129
-79803
-82524
-17774
-6434
70975
32925
-72971
30698
-85154
79780
-26692
-79395
-92753
-17569
479
-48126
-2908
8451
-82095
-85151
51336
53789
-60097
81375
18894
53179
73334
21168
-35838
66425
44193
72955
-98336
21995
52847
68873
-41469
-38108
-56941
-71128
-32074
45857
27557
-32990
98151
76501
-30106
-56875
33210
-15278
97057
-51793
-32135
13905
-13716
77576
-68376
-67042
10766
88796
8566
-85341
98362
87075
4368
-92978
25530
-38193
19344
38818
37351
38882
-16428
25496
30548
93737
-13911
49839
-64565
86744
-69723
-10729
77807
-72061
50323
-58698
-80191
9911
35145
-80236
73854
75315
86294
-278
11364
-53882
32728
94018
-66603
-3066
33514
-59830
-14123
-59734
20602
-18373
36590
-53947
824
-42463
-37645
-54560
-1814
-56698
47969
-77454
3996
75583
-4064
63422
-72843
-79662
-41495
-76023
-31515
-74878
-13629
-81417
2555
-57799
-85082
42690
-84717
21586
-34752
-86763
-39443
-4288
39509
32843
-59816
42846
-57727
16767
34316
-54061
-20967
19471
78808
-77151
27696
36466
7536
-68789
90805
86707
-92376
92385
-40710
-12982
3454
-77719
57743
-28075
52369
41580
-31923
-28872
23728
40602
-41041
56974
-78066
-97062
-43622
-15158
56785
-89486
87549
-21265
-24375
-44848
65491
57896
97406
66227
55813
-27323
-40350
58553
-28499
91346
1893
-14971
62134
38742
-7321
32268
-78945
-25819
-69495
39997
-49058
41122
24156
-49973
74913
81621
45499
-88104
-82193
12133
18037
831
-11091
-74318
-58270
10750
-65923
-85807
25239
9023
68033
3621
75828
3009
-21635
-13610
-92326
-68121
-3365
68401
78778
-58147
-59640
96540
-98743
-43165
-43205
-45708
-61489
-38472
-95979
-86523
22623
92707
57379
-74843
-84767
26144
73217
79149
-76853
36582
77466
-38443
-10002
19729
-68982
-41109
35821
-68431
9188
-55888
-69816
-99602
96015
-96369
15510
-69866
81739
23995
-10991
46341
-9710
-38428
5771
76336
70937
-80363
-93825
-51762
-69259
-84755
-27966
37667
-46245
82551
35481
-9814
33600
-9111
37284
16734
-75105
-31370
63351
-33563
-86823
-33712
841
35930
-3018
-67587
6533
9845
60873
6933
-98434
-40231
28210
-46634
-7232
19706
50045
57123
-35903
43754
79656
-63520
-22793
-71170
-44542
-47838
-20349
-61023
85039
-28649
-80374
-44555
34824
-36430
38373
-12703
-79585
-83824
-37394
-19269
-55392
-14036
-83781
-45805
-27501
-22213
-22681
65498
-88579
-16474
-32693
-77202
33959
48034
33036
97987
31862
-78675
-19826
-82833
-71431
-13402
-49593
-55918
-50366
-92151
80558
98335
52651
-65465
-72239
29196
98810
-86786
64646
-42030
-28449
39194
-86983
87713
47066
53703
-29595
-15004
22201
41490
-24738
-94420
8127
79579
-98934
-81797
97249
30649
-44944
2352
-22295
33002
-25496
-97334
-70851
-93387
23922
-14758
-99973
86623
23459
66121
85435
-93946
23035
-14717
-85258
-8036
-79983
34687
65540
35140
81903
-76819
-91327
66370
-33286
66875
18057
-43358
-30518
-20029
-16029
-92695
11864
-96556
99514
3823
10069
33755
-22202
40033
-19433
86765
-1078
