300
-63327
-66899
-46142
16201
-37711
92097
-1243
68402
-92400
78657
24896
-9990
-11379
31735
10547
85622
63882
-16738
-82002
48160
7429
625
58824
18431
-63823
-83538
-53522
74037
78146
-14420
57144
45093
93832
-92842
-90089
-8769
67443
97859
18923
-41559
-61195
97971
79409
-23157
-78715
64809
77018
-30985
29567
-36064
-82506
-88972
-84696
-15317
53647
-31002
-1584
78508
85203
32539
59600
-33296
31912
-59532
79859
-98650
-41500
52462
55665
-49542
-29035
29516
-89450
31059
58490
-52125
-90814
21925
-2923
74817
-28727
-55757
-90920
89531
69114
34917
51004
15058
-17795
95937
-88015
-12735
47254
-17527
-45200
-80858
79430
21297
94252
57482
-74160
69884
-27610
70735
-33639
-73550
-53408
15541
-82775
52864
55081
-49015
-67954
-20884
46295
-73174
50015
29107
-87853
-75271
-21282
12864
8526
-57251
56503
-57013
-4270
41775
60709
-10867
43251
-44727
-19788
-74405
70436
84454
88929
-18074
-64858
-57802
44061
93966
-89510
79681
77552
-93218
-42888
-26379
40187
36008
76888
73422
-69354
5502
-17810
864
-69801
44490
-11757
-69884
-89932
-94901
-85250
61469
-14848
47789
57169
56774
37457
31619
14415
93146
-47165
81699
-24276
34015
1365
51294
61245
-20209
26864
42842
-37873
-59579
-45624
84366
-95277
27969
66523
85914
-24201
-87016
45271
50049
84943
41723
35673
99332
-62158
37345
-44465
22364
226
-74028
-97282
18643
-15389
8789
-96481
-61249
-78740
-55123
-91931
43292
55611
-14318
-83814
-45243
-23165
74546
40615
76047
-27583
-66466
-92558
9026
18157
57558
-58398
58997
99979
-56723
-81602
35589
-33824
19673
75955
-86415
-55806
81561
-56076
-96363
71177
71171
-52484
97025
61218
-31191
22511
-8202
32769
9319
39774
-79684
75702
-58612
-50263
86691
-28967
-12381
-49793
98068
4896
35869
1666
94674
27087
7388
-10619
-40429
48206
-54178
50807
25205
-70186
95812
14873
15135
55813
-49858
17067
-40715
-63854
-75882
86757
-70985
-71206
60501
31841
-90761
-82215
-53995
-9514
-78923
45364
23333
-26882
19736
-86478
63378
