3000
95122
-74138
-62210
23400
3009
57190
-53622
58575
-37542
-95116
19544
-76124
-83185
76106
86242
33118
363
39621
-12259
36139
-16424
-16968
25927
17758
90747
88813
4374
6643
88698
-89735
70224
45887
94493
-71621
5689
85049
61458
-41487
63142
-23458
-69621
-41162
75056
-3130
3074
24028
-64828
63681
17244
59746
71896
96173
85675
-3758
-35912
64792
18062
2618
-56450
81932
39667
-73404
55328
-22597
3325
51188
62243
-59192
-61312
-45058
-89298
-60176
77737
51138
-3527
13523
41211
-51163
-57308
11107
71412
-51763
-82972
72744
75854
-27207
55704
-74643
98593
15674
46650
-49206
77542
-15855
-29071
26511
-5098
-21465
76610
22666
-94288
-4957
-77529
76406
92890
61419
19512
97280
-60961
61115
19782
65398
50007
24411
-41913
-70129
49892
-25600
31339
-88431
66520
95617
973
-81373
-53132
74868
-43323
-96657
80652
25701
474
-525
-18362
58994
-15659
-86875
-77503
-37050
53104
-55679
50322
16304
-20435
8816
-37143
93535
14532
94550
-82094
-9860
-91852
20344
55767
-64860
-67269
96713
-48765
33345
87073
8464
70018
-31484
-9810
16439
42341
46401
14587
48817
-84159
-54298
90662
-89399
-61321
74457
-49377
70532
94414
33262
-80609
-66061
57659
-14590
-36295
6807
92163
33207
-91639
26608
82999
-17205
32904
-63516
84510
-76265
-52606
1737
-15311
-21854
3550
85135
-81472
83936
-79460
63437
43186
-41142
-96226
20006
13481
-83685
-62307
35991
21380
88676
91452
-35743
27902
-37236
9721
48781
-70604
12520
-96704
-20127
29379
-35725
-83878
-50595
29647
61674
-65214
-28686
64929
14023
-85992
-86336
-77912
-52201
-53265
-72310
-72160
4346
-54975
86329
92624
-25801
-40510
-7223
74605
64889
-46063
95700
-92452
-4118
28427
80441
-31467
14251
-38086
18409
33763
70317
-81173
35534
54600
54895
-51107
-54952
-77891
-22188
63061
-17307
-88874
-20064
-55473
50443
-34172
-50161
-16305
58053
-6859
-88814
-29227
-32455
14230
7015
-7954
-734
-77512
97107
-88793
73375
4944
-17729
41117
-16937
90969
-10323
-91152
-70073
87508
2069
22742
10473
78383
13280
-88693
-98814
-11516
-6336
6054
-64951
49336
-40086
-73465
79535
-62780
12657
-64531
83343
20496
49088
38116
59764
8379
90228
-97573
31937
24119
24532
34644
-30847
-21614
40110
49652
-3444
-2609
-45553
58938
-32046
-4813
59166
-16435
29319
-71653
31317
-43539
40939
-6006
9885
-55924
-65675
93953
-3514
-6730
-95653
-35833
-51360
62762
44353
86664
55864
-14323
71099
-67494
-99022
78900
-20543
99610
-10752
-50273
31150
6197
45628
-32122
-33164
-3325
42088
5259
-25119
54029
-26433
25422
-27898
-63441
22135
159
-84471
-70567
-73770
57614
-33335
-82641
-99730
-13793
-43159
-18351
30391
40218
62204
94197
57159
-23874
56587
81391
73584
-53547
6725
-11758
42678
-18205
-79228
-82639
-48405
-66632
-12104
-23170
24617
38821
-91022
-22188
14380
-35125
-69489
-36656
65546
-52785
-50305
-35686
96719
-7127
-35855
-69310
-85383
53212
89629
-44923
72588
-43776
-90067
56366
81043
69115
-77175
-86759
-99339
-81586
-11587
-877
-33296
-15541
393
10589
-61132
-15643
95238
17295
84446
-90528
43760
-41638
-95217
-58649
22164
99366
94953
-99460
-76137
-20966
-74970
26058
30816
17081
-49004
-85994
-45981
-12247
-46543
73108
-3189
91472
18399
82454
90883
63319
62084
-86753
67810
16848
22208
25750
-73999
44596
-6260
-50282
48537
-21627
-53588
84130
45870
28178
-45040
24438
-88174
23769
68877
-6088
-88313
-57658
-38989
21901
97557
78426
38282
-58167
-31468
-84825
21294
-16770
-52329
99064
81412
82485
38965
55693
-33448
-12293
-8971
-95933
13973
44050
-12779
-85550
42143
-13111
-29705
433
67537
-60506
44777
-85868
15502
-77569
-16625
-37547
33094
-29208
-32016
-75407
-75321
80966
-98087
62441
96957
-6718
-68367
-92984
-31032
-73574
-37797
-13756
55864
6033
54465
79678
-71704
97670
4676
-28316
-48652
-27101
70973
90806
48216
25708
814
-98715
21030
-40393
-66358
33047
-18461
93755
-56611
-97784
-89857
-832
21977
61834
-52752
-3402
-92545
64813
98218
-26974
-35546
-68743
-18755
2163
25579
20568
-64182
50739
9142
-52847
-57437
16921
-22236
91951
-24833
-10757
2518
-84736
-73258
-26848
75606
73337
-65249
40691
-25311
62071
44708
98324
-92331
-90528
26302
51721
-91400
-45080
38707
-59182
88034
73904
-35416
20890
50697
36296
-63292
-52151
84199
59925
-80348
-43465
43530
-55282
10164
72826
-57545
4704
-30480
-97824
61692
11698
38647
57016
4241
95426
-37047
95499
71530
55854
-10147
-73624
-64036
82767
-88990
-79523
80873
-97408
-73200
834
-55958
69436
55081
-76817
51032
-94427
64017
-10099
-9994
93921
31559
-53942
3231
5535
-32961
79910
-57625
23992
1822
-88725
-54031
91376
3793
48313
-72243
99675
-59190
18495
-95669
29084
74265
-10362
-92703
-42871
-94173
-2329
-8972
-43606
-79295
-39587
-63098
69665
25463
84789
-77443
-85533
-51569
75106
-65140
-2780
11473
19245
-79744
-33455
-71454
-48631
25001
12535
-73417
32324
55267
92161
48308
-67878
-37376
-80418
-56283
59236
-45548
-30783
-62505
-56210
-61412
1858
-86764
-71643
3211
14178
-95814
-10577
-52109
-56916
41463
-74411
25612
55926
57059
-78821
-54043
30023
-13126
92657
-22748
-80046
-41995
72386
-8069
-10399
19203
80169
-4183
40525
10089
46979
-56214
-55127
68979
49247
-27523
-80641
-56874
-93102
-80048
9138
-47900
97128
57929
68163
-23702
35189
65843
89134
15529
78537
-45117
-45836
97583
7425
-69177
-13516
17938
90170
46250
75699
56521
48289
-55194
28539
-61849
8550
87430
30623
48501
17039
88279
53916
60650
99881
59307
-10470
34313
-86887
63625
61330
48152
-80944
98804
48331
36024
99741
71062
67645
-9754
22684
75401
61718
-93683
82892
20099
84058
-5819
-16834
-34597
-98651
-23572
27370
-35268
-3892
47711
-58532
90469
19362
43222
-30837
-98854
51926
-13863
32458
-84758
24250
68899
-9320
-80162
23390
-57518
21522
66107
-99237
-52601
42504
70644
-35092
68832
-13140
-32016
-82762
23951
45734
19251
-76888
43543
39045
46571
35389
-54557
-34287
97818
61598
-89341
95420
12570
-38939
-21949
-29193
51986
56701
-18838
-7008
-82188
-24539
21644
20376
64944
-44525
63564
92403
25656
99573
-75086
88649
96369
-91694
90917
-37847
29299
-18225
3269
97645
-47875
-40626
34087
4457
25080
93425
8238
-36419
-66522
-79364
71810
-47094
-88217
-37543
16560
37761
28776
-27212
-34530
-3369
-63896
-51769
-35479
77653
4712
-92176
42653
84747
-52113
-92803
-33840
98277
-53897
50442
-24037
-50731
-24328
75074
-84874
-99344
72462
-59263
15983
55573
76169
-87782
-43449
30151
-23727
5044
-53911
-78820
-96844
-53233
90888
79951
57806
27685
-37292
41072
90900
56427
95960
-7686
27453
53558
-39949
-92859
-13427
-46661
-2447
96018
90622
-66577
-7931
28356
-7282
6093
997
-48530
51168
-2058
15746
-60217
-21681
56306
27043
98682
-30378
55956
16669
94490
-54827
11964
-81103
1203
41921
62582
-13118
-45060
14507
39872
52081
-24728
23979
20073
16151
91995
-63959
34325
-3362
-80198
-5113
-11491
7932
-42405
99566
-15917
12621
78556
-80332
34467
-36084
-57137
18215
-8939
-48145
-35309
-91271
-89938
-25444
-81474
64712
-38474
60875
-61642
-74232
20757
32057
72031
7375
63895
-95931
62830
-58820
90511
-62548
-68452
28933
-68009
-86692
-22537
-27172
40821
4598
-14062
-26818
7257
-59035
-1571
48152
53315
-23082
17743
-50474
-10815
-81773
-88001
15113
82006
-78528
6675
-50061
-19850
-25232
-42353
35698
43694
23204
62863
-65465
-87775
-72734
67920
-84093
-69907
-33361
-36120
3789
-59859
70697
-1386
-15150
-72041
-11773
38132
5705
-20540
-58659
-66295
62370
-35888
-5825
-50437
89610
83671
-77646
-80671
349
94496
99195
12343
-88343
-20586
92021
-77269
52699
68593
72714
-76780
19913
33140
-27315
898
-80293
38415
-94921
29040
58198
63524
19773
-58154
-79737
60583
-1654
-80101
-71736
77278
-24802
232
6258
80840
-58878
69592
-22817
15386
21031
-20469
-86118
-5404
54811
-46054
54886
-16814
35879
-46364
-6232
54223
60359
-38841
-6415
-4028
14534
-82581
-93844
80894
-90890
61944
-90399
-22546
-25783
19815
-75805
-75510
-18800
65142
35804
8400
26253
7797
-41869
-77910
95926
72254
69015
-21459
73
94466
-61077
-11397
63494
-38594
59854
36361
65038
-22836
50245
-36485
55382
68245
-64248
12139
-62456
-25628
98086
-36023
-61450
-32682
-94891
-60260
-82437
-63506
89946
51367
-66192
-27451
91153
-75289
-14648
90270
-48486
66488
-52663
-92777
12320
72534
58279
-61508
-74297
19521
24959
30454
78386
28475
66605
44577
-82002
80619
5130
22011
-22146
62884
90053
35127
-82237
93695
-37091
59698
-76216
-79580
-64264
16957
54568
-37784
54051
-1768
18588
11216
9639
68480
61093
-60812
-92092
-78816
87762
-80385
70029
62819
-54865
43091
45343
28137
-38646
-9975
37247
-79145
-22173
-33642
94607
-49463
33327
-96567
18861
15203
50249
39280
-41559
3653
42358
43099
5920
-48164
-28781
29176
1849
-49387
92509
96093
49084
-36115
-80035
67109
53066
-94940
-47826
-94223
-80515
-62767
65644
3664
33885
4686
40443
15609
-80261
55187
40817
-40267
-80402
3424
69921
-75750
-60121
81300
-827
-36367
-13645
-60325
-95097
-74695
-37426
-71867
-59412
8133
55070
64881
-95715
-99200
-74477
-8280
-15852
87377
48856
-42682
60960
35929
-7562
79186
78164
99417
-19322
-27601
15506
33905
76177
-4052
96943
31299
-87930
694
-21501
-2698
-77546
-73747
40592
99991
-44496
40211
-98291
-10791
-12588
-2463
83086
42173
36630
-14988
79505
-34547
-75919
-52508
94439
-70910
-68410
-7178
51068
81285
8816
-72537
49926
-1582
-57404
85544
3974
27897
-61910
-94422
20798
64895
8530
33167
-26320
-92447
55894
-40192
11342
-63944
85803
-13860
-7997
-50568
2050
16909
-71460
19602
90881
22455
18709
-62150
17305
-89334
21756
31170
-41725
88439
44740
71717
-98084
-91200
-72343
49249
-98789
90919
77818
81211
-52693
94984
-1144
-88794
66089
-22013
95337
-1474
13628
71633
19241
45679
-38773
-54280
-34354
-30477
61471
67417
-89657
70392
98263
20007
-42063
85151
-5182
-45646
72965
14497
-70051
-84959
-35808
8844
-67224
49278
-1360
3435
81895
28524
-1288
-32700
50738
-47885
-24063
64699
-59399
-56004
41694
-72940
-72168
-92392
-73894
-36074
80851
-49542
-95744
86666
49262
-85371
-1658
4707
85292
64704
54550
94135
-68382
15783
-41606
8427
-28746
-15205
-87004
-39250
8761
-78151
-67624
26780
-42017
50823
57655
-96318
47319
83403
-87767
-14143
94795
-26890
95973
-49333
-86090
-76867
79136
-14453
1372
-39031
-81200
81121
-32853
30468
86811
-30709
-51412
-13100
12705
34591
-24026
-71643
10723
-40140
-6321
58974
-44722
50849
-4624
-53899
-29208
29725
36180
57118
-17130
-5050
77868
12190
76871
-72707
42626
19519
-66047
2222
88344
-94756
31238
12781
63901
-54116
-56734
-43716
-13749
89531
-27628
-13911
-2848
-89468
68950
77652
1782
72603
67339
-29618
32641
33142
39877
-12770
59941
-22292
-87120
-42659
7986
-33754
74910
-19199
74045
-45646
-15377
-95050
-81636
39926
99036
27112
-57731
23233
-75615
13214
-48925
75325
33541
57408
55422
27201
86663
34425
-54169
-95293
-50778
-36489
61301
-5398
37645
-75953
-45890
-53310
-14182
62782
-29714
23241
-96182
57354
14589
-58266
50370
95816
-14384
-34247
-1796
57270
-16146
-5875
18572
3400
-64867
-88790
-31090
-42496
63129
-9400
-55953
-87306
81264
41054
-40300
15607
-29315
54808
66922
-64502
6398
-71002
57163
67150
65172
46001
-80566
-64833
73880
-62680
-32357
-76073
13908
-6151
-75102
-66415
-77083
78748
49686
-35320
-17941
11209
66642
7614
-38102
-75638
-66248
55674
-59840
-13590
-56126
75593
97091
3277
-69402
75044
-82314
-19111
-7515
79282
84520
78226
71857
88420
-59478
-99772
71225
-95554
72171
58585
76754
86710
18546
20362
90051
69621
-16842
-4494
73773
-15174
-66787
13823
-51243
2398
-58480
79489
1424
-73678
1463
50405
-35446
99972
9366
-33413
28530
97665
-66237
38834
14214
-15244
27459
-74202
-1994
-64148
91521
-17008
48632
77692
48490
-47268
-3609
4316
6888
66968
-45352
-39635
53624
-17528
1404
-54054
-19862
-39210
-34133
2330
28725
70246
15571
58385
20020
86408
40188
96598
-51647
-55097
-39369
50320
-3220
-67106
86691
-19719
6489
82890
-63589
58501
85619
52027
69055
19547
-57712
-2972
11038
-14078
-26845
30642
42685
70039
-76712
-66855
-18618
-87174
-98800
-93239
88528
32777
68473
-35329
-2105
-21884
40840
70648
-83912
-66544
-84138
6273
58044
73879
-2219
-86997
48190
59852
-75347
-62950
32490
-98804
62903
81276
-49293
48160
-16107
63126
36225
-36001
-97749
55225
81270
-94992
-74113
98900
-72868
-66706
-1367
81891
71788
41764
24438
95685
23805
89655
-23137
43436
-29880
6051
1825
-90130
-75500
-98402
62009
79992
86530
95768
-42818
-49567
74039
-73116
3290
-30436
37217
-13264
43174
93448
744
24304
63906
-8030
96499
41754
-72050
46170
75476
46794
67239
26563
28753
26437
-79423
52259
12176
12186
-41283
-70998
15326
68516
-8984
75072
24412
-90963
-69135
-7049
-62458
-45971
-19260
-20768
-46047
69232
-94777
-75399
54081
-60843
61104
20868
56372
-18830
-19903
9266
-78705
69653
-4447
-27650
-68269
-74010
26200
-90857
34682
62248
15783
59317
18660
-64610
53954
-98355
77785
51914
58027
-72161
20026
-96752
-99796
-3091
-9719
6970
30065
-52474
-72559
-88299
-62401
-46464
87348
-53064
-97003
-33021
-2737
85284
-73698
32770
-28852
-33593
-41841
-23611
-79357
67867
-13725
13794
40525
-39317
44209
76747
76840
36470
57126
53056
89536
-1172
-68059
5605
24672
81621
47096
5358
76084
-65711
-15951
-22346
-66694
86074
26273
87919
-38011
9318
56180
4276
-97490
-47160
44264
-44229
16087
38582
84072
-93786
-71779
22277
-66999
83320
26266
10704
-18912
-99483
46803
11096
-67267
6530
99653
-43451
-15031
-63589
-15865
-5237
-39113
-26589
-83172
-64728
-7702
-98874
21655
32585
-54045
89499
31339
13516
80805
-79627
-68914
8736
-95576
63513
-34934
92489
-95819
-57079
64224
-97024
-51932
44031
63705
-61449
74224
72309
-47638
-30214
-43404
-42079
-64445
-62991
76805
11327
38836
97154
96363
15558
10172
-18029
59260
-3652
-57104
84141
2199
-65435
-95547
85884
-23302
31511
-7238
-56461
-55807
22185
82276
-94516
82044
83913
65239
50157
-64341
-35411
85998
52710
81944
42210
-93320
-81513
-17071
-30016
3711
93423
55297
-46081
-3338
56591
-35861
-70494
18558
-16755
-55486
44625
-27691
7316
-32089
6980
-28324
86824
-52353
-72869
-29757
-38457
-3216
63244
-43885
-30677
-4423
36852
-82409
94124
22891
-52210
-42136
25603
51016
-90431
-1836
93098
-13769
-21037
-90326
-54562
5152
62396
75749
-95930
86506
-6827
14259
-52562
-62001
-29073
-92576
5612
79512
-30080
49572
-91357
-29190
-46023
-49019
-30618
-97523
3827
-51286
43380
-80283
-97977
81534
58145
-57073
45820
-39363
-61226
37674
19739
-8098
66351
87839
43551
79197
58754
-5634
44489
-3420
3392
84982
88591
-29675
-65805
-66447
-10764
-67273
-45337
-60918
-72461
86074
81189
34988
83925
88936
31898
3912
-47134
-38421
-67177
45042
55284
-30411
77298
41625
50983
-99440
-19255
-543
-74772
-702
-30938
13151
76541
54364
-59138
-50448
74667
-6049
-46060
-35786
-50221
-60404
-70789
-96016
-29457
24967
58680
-80011
-56632
-61593
66374
-89459
-10743
-96995
-77326
-27476
72623
-3970
-66969
52236
-81763
79470
23300
-72538
-66292
70315
50857
-99700
-47776
-8909
-95279
80358
-82155
-21677
6617
32135
-79976
67854
42399
40043
65458
88358
-58426
32079
-84449
-70839
-14955
-27603
54205
55515
11391
-49261
87264
38684
51517
-16865
19458
18166
23255
-30631
-29224
-56474
-36221
-57619
40959
-30716
71268
12035
-12971
89968
-44109
29821
-92315
33627
86203
-42036
-44550
32047
-41602
-88208
-59052
-25828
-94027
64330
-98951
84673
-96459
-18977
-43166
15091
37165
-64277
97430
46956
69772
-76449
34773
-94125
87551
-54342
-24790
98659
-71976
-78209
89188
315
-74102
-37800
27422
60738
90449
-60345
15033
-11979
-45777
97605
-39893
-27249
3600
-11143
64241
10196
73999
-38890
-35104
87993
-48367
9873
-47335
-6605
26895
54270
-71525
41114
-82318
66822
-29773
64506
59095
-58617
-57906
-82249
47282
-68664
34159
-80614
91726
43735
73467
-36036
-98254
69826
9202
88269
-79456
86318
-99528
-96319
-86153
11735
-31087
15321
-89928
-43740
-26068
9418
25253
-15770
-49962
-10933
60165
173
15183
-85824
69189
-24249
29370
-56834
86841
76630
99501
58107
-95233
-56051
-10455
2451
54788
21511
23779
23993
53024
-12477
-57023
-25032
-17827
34560
-65568
27877
60181
-20943
17746
62180
32441
-8930
-78043
-21293
-51154
-7401
24094
44694
-21103
21845
-81531
25216
-89829
-57682
-63334
-38694
87136
-92940
28005
6420
98546
17260
59563
-16699
-1438
-48154
9148
22305
-35738
-58627
-25750
10230
-59626
-89939
-79404
-53982
20817
-7476
-56736
-34283
-91011
-37465
5639
-22657
-58325
-40454
-55671
-38826
-64680
-74933
95298
59205
847
-30045
-4907
3892
25260
8170
-23420
22512
-43588
-68962
-9182
-87560
-6527
79280
15199
-78941
85970
96251
90819
41969
59998
5921
48694
-57428
-65071
-68220
-11269
42106
34575
-71458
12029
-14398
-19747
-7938
25346
-54087
-86177
79072
-87236
48648
49532
75303
-44994
-61092
5597
3769
-61364
2569
-99947
47607
24843
63451
54619
-62376
53143
8251
57458
98465
-93197
38139
-49303
-96957
69147
-15938
-94786
-65072
81526
65223
-3682
94235
-84440
26972
-78456
-78932
-14013
-25962
42511
-86627
42333
-33848
-21058
89301
-39172
91722
44374
69214
-60818
-97055
-19278
-79516
-3402
14668
-4340
82444
78752
5934
61912
-27474
27382
11603
51022
-66895
13323
-57696
-4987
-85566
90036
63388
77499
-86672
-12329
-42475
18993
-89432
-9189
-52944
-74189
57288
-89793
-19695
-80907
-83359
14279
3939
93273
-88370
-75184
-1980
24334
41835
-82555
-15920
4562
-8140
10474
52617
16215
69500
47062
-86816
51588
-81913
-70147
-3742
66770
77700
85355
-23486
94871
-51542
-68979
-60225
-11744
7469
54826
27634
246
-20323
-35281
88182
13827
87964
43623
99699
75855
-65350
66505
-77943
-69789
15407
-75285
96918
-25458
81268
-31211
-95835
20229
-30850
-63440
18931
-2395
10328
75806
69343
10389
75483
-17821
32045
-40953
36429
48576
23094
6301
1108
64800
-45968
67176
83477
66604
-14698
-79221
28846
-60103
45428
-85890
70475
-93087
76881
-18833
-24727
56879
-65544
84482
-73243
4020
-62299
60793
-83584
59446
-89655
73455
-24206
3848
-18246
67263
56359
-9803
-4869
17154
-91302
-96298
-69661
-6476
-16819
-70397
96876
-39368
-92574
-71258
-32486
37234
71833
-48341
-14267
77394
26279
-93933
-20475
-26127
-58513
59368
55674
-84077
37024
-76725
-60747
-34676
-52758
27497
70983
-64512
9117
-11380
-74844
-3197
-37087
-63538
-4366
-54689
-77876
34536
-22988
-72077
-76445
27368
-71090
91192
56561
-59583
42740
59743
-96643
80508
52275
6678
-9046
34445
-73572
-4694
85616
70272
-24055
44871
72563
-95662
66637
-87142
-5251
36316
-97988
50199
-611
61098
89299
9302
59547
93674
-58170
-66663
61206
27904
-36507
-5336
56764
-29257
-55382
91933
75046
-78255
21537
32636
-17266
-51713
87028
-40646
46189
-13524
7954
88671
-35851
98739
-51012
22789
-38552
93170
-68628
51776
66196
-17034
11106
-72744
-15637
-62506
-93108
-26959
40963
-74341
-39088
-87924
33510
46300
-64070
62758
-56169
-46423
13629
35326
21858
18974
37096
-26508
-89890
-94057
-6554
82317
75587
76418
80049
67411
99106
-36273
72725
-71719
46853
-92796
-21155
51484
-68573
-69266
69340
67078
-32128
3826
-31783
25484
-39777
-23422
71704
22454
25573
-31445
3073
-91329
-7156
-13622
34544
96082
-22272
-11681
-28328
-58636
-38439
71354
48020
45057
13622
-3247
91084
85263
-66510
21811
-66048
37295
12742
-21417
50548
-238
-48581
67086
73272
25607
93066
34392
27859
-41246
-62190
90386
22795
33017
41204
61580
-86828
-27256
-94193
51065
-21549
91892
19
36992
-51763
75053
4996
62319
70577
-62036
-76083
51599
47038
5276
958
92690
38482
-69739
-99612
-26967
-54127
-70525
36292
49714
-30994
-98267
-38541
-20081
45145
-78543
80725
18
-24123
-75435
38576
96596
51605
-28519
59244
-64987
-77470
-21856
-46679
6877
-55701
9870
11453
50961
-27942
87939
-90423
87586
-34321
92420
55030
9903
47691
49467
401
-22678
53467
62613
-79423
-29432
53407
-5495
-84575
-87150
43222
-8135
46014
-98599
81608
-48527
-10898
24582
28720
