3100
-16600
-64936
-54446
-14301
-683
-20326
-83847
48037
-74335
85659
-8765
18776
-2417
93959
-80417
79652
-25652
-60076
54552
74147
-46127
-41541
-32638
36652
10539
-89644
42960
17086
31383
-65970
-32765
64966
-25401
68936
63741
-53619
58433
50638
-22028
72257
36263
26739
39938
-42402
23441
-3961
4184
37369
72790
23989
36883
48617
5930
-83012
-26137
30098
80481
30920
15031
-65713
1874
44972
59207
-30724
67414
40062
72329
59869
-38544
-30320
91091
12526
-14649
-56826
15858
48519
-28274
56345
-79144
-3284
-73660
33511
-95760
51247
74327
7412
-71661
-94398
-86172
-70527
-366
-3363
-68519
-48121
-65485
-12152
26940
4624
-66438
-67898
-82172
-45005
-27236
-59042
-19419
-74006
-43175
69383
-65239
18193
49954
63855
41082
76413
60853
-63896
-35908
-21385
-74422
67823
-84265
85588
-55899
-48613
-88814
45682
-37108
47519
-36325
-49839
-61165
76283
76259
-5621
42771
-83259
-61018
40497
17657
49040
-5176
-42684
17850
-27530
283
-371
-23196
-59960
63421
-53286
-89904
-25330
82463
-84907
31348
76796
8480
59202
43157
-44236
81367
-8300
71065
84274
-79568
-96531
40378
21849
-52819
-1039
79703
88407
-56882
-77434
10853
75895
93196
938
770
56067
-5378
-66704
39594
10195
-32481
47128
-60734
-11530
-68057
-76342
-34990
46012
-61419
-7057
-60272
-6305
57806
88556
-81193
-86196
19871
37564
-17033
-41711
-92833
-94359
-12379
-79004
73776
55015
81747
-93939
63652
-68019
11291
-87247
-33989
-21775
77268
-63235
97163
-18274
-12601
86315
92857
7156
55548
94452
-67357
-7715
24429
8402
29152
55720
-1252
-71631
86943
38275
40704
21745
-37780
-71783
-65957
-25254
-66287
8646
13095
53085
-61095
88627
50606
60995
-51601
11539
73401
-17483
7654
-7815
55840
83814
-20718
43923
-32064
-85919
-6253
-11449
92171
52842
-11278
-26840
74810
-83564
74531
54741
-8867
77599
46506
13614
-64238
2251
6427
50100
36436
-47043
70905
39932
-7381
-18739
-7168
-73072
73281
-26518
30463
41571
16725
-42133
91932
-89042
25225
90994
-39877
-13333
-31211
-22593
-6982
19757
-58850
88143
-30573
-39782
9889
80302
81381
50695
-63287
75360
89804
-51602
-68959
-52632
-75732
-63474
-79260
-18317
71565
-26465
77359
-47708
-63776
-25167
-33961
33469
26656
50848
-98473
-15706
-64108
-45130
14754
84701
-91343
15325
89431
-5189
-97572
-58177
24595
-92193
-25908
-15364
-49824
42937
-53938
19015
-96822
-22731
13410
-62946
-51694
17409
-64701
59620
-10372
77949
80388
12764
96131
-48321
-52330
89604
36397
54655
-73818
-25524
58169
12966
94691
-34191
22388
96750
32861
5179
4586
-86475
53769
31631
27386
39652
76385
-52879
-84413
-58122
84968
74266
66618
-18392
17291
-27982
29918
18364
-60381
47915
-84606
-14551
-22568
14394
-951
-96606
-22497
78706
50993
-16063
-39965
67006
-74938
43344
9282
-74246
57014
-43724
11374
-8273
33157
-62473
64628
-27479
45335
91888
-38695
53047
-90134
60241
34656
-15617
82151
-68659
85545
-37189
-11635
62500
64883
-33836
-87219
87884
-24894
-13287
76533
-33411
-30564
-89316
-49020
68634
33901
28137
29852
96503
60874
1380
19989
-27701
-28334
41022
-51539
-2509
45937
19
-72290
63136
-49282
-70684
-81784
-69345
-64828
87276
-1202
14787
63326
15969
32573
-68559
-19140
15112
74214
-93240
74946
-39819
-15284
-41749
63887
81118
26809
-75220
-13989
59675
-94997
-11114
-41991
-85891
43180
-51625
-1924
39048
9215
3592
4086
15246
41974
-95781
-73637
98985
-42655
38432
86661
28372
-18912
-64204
-87727
69158
-87462
-20922
25574
-65171
-8314
37895
-87850
51107
-23642
-57554
94492
-37169
-72108
-72923
42373
90939
20661
-95277
-63892
85902
29258
38855
65118
-33595
36837
-4994
84892
21138
-14344
94801
-28738
94929
34121
97086
72244
98595
74945
-50160
6568
10089
-10332
25774
-97217
90399
28252
-12866
27711
20690
67310
-81932
28491
-89665
-22002
72635
74889
-76214
35789
13630
47908
45912
-62736
-86957
53421
39817
-10531
97796
95388
15765
49391
-62724
-63819
71298
-26584
60043
-91066
-65729
63558
51606
-19700
4641
31726
-17890
95222
13623
-30651
22955
40001
62027
52958
-41196
-22846
53432
1229
33006
-14654
51619
37594
42447
66179
11863
89937
35326
-91423
20225
99639
-17160
-41260
-892
-15593
-19871
54482
-82566
-16774
60614
-39919
-29623
64180
12107
-95702
13341
67483
-46026
601
17799
8403
81942
-55583
-35982
-69947
46033
91597
51709
33006
65161
52816
-63110
-79149
-92757
90638
-71421
32531
-97644
93684
81524
-3819
-25633
-33983
-2808
6815
9231
61224
-23661
-79928
4630
40206
-53287
-51834
62720
6830
-14710
22049
1663
12508
-88229
47497
-38061
17767
-34878
-54590
20822
-50473
-70578
-68675
79969
-2795
21408
-79805
-55522
-22742
96650
47754
-45780
-33056
-44158
-67542
30376
40261
16770
26537
-23138
5069
-75712
-40846
-76148
77975
-28795
73637
10319
-77112
80045
89352
-6547
-69484
-70150
50778
17086
-45221
7828
51528
43767
63151
87137
-96711
-19756
-41420
-95491
-71036
29538
29281
77526
67713
21606
22179
-17049
-67587
-82003
41376
94223
8007
-56142
-8040
-33331
-49689
61541
-52760
71963
30127
33822
54249
-44253
-58071
-69218
42037
53410
-35089
54717
-39095
60952
81882
-78090
11974
-86679
15314
62539
-750
20692
-7291
-63914
-63461
36813
5491
39406
37372
-5192
59813
86450
-88136
-79740
-6851
-60811
-28509
83362
-95063
37190
-60449
-84319
-1550
-52198
-52796
-6552
-12111
-61480
-7143
22927
-55648
51329
-89473
-83878
35406
-55877
6510
79378
94700
-44744
-66986
21442
23045
-45241
-7513
73355
-58677
-3913
-64660
-27932
-89460
-9372
92498
19442
-23356
74079
92359
-98240
88395
-77762
80894
26139
38319
-48259
-82866
-13811
-24932
-77041
-36742
-56524
44920
66181
64780
-41410
18763
-10790
-36006
-75517
-31460
7640
-94422
-81730
46487
90923
65266
-39831
-35031
-91071
-7304
61045
55534
11866
60376
-80989
-6654
-58447
-56860
770
-24012
-82681
-32667
-76219
59097
-90488
6144
48512
88572
64988
1716
25215
-44429
59149
62400
-59133
-50291
36240
-39135
-22182
-22617
-70990
-3719
91162
-16290
-50336
89996
25209
5726
-73453
59171
54668
-61799
-1898
-47085
53210
-92332
91637
55000
-26403
-46373
38596
-78630
-20268
35157
32329
-25646
62343
18866
-60921
-19002
73625
1664
76520
83632
98883
-49443
-42106
-29955
10483
967
10261
-60687
38848
-44337
58417
-58009
97736
-49939
-7040
10038
73576
35180
-52540
10864
44183
89670
-24832
-24124
92703
84426
6659
93315
74681
-41799
-1515
7935
31045
-16527
24317
-11249
-57693
31745
-4051
27440
81649
15451
39244
-30650
86241
15271
-52258
-71488
11893
20788
-26927
-44455
56602
-49783
-57818
92474
58079
23386
27513
-81220
57296
-554
60783
87564
-33997
-22691
69308
-99736
67358
33743
-75826
-59643
-61709
98048
-94822
-3309
-13574
72007
-28543
3416
-14119
-81994
25822
75449
86386
93732
-54993
8216
63001
-84827
-92003
89750
34480
-10021
-99287
72569
16034
-98714
56501
-49047
-85960
-67850
93549
67797
88731
-92030
-99248
37555
32103
-45871
97631
-10652
33255
35510
-26784
-93067
18099
77977
35023
31810
80995
-21329
-86878
-37259
-48721
43595
-41928
-85588
18981
-75634
35997
-78983
10949
-10309
-46404
5442
96380
34405
-46942
5961
-54405
79433
80426
16967
82420
19000
9931
-93007
51057
56301
81850
-98788
11537
79357
40957
-49028
27871
-89812
-58994
-23032
-10096
-2853
14760
61562
-98535
7199
-90319
3058
93419
-25106
-88445
-9670
-35636
38195
70232
-29404
-46189
14529
71250
-25072
67840
81251
-32475
23306
-75
-29614
68642
62544
-87595
85056
74144
-67472
-70728
-33327
-7735
-32880
-94904
31145
18302
45640
-40325
11040
-4184
69353
-73747
-57646
-43108
21729
-18855
-11500
-66390
78454
-95884
-64895
25603
54000
74470
85554
15620
-7020
-22171
-17525
-20381
-82678
-59792
16946
-78539
74464
-57754
30043
12697
-83033
-55552
-9345
-35899
-97797
93553
44459
-81365
-92575
5721
22261
82439
-22967
83616
-46967
-85816
91378
42805
84449
92952
-31316
-18717
-48173
71178
88377
4173
89540
71455
-52211
22086
-5830
-83083
-38411
-32561
-99696
75405
-4716
53934
-50046
5943
33799
-60313
47016
45084
-95638
7258
71296
97384
96692
-57992
-50524
-28270
-98626
34787
74330
54153
-94687
47458
66378
-19076
41148
-89794
22410
41158
-54443
93436
42390
-45899
59671
7350
-82533
80182
40761
-50472
-93838
91038
-88385
-43532
-15574
-35497
44762
64195
-1410
72165
-95893
69305
31269
65556
-84634
47875
-1975
45952
-54639
77600
97807
-85375
-31574
-30247
17109
98993
-24088
-51938
-65798
-78246
6298
-71361
21462
19265
71724
-16636
94730
55753
-83319
52265
-29965
84358
-77926
93753
-25160
-76193
-71253
-29371
-7741
98591
79471
-72447
-66099
83288
-13414
88380
47313
-6924
-95764
65339
-4318
42073
97550
22833
-13352
72568
-73836
-50276
87142
74739
-43485
-79810
-93561
-2839
-42324
-67082
19543
351
46294
6011
50046
38092
-49670
71158
-6585
30721
-92024
61817
-30129
10547
-52601
57503
80728
97766
43193
92096
84989
-57160
76444
85521
-52672
-6968
-95091
27095
74431
-92223
-26104
-90618
48774
-50041
-86070
21818
-19971
-81732
-8681
48017
-73214
43695
47192
-29213
57362
73569
-4580
-37217
25120
-89418
70847
61763
97800
-45707
54568
12599
-13091
-44036
-88853
-38585
-65442
-97021
97616
-97541
-36024
1290
11179
1237
23941
36578
-16342
95591
33986
51797
-33555
60238
-13858
-13836
-95281
-45553
28862
-77765
98500
-22772
36925
-66206
-18405
-61150
79233
66051
-75998
-24926
66857
-75166
-69848
-96021
45218
14942
-69987
77217
44185
-51469
56854
61836
-53814
-2646
80685
9103
-30665
-92834
-89914
85442
43893
69419
23660
9711
-13600
62964
-21863
15654
36847
-83311
59156
-68483
-24350
75348
-42251
-34456
88920
-25290
-90236
-62159
-57539
-18077
-59072
-80684
-36576
-6177
-71557
-69895
-94622
-70765
87394
80974
-8374
-69768
66523
71232
17142
-865
-22585
51351
-18707
-14758
63655
50924
-15409
-53
-10598
93575
75245
-22841
-74108
-40999
-97803
43685
-71413
-46574
95750
65449
-7621
-9504
36770
-68472
-1783
47878
-80575
72536
29109
-88556
61762
10774
21064
-95671
3645
-5357
40573
20225
-54477
99195
58172
-96868
59815
-61949
-81535
93614
33094
-8017
56476
-62372
11329
57149
-98095
68505
79100
73009
3423
-51715
-71586
-9922
22878
-59969
44169
65422
63169
-69745
-95197
36270
34236
-48749
-46061
33817
33471
1275
96968
-68320
-58209
4483
-29709
-29902
14614
80901
18837
-88818
83617
-5768
5554
-77054
24071
55497
76709
26078
-69446
-69036
-63411
33978
35030
-72833
55461
-26079
46726
85427
-56334
-25703
-1274
31096
20053
-40368
-80829
51820
-73408
-29019
89374
13152
-57659
30415
30287
91663
72778
-80530
-10458
76028
-76839
80812
-96275
-45785
38676
11024
-47254
-65301
-45946
-89057
-37887
48503
-79148
-23505
5429
27047
85970
-25527
-44721
-24642
15665
-87366
-49001
-57150
30487
-93514
-84225
90677
-32377
28842
-19872
-80725
10047
-56867
41819
87437
67681
20674
71074
-36120
38985
73052
69263
15346
15549
3726
90673
-20005
62274
-52674
82600
-66996
-73589
27813
-5210
-31040
23565
20087
-22443
-92549
-92178
16425
9687
-99350
18971
71395
-74903
38745
85176
-12476
61857
-693
96947
-96628
8726
-87815
99634
-92437
42142
-31702
-90646
4835
-81678
15851
57617
-17188
-26002
16044
-10517
-63036
-52939
42039
-96191
-96096
-97230
-91315
18545
81972
-85447
-17825
-12322
-41461
38731
11750
60103
5860
20088
92447
40566
69561
-9889
76583
-76593
-37139
71633
-14866
47176
-56751
-97260
54491
66679
79827
47619
62588
-80250
-63677
8019
5608
17988
-29181
69360
89780
48278
-6197
-44538
46926
-51573
50006
9627
17337
59853
89133
12313
98789
-60110
-70450
94186
-12566
63474
99769
68860
-19615
-75020
-24170
54692
41311
13953
-64634
-55586
-8113
-89382
-8316
-52430
-58197
73124
-30152
36083
22807
-64511
44056
-77790
-4454
-80197
-71429
-95825
14457
48730
-29444
-801
8178
76885
-88185
14921
45906
53541
-85437
-39814
40627
43892
13404
30968
-28458
-58507
67371
-55516
15257
92557
22917
44088
86741
57518
-16035
82544
7574
-13947
-26601
56262
-52616
-95415
-90966
3605
-96614
-92108
91184
-83425
14786
97551
-34739
62570
38477
85221
-60806
65605
-53167
-85991
-73171
-71256
3409
16148
68327
-49287
-35237
-84906
-63719
55147
-25278
85678
80692
17217
-37068
-22203
-92084
-8335
-81225
73556
-12697
23395
-29820
-79882
-13720
-37032
16384
99031
31635
-26968
-18989
22540
4220
-34844
-55513
-10307
-21999
-26918
85183
65277
-34048
-57162
-54607
-28102
95558
47557
-15806
-93936
-31274
-31083
-45604
-91272
97826
-66439
80302
-32355
-2424
-78359
72224
94863
7068
-1979
92338
38480
-16050
-97478
50480
-32948
85048
15229
-50924
-8090
-3833
-46987
93368
68014
-95357
-77515
-38730
-16978
-89220
-96985
-83362
52900
46355
32900
49171
-76087
-25630
33023
95746
94800
-49143
73346
-54912
-26710
74966
1039
75967
-1594
-89968
-22903
71277
-33641
47712
86092
66090
3469
23197
-5258
-40605
31205
-63886
-30647
34000
30044
-16402
-54231
8774
-99649
-61592
-86017
-47559
-61410
-4659
-88896
-8046
11294
-7352
20936
-78359
-66642
-65588
15456
-31712
-66414
61313
8095
61275
-72741
2825
55532
-81569
-2569
-8851
-96287
23750
-24156
59433
55947
-20004
-48512
-93104
-87474
11930
-22723
71133
3301
64381
-29584
91992
34312
-87551
-72120
42850
-90714
-32385
8795
-71587
45393
-95520
97116
-41670
41018
-3395
63401
95840
43345
73301
25217
-34442
-15346
25898
-26221
84301
91342
-15304
91505
48429
-50411
10515
-18268
41082
-65294
-9700
-4967
-1789
-77632
-1377
-51528
-91288
-3704
36748
46037
-37595
-99580
18320
-70337
-28545
71295
-91056
-54666
65417
-57640
-11774
96891
97363
-64411
23463
27263
-48336
-11405
-84311
-70339
-41565
33388
17869
-73181
18150
-25902
70228
97387
41686
83047
-27596
57289
94014
-90321
-42834
65725
-66050
1997
-8116
65416
31191
19466
83577
-90693
58518
35509
45500
27370
-21349
60196
6995
-19840
10758
87960
-86680
-70996
-33859
23871
28210
-6342
-11749
69714
-67669
53244
89208
99551
-58775
-84698
-12143
19169
19868
84730
-52076
48907
-66269
41816
50507
56804
3211
45815
15074
20427
-96092
-83279
9174
50396
26946
-93064
-86724
-54549
-80499
35302
37484
-79507
-38139
21619
9160
78327
-59241
35008
51180
-59490
39764
-59120
-89740
62333
22932
-29162
61412
-26732
95782
-44056
-35848
20045
69362
-17389
11145
-18021
-14802
17161
12633
-17797
68793
1078
-89221
-92452
-23017
41073
63458
-49253
-87222
90061
64452
-36377
65737
76430
35370
-71100
3808
-56840
-44649
-82005
59939
-54717
8146
-29682
90512
47276
8274
87672
42048
70053
28038
92307
-41654
69293
-54466
-75324
-53899
11514
-83975
31537
-22953
45074
81740
75234
57422
-52424
1195
-73979
-35174
55108
75351
-70453
67158
49484
-64028
37873
-36271
28030
-63834
-2727
46797
-38256
-89992
-41514
-41517
-76402
76264
68743
-3663
-34478
80898
-24742
-49134
-49774
92983
-91086
-94408
-50605
-46294
-41885
-53608
-44996
-81640
69530
85522
43973
-33823
26778
70923
-94898
-66313
-62943
53801
-90100
-57566
-28631
75754
22174
13485
77898
40929
19070
47793
13372
-84721
6162
-645
47867
-7718
-53342
-31587
-96445
83884
-85467
89614
82299
-68309
-78092
54270
7918
11024
-77216
77115
97268
97702
35167
99961
-89937
49889
4833
-30911
66481
65753
-31231
-33287
91259
-12767
34967
32524
41632
-74296
57706
-82635
-33783
3116
90690
31021
11601
52918
-19236
-86353
17360
-40715
-48777
-36316
20918
-54822
62796
-52815
-21875
39502
63514
63129
-61280
-99540
-2401
-54001
83514
-91298
51875
-22116
-62969
-15785
76589
-58647
-99496
-95638
-10663
28906
57474
-51770
29826
-31961
2021
12559
1625
-80920
-91446
44889
86295
13949
24166
-30845
-32945
77095
62652
-49362
23388
91175
-61858
-74599
75770
-38176
-76973
84122
-37263
40171
73684
-32005
-62420
93879
-42639
-62097
2536
3099
19857
-72208
51144
54330
-59434
86646
83973
-40366
-2273
-235
-99710
70369
55527
32820
-91395
40884
15370
64229
-43230
-95411
-12056
-27098
-45574
71856
-27230
-16717
23168
21962
-6974
-60602
28116
65855
-32777
-659
-44215
62991
68285
-41211
-33319
-99037
40731
-70440
55544
-20358
33222
83089
-3451
76331
-40861
2200
6109
-77290
-58454
29902
33418
-31893
-87770
29606
-73639
76886
66969
24286
53321
-56826
95356
-70503
-43361
-81319
40867
49371
58327
26918
14207
-20000
56693
12326
83710
-27687
21433
80639
43085
-51452
46896
-17425
-1475
59751
78823
42321
-64701
-84568
-64837
20943
-24295
-3892
94540
-71643
90499
85002
-13296
80205
28012
61899
-55933
42573
60591
-319
51964
-42471
-93583
-55967
17819
2534
34731
-96130
1759
81548
46981
-92284
4820
48406
36254
69709
20329
-32982
-32984
-65245
36256
61071
-27919
81363
-6946
44192
-15876
7594
-66974
85580
19533
20495
-44334
72775
-91644
38844
32881
2641
-84063
81499
-87954
69537
-92762
-44807
89493
-20626
-92902
-8983
-55320
44569
-87703
-52680
-5559
88122
5481
-61304
-74994
-41851
8311
-22389
-45897
-12071
-40832
-73890
42299
-9819
-31972
98047
-96578
89655
88852
4013
32288
77986
61188
33371
87535
20492
-78436
65488
28412
-94958
93696
96158
11851
-29480
69327
-71108
-66140
13744
-41599
-71742
37382
57509
-35350
-54335
89595
31078
-13093
99069
-91321
-44534
89064
16713
-62022
22020
88323
17021
97573
38436
-21881
58837
36137
-93369
-91759
-11863
-52821
5725
66313
-20155
-73949
-34091
46335
-55708
39316
59687
-77969
74254
-9706
56445
25063
51915
-68721
30975
-1280
-62142
43200
-53510
4999
-43405
17147
94188
-85120
-4594
18035
-43282
37696
24750
34476
96190
-91335
-47243
76945
-536
73107
64260
8228
-1455
61301
16727
-54449
-74208
-4574
-16004
-69542
-22646
36032
27758
95094
92344
-53131
-11438
-65930
8278
63402
9421
-76323
-17286
98929
25984
-18286
-79505
45251
-39839
-69264
56158
8610
-63241
91706
98136
-36067
-72526
-3732
40898
-79822
96676
39788
-52962
59213
80160
-52641
-58510
48879
63918
-61864
-68457
76266
-49433
2668
-74017
29192
86131
-23903
97956
79692
-57443
-55355
90985
94672
2256
-82982
19888
-26995
55281
99567
18136
14969
61144
-22838
10991
97739
-87637
-71167
47388
-76838
11545
54760
-78942
-55517
12721
-91228
66066
-15382
-420
28510
-78768
31991
49277
-64429
-43777
-88767
91364
98953
-91060
57129
86057
45084
-74476
18909
-26581
79287
10419
16285
-4123
69086
-35734
-83750
-34967
78823
34156
70458
98749
63817
-15675
-26375
-77681
-95412
86184
-43415
-71083
-28960
-68909
-34278
-18619
2442
80417
-57644
5102
57
-35284
-98559
-24270
30199
21916
85864
-30560
57467
-9007
-3116
7986
-33061
82345
98067
-56928
19422
-25746
3546
-33058
49647
69599
54854
74937
-70098
79129
-56323
-81654
-18335
65442
-22221
-59116
25032
37842
-50424
75392
18062
-22113
-43185
-23758
-42725
31811
41386
19271
28038
15884
81937
2990
96744
-76096
78513
-32032
31052
-77590
74865
-35523
-9022
-14203
-66481
-764
92179
31684
7465
81199
-28786
-77188
-69864
62761
-68735
89711
73591
14317
-62972
57270
-35903
49340
6959
4746
-69800
-8582
-41365
-20433
26914
-84762
-76506
45373
-8882
34100
5920
-61748
79861
17801
-36829
47291
55963
-83885
-51569
-48291
-364
-60734
19283
55105
69379
63974
-61384
45533
-1794
-67034
82711
48343
-31795
-21606
-74773
-85713
82002
37510
80897
-23541
-61182
-34892
69196
70880
10961
21485
8149
-98885
-12564
-42925
-61745
-36950
74720
15582
-39864
-48119
-91816
-87951
-964
-57876
68803
-36136
-58492
-85658
95828
-33311
-61717
-56972
55587
-74796
65697
-2807
60849
74960
-78647
-32521
76488
66563
-36947
68215
47553
48197
-69423
59029
-86240
-80110
-11163
68731
72153
65762
-76524
-99944
-32714
-74137
953
42732
80208
36194
3569
-4493
68666
15906
-17013
34347
-27202
27
65756
98372
61311
47903
-37200
13412
40637
-46277
38043
-97965
-90057
39793
36205
-97718
-56469
-65523
77379
-28909
3513
-68762
-11142
-24804
74790
-52045
81983
-66210
89596
71879
88386
-88603
-37298
33514
2249
44987
-57704
-54826
61601
91061
44293
-95029
-98769
-85735
97419
-74737
-89564
-90582
17394
50118
-33650
44691
55538
-13335
58764
69868
8377
47782
-43174
-56085
-39989
-63340
-17462
-86422
5060
89297
39700
-22384
70201
-70789
-24636
-68065
24701
-96697
53457
-45030
32447
-5567
-45554
-90479
-40048
-30048
-32262
-78262
82627
-51899
60082
-62386
494
-21424
19014
-76787
17612
14495
97576
69998
44164
88229
-54400
-79369
-70843
81058
-15779
11862
-79800
22852
9031
-37558
-75913
-17830
-82960
9265
-87892
-80079
-19128
-98642
-29550
-33203
-73296
83830
-87832
-53051
-40762
-92936
2916
65340
-62497
-68889
-24652
3064
-61933
52645
-46049
-76000
-59215
70989
-3382
79958
-1453
-89891
87063
-94033
77837
-8193
-77784
-79669
-36417
18866
35777
-86442
5770
-11879
-7796
60186
-36385
11488
28277
-11906
-7693
30535
-6347
-92386
-85105
-85747
8557
66376
5827
16697
-67480
18705
-92486
-7225
-3005
62035
-79383
-87826
-23063
52100
23842
-50358
