3200
-63472
-55489
-26786
-35421
24074
-3560
48371
87606
-23942
-68990
8572
-10885
-79138
-35298
73965
62922
-17210
-39995
19560
-8757
74964
-50462
41235
93729
58978
27625
60229
-68044
66818
760
-83303
82457
61472
52808
-77787
-673
2500
-93809
-49403
-43592
78132
-3210
60368
45442
13623
-55502
-17363
-39311
44084
-89919
-70338
43931
61304
-72061
-56455
-85088
90518
24307
-58408
-48332
-47512
-87744
-56537
1163
49332
55116
22010
77343
98410
68672
21441
-1183
1994
57610
5492
67322
-86749
-3532
74152
55804
12790
84258
-52540
-71446
-42119
81128
-3251
-59424
-79305
-77306
-68580
19425
-26027
43713
-76558
-72709
20719
-95714
52706
-22631
3808
-26242
-8276
-29915
2593
25041
6698
-44713
-56120
79864
96931
-44641
-41486
507
-78146
-87125
13244
-96477
22097
-92331
77035
63478
-22634
-6419
79596
48973
42622
-95330
-69003
-4141
54624
-21569
-71223
-9316
1674
75576
-22373
89503
69368
-14705
-58422
21650
64355
11342
-6005
73121
-59728
34771
49637
-51638
-65527
-46476
-79339
17432
4745
-63156
1361
-2247
-99567
-21593
-65367
-82946
-30984
-61947
-23478
83695
-20321
40207
-81571
-23927
-11806
56852
-9524
-78890
-34454
-91587
43237
2982
57183
-28331
78039
-21841
10427
20847
-55848
-14401
-67718
87987
-78551
85465
-17747
65033
-40143
12212
75374
-66015
-96954
7308
6126
44508
-7861
-78942
85674
-5478
26163
-90537
82236
-86175
-72668
11809
24718
31846
-82186
-83353
-49431
69436
-24614
-81153
23531
-60394
95128
19905
5143
-91462
24752
55560
97991
25733
13986
24901
-75716
-61675
98890
6143
26390
15702
44387
-8149
20831
-68691
26156
-18333
-73023
-85574
75367
-23289
92632
-65458
72574
-43539
-37022
-61399
-46335
63109
6291
-23314
-3638
-92274
58182
-53083
93250
74223
89101
88429
-88772
49779
-89495
-93508
-51906
29860
-63915
-1132
-7647
-45182
-63427
-74171
74574
-28447
-68532
-8039
92584
-52388
-95710
-19873
-25656
-68167
2789
-29737
-39581
14171
97647
-82569
-43768
34206
97637
52824
35718
34131
24807
-7232
97899
-58984
803
-42164
22951
-75630
-94332
34106
-946
-63543
-24759
84241
-31300
12001
57712
18605
34258
87793
-93296
-54421
99487
-98174
-21690
70061
31067
-55642
-62713
-27382
-4851
93042
22037
-13355
82636
-81319
34445
-66872
34210
-18522
-88036
-24050
2572
-33515
43154
90090
25182
48783
-84977
25031
98499
-15359
-97318
-70244
47138
-64104
22480
80571
925
23579
-98823
41527
-5453
-15388
-74954
97328
48069
-29188
-87657
82877
26806
40786
-40695
70772
13035
-35240
95596
85720
-45903
15483
17411
-55008
90238
-44356
26117
32928
52432
-41488
78544
-56938
88818
56016
4989
74708
75101
-9794
-73458
-84539
-27269
64661
-84412
-4259
-78457
-63125
29453
-14431
4624
-58714
-90405
-83312
-54693
-41032
-42864
-29715
-39384
-58248
-65323
71466
-81459
2014
43338
36210
-80193
63771
-47272
-26541
73904
83603
46370
-5433
72978
84664
79769
4766
-98247
-17404
8622
-73015
99998
69522
-98845
-52795
93183
81818
23995
-25247
-23004
-88697
69712
69870
71805
36919
10051
14659
-54168
-24434
-28787
-12630
80398
-8009
68020
-59413
-95763
-65351
-50214
83506
-57424
47473
-89552
13087
4154
-37326
43847
-34774
-90687
-57482
1927
49265
-72617
50943
58168
8288
-49787
8974
89150
-41412
-39472
69695
-39198
6924
-79331
-7489
-67318
-1500
-92176
-63124
17163
91407
14224
83527
-4267
25176
17415
-92264
50637
87029
75462
76575
10424
-97199
-42331
15474
-48430
-71435
-41209
78200
40383
-15086
-5093
27392
-85159
-11859
3840
37119
-5720
63399
-62400
-13916
-36561
85096
-62467
-79782
35811
88360
34794
17369
1015
97434
22640
49577
-20270
-92043
-74960
69045
94818
-73824
93480
-34744
57674
29241
37615
-57754
69815
54849
29018
-5239
1232
-62296
46657
-43017
-13940
-2831
66332
4924
-10979
15810
37062
74122
-48502
22219
-67804
-50583
87194
99984
53407
-20388
-55380
27732
15564
-53038
-82076
89444
34157
78406
-21056
34877
-94703
36340
22856
-1637
-91434
81207
97636
-22881
69263
81732
-11897
-18213
51840
59773
85769
-60034
28422
-89549
60115
85655
-95020
59451
-16845
-45625
-70824
61035
-51888
94728
-89285
-37198
43511
55635
-85945
-26543
-68589
-75341
-72412
75834
24060
19876
-28869
15747
24358
91047
-8068
42439
-97094
-75803
-4934
91289
39745
87421
-84493
-26586
3389
43692
-61714
43622
-43694
65240
29757
44415
-10335
93753
69858
89014
-138
3301
34382
-56750
-58601
89206
97476
-29809
-6339
11609
61789
65148
61599
72118
-51228
-13582
-19031
-66121
2273
9585
67596
-99080
-54861
90520
31919
97161
66454
7680
-98941
13026
54469
-78409
-79308
-87644
7161
38932
-53765
26824
9487
-85445
-48176
2022
-24185
61359
-24963
34724
-78040
75087
27598
-18247
99266
-31377
-93275
-89443
-73716
-12332
-75671
-41521
18795
-1781
95070
-90750
-65004
-25626
24081
45989
-60024
-54828
-67926
25550
-25154
99996
4771
38466
-40737
19126
83800
-35677
-68437
4038
37812
-12041
63225
-66250
-39733
62800
-68197
28847
-40057
22814
-77856
37299
-41351
8781
-28494
61530
15249
-45476
-43424
-23770
-19031
-13700
47159
18629
-13957
48928
-86199
-27804
-40717
47079
95567
-78037
-92768
-72348
77930
88344
71427
54854
-68667
88187
53962
-65943
79255
50507
-92393
41272
-9467
-20892
13048
-41988
71396
74974
-20548
-77242
-53284
-55477
20059
-50891
-1624
43532
-31212
38501
-17415
82384
38356
27764
-90758
-65685
41042
23410
48687
-3761
-92232
23524
31223
-49431
-25285
17077
15344
-19302
-41333
38650
-89415
-26352
80486
-48224
84435
42241
-7160
54581
-61728
28356
-43331
45583
-74418
67468
91286
-82403
-7027
41729
-46854
86600
-73093
52604
-11564
57925
-43550
50719
19370
-73990
-68713
-22384
-78195
-38582
82051
48016
58924
62271
-96514
-8325
-11644
7251
-79465
29598
-32973
50267
37808
-90832
-68246
23825
57158
-69969
-40705
84412
-85361
60376
-58974
-41922
-36612
-67773
17000
-90054
-46818
41944
97091
4384
70949
-846
80275
69846
-86845
78542
-84011
96324
-658
3951
69881
28604
-10875
-48558
-55918
-15547
-41078
-17591
-49113
26691
99277
-19209
66662
-2492
44010
9767
86392
22185
-68439
19657
47024
15343
-30269
-69495
-73508
-97255
-75964
-13299
-78146
-88196
-97780
-94388
-58539
58406
-78993
-8442
6868
23532
-75076
-42845
-91532
23247
-2085
58732
18917
88138
19152
-16352
47712
46203
-55396
-88012
-81192
-67157
97154
85291
86030
87996
26407
19661
-27004
-76690
-17326
-8441
49865
40845
89236
-88481
33587
28475
-95487
85009
51627
56150
-76004
-49781
45858
-54139
-687
8130
67490
46436
-9445
-98513
89471
-35638
-78970
62826
53740
34291
2638
-5023
-7255
-73969
6375
-89931
-52326
-3930
74198
25073
45107
71782
10108
-58521
-79408
66826
80947
-24535
-80415
-38551
-17391
-6239
-16637
473
-77558
11726
-47831
-40322
18994
62491
-25095
-30222
-865
80413
70835
-71662
47277
16170
13324
-96413
-44645
-38000
36057
-15584
-13358
10809
91111
1697
-68474
35545
-39513
82153
-31819
-72303
-98682
94092
79501
95332
-83685
-71173
8426
-11630
-82630
3630
-387
-46058
-30042
41133
-44344
-64263
5090
-83334
38853
35282
-55832
89950
70119
39387
49971
-27377
43192
-43472
-73
49594
-54879
95334
21745
79475
44552
-27963
79704
-12041
-81837
32484
-61261
13594
-9396
58336
-38204
23313
15965
-25224
12898
88798
10938
80136
-55708
-75052
-26659
44320
-8775
59526
-56211
-33599
-96939
1168
58488
-98317
87046
-99967
98079
29637
-85531
45988
41937
85987
94247
24617
11951
-56883
-58733
47221
-23409
60986
-97394
-42173
30044
-93240
12690
3765
93467
-15586
23997
-4869
-15928
-22560
-53562
5726
-65505
77710
-7350
-25366
-34442
-75974
43268
-58826
-82745
-21981
29020
-41263
99532
-98893
-31658
-79797
-61373
-22318
-19861
-74211
-53423
-22235
15989
-48650
32259
-84761
-70077
-10013
-69329
23394
-91444
-66151
-46151
53705
52289
-15070
-54863
-57867
-54341
-34333
73434
-24774
-92780
47110
80262
-38490
8209
24264
96413
-15275
-22979
27232
-7812
-35276
19473
80459
87225
39312
52303
-58512
64005
32922
-72211
44149
29547
1274
-6033
20190
-71435
96652
52814
21724
17645
-72837
74644
-4934
41089
-7943
62537
-51681
-59136
44376
23047
-19327
-35967
-5176
72874
38759
55458
44141
-32412
99544
-11602
-27684
77037
-30427
16472
-59533
-40745
57936
-66716
-14446
74303
2392
-75291
-94918
-54369
-74334
-15135
74048
-82687
85702
-38256
34157
-23154
-7949
-70525
78517
11717
-66945
73762
-17454
-46009
14350
67278
30141
-47090
-60130
-87131
68361
-83074
-12370
80611
16092
-3116
69257
81253
-62454
52347
43571
-72502
-60721
49085
58862
96370
19369
-92906
-42327
91176
78224
56293
86918
-10276
-75501
-55684
9991
3273
-83567
-106
-83372
6197
32656
-69144
86507
52375
73469
97104
-45340
914
35649
-12438
77408
29152
94332
45890
43918
95498
6944
-17437
22937
56275
86957
73358
97458
20021
34884
90374
56501
-94973
-28886
49032
-49990
-54547
-53156
24025
1979
-10142
-89398
76855
77341
-22448
-30223
77105
-41187
86854
-44200
37523
85912
17403
-55514
-87175
-30538
552
-80930
-29948
-78284
-96816
73721
-35541
65870
22816
88863
-26647
99013
-74832
-35135
-84972
-42734
-92311
-6763
-70898
-1113
91266
1391
76628
-87330
42915
-57927
91444
-67839
90090
-13809
-85861
59893
51147
-90951
-31220
29507
-74863
71366
84973
-46204
-32892
85889
27004
-12119
61283
48275
16095
-38300
66385
-97355
93848
-4489
37964
-19185
-16425
34967
69208
-9486
83433
74556
-65606
175
-6705
45704
-17504
-93934
-73111
87761
-77154
58878
17489
78221
28627
64934
82885
93337
96938
-74395
-96388
-75866
92540
-57285
93337
-98560
-57453
50981
4285
49148
89290
-66920
-33417
-24642
-44784
-39079
-43370
79845
-18229
27516
-91616
-92461
26136
57015
-36517
-11108
83249
40418
-96952
86218
81896
44237
68399
62219
90384
-11714
-26154
85880
97530
-46331
7371
-68158
-11043
13694
-15775
59
28239
-82269
53367
61566
-43536
37259
98547
-73667
61286
22275
22606
73829
63810
-38201
9481
-48912
83777
49054
-79746
90886
-48081
54223
63185
68881
-82009
3331
77509
84380
-37259
78521
-20693
53862
-63460
-86305
60469
-30263
-15565
-25964
-47640
-14270
9129
-50312
-68048
476
34986
-53844
71309
-3266
87386
68075
72236
92237
-25217
-28860
-3568
1599
21947
99891
-58961
-26306
72758
-73765
-35943
56052
19034
29731
-81837
57273
-32264
-68374
-44990
58839
-5880
-34648
-26813
-84618
82253
-7390
55895
-24535
93143
45001
97468
-82541
45986
-47056
61143
3703
94364
-23575
-24372
-80996
-96764
33083
-46608
1625
37998
-35327
76182
88770
-69213
89186
-67450
-43281
7781
-6040
-6836
46117
40399
-43073
16492
-55772
-10853
-92339
63795
-68211
-33922
-67352
-72856
-16595
-58002
82040
40802
82474
45635
-31253
-6797
-37304
72891
56782
70530
-44391
-59432
-84657
-43593
-44353
-36892
-67572
6863
39711
-65771
40663
-90801
-30876
-14133
85257
-91756
-53779
88245
91903
-89719
-38187
48212
38006
-56525
52828
-33128
-63937
-49497
-24714
-83098
4830
-54437
-18576
-67205
65861
48985
-69573
-61910
-34200
15695
-45737
-24831
-77763
-37180
-64739
-40950
98002
-43355
-60567
-32979
42442
6269
-69150
-44877
-9291
73412
-14233
-81179
-78325
98446
-17769
-67501
34373
-24220
23293
84016
-6567
-33232
12311
-71846
-79920
-24559
38017
22904
-77307
-89265
36483
6205
73532
-84248
-33549
-63607
84892
40265
66440
-7122
57994
-42664
-48195
34703
-98652
81454
-87586
46181
-87337
-54494
-85773
16731
-50850
17217
69318
-26727
-24424
92121
77969
-865
93252
-6092
3145
-23289
-27813
61474
43073
46573
-47799
88432
-92035
68970
-76726
99317
-24492
-49605
-9186
24266
-81984
82112
-9496
-53479
-506
-96735
-89431
4110
60220
77643
-80941
5867
-64068
17304
-11507
25912
24228
-17203
22722
-2281
64198
-47812
30438
-3018
42035
-93430
-15353
41693
16735
41547
33035
21095
-73935
-81399
-5364
35469
65194
-30044
72525
72094
94575
-63277
87255
66251
-29516
-99064
-2188
10846
25735
-83150
30407
62283
-65609
-81124
31494
56863
87135
-89805
-28074
43093
-76846
-57755
-18047
-82233
20964
-63708
-3882
-9022
11603
-52727
-37346
79666
-33583
24150
-1802
62908
97327
97812
24142
-93077
-87385
-32165
-82435
5249
-71418
-47632
73982
-75025
820
-21496
-12149
27937
-6046
24747
-59116
26800
86606
1780
45596
-87685
-99466
-75979
50481
56912
-71401
-48585
-38650
98563
-50016
33694
73774
-6111
28600
-92437
30839
27007
-14871
-37668
70753
21163
65767
93486
-55750
69380
-52479
-90174
44567
98982
-18653
-53282
86448
19645
31109
-89014
50393
6139
-95692
-77990
55449
-49948
-51909
61900
44393
69766
-67602
-71097
33739
59847
94418
-71420
-79165
84310
-63252
-55800
-6538
-70716
-48731
94799
14110
78827
74454
47749
-68952
-2292
-43146
59629
71019
-63689
59357
91045
52420
37155
15092
-63936
20434
84126
-73604
-11565
-15861
23646
-82057
-75956
7993
22453
82806
-76869
89301
-72157
-79168
-46347
-11714
-14267
-22948
-99955
2326
-29972
14844
-75197
-65414
-72183
77062
70265
-7333
-51389
36223
46048
54078
98795
-51114
-37326
-57652
-93113
23051
-63656
56534
23883
-62470
8043
37610
-60570
30472
-39465
78666
7927
5609
26268
87503
2080
10635
-35730
81050
27251
-24350
87613
-75342
41354
-15855
-92145
86271
37939
-46606
79816
-13854
58247
78978
-86581
57263
74844
95468
34683
47432
52688
-70672
85339
-82537
74950
-11024
64659
-63001
-30419
-31913
-34092
60448
-27460
97446
-42414
-24227
-72262
-84323
20464
65964
49209
-64830
-20486
-47391
-31069
-80496
-24949
52567
-58004
-81473
-14193
-60924
-14233
-67604
-42077
78264
-40715
40678
-9319
13874
-29801
-66923
-88297
-12001
-48155
22342
-24673
-92432
25304
54422
56553
31382
-65855
44795
-17236
-78499
98268
83242
15740
75298
26879
53928
-59763
16307
2285
-97103
-89899
-59583
23816
-8898
-35056
84676
85922
-23305
71325
-8788
-61900
-30603
-94843
-99585
-27481
-69966
-45284
36692
-57520
-51056
40769
-90902
-42631
-44861
36992
44901
34202
-56101
-30954
-69977
-82969
25713
-17516
59015
29251
-80466
36700
-86351
52370
85043
96008
85146
61100
-40792
-27285
55261
-74707
64996
47471
40695
35689
60022
-44451
19932
68733
65486
9340
-15372
-4224
-65653
77328
24309
82265
35746
27331
29470
89258
76904
-46494
12813
-1110
-86084
76606
6973
-30319
-73965
53427
77600
54060
-78175
3333
59157
12560
31201
-47514
92614
2155
-6079
-23660
97889
10166
69613
-74209
4785
81990
75703
59912
-76904
-96190
-4192
77381
-71893
77359
99270
85602
78698
-19481
-89175
-66239
42074
52457
30491
-24254
-73663
-77751
-28732
55421
-14658
-15288
-52721
-28052
96514
36094
-91787
63334
-92433
25076
-60380
-79674
-80821
-63538
-45237
-25558
-47519
59877
-36603
-98473
-21772
71731
36703
-34950
41185
83048
-74680
13258
40272
-93351
-93356
-88183
75606
-45672
-10387
-99992
90027
1566
71830
74058
-93117
-90139
11229
-96031
-77493
88083
-21219
-74507
-79679
-87408
97005
64515
-94096
-42568
81705
-9918
63687
65452
-3302
-90752
-17323
-22589
-4091
-26709
28516
38366
-35699
56044
-7761
-33254
15301
-81106
23296
-59554
89942
-50371
-55317
-16301
-67446
30217
79776
69235
-66765
-2103
-24271
-40069
-31430
33340
8033
19770
-33273
83978
-30235
91468
-41206
-8374
15802
57568
-80731
-36003
5218
-11916
-51914
-59273
-13060
96227
28036
-3778
-78145
35668
44293
28554
31955
80788
-2423
-37171
53004
97470
-68345
9292
-41789
-65833
-51134
84171
-18541
-71498
-73128
-97145
-47507
-43104
-8409
-46627
6105
32434
-8804
64136
85002
-30537
4505
49991
96219
-29094
-92286
68509
13420
30261
88101
-55630
-66988
-34169
-78972
96215
27329
-28604
15168
-15897
-78477
-36857
21283
-38583
67921
-91101
24137
-79471
58471
-54761
38444
-57722
-68483
-74721
-4341
-16130
99349
69031
16567
-92506
-89024
11035
-90438
-94818
-52131
39257
32740
95361
-34513
-80376
92787
-61182
-31334
42882
-95010
-53966
-72902
64109
45374
-71522
-20640
68711
-66982
32980
35882
-74081
13197
-50810
-706
46337
24470
-9080
70691
-66167
-27588
17844
16316
96057
-56420
-13523
66209
-7130
41040
-30336
96923
-73876
11134
-2586
70076
-95231
-16902
-60122
45337
95847
-98791
-79913
79206
-2437
-60973
68611
-48596
68907
71892
84456
-91607
-86395
-36065
50328
-45628
-85526
-97185
39744
-93653
-4127
-62388
36549
-16757
-74041
-72330
-39606
-65621
-19804
52018
-58610
70566
-58278
-65826
29427
40323
59511
80402
57753
-38030
-57623
38436
81641
8741
-80367
-66664
64686
61641
27824
63011
69341
49952
24126
-72934
-24779
-13763
-53223
-54468
-38335
-19045
-5477
62680
99323
60377
83332
92252
-71605
58582
-55018
-31044
-86419
70053
34624
62267
-2128
-68563
-27150
-51047
65114
37664
80719
-79335
28969
-32618
22657
-15826
-60492
79429
-57050
-40702
-60880
-49633
-40281
87906
-93361
33096
-79510
-24439
-34557
66419
-11939
14663
95009
78616
-28685
-98803
74336
-79532
-11860
2136
-4288
-80804
11852
-24200
-32761
5791
-65299
82940
90342
19192
6832
-50372
21243
-26547
-15345
-84029
-20496
-29817
48654
-17450
-4928
60590
-1520
3685
72154
-96160
-33722
77261
-80738
365
-36158
34184
-79676
85906
23402
17714
4892
54737
90887
51512
73392
70953
-92227
50911
14725
-34953
-19627
43055
-74944
41
91190
-14214
75430
-46118
86195
204
-13956
69967
-24322
-2448
-77363
-49651
-81863
-73699
-66166
-33131
-41235
66172
57419
63166
53716
-18153
59828
-15443
-19440
-82977
-98125
31923
15871
88922
-53851
59202
76262
-87961
-64936
36557
77578
-89617
-61397
-39300
50525
-25110
93778
-25719
-96554
12619
-75274
-49926
-2279
-46774
63161
-79301
4438
23371
-6057
11543
-37010
57840
50024
-94061
-42609
68216
-17278
5415
38560
55954
-53125
-98086
-73320
-51582
-68533
45049
33129
6511
74256
34035
4186
7174
-84
10964
-18061
-90481
54921
4764
-47471
84234
-97987
22523
15577
-28027
-85624
2092
-56247
81213
37306
91755
82026
-51026
2034
-87596
-30942
66618
-99519
-71078
-50010
-96462
-48340
82464
-74868
-98877
-53616
56567
21438
-4993
38944
-24331
83787
98311
58954
-35410
-22185
-33389
-67271
18130
25075
-19682
40947
-74653
-81657
59952
-90654
64465
-58260
-79735
46191
-51533
-18666
-3289
-31158
-94940
-33106
-56907
85894
-7560
-54146
79440
-49886
23066
18438
32502
16227
37059
-99092
24525
-31652
13785
-9649
-93042
-64048
-82078
33724
36556
-72722
-6109
-59911
94629
-52550
36313
79935
-76284
-96819
28499
39174
40719
-80653
21546
91384
71028
-69134
-43425
-10361
78027
3882
90895
-30118
-92760
-26344
60501
-92510
51393
29876
-91588
-86772
43766
39675
96287
-40945
-13119
-98169
-1248
13732
94651
35673
74369
13974
41543
80569
-3230
30639
-7008
35380
16983
-86254
98363
-89788
-71771
87719
90904
-77810
-76390
-82384
-725
-99067
26438
-4741
43169
62252
6297
40496
-2671
16440
-36070
25034
-95488
-89837
-5758
-68958
-12079
75965
23603
52647
-8057
93965
-35688
-98902
10232
53782
-39846
77782
69137
-56859
78523
76413
21248
-39834
58643
47117
52994
92774
-44571
19361
-89847
-74446
26526
80820
23817
82399
-68311
-24016
-65057
53731
-32591
-94107
77790
49889
-62604
-61547
-62408
-85182
-2688
-66197
-27770
-10434
-87794
-48372
-3532
95867
-74888
74502
32588
93900
74199
-40410
99805
-24998
12477
23270
54471
-42656
-81524
-85630
-75866
93520
-91023
-94037
-55463
89107
55745
81109
-32146
-57362
-84882
-9941
-61140
62016
-57691
12899
-69892
25703
-75960
-49813
-52364
66883
-8893
21570
94209
84306
-61683
-23196
45553
85499
-85955
-39843
-79845
5542
90182
-93761
-59157
97160
-90735
82095
95566
38780
70005
729
51318
-52403
-14890
-51196
-29814
-87152
21079
42047
-42066
-5586
-78787
-13381
29034
-59008
-23903
-10061
25273
45587
60945
71173
37873
68363
55109
51429
37834
68707
41209
-68953
1036
83474
23020
77817
-74855
63497
10291
-9293
-28780
-40999
5050
-86905
22381
-43918
22616
-85101
-57589
7238
-3442
-939
58260
37197
83549
42430
-67556
-91167
-16831
-56801
44775
33545
86285
62848
85596
-43950
-22044
3664
-21367
34201
60881
80182
88013
-73178
-9788
2630
-42650
78387
89706
-92465
62616
91402
-83993
77969
86326
-42100
88243
12044
10576
55309
-15026
-94989
72953
66077
83745
28799
-76429
-5086
-51149
81889
-61511
-59551
60036
-3953
32617
39259
50314
12096
-4083
42900
-49211
85810
-16635
-2705
-76671
60264
-87214
-5899
37736
30386
8577
308
-28031
8100
-32462
76676
96585
84712
87236
-30299
5548
-15056
94558
65412
64736
70275
81565
-24420
82847
6649
69653
61689
82367
9154
-33338
-76136
-74833
-72608
-15267
-56469
96016
-74507
38755
-34632
-27539
-83210
-85306
6625
-77927
8831
6722
-70530
48612
19969
-60244
-50906
-40839
1878
91547
-24883
-93033
21429
-45197
-7353
95082
-57087
67855
-57365
-59578
6012
2507
-50413
10943
-51943
53547
81023
-94937
-25170
-95893
84825
-58907
3976
-66269
-7981
-86738
23961
-59177
-60052
42147
-93172
-14503
41490
53255
-1991
-91685
-41438
-76261
99508
86357
40011
61976
-18048
61711
40272
-79671
-36383
28940
65196
-1470
-70705
50387
-93681
44352
11270
42074
60167
-15585
81019
-87470
50938
-11086
15017
79818
36303
92802
-54328
19200
69613
48742
60191
-61429
4635
-17796
68785
55134
-26681
28353
-26605
-70855
-32350
36307
44573
-48334
23528
-88128
-55425
-33380
-18947
93578
-83925
-26351
243
8761
72432
-19871
-28567
-94691
47335
-15657
-99443
-72737
-62522
-74332
-51199
5827
47697
-43733
-63141
-47363
98673
45288
-52537
80172
-95139
56126
-26232
-63369
-99980
75291
-51237
-58685
59757
37194
-61828
5966
23078
-45355
-5438
53803
73944
-4140
-59483
-78758
-45332
-63850
38432
91971
76455
13675
25457
-36337
-36992
27917
14654
33060
90386
-65111
37713
-65797
-95508
15949
