3300
87079
-92676
99614
-70331
-2581
-99734
10084
19324
-58716
-96922
-91955
-93722
55806
44870
5567
14588
10533
-39624
51783
50426
-19808
-13057
-47728
39079
73431
-15925
85937
62338
-15563
47285
93600
49035
-68440
86228
88644
-36821
-47483
-48002
-58199
88577
-16631
-54433
-47475
64521
35387
-977
44055
-91029
5933
18771
23591
78878
-91295
79698
-38840
-74953
64071
11122
39042
85138
19300
28783
-56563
17499
-49009
-49385
83551
63802
-50538
-92667
-14938
8921
-10883
-70025
-93358
-79405
-89626
-83890
79689
-12614
-56116
16803
86270
32197
-85207
24769
67356
-34860
-81864
55554
-14180
-3550
42837
88969
54
-56698
69632
-4967
92467
-86874
-72448
81808
94817
99576
89956
-58108
95265
-61194
75685
-88711
29082
-64546
77927
29819
68816
-37469
-70370
-31394
-78769
-64461
92173
-77488
-72127
93030
-91478
-22760
17695
12672
52702
80941
62916
62435
29096
27317
-93667
32084
-43935
83993
91517
5224
-12198
-13951
-71411
-86582
-64543
85681
-60895
18220
-81437
67455
-12187
1608
-23445
-49936
68726
11282
-17143
41455
10957
-68228
48205
22313
81622
-9435
26802
13896
16287
46623
-88487
8265
-8020
72539
-60118
26044
89639
-17420
-57761
-44776
-93260
76436
-16292
7480
8803
78791
-96202
67638
24255
24538
89812
-51038
-71101
-10193
-66637
9184
-49556
-78688
-44733
-56549
-14934
96398
-96081
-5718
48752
90821
-58182
26365
94378
-97523
-44860
-86781
9422
35216
39661
56668
-55860
-43997
64080
34934
-737
-84621
-70736
-10362
22149
-65139
50865
-98459
65803
-32631
-82691
-97339
-52606
-72684
19527
-19250
25998
-5095
-18324
64089
2396
58892
92085
-17272
66163
23059
40633
12352
39972
-25712
22624
-40252
-95268
-28273
31362
-35601
73752
94857
-64723
30349
-64137
99219
-18170
31447
-8661
20326
-63546
-60662
-72183
-77045
90214
-69021
-89663
-73885
51990
29817
81319
-81136
-19290
66038
-13137
-91772
-23032
-91149
37432
5156
-29588
37488
24895
96792
61963
36205
1204
-6606
38272
-20313
-17879
32568
-43952
-78094
-14809
-90096
88650
-35601
75419
96519
99210
43563
66414
-10563
-60137
80213
59122
-52111
-67540
12249
20344
-1371
78228
25181
-37506
12846
84270
44055
64325
69210
40720
-55095
-63935
3069
-60280
64474
-51158
99482
-60482
-28910
-77328
-71957
87029
99122
-72757
37326
-89360
-68498
60720
-65524
-98703
49800
54495
56326
35229
-53622
-98343
-62530
64315
-69728
84272
41343
12379
-83568
53814
-91798
74835
31894
37399
-74529
27941
-83552
52547
6148
-36100
-61214
56195
98933
66837
14871
15853
49352
-63877
11094
64307
-2629
62890
-4851
50133
78781
71893
74844
-16137
-8299
86851
-99440
74765
28851
76884
70202
13490
-35630
49762
55723
-53288
-74426
35075
-62001
538
-96089
-89046
17956
51630
51098
89069
68501
-45642
73657
-9823
7863
-5323
-75682
-55711
-95969
3806
8081
-90194
68509
21576
-12533
-44688
-85862
60415
-75417
-39077
-34678
-93068
53860
-78547
-63475
90644
-49767
85651
-31000
-72714
89846
52523
61850
-22099
44146
-9499
-65954
-59523
-89578
-18493
85437
235
-57882
-2433
-30964
47661
-39641
84811
87881
88641
-45806
-99021
30478
-71398
-3565
-56993
-76240
-88524
-8514
9268
-59529
68105
-86961
-56421
94393
-85092
-92132
-58279
70997
-25614
-19559
-15843
15433
-5216
17672
-82279
-70735
13120
-54597
-14456
10013
10173
-78265
28813
-97779
54542
43463
-33284
-94453
-4352
41738
77234
26277
-1301
84954
-80738
22150
-38138
95274
-92381
-65167
24599
28315
-20394
89817
-19325
-41493
12194
54751
-25661
-13254
45323
-24664
-91849
-2694
30607
10714
-20204
20147
-8344
39604
-36486
54257
36591
-43576
30049
99531
37338
72789
-16079
-20080
-92186
26117
-82896
16527
72528
1407
-18667
-51837
-21187
-65878
-77828
-10471
67065
-26368
-91085
90336
92828
11402
-77775
-15796
2377
21629
84838
37927
28304
87153
62254
34005
13299
55994
-92257
70530
-56250
-15259
92097
12138
81839
-44527
-49443
-21692
6029
26599
84718
7948
23605
68919
14709
20396
-89000
-43280
-55896
-91450
75776
56380
3850
-50592
68089
61238
59286
70701
88332
41737
-86827
-11212
-54169
39398
-66481
13535
-94184
-91679
56030
76450
53560
70441
74909
-94906
-60315
99298
-44800
-4399
47143
51553
-96962
47636
-61964
-73405
-99672
-64431
-55922
76458
-29731
86662
-20982
-42923
81942
7387
74733
60763
78685
-21085
-79249
43844
-42789
-74094
86177
6980
90126
-26436
-36950
53653
36121
56774
-73235
65072
-58699
-12885
-57658
-14745
83270
35309
54900
56930
-8056
46038
3409
-79948
77928
-22423
82235
94809
-80977
45482
75095
-43122
-2599
-71353
-99412
9229
-47164
-61470
-37270
-31068
86596
80124
-51954
-55439
33427
-22849
-19683
-41732
20582
-80921
-70003
-14543
59418
64079
-9277
-38728
-82867
-15724
4215
-2061
19274
99432
35381
-12909
73820
93109
-58052
77016
-43901
-23701
83721
38883
3589
43816
45038
-81671
10587
83651
14235
70486
-49588
51317
-58690
36843
78104
-64475
-3641
-88457
20170
-31345
-17660
-29507
91312
38544
-8852
-85593
7399
85008
95223
-96009
-49904
-1012
79786
6886
31519
-12353
-14927
-83045
-44206
70316
-75292
18633
-6082
-11317
-37396
-95067
85828
-47155
-28417
-86333
-45533
67598
17926
43020
-62616
83671
31776
-64226
37760
-82420
66176
-92608
-2962
99960
-99214
39424
-81129
-61517
51003
-14484
10490
-13970
66589
-1623
35198
72283
-12551
97907
-80348
58043
-77809
-34319
58972
51461
54497
-77452
82547
1072
-86857
-80180
87081
-78818
-62789
49799
-78175
69157
-58236
-65401
-69903
-42246
-11536
-22337
53849
46588
-30742
-54390
-46383
37467
62155
-89049
82043
15139
-164
-28075
42232
-55895
25210
31879
56407
39056
47122
-38907
-3673
86904
80140
-27297
9069
-47164
48453
91150
47089
-92473
25396
-71896
-93965
-10933
-54866
31871
52219
-643
60996
50840
-55538
-83784
-95670
58243
-89860
10412
-54669
86876
18774
-24533
-68136
44892
-33154
-45040
-39849
5724
-65769
97676
-84648
-67352
95131
-43122
-61653
-64132
91594
4174
-19059
-76962
-74048
39607
56266
86935
66656
-8209
380
13263
38124
-92156
-95823
-31356
-52809
14068
52074
-71961
21489
-71975
45760
-28717
88289
57519
91170
-9686
76658
35780
56441
-4850
-58716
75835
82476
44985
-41309
-78276
-14657
5050
2421
-27013
94358
-24435
-12532
-27228
-97896
-80747
70267
24480
-92497
46584
-27002
45703
79147
-4265
-30766
-66462
-88570
-93591
-25221
65755
97666
20595
-95036
29572
-46929
59686
-60055
-79808
-72951
53140
57553
-27502
92797
14224
15135
52608
85068
93986
30184
31011
24009
6756
95551
-16050
99644
-14851
-61845
27993
-96151
-49033
-64326
-10999
-75414
-30786
-80721
90013
41913
-84425
16022
98295
56778
-26502
97785
-82651
55509
71598
-86741
25548
42481
91840
-10879
26800
78364
-97152
-16543
-734
78551
-92456
-81742
-86841
-46418
-79255
-97485
-80448
-67626
-43261
51815
63547
78894
75649
-10194
-34858
98344
-87681
-91088
20587
10305
83130
-10702
98812
69932
6082
83082
-93956
89293
-98018
51375
79608
-9248
88828
-68566
-84256
-40518
53395
28265
-85066
7208
19671
-65358
-39086
26484
68888
-26763
79503
-32826
-37064
-72966
66390
-33882
-89657
95993
-92923
-90337
5885
1416
37883
-45057
-78765
-98449
-7101
32252
82494
-73193
16474
31985
58441
38113
84318
33349
-40819
59860
34262
67180
88592
-11602
-14312
-38841
37368
66267
-29413
-79577
14378
-67197
95065
-74897
-63868
66558
56480
5655
-10125
99875
73078
-78323
51121
-7874
95975
-32458
-72994
58207
98925
-29422
41402
-73841
64826
95421
-6083
70366
-71068
95697
-61165
-79656
-78099
61289
30135
-35562
-1554
-83327
-2645
86640
-23584
37753
85713
37200
38343
49592
41770
-69918
97724
-4499
29416
8487
24469
29361
-49359
51177
-83981
41288
9267
71497
51879
-50105
-55650
-40204
78465
69391
11779
94516
5111
-24585
-86969
24674
-39249
46280
-8829
-36998
95977
-88223
-96004
97351
71884
52475
71418
-58307
-95092
-16313
-51961
-48795
-8140
-83084
96069
80051
-29419
56973
-58900
70323
81547
43582
62496
-94622
55016
-7626
-41237
-39271
94272
-12184
56156
57124
-18735
-60627
50811
-42383
-16628
31044
54631
37668
86468
83513
64910
1159
-28494
94691
-14071
-74209
82531
42310
-47214
-80550
8191
-88039
35619
38564
31094
-45149
-70228
-82152
93064
74943
-19345
41172
-18895
63934
33340
68389
-64592
68523
15748
70881
56499
-15255
87069
-68908
-81695
-8199
-11951
-81838
86915
18264
88931
31660
20944
-17147
-12705
-95043
-74797
-32416
-47971
64612
37499
-48274
-77614
89612
-42881
-87943
-63598
76134
-24468
-18859
-66522
16888
8140
-51971
-44411
-47985
83188
84699
-76557
34960
-79445
-36890
499
-24531
9330
46694
-99478
4787
44213
-73773
82642
-51265
-42100
-13605
53079
-79215
-24530
18563
-92078
32632
47923
-98203
65183
52141
87107
-79529
-41443
67324
46112
-916
51649
78173
22414
22164
56599
91681
95707
3359
26135
93640
-59826
-18850
-27872
-27281
25392
-93334
29139
49254
-2191
69246
-90737
-14944
-71815
81471
-97788
-92796
95117
-30179
-42506
64480
-95335
27921
-61296
-17795
97440
58438
13026
-33715
-70915
-61484
-86599
23745
49812
-77273
79450
20663
-19045
-76674
-9190
-47343
-21057
45840
79261
87265
-59084
94217
2089
46016
-55396
-96527
70182
26878
66131
26862
-96844
34547
-41963
78304
-81751
95476
14412
41770
90278
-1439
72570
-93999
18133
-11236
35072
10940
90177
-65516
-54263
98651
-26095
-98817
-9450
-96091
10466
16806
86438
-47495
20864
-26854
-47871
-47834
-80319
-78204
-33247
-27898
60287
29914
11582
93957
98672
18990
-58379
-56001
4196
70752
38292
-72249
20634
-84172
-19132
-42107
34174
70334
-43245
3767
-43837
61754
-31202
-39336
-34919
34872
-24105
59677
-19381
-50252
22009
-4836
-16264
-41724
84357
-58488
-35092
-71574
-48329
-70249
16923
96073
56970
58116
-30471
-73163
20517
87152
-23303
81571
90529
50340
-13088
47359
7415
-12559
-69052
12701
-37045
-49928
71718
23431
-22257
47430
16873
-62667
88213
-23529
-58449
-70694
10550
4924
32527
4763
19928
-20329
-42188
-94886
73246
-57150
1877
17201
-10702
2959
47372
6395
1448
-67542
-97642
-31028
-35441
2203
16486
-13248
57049
46312
-65690
30513
8100
-47401
-17461
386
-17820
-91887
83219
95192
-29713
-48862
-29858
-86039
5669
-75107
4710
13548
5434
23069
59485
-86864
9762
-26074
-15966
82377
-89256
23785
-79713
1956
67018
61670
27841
-41604
-15836
-76500
56981
69157
55223
22588
72828
-78906
35398
-75124
-62582
2148
80109
-64793
-15167
55193
33775
31857
16165
-60637
-76198
-55223
-56900
41048
-9255
6535
-66012
-74824
-94314
-55964
-50672
53915
-96247
51449
65441
-82295
-670
18144
3357
-53016
-59697
-18057
26126
47056
-24598
-23485
-38855
46715
85379
93168
10042
-89064
-66427
24758
-51143
-4226
91271
-3240
31819
-63747
55729
67783
-56473
-30255
-375
-47325
74754
-72656
-103
-91231
-60150
-63486
35519
22727
49276
39345
-22063
-91948
-45149
1878
36522
3774
73646
26898
75734
-15341
-78228
-64706
9302
4993
-22042
15610
-47984
14705
2009
-98910
28886
-17459
-26418
-61537
-70511
-95581
-46504
66521
-80695
98337
-52310
-12534
-60524
59776
-93998
-56978
-50534
10814
-45354
-86249
-45312
-53501
66217
21724
93817
-1627
-27254
-91919
-31387
-60153
76218
80786
76388
-44708
64728
-98022
-2244
64137
35738
86576
57891
-2455
94762
45472
-31255
-14742
-90597
85192
-31548
-16236
-60986
73065
-17734
-85910
-75003
31709
-43611
-53463
-46965
35688
32486
-71315
-90273
-61146
-10199
3699
-60173
27748
-45616
-42247
74277
58955
51134
-92798
71569
75127
93571
25910
-95855
-18585
1951
-82651
56402
-15604
88501
-31380
-62252
8644
47181
19440
41341
-88160
71110
-79800
78683
65185
-81002
58807
14709
73666
5119
45270
83724
9519
59665
11857
-69133
-15853
89494
-73528
27784
50831
-16099
-63851
49806
66950
67366
-30803
-46168
-48555
1703
20447
63604
20832
3129
35770
-28414
-6712
90914
-32308
-74896
33592
62591
17668
-18204
89823
81230
-33159
-17628
47800
-8490
80067
-23019
67972
84723
30151
-87026
-56294
62786
-1711
-34536
99924
-34459
87706
33988
35243
13875
8552
24425
95965
-13185
-19627
15737
-1334
-38845
51623
-49025
-29729
86634
-56738
34232
-58775
-38409
-88051
32779
-44981
35925
77536
57509
-97333
20411
-452
-55627
5766
-8261
67268
24641
-54204
-58776
36919
-72156
-10522
-12254
60278
-88220
82876
39232
62115
33140
42611
70296
-67994
53891
2283
-48083
52553
74110
-35865
69878
-70781
80425
24094
-36665
25938
-17643
-32594
-81953
48833
-15745
-38160
11725
-65399
-22907
-15770
-75713
80212
96262
23889
20264
83420
73172
20768
-35827
15858
-96616
-27582
-57875
20315
74179
31964
-73973
-33835
-71315
-62441
-31847
11063
88204
83216
62082
-88394
-21935
11699
-29292
-40380
-60702
-76190
-7415
-92718
-81104
-2802
42929
-50121
95542
16425
-72067
-95575
61325
-28174
88618
10151
-33171
-10385
-29625
-99783
-1212
-85831
81317
-12721
1068
-98703
51099
65479
56525
-41071
46323
19786
-1905
-60259
-39755
-26666
14649
-10825
-93683
-29546
939
-1518
40859
51628
99188
-18433
47896
-26543
97681
-4253
-87776
-35948
15107
3082
-82400
27006
-37876
73108
-97636
-1449
-36347
87629
-59747
-43007
19359
27291
-47050
-80127
51828
48848
-48206
-64226
4681
-90977
-99172
-80350
-84637
61868
44651
54717
77954
-7556
23495
46537
43262
-78580
-99268
77993
-97347
-98179
67066
-8950
8655
-45396
-13050
-90037
-44058
2400
-69055
-24327
-44683
477
54163
-11853
-80925
-4139
6772
-39955
54316
26430
48471
3279
37525
-52289
-66701
49917
-85046
53892
-64785
-92686
-93227
94512
-20439
50053
24381
-60494
4963
39438
-91911
65201
99082
27106
-6065
-16095
-48604
71225
-58930
70775
33750
-44239
-16476
-96135
-21040
-25556
84445
91822
-89386
90516
24313
89461
3947
-9730
-7512
27314
2844
-22100
9188
34787
84070
95341
-7957
10065
53893
72095
-89768
-60639
3802
-88171
221
-1206
-90249
-17773
55519
-93919
15691
-10634
43566
-96177
56805
-9551
-49824
-46747
80678
53297
79945
-87482
-22520
10466
-97192
-4734
-19131
15563
-88495
-8700
-52123
13973
30754
69089
4327
28585
30181
80464
-18677
-37962
13233
30969
-41414
67922
38109
-24474
66131
-5384
-19310
88086
33683
2032
-1844
45936
-65952
-76276
78317
29397
-66190
17678
39166
4558
41759
-26457
515
-21979
-14399
-25382
47673
-51185
-84475
-44929
-88722
73926
23955
-81500
81149
43893
-34731
62350
2213
49485
-53849
48669
-88378
90805
-56359
-38899
-60809
-33506
35747
-48807
99206
22004
-42394
10234
32525
-92368
12699
-58355
60653
24714
76250
-74158
-19478
40972
-94583
53584
-6301
82690
-95521
-81065
-62292
54094
42260
-26467
-65526
-59944
-86361
-25590
-22262
-67038
44171
-67953
-54594
75897
68975
41329
-235
81543
89001
12580
92758
-76602
84030
46290
43193
-14833
-74800
94971
34594
97104
-6811
63542
-17862
-31396
48208
-42987
15468
66077
-27522
7590
-24903
-95516
65310
99286
-45319
-51231
24622
-62415
38447
-4754
-35873
73668
26247
48325
-98844
75812
-12370
30163
-4388
35591
-12210
43044
-12774
-30257
-59803
-60483
-73779
-7129
-91391
16136
32401
-40570
-6566
32618
24977
39505
18124
59185
-56170
2461
30191
-51607
-28687
-2862
-6059
56334
2177
44011
-39137
-33893
-41694
-39847
30652
16705
71410
27975
40895
63411
-25663
-44423
18396
-22946
-91499
-96434
11584
14646
45974
-99228
12874
88684
28956
-41446
-4503
-24069
17812
-18512
69523
91874
-17719
25163
-81058
-18260
-19115
38742
-42241
-63893
-73501
80578
-43618
28867
84703
81709
10578
52834
-16963
-28896
-98050
5133
-2205
39731
71495
37014
-34060
1291
-70351
-98326
-46214
-8764
-5739
92550
3887
84585
62401
-45622
14952
44640
-14292
-8986
7839
-21341
64916
68081
347
-76375
-18826
62488
-43138
10659
-14551
87091
18283
-41822
1368
36787
72850
-54635
-13606
23416
10585
-74640
-85328
-67073
-49688
65769
15002
-25799
97041
14300
80726
54006
75675
18959
16182
-21760
46826
-50097
9245
50821
80716
-58183
-90539
1196
-25118
56469
46864
-21816
-76183
20188
53114
-10326
-80604
-96550
94967
-66032
-22616
-17874
51134
-6276
-9149
-88593
85521
-41952
-95542
-99351
-73704
70837
-21314
-65595
35225
-33429
59162
-66810
-96169
34619
79612
-39952
-78332
-74216
-64531
-60157
8355
-26621
-68017
-90523
69375
83710
-38558
-48611
52033
-88424
-40205
-97733
16114
-97497
25569
27542
-26738
-92908
2701
-91538
-80767
90000
16157
63215
-21887
-64795
-21779
30103
-48825
98279
-54892
91246
83435
69897
52622
4212
-96165
19788
76107
-18215
-56649
-18543
-90221
-15642
41548
-74352
81748
-65991
-61524
59425
-69622
68973
-54938
-55816
96777
85400
-37720
-65682
94954
-54546
-35091
87482
-81328
-3198
-89820
-22466
41301
-35539
-84193
6846
32726
86407
-40332
-93653
98776
-39214
-13580
-94371
-97642
19831
-47547
95520
74536
-66712
-95841
53861
68945
58084
55967
-4966
62181
-80487
-64501
91156
-65899
26083
7331
65895
-4583
-10957
85216
28632
-99463
82059
77772
-11286
16631
-17627
-36547
-4780
-13412
41459
-68113
2900
-73890
-958
-94851
-59171
-24214
49720
2940
38188
13204
72124
33076
-47559
-72807
51188
-36228
-87736
33549
31593
-43791
-96098
70373
-83704
40403
-81199
78819
-29758
-71108
-84167
56538
-51310
71869
-47549
-10531
-14626
-98282
-87836
-62968
-11465
-22126
22697
21546
36475
26237
13101
-36210
-99814
-66621
76773
-56731
83765
48295
-46507
52817
78946
-18532
33381
-40368
89676
4419
89102
-43389
8568
65922
-28369
1754
-90078
-25027
-42052
-97058
71366
-40012
7509
87067
-79110
98425
-12171
56232
-45768
-9780
25473
80085
-31110
9237
40256
-67537
7230
-38147
-85526
-9742
-95511
-49175
42201
-64628
9288
-4333
3804
-9398
-16335
3335
-12885
22689
69704
55480
49588
72347
54749
94525
-27500
-10211
-57229
-88277
-89567
95825
-81252
-42801
-39836
-74188
95487
70216
91236
-7491
-68292
-38977
83421
-93591
67686
97349
11856
32224
57903
35975
-59916
48901
-8862
74096
32586
-36129
-27063
99227
87950
46175
31470
91380
50569
-45363
28095
-17110
57219
78931
-21622
-63726
-71018
-69722
-6872
88475
-46626
-20915
-50569
48938
-48435
-64689
-81984
86482
75995
-94275
88951
-98319
84378
-29095
-30048
-38038
-25945
49634
28366
42938
33021
-90755
-75002
26489
-79645
32258
-14013
-92816
-72954
80288
-79981
93073
77281
-68179
-7201
-98601
-10728
-94835
-81336
66555
82021
45886
63596
-3952
56105
47295
56071
22779
-62428
11995
28022
85075
64320
48470
35287
-38255
56968
45298
90637
87348
-83658
-81314
-98144
89716
80297
-95684
-69311
-36768
-61643
-33650
61994
-31146
44693
-14276
8548
27871
41019
-65404
50466
-37211
-67960
34878
43083
-62319
-72361
-27701
-68011
-94203
30196
-13414
7373
-89485
65771
-22122
20915
98008
-67142
-80272
47041
-19879
56360
2052
-80820
59064
-25873
-21718
-1020
-38733
71188
-37284
-87146
-38791
60632
-25601
41136
-39735
8071
-45424
42404
-12886
-27155
-16468
37094
4225
39272
19195
-48976
96530
60953
-10693
-52155
-1322
-69900
50085
60369
33460
41207
-1027
43055
46688
-80584
-97285
-93563
24141
-60010
-495
-49270
-47088
36561
84185
7464
-97326
-16714
-9635
96061
4786
-20045
26754
-59717
-43787
53705
79697
52078
-56470
-13154
-68061
44317
-47009
-32334
87529
90506
-48391
17386
-88299
72341
52660
-41912
61865
-76355
86776
-79876
-58982
16965
-12012
-54829
-89696
-61003
82841
-24306
-68387
23351
-48747
1294
-17177
97250
-52309
57002
-94220
-14379
-42676
96419
-15711
22073
-25388
-77585
31775
-3032
35459
58481
-9797
-980
-57578
76234
54216
-53857
-43775
98313
-58518
-49678
19468
86398
91714
-31350
-87353
99372
11953
-71611
-91157
-15140
52491
45147
-8113
-87090
20890
-20129
26180
20555
-55412
-39965
-55667
33046
-49094
-41669
30526
17025
76949
68123
1136
66075
40623
-20070
-43618
34503
36707
73367
-58977
61800
355
-61894
82560
-29256
-63396
-83692
78397
14008
25416
-74208
-56164
29249
98191
-24469
-27545
93946
45659
-3313
67588
-60445
-9353
84059
-30926
-49715
94114
30735
-1438
-73684
66678
75138
-1424
72837
-4688
55526
-94788
44865
-36197
-81820
-99735
-35612
96414
60961
-40462
16215
-59554
-88542
-40860
52193
-22767
86860
54140
-1420
-35871
45508
94813
31716
-7624
74421
43821
36594
-51538
93296
-74290
-56121
87437
-46419
-99020
25404
-66563
84463
98792
-54250
42321
54982
64920
21647
-79060
-61010
73752
77327
-64047
-40363
-26631
69050
-27001
96378
57412
-43678
7845
-99279
-40876
52893
-97665
90563
-95923
93298
98861
37874
-32387
18989
-46987
-42599
47757
79058
57044
52594
81635
11118
21486
56626
67864
-70903
-82161
42319
-9647
56503
55709
88865
47036
-22002
-36323
62182
38569
5169
49822
29728
75138
32715
-40443
2969
48169
45656
64054
-36921
-6484
-60387
-59172
-58934
-72345
-84552
18646
-52463
-60617
-47982
52735
97181
57238
82736
-937
-64674
-44392
83305
-65005
19769
-93759
69618
53757
30635
41601
90837
77129
39431
65165
35136
-86410
8027
51482
-87558
-20707
-55951
-44040
33968
-92454
75441
63050
-21586
25748
69028
84446
-64279
-55958
-31277
-7123
-41736
-4421
-48755
-66576
6819
52178
-90424
73436
-21676
74605
-42657
55164
-85077
2408
-44678
22826
89581
-36021
-72884
56490
-6052
75949
-68107
16547
27041
25026
65415
-12997
-8986
-99064
71717
26318
22656
93323
-25145
2570
-23990
17168
35355
11242
-60723
23588
-24954
-48692
55195
15425
-41528
-85263
-75973
-63527
-39426
12241
4222
-44030
56704
-43367
-42640
-46081
-86742
-74174
-64214
72231
-36615
30095
69893
-10635
86731
32803
-1879
-25173
14920
77948
78339
45411
-22816
-33712
85396
92339
5610
48194
76518
-52996
99628
-46783
-51365
-90289
-77640
39934
39518
16637
29875
-23033
-53894
15610
-43535
90565
-25591
-55763
48188
23246
31428
-15209
99444
-30360
-9222
-25059
-12976
70427
53212
-85005
5122
-28814
84405
63655
32505
-882
24630
-25720
78976
-20698
94447
33713
70404
64990
81306
98357
-11406
-9981
-9838
96616
19455
3169
59489
28040
16193
-14463
33590
6855
-26502
23043
89781
-64970
-67466
21076
92521
-69361
80522
28811
-61995
-57377
79612
92005
616
142
93441
411
-82866
42829
-28767
-89506
98403
-7142
-74953
1839
-41022
-76557
-93612
-10084
-82180
55509
-40060
15258
-19163
50927
-48472
81724
53320
46376
-97406
-74034
-40838
1866
62352
-14640
-94516
38729
48335
-62126
-4006
-3980
-100000
-65943
-53440
92791
16520
27083
16300
17994
