3400
-86835
-66958
9740
-27157
-74047
85306
-88014
-14534
84082
16604
90295
84165
-63056
-75486
-75469
-28706
-71236
73073
-11318
90374
51148
-56805
68994
-97509
75052
29985
-6411
-81187
-38978
51848
-63966
-37986
7074
25558
22429
50758
61104
-66775
-88857
-92928
8866
-59403
28376
87173
-73393
-15976
-68488
-46525
11154
-73700
60654
76201
-12663
-80952
83792
-80622
87802
94435
13977
-19893
94479
1158
16952
58563
89538
-12451
31237
9870
-59372
6266
80462
24854
-92234
-27755
69712
44254
78539
-70236
-78526
-98636
13509
-37677
75658
-86477
1452
38881
10195
-49294
44157
16471
-49098
10573
5039
46756
83733
2573
-47919
-42086
-83449
-45385
34894
-63809
-24211
53678
14419
74257
93283
37445
-11961
35418
-34541
-7067
-19591
-33429
-21085
85207
-27240
39992
-75826
39344
-15013
89232
-45744
-2986
51457
78199
59899
-2510
-93454
-94879
-78425
-92044
-2107
2765
86598
-48771
13403
-94596
19094
40814
-20504
89293
-69905
-24565
42770
18615
-3076
-81397
78769
30434
1030
49662
55223
74082
-8980
66139
55081
-49839
50095
-70939
70219
-94521
-86550
-7110
-48677
72313
1439
17080
35635
-10901
-88404
-75444
87889
-41837
31516
-26152
-16844
22732
-86247
71168
-18723
87859
32064
-3182
4405
26466
28749
70416
4493
60615
-71627
81627
-69569
70560
-60909
-87939
-46668
34133
-56006
-21486
85055
10289
74921
-83756
-59737
7998
79004
-75006
-12029
9469
-7169
97709
-74179
-9345
1021
-68193
-25032
-28061
-81737
-65304
-50738
24109
-94639
-27002
-65742
-18050
3110
-34576
18869
-43530
-76517
19391
38436
-3037
-74223
79290
-70066
21540
-17100
52092
-42717
-17250
-73679
-38844
-77833
45210
58372
-75879
50918
54074
4783
58264
6418
-87210
-53050
23963
-78776
77048
-26841
13192
59265
-92368
-27960
-91661
80260
77140
43689
-38863
90665
41943
86824
-67718
81400
36100
-82573
-40454
41967
27224
24535
-18060
43298
63354
70967
-9773
86845
10776
4569
-31601
-18907
25823
-78181
9528
-59267
63958
-3581
-9885
74245
-43048
46068
76910
-56548
-35796
47803
33520
-86554
83587
84617
76418
77320
66317
90940
-28187
-94768
5240
77590
76687
-32910
-12794
-1138
-69291
56557
-94199
65093
-81994
-72499
-84354
65745
25345
-95479
-58492
-24778
-4508
14348
-16521
-91981
-68141
-44143
-74707
67960
53073
32871
-82355
-907
-26018
30932
67463
68813
-65923
84886
80755
62121
-43551
36420
55434
-29847
-71372
-54252
61307
48182
-92093
-28298
-94229
-89805
61064
23004
9420
-20142
81749
-6179
94808
59267
80475
33519
-45205
-15226
-28203
35218
40955
-45023
-40300
76300
-46219
-80338
83239
26383
23796
-73012
89318
46646
12960
-32714
67164
22126
-38943
6896
51662
91314
-29889
-95651
-53396
91694
-24168
-85778
13011
-72699
-83011
65653
60413
-81106
-92695
49303
-66170
-61511
-9378
46304
-73509
-71440
96798
54705
-40895
-91560
-39165
-45548
78655
84823
89787
-87888
-28694
41007
-67036
61272
67915
-96344
78784
-42499
52846
-45172
-18667
-4092
4042
-5492
14436
-88973
77256
17728
65539
27204
-9038
-52340
-43815
4444
-11655
53982
-36938
92117
61539
72467
6669
42295
30095
27705
96975
-18426
-54426
98287
26788
18933
7072
-49623
-65336
-3016
32624
99856
576
26103
33101
70214
89400
-55266
97118
5895
96827
-50223
-42878
-27285
-72114
-67075
-82823
42888
-11863
-32950
-42126
96628
52883
-37587
-45135
-4504
-51175
-88295
-2788
-77888
-27670
-62891
34211
-9890
-93550
12585
-95925
35567
26001
-95694
-1259
84549
-23208
-95467
6095
-5404
-77345
-39408
-12810
-60968
62822
-77204
73158
74755
-1658
-64561
-8991
-64395
-54222
-72851
90584
84083
14800
-11169
-13224
97562
-62354
30860
-18701
97566
-32990
707
-66422
74283
9347
-53653
74581
97388
24381
-22318
-47345
40425
-29739
67617
-48960
86539
-95366
86769
19560
42555
-47036
69686
-44923
-52759
-50676
51673
-28734
-60823
-53978
49380
44924
-77001
47615
23383
30641
-62373
-28592
65751
-83385
18727
97084
49542
3703
42142
62412
-35602
46356
34991
-63484
64790
52476
-95202
-95518
42935
13786
98692
-10574
-30840
-59564
59053
30481
-84746
-29224
24223
-30148
71408
-14850
74554
68372
22878
55066
-80197
-23888
-72015
50274
12570
-8353
-60267
17718
-71660
-92743
-78588
30032
-51581
-22304
8692
-75063
-61912
-73256
-89040
32452
47627
-45120
453
-3780
-85702
46509
-12718
55526
-94099
-97182
62403
-68030
99082
99373
-19817
-47676
47875
-7520
-30756
-95079
-13475
-9429
8445
95704
-72052
-74925
-37518
-85498
-79494
-99311
98453
25798
34151
34377
67349
-93477
51243
-59867
-12157
11675
-23786
30414
-14838
15155
-22216
-58233
44476
-8815
15932
-53978
89607
39922
40431
13039
91078
93256
43999
2510
-81549
81286
-29090
27761
80955
-75508
-27738
9984
-75670
-54166
-86762
38970
-89787
-60077
-31205
66861
-52809
-69984
51754
-85231
46115
94973
-97367
-92670
38872
47668
-34323
-61991
-99869
-59564
-54114
-51482
41661
-63555
-27593
79499
20773
-2805
-23190
20471
-95479
-82147
-42720
7870
-94178
13697
80414
-94062
-21041
-15938
-84925
3809
19793
-62147
-54226
-82614
-96619
-88684
23612
-51780
-489
90288
-42705
-36306
-10284
86559
29866
5621
77976
15800
75800
-70203
-11
-90777
-54739
12614
18640
55449
-11900
-68014
50261
-32448
-19096
-82039
-56950
-24893
69423
74194
11201
43654
-65025
68974
12583
21905
74356
-77190
20026
31007
-32934
7681
-61416
-19386
-70059
-11653
33522
-95491
18912
2855
-75937
-84721
41010
45376
55309
-5925
-89476
-69730
78354
-62395
58703
74028
-33247
-75203
-51813
-60926
76312
15018
84883
-31073
-28171
70194
21228
68612
-73879
-38615
-69181
-37713
-26683
-45293
-39586
-717
-44207
-61097
-68213
-81103
78075
-48189
55972
44853
-45011
-54282
-15884
44527
81015
11502
3828
56907
-43797
74159
60014
27568
-18872
-86388
3779
-94254
89294
75861
-96824
-17739
-34895
22877
99978
-25985
75112
-13082
-10766
77815
57700
27435
-7356
72864
-52962
-70198
31681
-35732
-75319
45453
28333
-58401
-58137
34772
-98389
99138
19448
45920
-10684
59583
-61556
49598
-50682
-88864
9082
-34930
-23607
-13857
26281
8815
-31283
83817
-29365
-90104
-18177
35252
91178
-60682
-31846
-91207
95131
-97651
-76118
-16240
14031
-32051
76524
5992
67399
-39837
89042
38751
27304
-3048
17763
27332
52388
90266
62782
92262
-45544
70181
31166
-28456
-70795
81294
-40327
5189
13141
-92436
26531
32170
8239
-29213
18321
62260
-36698
87246
75799
-82250
42875
50888
-80302
88134
-67421
34264
-87871
-67147
-88076
70071
41550
-69590
-92167
83710
-49365
-43685
-72284
2097
-63976
-2585
65059
72354
77568
-25006
-67061
-44413
579
-14819
63985
-82356
75215
-68735
65944
-94779
40615
-74232
60612
-85776
-26682
-45111
-70931
-37993
82908
60734
-81329
-24851
-2121
30915
-58530
-27228
-29443
-4627
-14057
34058
39830
40645
36146
-87200
-73178
-5088
95860
50234
4408
-36580
78368
-11572
-33866
70201
-46259
-9450
-45228
23057
-14445
33518
17869
63221
-96865
73191
81414
-53850
-28570
67739
-55666
-58387
-26953
-28518
-60729
99863
-9432
7279
46686
-687
73906
60939
-29835
-21540
65241
11089
-50077
38508
-59901
-61571
-14511
-21405
55019
63090
34949
-73243
5421
14174
-82565
-50345
-23615
47628
72239
84217
-54459
95109
-7112
45342
-98318
18276
-12338
-34876
-23119
-86923
876
99220
-1466
7113
93712
51127
-84182
88921
42464
-30126
79223
-5099
-30553
27936
-72003
-27384
-26436
90219
-34766
78441
-54653
-48089
48005
21696
58253
-25365
5139
-46862
-29733
88397
-1677
91244
14336
-16296
-17236
9704
-55708
54508
70662
53727
-38172
47155
-1795
-45749
-83561
33915
-42926
6551
-93140
65909
96893
-91098
-34833
85193
15421
40957
-92886
-58668
-36785
-92850
-14872
10815
29117
69986
-93291
-16323
6221
-12766
-36031
3425
47963
-90815
-22333
14745
-11263
-52663
54586
-23221
21362
77761
-89745
52170
52902
-6919
-59498
-36555
-3793
16178
46644
49004
-35605
-84884
84506
45744
-68334
11916
28367
-9386
61615
46250
-92468
-55256
-39444
92661
46688
-88680
71174
56387
-75532
41250
-33825
37753
18665
73725
-62222
-99884
-25699
-79235
-32415
-70255
-82419
80712
7530
67327
31956
17458
78328
18847
53842
8952
3094
-40203
21736
-24682
12094
72622
67871
49541
-38897
-29907
37864
50965
-8354
-78668
-7298
-58014
-82525
-79829
33255
25078
8980
95312
21786
56827
3600
97148
-78853
91867
63217
77774
49346
34934
-41788
28278
34937
52287
-43883
-87136
-61084
83828
-12509
42106
-62214
35384
-42766
5924
-41710
-81970
-32640
-56973
54553
-54028
69647
62050
92096
59226
14881
36758
50930
-26755
-19838
61773
68995
-86299
-40065
51170
52900
95735
7668
-69441
74962
51895
-78973
66591
-25008
33630
-15071
-86914
-55991
-91628
-37942
63712
69975
-32437
-23915
40251
60769
16503
-8414
-73725
-15970
23277
55791
40208
-14919
87
-51958
13037
-6195
23634
98337
-71681
-21425
99172
72757
51024
-97461
-43043
-42323
6583
-11193
-82871
20103
-88282
85380
-57073
17321
66192
52002
75689
-84906
-27211
-36125
-86592
-67588
-21557
10568
-35037
92457
80394
-52329
-732
96414
-10732
90238
5903
-49924
-28544
34001
-42680
-94181
-65470
82032
34752
77882
9144
6468
91667
-62704
-46253
-59672
98497
-63231
-736
67876
83144
-24788
-53134
55636
74458
-81311
-36178
38503
76352
-80464
-4813
90115
-35573
48412
-42268
56198
3634
-64081
-80941
-93464
32205
-67161
30411
-94532
88109
54158
-10950
82133
-4970
-40153
41465
64133
-17382
58180
-80582
-70719
-72685
89781
-92723
-50784
5692
16219
56719
-21566
-37076
87706
-4241
-63602
-68559
62060
-79138
97747
55237
-365
80211
21520
61807
-78745
59064
31311
-50695
96781
-16204
-28117
-97143
10824
63190
-61517
-32993
-13399
-22758
-21785
90474
5282
1244
-40033
-53625
-84615
-23914
36875
-99753
-67624
34903
54869
95163
-13503
87491
-3677
70447
96798
-58559
-22920
31296
-63050
12357
12794
-60629
59964
86714
99726
70228
-638
8011
-73953
-80544
-68661
-8946
23486
-77649
86845
-24115
87460
-43015
-91019
30195
-30062
57860
98997
32144
-40167
-31297
-93832
75465
82294
-48258
42662
88671
-72363
63571
30435
28378
17270
-9979
-51710
-98479
66541
83376
49240
-55527
5187
76729
-36629
-29112
16379
58091
90312
18852
-9233
-92621
499
91501
-43113
-50508
-3463
14404
27563
36168
-64606
73335
3937
25621
60995
52586
-95408
79047
80943
-34909
-4811
67375
20813
91057
67218
48696
-61499
-37510
-40780
63105
3221
-65376
-81906
44252
30848
-16944
20097
-35165
-50459
-8345
55869
90737
-71443
-60480
18049
63236
-8290
53342
21630
-1683
86093
-47245
12954
93937
-57552
-37557
92880
-49728
47249
87640
-30412
-78513
8543
-22822
-10540
23828
65375
45226
-67270
84510
71807
-68188
73935
40142
-33141
83567
-97318
78389
52089
-18069
-75611
55116
-35874
-19019
52736
58186
-80444
84569
-70369
-54874
-63533
-74347
46238
-52695
89003
-3322
26213
-25298
-98668
81650
-27545
-47430
90701
30257
35844
-11854
-36863
92728
16271
-30979
38935
-65149
64937
13815
-85976
42335
28684
-84402
-15540
-79983
-284
-28099
-80051
-95834
29207
68899
66941
62360
71014
-57281
-2780
-74726
79659
97994
-70191
-58815
-16574
50161
39889
-4465
-15035
10414
-8834
-23460
14447
99394
-53970
80931
-93854
60177
15885
28070
-77885
77786
60101
-14337
-9597
-80751
91801
69509
-29767
84122
-74927
82327
-77013
-56796
22352
50504
38060
-56928
-29823
-48921
-53537
93469
23536
-55639
-57703
73858
41717
51381
63653
-95897
-34613
96908
40481
-5296
17982
53140
-84795
-570
70019
32319
-36796
-33964
-6111
81628
-97974
-35173
-77427
-57286
96422
-85614
-11371
-48268
17410
-38306
-26318
21086
-49075
72650
-25664
-49781
44729
51619
85385
4216
-74080
-74253
13565
27288
60289
-33576
99262
15164
67305
36223
65880
52830
3821
-62142
-65074
18059
-38700
-40548
-63601
-96852
-37359
-94907
8072
2223
-53395
81263
76563
99991
-71229
-13029
-99380
860
-97883
-72936
19780
-51777
-34019
-89639
-20337
-35793
-64691
-36302
96697
75409
-58184
66671
-89579
-12688
-38119
-87407
-9291
-86079
87985
-12634
41269
-47151
-48481
4548
-98766
-74035
-67993
25761
61081
10414
-36459
63506
85017
-94913
17786
-76578
27514
79308
10453
32254
-15161
7529
32270
-88012
79015
-50468
-27365
-39099
30218
64424
-32379
-4587
95871
39158
53637
92573
80418
47138
-27192
13067
72945
80672
97746
94326
38464
-51574
-43202
-58181
-15805
-30073
19171
-75014
-58743
20249
-43117
73895
-89208
-85246
-41859
-37235
-47725
-32940
78642
-96091
-55064
84116
12357
-73521
-57115
-70966
-81973
99435
-88997
-81688
-46399
-16425
58491
83157
-42483
28485
-56083
67668
-89379
-60297
8384
58774
-42772
-12838
35196
26008
98275
25532
-43182
23930
-97124
65964
76853
-69474
-83583
-39123
97218
-32839
62867
-30698
-58214
95673
-57465
38665
-78000
-90285
-76278
-71154
-8834
-46360
35750
-885
-57230
78227
53756
7202
68934
-90094
-62543
-64921
-32307
-7730
-78554
16956
-90007
11848
-80417
91660
24250
-2334
-28347
-9312
48305
-81336
5830
-42719
-83198
-68679
64346
-81749
9784
62582
89505
8265
-32734
39173
-23512
-93549
69227
10210
85323
44513
86024
61763
40116
-13781
97098
-51322
24833
-1409
-99437
-41222
-62332
72029
76197
-94841
14948
-28366
71446
40251
91168
38831
-30944
18161
74356
-95162
-29548
26720
73108
94081
81263
-84611
21333
-65089
-51707
94350
60203
-25269
42970
32845
29965
-35750
-52336
92021
69301
87457
1594
88043
1411
64593
-72050
-9652
60033
9776
10361
-7793
12482
-8683
22797
13015
-24093
82624
-41834
-47208
-65549
-68589
-50806
-13405
-70673
-44879
32030
-77297
56294
96690
30453
-3898
-70149
60160
89587
-20311
-9207
50449
82928
77473
-96927
79873
65545
80643
93742
10955
-23472
-38433
64378
41443
42467
45990
52297
74996
71066
-99787
84899
55921
-63526
-39358
-44880
-84134
-36857
-12126
-14597
99725
17814
44724
-53863
-21498
38912
42670
-46493
18869
39378
-12990
-42146
-79941
-3295
-43284
21244
15360
-61669
34971
-63813
-46605
25273
11385
-33236
-15521
46865
32601
-37298
60135
-84600
14076
-8103
-73506
-52763
-67648
-874
-96827
-92288
34214
59563
65570
-90727
-11906
26805
22329
77893
-59663
-19634
30122
10690
-5909
-83410
-67034
-32532
11875
-83091
48591
68873
-66552
-65114
-94420
9598
55689
-27976
-46330
-78427
71681
92582
71265
38454
21310
-21602
-65126
54498
58093
73367
-486
-93506
77475
-60845
-20620
40540
82058
61764
35233
-71434
-34586
-82485
85973
-22972
-23741
95643
87165
83693
-51523
29436
87256
-55271
-79060
-5652
97775
17765
-64150
-77345
46962
84400
-59711
72551
-30479
10578
-23626
-40912
-1485
-72723
18604
3170
98039
30299
-4233
-32983
10693
67335
89214
-2031
34607
-71144
12492
-25206
-14359
-89209
-34765
35083
-59390
74513
-97699
19731
80830
85448
-4496
70923
91794
-79227
53789
-16440
85372
-5640
64262
-7828
97724
-96096
13706
58028
12722
81365
-43602
-15764
79253
-5373
-51287
-65594
-46643
88113
-46260
-95127
-88977
-41409
-26356
-72546
51859
-91217
30765
-57370
-32558
-46759
-27059
-7104
44321
-90686
73995
49991
-95035
93384
-22446
-35657
-90958
-85260
97157
40656
-13628
-67662
93705
-61997
-40103
-74852
16233
6441
72265
-41166
-26326
-41309
95491
65894
21101
-7780
-97019
-14508
77690
-41541
91703
-76593
53934
-18347
-63771
90839
-91004
7791
-30121
-35610
-61575
34849
-21425
-8407
-7649
41941
59999
46860
51776
-34705
-64412
23918
-34515
-19385
76834
-51532
95202
29713
-67650
-11143
44631
-29602
-66350
60259
-73434
-69637
71600
80273
56915
88887
88951
23728
76541
-52477
2891
55021
44960
-4943
-93708
67205
-17724
-1633
-55531
77112
4294
73837
-46458
34331
79617
-56599
8209
-78899
-46567
-39284
7174
24130
-33692
14110
-15429
-75845
2037
-37260
-83740
53078
-86203
-47334
-96566
24193
-94848
58187
12459
-87670
78186
-62307
-23697
48466
-79764
-70278
33794
39585
26943
93960
-52270
-28077
40500
-79894
-6361
-95697
90717
-60832
40090
-6952
-6757
58634
18547
-18340
19077
11978
19491
80298
-80590
-84602
-72998
-72864
79908
32716
46790
-15485
18193
-21359
-12438
71304
15119
-95598
-52330
-93041
67099
-24484
-71800
35631
7622
-75226
-31905
-9172
-11780
17820
16760
46469
-85838
-35017
92967
59498
84715
73479
-60716
23371
9576
-79790
31791
-8244
-94294
52631
145
-73579
-83739
56875
-44175
-20859
-58109
-56763
47039
-28474
-47535
-28011
58144
-97157
-70454
36622
53063
-47978
-1410
-1211
15725
37639
29599
69489
-71124
29327
29480
-8942
-8130
-25997
-92885
80879
-33588
9419
3893
-96457
-57418
3961
-93025
-71735
16095
-88777
26868
-87089
-56015
-9398
23226
95045
-99724
65107
-48865
17304
2630
80580
-86718
-51671
49080
48368
-60070
59248
-34747
-10950
-12473
-47682
-9168
76079
9587
-3109
-51015
20336
-72603
-819
13947
-25912
65762
-14150
11109
11292
-63680
-56475
-97261
44864
-13816
-28140
-9976
18342
17415
17554
-46262
-82831
40113
-23216
28890
13672
-53325
11047
-71793
-18426
-76332
19641
-34290
64429
76870
-43531
94312
11835
-79793
23545
-5744
65589
-53937
-61295
-44169
93409
-27731
73053
56134
21360
-45982
3025
-43656
72791
93794
-16489
-4783
44286
38946
20751
-16962
-76207
56010
34102
-29686
-52683
-54791
96484
53627
16853
17839
-14417
-38585
-64294
26332
-60755
55286
74489
-81918
-17769
70677
80422
-84919
67338
34324
39590
29087
86503
-55683
24194
-34807
74521
47697
-80041
77387
14774
50113
11019
-41680
17919
47430
86682
-75465
1986
91549
37262
52890
50655
81378
70925
40764
551
31816
-93044
-43410
10848
31027
-78815
55645
-58331
57202
-60809
-94820
-73494
-2660
29403
-9910
-99618
-36794
4723
36256
38377
-8290
31757
81817
95572
71527
-22251
-25090
-71736
36561
89953
34381
-78673
-18636
6183
-75771
-97225
19241
-55026
32273
-2379
-64571
-60255
-12785
3558
11059
78816
71547
27280
-98515
-93327
-36164
-77369
29399
8500
-36277
-17205
-15112
-5772
94588
-52529
-45547
-7112
18795
-36396
90988
64954
-70140
-54156
98890
1007
-60626
76347
3593
-1147
-95915
-30480
96938
-84565
38418
-99471
44619
66249
-67974
-29956
69253
-37039
74816
18762
-63836
-67795
-58041
15765
7555
-60008
-9399
-16517
-22396
-32823
51421
18171
-14806
-90487
81704
-53029
-81709
94566
-23134
2220
-40300
28096
-20092
-2714
46835
59008
42827
64621
-46597
12393
51308
-62923
21760
-63546
-40300
84737
90096
-23997
-12838
-47802
-93871
-94312
20100
85167
16540
2912
79603
-78150
56182
-53560
-16724
-56769
76039
-52830
27907
-26735
-34375
76377
-47770
65981
13647
59391
3331
-98833
-69281
-637
-49577
-63436
32302
28990
87317
28315
-29530
5356
61743
37748
3766
-61641
74179
78458
-56890
-6993
-45979
7501
-76778
81559
14597
-33065
-76750
13849
58429
46609
-41708
89241
11258
-31330
-6058
-76890
13828
5077
53329
-99187
37739
96668
-70824
-41016
60112
-17681
-86390
-80876
-93491
-63680
64216
-25888
-4670
-34247
70100
47137
15933
-56739
42865
10178
28101
-46324
-37795
52665
44931
81765
16120
51957
-98930
71302
-16017
23731
-94703
83182
37562
39856
-60197
91652
95470
19449
-9341
61617
-21377
52382
-84042
39592
-29546
-33147
82591
-17659
52043
1434
2545
-13677
40255
-924
-28460
-13080
-98599
-43277
-93847
-75605
7963
-46090
-48708
5622
47072
79913
21957
42134
91380
-34581
-21029
90351
-82992
-93139
-54218
-50755
-83152
-68537
24095
-57803
-90029
-8540
58230
91850
5711
24158
19104
66123
-18098
-12507
58187
-66455
89257
-99752
-86561
65623
88543
89974
-98494
-6326
-94350
1070
55752
32032
83742
16722
-6538
41308
-66698
79082
13105
33743
-65250
-44571
63560
32084
-22561
-26390
44955
-4366
-78294
-25267
17958
17956
70892
-24354
-35538
-25228
39050
-56293
-8442
21379
25018
28741
70398
24614
-41731
-17456
61097
89259
-8003
35379
-73462
68025
56254
-89248
22747
85013
6660
-42546
27129
50817
-25342
-12047
57135
76863
-92998
-22069
41949
-23309
-31114
-27172
29572
-40922
-50591
-30731
817
-48281
-98942
23211
-85692
35595
19734
-9178
23196
33878
-81846
-15399
-49502
-3534
-12910
-44916
95342
38492
83049
89941
94617
-33314
-80923
-19355
73056
81142
75894
26046
79601
-21738
-79621
61826
-60074
12997
-92160
22951
-72453
-40413
-36968
22215
9181
64201
-61804
1620
-17135
54479
-49955
-52759
64751
6183
64691
97595
-86375
7398
65410
-95570
50347
81571
48990
-29948
-70975
-24904
29340
16304
12447
-10522
-29684
-74935
17537
-78763
75670
-17894
-62080
-67336
-98704
-33642
-97442
60879
24697
22377
94830
15366
-75467
-76119
-15005
-14917
-63386
-21845
-59149
-33571
35395
-76558
36071
-19729
39831
-11005
-54398
62060
-98503
-77036
68299
27077
64868
18018
-83783
88070
-56398
84130
-48645
-72554
52474
93583
-79775
-75683
-14526
57186
-59606
-50880
66211
49824
93418
95687
69752
81741
68056
75040
-61374
61758
39282
41341
-68964
99788
-90291
8664
-9259
92260
95869
70102
73135
-90692
-95844
-81655
99315
-61024
50107
67664
-70737
90986
-50141
7450
-3762
85328
28358
91271
41554
-41000
-60537
-69905
84528
-55514
-42589
66939
19911
79798
56826
-78991
46399
80612
67518
-2674
-56966
-18904
-49737
-50164
22074
52640
-71184
-72701
23887
-60026
-50750
14572
-54661
-64767
-5446
-27456
40804
85911
77225
17919
-63052
-88129
-1335
52748
-40431
62932
-80889
-60747
-79756
57126
-5198
81
-71320
-27733
68990
70850
-85471
37267
14068
-96230
-40841
-28103
-42438
43162
-70019
89397
57914
42198
-8958
-57266
-32398
80692
80292
-32755
-40552
-81965
88523
-26963
68520
-77560
-44727
55918
-53045
27523
-87860
-27448
8741
848
25790
72765
96316
-41094
17850
-72249
-75968
-37110
37226
-34959
-93637
64365
-55743
-318
-18794
-44685
46354
-28461
-76603
-53772
-86453
-98174
61136
-55283
28946
-97281
73599
-65848
32123
-13116
15138
-53351
92899
-8031
55802
93509
77036
23093
-98425
53790
-12907
889
69807
95017
-34956
-95306
-22264
53984
-83821
-681
24898
31442
46437
-13351
-96780
59048
8035
90718
94337
-12348
43144
-31711
60711
-54270
-57947
-47548
60772
30880
-44319
4998
-68219
10490
-73647
-17136
-92404
69998
7472
15150
-76547
-81762
-65605
-38181
44805
85395
45356
31156
-31096
93758
-25008
-41137
-85819
74459
40199
-18011
56360
37551
24152
78954
-403
33520
-72977
-42562
88940
31939
-69836
26811
10949
-20065
64840
95215
88360
-4143
55838
38820
74497
-35238
88116
-36454
78655
-30989
-50579
-85546
-97152
-22415
-90995
-95853
-50085
-89598
84368
69207
-74871
9303
97319
-6879
21168
-18148
-13936
94654
-78066
35490
-18671
18747
-27522
-25122
-48176
-40715
81322
60811
19218
1228
-36018
-41302
-22706
92790
16228
-662
-58259
-50064
-80974
27234
-1247
-44082
82028
34490
29279
-69772
65030
-45206
-99718
-36195
-67173
19482
16413
92568
81011
71273
-98459
29204
26036
56650
-91303
-30576
60200
72264
-33785
-40780
18215
92778
80252
-92674
-61407
59697
-36897
79317
77130
-15554
50090
-78982
-8158
62032
-11706
-804
56736
-21588
-26941
83402
71994
77525
-42447
69827
63380
-2309
35678
-4631
81667
-46992
23019
31892
-59076
36181
4621
-87229
75229
-64237
-53026
15854
18328
