3500
35096
94912
58562
-54852
80261
72616
-2669
-53081
-14378
15338
-29784
-77388
5447
-79220
-69148
26001
-12603
48429
49273
66266
68529
-23842
-86345
93450
53059
-31398
325
-50179
40587
-34716
-67475
32993
27731
8700
-2992
46201
-31327
62909
76603
24141
93529
84566
-12334
-24398
76414
41955
-83031
-16015
-21095
-77785
-70542
33239
-64718
38824
-83248
71257
91259
20455
-49014
-54623
-96179
84091
33563
88441
-99383
-43383
-2842
32915
65761
-7710
-31034
-32782
8303
3321
16260
-40455
10371
-14337
4514
62094
72634
69405
-25324
-75349
21129
-73651
12238
99201
22425
-58474
65272
-43383
-78515
-606
14335
-61208
35167
-55683
-30395
-33603
-5720
-57364
-13064
-50037
92030
-32984
-89600
76734
26103
-52874
-7022
-80100
40076
59620
99234
-30519
-31591
-44318
-45515
-25930
55425
-57030
89044
-73304
-26193
72621
-21348
-7263
68855
61804
49331
87981
82394
-73232
-19307
-39606
-78744
-97930
-84980
6452
-45888
-23782
-86530
12237
61875
41935
-59360
30310
-81529
74297
-97591
-73427
-2664
-50329
-90399
-5389
39576
43568
-56840
86423
16438
-39191
6515
44564
27421
57088
-68639
-61851
70995
-2568
5803
-58095
37698
-54079
-14998
10518
82068
74547
81811
12662
-10057
-8985
14925
3416
-2688
-98382
-24029
-53411
-39381
31423
46229
12609
-49471
-47608
-66167
59241
93266
30321
49503
47695
68386
58753
-87582
18886
5088
79549
-23142
-33940
72465
-87133
57150
6892
-38388
39104
-28410
-9299
-40034
-7122
58655
-51621
53261
-70994
84792
15568
9146
-90018
6778
-94626
-71328
-35498
18772
76347
-80519
-49051
28211
-23862
-53121
91171
-62895
-20734
29519
-9677
33381
57277
97962
80792
91064
82079
53718
-6864
-18792
-23647
-61854
52176
51749
-6407
97222
-76546
36808
-53912
86440
50181
28420
19039
-49029
-49159
-62492
54607
28034
-31545
-72812
-87284
52403
-11592
23308
12701
-89866
-99326
-86873
-60830
-60404
55883
7634
-70494
53517
98811
70496
-67343
9418
93244
-37063
-73734
-22063
-42351
-30797
71535
-40370
-1136
11129
12042
-74674
-13059
-95577
75518
-86689
-65979
-11208
-28161
-5868
69460
76631
-5141
25829
45651
52561
7571
-31374
-87999
79084
490
-47448
93741
88977
77129
-53187
-10802
-51036
57565
94933
64639
-64140
78382
-2554
-69735
14350
16972
14649
-81233
80428
-91944
55399
78368
61003
-51156
79363
-84579
-71014
2728
46007
-98120
-88498
-95462
71110
-25180
22738
60745
79888
20111
8092
-15457
96564
95257
32283
-75408
96911
-21713
-89139
44331
-96157
80137
64556
41628
25108
82236
-27256
58907
-20469
54012
22576
-26219
38461
-8206
-53174
-42508
70470
-1930
-20862
-9362
-1105
-44247
1823
-68697
68879
-24462
19121
-27708
-67123
99283
2535
-19315
73155
-13593
68733
-26562
64702
-90502
13714
-44757
-58782
18245
-51177
33933
-30486
37572
86308
94124
-54898
-66826
3493
77867
-39555
-11919
49713
31723
57418
71007
-48517
477
-58845
-6311
79585
-18456
-64645
50718
34658
-84941
-21494
-17233
-38291
-33137
-14166
67787
-43116
-93436
-87902
18306
65631
42871
4480
32377
-45059
-14091
-30433
-78919
-95210
-9634
-55864
1075
-78021
-37776
21493
76500
-34881
42479
84401
-51135
20383
430
-70949
4400
45404
72957
96265
-68062
-69270
-9168
-80120
56832
80641
-34937
3970
-14767
13840
-90881
-35015
48470
-48495
-73292
50351
-88701
52087
94705
83944
-90662
-34747
-38314
48327
-82779
93624
-44443
-68458
3599
20900
-84631
99489
84767
-12067
-84605
-26815
73362
79052
-63662
-12106
-30315
-87199
47422
-10962
-88996
43495
35042
3682
73954
-37261
-44461
-39392
5757
56118
-68015
76195
-14819
-74702
-62774
-69090
50401
-95735
-98555
55192
30165
10353
-67215
-89744
-14836
-67068
73675
-93246
-87658
77236
98918
-72542
60767
-29860
-92454
-3643
-59484
69745
-25525
10112
35282
-24617
67605
-29912
-75779
-76784
78801
90712
-21638
-76081
4487
37456
48089
19627
-63504
5818
-56830
-71889
-26202
-53367
48875
89550
54378
80954
-80461
-88012
-28846
93053
-63074
-59785
-90611
-61588
51630
14188
-72300
-52615
29594
-50346
-13201
-98905
57773
30906
-98271
18671
34366
-46258
-30350
-46781
45448
-241
99095
14510
-91931
-6350
56831
-38630
62380
41330
-12420
-88148
27107
92040
68556
-54966
-80349
-20999
-7100
-99076
-65017
30025
46424
47664
63120
43469
60873
33943
81561
-46178
-80085
10222
87601
52202
20178
-13289
97882
-73116
-87911
68709
-22947
-37413
-63666
89335
-60600
-80215
73725
1979
31878
57666
-14248
38484
-5607
-23764
-56704
62934
-10826
-83187
29554
-35922
91772
-31648
-6575
-69857
-9965
-91454
60683
29607
13277
-44183
-15509
5312
-34980
-36749
-75589
49602
41120
-20004
-97964
-90971
42026
51594
-19324
-47131
46051
37635
-71270
26110
-38670
-3778
77136
78935
94014
2199
-28842
74875
80384
-22757
13175
50754
80643
90371
-78422
58318
38395
39230
97208
59313
-91264
-11545
21572
63468
88101
32278
55932
5907
-5511
-35246
82971
78156
12826
97252
-80680
54070
-57424
50375
-53778
-86747
67277
-51525
6345
87692
73055
69112
69642
2932
-63536
-18304
-56585
-27800
33594
-92339
71170
-91917
79626
76522
51444
-24255
-76304
49694
56566
-51293
70656
52931
-55876
-5074
-43544
72820
-21809
17667
3854
-57948
-3851
-70936
-70586
-77108
99966
-62507
-90771
34556
66542
37580
37733
-68205
99266
42655
78253
-53878
3233
-65579
-87909
-16918
-41248
51111
59321
606
8114
-32987
-78470
6755
-8149
-4938
-57385
-67685
-28241
87868
95371
58689
-45125
8534
-30425
49911
-82289
-81537
72402
-23620
1719
-37228
73313
13561
-83595
-11278
94927
32954
-57779
-43395
-52135
74170
-18835
-80834
99193
-78057
-54154
83492
96380
-88028
87339
-58389
-17406
89117
-6219
-17894
-73070
97781
60496
24614
97752
32716
-19690
47668
-47364
77437
98406
-14084
-36897
-39661
-50639
83785
-19852
50395
-87583
-54499
66937
9748
-56155
-98703
-25775
45507
-40419
75545
768
-17885
-93793
-91130
-8574
-44422
-17436
-97626
10632
96199
-32493
73510
-98992
60376
96231
31831
-25184
38520
89471
69102
-35234
15108
-73470
89510
63503
-33954
99244
76288
56234
63419
87290
7274
42520
72664
24814
64382
10507
-31798
39359
41313
-48328
71986
-91615
26636
-9870
65870
63084
71911
-80028
92653
28395
-47343
31851
-78149
-73340
35900
-34034
26170
44287
78518
10523
-52078
-75852
49026
6495
-5313
56342
-31323
6849
38824
-26474
-29636
13307
91024
23285
74954
87414
95589
-56535
-27952
48386
94006
-60053
77717
-66833
82946
27739
-84347
-10358
-89941
7185
82102
-85513
-27958
-61055
67653
-44888
-74084
27018
66591
-33033
-42407
39323
3484
57894
-14811
76674
-77051
32368
45727
87699
25910
85323
-94632
22577
56479
9085
87646
76348
27748
-31016
66614
-66345
-67483
22100
-16985
59796
-83113
-34809
-14349
-33985
47121
14787
10081
15364
9379
-95924
-27211
95933
59425
51956
80194
19484
-70659
-25642
-33386
-58638
64018
98859
1747
-11686
8701
77644
-84323
-5308
59302
29764
71791
76897
98141
-41455
-72760
-65816
82015
-65992
7300
73284
-1929
8770
88709
78106
-47615
43542
-19056
-83462
83146
42164
98740
39009
-81389
85067
30756
5608
2420
78584
-79962
55118
57758
8349
-62236
-90851
79097
43673
-96416
74491
48684
-55383
-22779
-14321
11386
80923
-62504
-20723
-26871
60330
27981
-57632
75519
-91141
-21130
-47949
53765
-55117
28054
18141
-5779
49843
22356
26470
19824
52017
3147
47546
-93744
88372
7230
-24983
54108
42667
-85655
37145
-49582
92779
-88781
-6199
49246
-62652
70975
91138
63937
34750
35617
14300
43917
-77067
99310
-9622
-69300
-61554
-87892
82563
50305
-94187
-57304
44206
9862
68853
18087
53673
-34924
96083
88884
45654
-93086
-28025
-69736
97923
97764
-36681
14184
87444
-48844
81810
-35528
-83569
-76274
-7258
22957
-63484
-50954
4447
90161
75735
12148
44637
-4225
14636
-31809
-15632
-56035
4525
-15304
-30861
79402
50554
-88499
58434
96077
-98514
52606
-37735
-88755
28106
-22980
-41270
-52801
-65407
10093
72474
-87782
480
79629
13242
65255
99415
28142
-32547
-91757
-50841
-19424
97402
-49498
-83222
53483
-80672
1550
-5446
-61319
93040
85077
11199
72209
6524
-28622
78873
-44674
-68357
-90501
-35802
-67762
12901
-4936
-17424
39798
1649
46226
33142
58835
55465
-41430
4886
1675
88422
-83386
88084
-52334
-42514
-92570
39625
63240
50982
72757
22122
10624
-96970
-24549
51508
10140
36664
27951
75569
980
-60325
3018
21930
-48107
21210
-33866
-31511
4166
63765
-18938
76010
-66459
-78263
30271
12382
-48880
-54287
82932
-39461
-46688
-5704
13423
35171
-51344
-38055
-10997
97422
22587
56213
31839
74775
-64861
-13936
-38443
60161
-65778
-24631
-30568
-15260
-67733
-4812
55084
89944
27987
58614
9815
25596
57226
-39556
-18883
37732
82148
-49159
-98935
-29859
-25980
73146
15943
-34659
-55616
48103
-67760
-68404
-58400
59864
36508
93545
-16442
19409
49275
-96421
13735
3868
24095
-79851
30391
-36734
-67119
60452
78947
91429
-62780
-4904
-68744
-5763
-97785
-78899
21537
79533
-32557
-20715
-29107
-12543
-68476
-81661
-43729
37255
51237
-11818
65183
-69626
-88604
11777
1310
19359
-50139
-95341
-80649
-25665
-43726
44680
5184
22207
3343
-61013
21056
-64232
-97365
74598
27754
76422
87859
93160
17416
-20360
11073
-53391
-30477
-92816
59826
-14467
-40130
79997
-77290
79243
80435
62099
-87168
-33144
-48715
-47100
43452
-79075
-18300
-51619
-67936
-94318
5855
49951
-88453
-13411
-21692
58713
77611
83915
-65133
18719
-20725
-36022
-87471
73513
23753
-61744
-48888
75721
-11627
94124
-18421
-51382
27573
72743
2774
77730
84853
81110
-61676
-6251
61500
60991
61755
12070
61434
-61466
-42861
90361
25918
6835
-36716
15050
-31196
17793
46316
44164
93611
-51003
3871
84607
-71963
-4839
99913
-93671
40839
-7644
-65793
68016
-10656
-97624
73428
62329
-83417
42920
-64905
51136
-69203
52212
-82630
-90948
-61391
-65325
-42579
37582
-9582
77003
93481
8854
12575
-89457
67240
-69006
-70390
51910
-10671
90644
-37060
-67724
83859
69695
-78654
-84281
86567
90142
-37276
-10816
73143
16705
48022
51004
-95011
2229
75784
28127
-47932
-91074
-27496
70172
72619
22067
8552
-34718
50376
-10377
-10359
60454
82057
99087
-56618
68489
66933
52901
25438
-91097
-98895
81944
-26183
-59525
76959
-36994
34555
30834
-42975
81847
-64505
-73397
-35141
-21329
-44741
-31065
-22697
9199
-61111
-54094
24225
19808
-56219
88878
850
-81442
-67366
19545
-44021
-25099
27448
29371
33111
-1349
-94552
-20466
-10669
-58742
78240
-60791
81450
1559
-87311
-2613
-46728
2292
-47619
225
88592
-44066
-57977
-28108
-23591
-19388
-65181
-16494
60307
69589
-26292
-45353
-1033
-51516
-40492
-11273
-66115
-21221
-54026
11371
53943
-3271
45959
-44874
-51941
3434
-93941
-7469
-52514
63713
22116
-12419
-82373
-6252
43558
-23718
-18798
66932
-60026
-54971
48174
-30712
-40272
-45385
67807
-2139
-89353
-85615
-50170
-40372
91047
13896
-57681
-58720
28342
-12243
93784
58050
-69031
15064
-66352
54411
-81612
25008
-69189
83109
32809
-11750
17010
-36922
99282
14460
-58937
22090
21321
11565
-71834
-96339
-18780
22907
-82409
3554
12350
-37608
70239
-22190
3632
10593
-11962
-84108
-50529
-78132
-3340
-87483
85871
25198
3189
72677
-22570
-21337
17180
99022
37835
-36437
-96061
-19855
-67172
-2195
-25680
-70225
-13217
71337
-23469
34672
35328
-8305
14635
-30620
53754
48967
-85623
37652
88161
-11291
13357
228
-81189
69483
-90868
29159
44975
46965
70195
40479
-43595
-90427
-77883
82447
-37203
-13973
-47392
-4097
-23508
-67887
-96098
33484
-43599
64929
1720
7401
81302
-80621
43012
35830
-10526
-86186
-41953
26747
29179
-84198
2853
-78847
75129
-65416
34973
99917
97685
-65601
84338
-38278
-5760
44380
-21156
-39118
-66352
11365
-85474
27464
5653
-87358
81128
93685
27786
-61448
54236
24174
-30937
-69229
38317
91294
-17644
-77136
-78236
42821
11703
14244
21885
30445
-850
31885
65646
31940
-45415
-86349
-84601
-30053
14670
23513
99508
52154
34544
-70554
-79648
-27491
29273
82411
3636
2319
-60684
-41903
10493
57186
52840
-31200
97900
-41143
1647
-8658
-60170
-77614
-13051
4834
75804
-7358
-33669
57444
-41403
47374
28074
45731
96775
-22604
59781
-7998
52484
-61835
-97784
2208
54577
-41041
-28339
80130
27250
93146
-65091
-83169
-60639
36447
51939
44745
25390
-31728
-41700
-91661
-39648
-37048
25643
-52701
-83398
65632
-9751
41269
51577
20427
-80359
-67383
-73991
14543
-29542
-94966
99638
-4255
-58635
-88228
-4304
-87013
-75754
-40927
38056
-32292
4440
-69400
70728
-67588
19385
-4301
14367
34282
81517
69860
-51446
98277
88526
80899
74222
73171
-62608
-98514
58849
91969
87827
22302
85800
-62984
-3342
43602
-63205
-64648
-32904
-41702
29221
28180
-29486
60161
-31832
48617
11743
-44072
-14659
-30916
-55227
-81957
63385
80176
-82723
18755
38731
-32672
60686
68199
96353
50527
-16329
-86321
-4117
25673
-42490
-61865
-46633
-61946
-99482
-15811
-2629
-55973
-50987
38727
18930
-53588
46995
-76972
-47715
-16302
-67786
57085
-40245
84181
74139
-86553
60467
70022
-57353
-39064
86110
-90180
-43189
-59245
13602
-76887
-75722
41058
-33272
-65641
-58076
-68801
97551
58821
67556
-86801
-74166
-31080
93592
27803
-20508
-39104
6021
-29188
76612
72424
61962
38179
-67061
-15463
-82834
-18589
-23174
-2068
-9454
74268
65009
42474
-34939
-23708
94610
27522
-30282
-87341
-44284
-40027
-87164
-35605
33812
35586
-9870
-96798
79221
-2535
95478
1038
86760
82302
34544
-14804
43575
-3923
-87880
-97203
83099
63172
48784
-59746
-92931
-93919
-70727
-94894
99609
69016
-95839
-77970
88191
8529
47737
73393
-29261
63869
-89307
15837
-18251
14195
-96755
1766
-35429
17899
29841
10166
30426
59093
-4839
12571
-76701
37719
29705
-51186
94505
-32990
-92780
-63647
60673
-86736
-37016
-31484
-19869
-9764
31943
-83725
85133
-64227
38518
-48960
-18361
-48160
6542
-48072
67777
-72958
-51153
70901
70680
-55897
86356
89280
-93001
-70407
96770
94496
-87974
-94207
-67749
-48316
-52178
76059
97103
47112
1301
88217
18674
-99801
18758
-9353
44520
-43202
75024
-39690
-8068
50233
-28610
18391
-94384
22364
22678
9717
88943
6000
-18948
-19009
-63554
90248
64692
-41455
63505
63662
38149
54895
72155
84911
46264
46110
32893
95168
-7552
44574
-44097
-89588
-77837
-40633
-60260
33947
68534
29566
86455
22368
3512
68757
70572
-64993
5077
38589
25986
89337
68250
-14360
-92548
5205
35048
52991
79182
-81939
-35279
-34627
94829
70642
77792
-45722
-39553
-92451
-98987
-40152
-79950
30740
-91058
84364
-66903
-22795
-30815
-22311
-6512
11841
-12507
41158
9680
-26456
-67791
55449
-25250
-44307
10492
-49248
71022
81461
-36572
96843
6726
98930
29194
56676
-60755
92262
22554
3565
93058
-49193
49640
-29803
2344
-67442
61174
54742
-68321
-83061
18258
-48146
37998
-68792
8284
-64073
-58692
-39960
-98523
95397
82559
61820
63667
29980
3147
-89422
87330
69292
65932
-6949
-19483
16554
49935
-86057
79785
-80916
-86790
-48480
-40678
-62304
-97636
-46865
-39746
7817
80607
48718
-17472
-66024
-26406
-30021
-3192
-29277
40195
94262
-80379
94596
31810
81960
-6068
51857
32480
48944
19482
62771
27230
64075
-42315
27109
39714
-43874
99249
37643
-66483
36963
-60721
-50964
-48664
61038
98240
-73714
-1604
-19813
-72889
5165
6144
-39338
19324
-21481
-22163
-86777
-91220
-7705
-22034
41624
68190
-88868
-19981
-64924
-63567
-40811
7525
-9411
-38495
97835
-86988
-46886
7144
44395
23371
97436
-77439
-11090
-17883
66491
-71161
-92841
46521
-6831
32060
-46039
-77679
32771
-11033
-11518
-7047
-64184
-94316
21240
-42478
7831
19967
-24049
85318
29809
61707
32148
92054
-59064
39853
68056
-23473
37195
-70618
-18164
-27237
20815
-72147
22454
97779
-18661
91178
-94642
42418
95888
88607
-25481
75909
40179
-68958
-26723
-58753
-50599
-90363
49703
-20023
42286
92310
-80423
17398
-55903
-27583
87498
-1739
-23121
40404
-63940
35104
55499
-84773
-64931
93425
69991
84970
-15847
-21549
-41054
-32007
-48422
97942
27406
60265
-65187
51005
-91172
-57179
11314
28402
67495
1828
-56240
19738
90393
86986
99986
-34174
-59714
-50194
93778
-87944
35171
-93833
-7903
5431
73258
-47841
28576
28090
-5074
8729
-29186
-93007
-23283
30543
22734
-37487
47894
60420
-6269
91270
-5168
40153
-93237
-36412
2021
4907
51782
85947
1834
7065
-48926
-64151
65420
60323
-62443
-90551
-67816
36398
61301
72937
73830
-45340
35319
-14375
-11869
-51976
-83454
-88897
-89734
-19129
-46417
-7544
7967
-7718
36960
87929
5176
-53432
-97990
46435
16168
-83912
-46272
76085
70648
-47483
51853
84844
-95132
-38278
-95058
-35099
-21248
-59460
-82343
99218
22917
24711
-65906
-60277
-25348
-15216
-96119
-52164
83590
94474
-47071
39165
-84602
-2939
54784
25343
-85973
94384
79167
4897
16157
-64321
55006
54882
81923
-51224
53405
44977
-43985
99335
67513
-14815
-37017
42529
93254
49400
-84463
-6459
28582
-31321
-66438
-28466
74275
96723
60611
39622
-14929
-71598
37032
-2395
-77515
-13583
68462
-94857
42523
-40142
-12695
1051
32151
74643
-15385
-62873
82091
-40375
16572
57449
-14914
-6004
29675
-61623
-26343
72651
88878
9354
-95174
-9023
76131
-72401
98200
-46817
71443
34938
83060
-38679
79711
-59313
-43879
-45987
-15671
-46088
97968
-20467
-38500
39490
84866
52430
-60871
-34620
-83382
28361
53824
-9281
-81866
54959
59735
61153
-73734
-53495
39258
-94044
-64047
79661
20831
-62701
-10158
-89588
83300
-21139
3435
-46359
-80104
-28382
-27076
38436
-8317
61818
-67502
-23820
-97646
20693
-69506
82548
97283
17613
39890
96020
51881
-58185
631
-49616
92188
-8567
-34642
-14403
10433
-18219
27233
-55904
-57486
-33164
-56603
92633
-77047
-74626
-78385
-93412
-42290
98293
13744
56192
29370
85697
-87506
-92336
-99736
-36202
12352
-66944
28247
4978
66885
-52295
-97378
-15998
12162
8469
50541
32420
34230
52647
-73285
46535
-42916
-74575
-60718
70319
-53763
29561
-2253
22229
-21585
59765
-58394
-65365
-24083
80483
90723
-57475
45012
49973
10518
24563
26232
11178
34707
-64909
95265
81272
-23146
-24413
-48667
-79259
26101
-67124
-1309
-58827
-8412
68954
-42343
91454
-6171
52224
-61789
88471
-24438
84856
-751
96047
65128
71272
-63389
31162
5850
93664
8932
52421
-82577
-83712
-10528
63915
-31887
18871
-24702
97120
-89645
27942
-68017
25322
-78794
-68254
-88519
-77136
1432
24281
-49567
20587
58457
-15604
91628
2681
-63125
96058
90368
-15472
10006
60573
-39332
45711
10726
-38835
-94446
48496
-39182
-957
-87391
32282
-25079
-92743
81459
-4077
7930
2284
-76113
24915
9344
-77565
-77380
78196
-44344
-55030
11604
-9595
-44191
-2857
94720
26557
-80705
80269
-73226
55052
52780
89343
-68661
60173
19212
26476
-75562
-45032
-52469
-86936
-63709
-43467
71461
26908
68817
4011
-79279
-51932
65481
-98954
42379
-56042
30043
-41770
-51779
-67614
-57802
-61500
-52151
-60459
-42108
-73472
-47883
-78088
-42592
-82555
-44812
-50667
-82507
-38050
33293
17817
-51148
7507
65450
87125
-48847
4411
-51904
543
3227
-25995
47189
8277
-20970
49330
-41229
27393
-62281
33641
-6041
-4328
-86501
-34258
-2634
11805
29220
18845
-45602
-60253
-88111
84976
38276
-74513
89785
39280
-61313
-85381
15972
-97527
-17601
92759
-36986
-71434
87067
-81813
-36839
-2213
-68873
56151
41238
-4303
89742
56059
17679
98779
-22686
-34478
-96020
38104
99453
34361
-94144
-79918
-55774
-83954
-4217
-83245
-62059
18100
-68097
-50345
-93244
-69134
54495
67132
-42095
-27141
89528
-73131
41469
-68024
99815
62879
-142
71393
47348
-98101
-83347
47100
62859
-83206
1222
11324
80980
-35129
-36323
87514
73905
47549
61603
47457
92308
-73751
-83006
94291
97658
22987
-83414
10473
-74489
60774
66937
74488
66879
-2441
-9018
35183
58270
-5374
74891
71549
-86506
-5625
43564
72591
57123
70996
-984
-4105
49548
90420
-45029
96808
59768
9285
23405
96286
-44759
32359
82011
-40741
77146
36945
10720
52299
23473
19837
30207
-1271
-92959
54403
-6352
49722
15136
21252
70757
62679
4223
19069
-21833
-41911
20011
-36101
72690
15917
-89858
-63315
-77255
-20617
-84669
-10667
66072
6578
77061
-53671
-88860
18085
-93166
-40586
-78511
92434
12753
96532
72528
71704
75837
-90764
-64478
78264
50941
77957
45182
-140
-80990
13335
82843
60499
87228
-81689
69723
56770
-72423
43672
38036
66260
-72421
94339
-27205
-27798
-60939
55013
-78033
26094
12738
4599
44320
7033
74178
-53221
-26598
24917
-46031
-66318
78386
56092
-80506
8970
-94517
63487
73349
25013
35077
-76829
-44991
-47435
644
82213
69746
-63085
48984
65854
-36882
55758
-38258
-33406
43527
60785
95122
94403
-32510
-30147
-7553
37650
-70417
20934
12485
-38619
47402
69722
-58122
-83756
54188
-38949
-20499
-39298
81358
-93906
34203
-71608
-43428
39180
31727
-34491
13522
2806
-5534
25394
-458
-36859
-65252
-872
8273
-86049
-32762
63060
43979
-92154
55533
41971
-48030
-29174
72783
-80201
-33145
78047
32390
30583
50325
41225
3342
-36702
-13202
-74444
-94347
-73948
-89292
-87072
35038
-43871
13217
-77383
-73487
76446
-60
-78268
48227
3391
35033
-51210
-6499
-47253
-14909
-59297
-54453
-55861
73000
23235
66308
-56526
-6935
-21431
-51887
46231
-8067
-98483
-72292
-74819
-44503
58704
-6473
14835
-83362
14351
-47163
-50249
7919
31793
-69879
-24970
74605
59609
87817
13679
4512
8988
48478
75765
68004
-36148
63707
-66093
-45089
-3277
-80488
-24631
51099
-33188
-92774
70069
-69116
52554
79840
-57139
-42689
59660
-92468
65737
42788
37544
-68179
27038
13210
73460
46053
71204
-30258
11077
8635
-10343
64272
-5122
93824
11454
-7926
65866
-17002
20319
-24483
-81436
-75615
18096
22169
-58157
55566
83475
-39143
-37708
-47173
95287
35257
98287
35394
-7654
-34762
-28084
18277
-53522
-40096
-56162
54871
-74150
-56706
71965
30885
-361
-63234
-33902
19264
11067
4439
11243
-25
-13805
-39235
-41234
-27083
-80728
-52160
40778
57796
-23324
-86014
51209
54845
46158
74643
-19678
15614
59506
39019
-73108
28198
-74980
-50877
-86740
35328
642
81360
-84017
56521
37761
87069
6515
21791
6976
49859
-2337
-90103
-9551
48456
-83052
-33059
91958
26194
57339
-36078
51744
24966
87485
-78237
50834
4866
-66703
-64613
83140
17907
-75472
-60157
67875
-54573
-81467
83686
5014
92290
-52735
87742
89820
-15168
30763
-72835
-27759
89605
47700
31929
-1776
93821
68551
-64524
-41295
-41244
62303
61319
1139
36217
-8780
-15509
83381
-36702
9517
34916
35167
-1700
-80711
-19381
66206
-61028
-13095
-94410
79692
86343
18645
35590
96749
-91253
82127
91724
77589
-36584
75700
56216
-76760
94143
-3378
-24480
15674
60133
-45002
32778
30741
-67485
7399
57303
984
13566
-52754
60075
94076
68542
-71618
-41539
86322
-39123
-59103
72919
17576
92973
80136
-35062
-57941
7926
28739
-75918
999
-81876
-91444
38433
17289
-51559
81789
-87189
29317
71116
26146
43406
-74125
-71859
82345
61307
-1388
-92677
-83402
-69243
-86989
10437
88787
-96283
4391
-20543
-32891
8808
55221
-12372
72569
15350
-60078
73215
75805
-50241
93638
16042
75724
72835
-54037
36399
90401
-61570
-86123
16926
-55827
71727
48524
20201
-43133
12420
-78796
-99485
-70928
30308
92878
95578
-95224
21208
94359
32141
-79717
87191
98510
-91765
43911
-84756
67411
35819
72231
-21050
235
72354
19881
19484
-76512
55684
-47490
-48837
54469
-47846
-27670
-85459
43735
26268
-53829
43336
33791
-23221
-18218
78480
-5195
12397
-76116
-50039
-1346
-95770
48140
71006
-62890
86192
-26477
-84761
-91992
35127
83902
-9189
64505
-33196
10976
-17710
25061
81251
-14481
-18444
-64254
38851
69944
-316
15649
-41303
67635
98051
-14349
84641
-81103
-8702
