3600
-97485
26774
-24403
61350
9706
72863
95601
-15008
512
60520
45480
-59158
41061
49697
-32304
-60119
91335
67719
-59975
99866
52919
22626
-7892
-10789
91687
-80297
71049
22482
-62444
-34902
71983
-95682
-73151
-39467
-84397
-66920
-79911
-31043
-74252
-72667
9974
-10793
34469
-93093
24511
-15145
1801
28013
56363
25232
-31267
-47051
61989
17261
-53137
-36482
3464
46410
21293
60651
-13175
-37968
-10408
-11898
-39052
-8725
92888
-33815
-38833
89930
-62168
14019
-78757
11123
83057
-11449
-99784
1184
89141
-51785
-9624
58234
12322
-50359
-63764
-49328
-51641
19891
-59318
44724
45794
-19048
73264
59314
54295
-45489
50802
-90066
-36034
44812
94064
-36647
-68653
18605
79507
-29233
35345
-77405
54518
59089
14808
-31557
-60447
-89830
76042
-60280
45424
-24928
-76810
58735
35026
-20952
-8276
19599
-60691
37894
97776
-78774
-80673
16112
-97911
-8011
59872
42558
55545
-10856
-3453
35329
-69818
44770
36571
58045
31671
67884
20858
15812
56283
-2328
-66411
31536
-1278
75942
-81021
-12036
-18737
-38910
-78812
-27521
84901
-46802
8158
47623
-55105
-84072
-30461
70094
49244
-77641
-67121
-35620
-7017
18295
41293
47672
37844
-92609
98840
-50228
19991
65115
-96257
9300
-14737
-49845
47810
-74942
-65329
40551
98809
14514
-66948
-56083
-76972
74309
-60830
23977
-15747
-4324
15298
26816
35290
29939
9158
-94504
96238
-11177
7926
-1113
-15905
-93563
-51646
-21033
-21550
36129
-19841
24531
-28238
88336
-6929
-38095
75216
-40398
-5511
-51652
-73563
-40385
-15689
60508
75314
30717
93550
65956
-93816
38171
-999
-24775
-32796
-91602
-9122
-20902
4658
-79547
-15326
63631
29042
-13142
-7752
-95310
-78344
56760
-64396
71828
-76339
-33004
-13026
-39730
15667
-17335
-25214
-89434
-60090
-26300
-80603
-29990
95614
85097
8786
-81268
18705
-10289
12625
-66807
95286
53215
-31495
72439
-72125
-26044
-28131
-36261
-91784
29839
59810
-5179
33428
81771
-81743
-58727
15397
-841
23047
-37958
-87266
-44219
-22935
-3052
90528
28399
-11147
-82298
25883
56593
57876
-75349
-56690
3558
-93300
-70396
-10646
56258
-44430
16323
-94124
-27543
-74435
-23114
-29558
72587
48117
-54898
73885
79133
83337
-68276
-82852
-73579
-75968
78663
95889
-70270
16840
55324
-58715
-57915
95019
-10510
37918
47984
-22113
-94936
33993
-23111
5692
-49314
-53453
-49830
-19512
-58723
-28783
-73143
-43154
-73628
20927
61519
-78642
68112
12197
-95480
-55251
32551
-72522
60278
-71987
-38719
-19630
-65471
9176
71315
55884
-42097
-24266
51481
-29819
6780
97342
60575
-32969
-17674
-24056
-16339
-97458
57720
51297
-71731
-85072
-57823
-82472
69050
-2594
71472
-26379
-74393
-19790
-53985
39817
-216
-39992
-40807
-17887
20737
38137
-69928
-30700
-52918
-95357
82783
61884
-79301
-51836
-12463
72065
-67814
-14683
-13331
-4399
-96322
788
-6809
85292
-60354
60585
-50141
-52709
-81604
-73622
-42032
-128
11655
57578
51743
-88887
-49935
-68276
-7841
-81474
96879
17765
65847
-49222
9190
91263
14271
-37705
-89512
53306
-29317
95810
17194
-59442
-88140
2893
66897
18027
2037
-22877
-69287
-45183
91231
-71818
28370
-42340
-47191
-41644
-92905
10023
-43912
4920
57980
-32367
-4329
52157
-57197
-95476
-87149
3310
-67109
-74894
21366
-74440
78662
-28734
-58786
80321
52838
-16759
67193
16401
-96525
-78244
-41825
82798
-59845
-35391
-5621
-42489
-66906
-94482
28279
4806
55973
91625
-50924
11400
-57225
90254
-74717
937
-42728
-23569
54131
87416
57606
-64490
-85449
-13110
-39375
89701
-98045
84202
64062
-4577
-80541
-45714
-9224
73791
-78248
-34716
39892
-28218
87792
-26004
23519
-77742
-72447
-42721
44230
62186
18369
-35027
-37439
94806
76549
19013
-85283
6507
-26604
-467
-77082
-19483
-91480
-70735
6125
12332
-21696
14456
-10117
41401
25573
88434
25874
-58350
-66057
25965
68380
-33999
-51470
77383
89075
78083
65475
-10818
-94068
-67316
-42303
98403
-71295
2279
-23222
42541
-22343
-33429
-84613
3370
38261
58154
-71093
-36912
82874
-23533
93060
88434
-94569
-1737
20063
39694
-7406
-54615
-34180
86531
-57677
-81218
8059
-52640
53676
-57037
-61446
26903
74787
-89362
16619
848
-17506
-99363
14800
9306
81738
94843
20950
43388
42088
-64783
-14324
28906
13781
-75943
-57730
-91821
8372
-77667
-57166
-73769
95674
-64642
80318
-99882
-44715
98481
86916
-34140
80314
-80349
-8244
73816
25802
-43554
-81796
70915
-46560
12355
9078
40958
-66247
70327
68686
-1187
92544
-86437
94247
87680
-76618
1139
-92183
73479
43579
-77400
-4640
1381
-19461
73768
-4748
45262
33912
-6485
69825
-15670
-36497
-14639
-17134
-34836
-20374
28519
67519
16923
33314
-53943
-49184
-34161
-36722
-84895
95277
-18024
20876
94413
-23692
-35752
42795
-21153
16501
46417
26835
96318
-9635
62745
20817
-64343
-57634
46634
-96573
28
94887
-41962
-52260
-90293
60741
40919
3925
-71605
75798
-83771
-79887
18064
16997
-1568
78378
21521
53735
-57331
33725
43080
51729
39710
76943
-56235
33172
-45558
28091
15490
-32202
-77828
99129
50081
52302
-32122
3500
92498
24540
-7178
-7480
57441
-41405
63169
8477
-96372
52579
-11876
12037
-31902
43607
26794
57830
134
84232
84240
76069
-73069
50412
-45660
-73048
-1254
-8737
-31229
-23227
39302
4572
67137
2380
91553
21400
95164
-275
9263
4347
7049
-97208
39224
31803
4944
77776
59811
48407
-69132
36826
63166
-72018
-91158
41096
-50405
54585
-88981
74060
39572
-82261
-24060
65819
-28690
-36764
-70197
-8079
26715
-8180
85356
3834
-41767
-42478
-53983
26852
5625
11265
-45568
79871
68282
94332
-12178
84429
-57516
35734
18865
-8980
-42096
12176
41956
-75491
78100
12976
-55549
-49808
20349
-85766
13478
97486
-32859
92494
63883
93218
12484
82846
-59700
-65179
-83214
63305
88623
38214
-56182
-67623
62876
-5646
-42966
-69802
-2519
-57723
-68072
-16251
77905
-38131
34367
23104
-64316
-91210
26839
19635
7256
4248
96546
34224
84189
-32742
-17454
9136
-42355
-46847
-45880
-27225
78050
-20647
33143
10434
83714
-41026
15911
3968
66774
-23801
81302
-2134
-20552
7248
20280
58545
-85685
-63773
54495
-77086
-87644
93571
95479
-78840
-28635
13012
72168
-25890
-56405
-534
11742
-85713
-37539
-82964
54757
-23540
12709
-15644
91565
-86295
-84165
18535
70445
76757
25373
-85413
-99228
-56235
-88293
-74134
55867
88924
-11442
26562
42823
24360
60521
84998
-28502
44667
-98201
29652
74393
37300
-23196
76659
61176
83467
-51704
-31335
32225
55654
86750
11223
44099
79450
-24894
-75166
-25113
-3263
-50055
-68801
46606
-79628
2587
80138
-61897
38437
33131
-59422
-80388
-90788
17415
94645
51612
17228
8762
-25373
24212
-59951
39471
58705
29542
-80951
13121
43405
49723
67724
-47955
-26343
67684
-38327
-33559
36694
-8068
-62082
-28786
32142
4650
7123
-57744
-50466
-45053
-74668
41486
76350
-692
63433
62373
7023
-58276
-98892
-37857
69824
10976
88167
-67159
92924
-19655
-48833
-50014
-40077
62208
-46783
70254
-71004
-52887
20431
42795
-19260
-99003
-68090
-68036
41005
51425
41400
-99840
98662
95692
24065
4135
-88565
-65290
65736
23067
-30503
87412
-59500
-66727
28952
59553
-61304
-4957
-83227
42270
-82564
-19250
-60773
-35143
43450
40822
-87138
-72405
82322
-87086
-79165
89660
-59174
-16862
17631
-13631
-81146
-66555
54443
94789
68128
94823
89681
-60026
-24668
27287
-47851
-83882
7546
14326
92515
-59293
-41008
45131
54833
-45168
94163
-6924
-40240
43649
7499
84983
50197
52214
56465
-77641
-27746
54863
-67731
-84606
6723
-55954
-73392
58247
-66341
98553
-63446
88741
-47448
-64642
-43287
-90850
-65888
-1550
-432
9386
53465
-24494
51887
57384
-85808
61035
-38011
95919
-94699
-84428
-21266
17219
61591
-76071
-49014
-25628
-34168
59731
-34451
46976
-66324
-76942
-63044
55304
-96893
-54596
45162
84063
16977
63663
591
33519
-62777
45411
-73182
18518
20239
-86260
22163
97982
-67015
86299
82952
99083
-66563
-48509
81841
82733
-71764
-55975
64586
-18795
-51656
-87148
23917
74371
-30948
85876
-65391
-99458
22633
-65600
55587
74654
-27409
88615
-68417
10627
-91580
-8184
78475
26152
-92492
-33395
-2448
60561
-49723
-42638
-89674
-58910
-58267
-90396
97083
67082
-19982
82436
-20720
-36516
36582
91338
13296
-17282
99166
90375
-58850
81722
99909
65027
78362
47282
-47519
-85628
-96129
-11216
44858
45872
11644
56796
-16862
-88118
-74899
-42554
12774
-7976
12245
-43613
64655
50853
62522
-98731
93845
40802
-22818
33315
-14111
-29848
-58667
78152
-36995
-66983
25160
-55641
-28517
-32924
65348
28892
-96193
-27482
54271
87853
80841
69806
97514
32415
90403
-34663
-9876
-80987
-36605
-86308
20800
29107
94749
23905
90220
83378
-64727
51912
79708
-63988
-7988
-50290
-36004
-18650
88166
-86709
-41169
-49298
-53641
35477
-85106
85833
54574
706
30912
-56721
3216
-37493
72978
-55085
-20543
61517
-41356
68858
91443
36649
51120
70445
-29848
97866
6599
70858
-93659
36294
74602
6452
30709
-13922
90962
-68694
15766
26016
35580
-49611
32197
82860
-55163
-14917
76705
68243
18589
22385
42174
97243
-41813
-83282
53385
30303
-89731
-65830
-83821
2259
46826
64517
-78212
62757
5575
-36268
-74627
86528
98690
-16874
41233
-90838
-59362
74485
66241
-59187
-87349
-40377
-30965
-14189
33697
14980
-50962
-81814
-59207
38674
16725
-61081
22056
-28803
56989
-47929
84377
23042
-73147
-67760
902
-84982
-16527
13910
-67885
-67724
60187
-91815
-56377
14795
-73897
81036
86887
-94889
52608
-29392
92913
-19825
74884
-37537
-33358
5612
7690
-41883
-68988
9368
-20933
-41399
-43352
29893
-87756
3049
39484
-68965
-40890
-32445
58777
47753
-16408
-1328
22603
-13059
-56070
-12406
-58450
57390
-33098
8783
54113
-29674
-26315
-30882
88298
15550
78044
-11971
64422
8497
-26079
69053
-96149
-65710
6077
22869
20028
-2614
-62288
15148
82152
-9703
64364
66611
-96385
-76402
-20705
85102
69426
-48175
-86688
-53742
42950
-73698
-3467
22730
-74124
71884
-70977
76564
-30559
-72373
-53693
79816
-39307
34797
-74219
-46535
-92006
-79397
95331
32756
-18413
41000
-44005
-91227
-83850
-93502
33786
-9383
98248
-43260
-60494
59038
-46029
67881
85879
-59321
65382
97820
-47001
77772
-6839
-93717
-22124
49870
86876
14425
-29713
-41481
29803
99986
54162
76672
64560
-48519
-9367
64396
89541
26718
90046
-97998
59972
12939
85921
-40552
-66563
78717
-64976
65018
-39597
41392
-42040
59594
9075
-40621
51592
-69646
-43790
-29029
-54721
-70859
8962
66804
74226
26995
9553
-42543
-65205
-96373
-47809
69796
47904
9819
78905
-60630
-67553
-70814
-72201
-95586
25748
62407
-92082
-17907
-72041
-73293
48114
84233
-41387
-89383
51852
33463
79673
41685
85940
-63548
-38602
15858
68428
-37068
77107
-16250
-42760
98331
-67884
41912
14845
79460
11042
17250
-80459
28814
63894
-89583
7340
-37321
-97145
-90903
-20133
70545
-12051
-50394
34623
88305
24209
-48643
-87340
-954
-90285
-76384
-87757
55078
-71721
-39711
-21627
37380
19214
-81042
-44125
77118
51228
33850
-26036
-73069
56619
-20675
15682
-28366
-44340
-83311
98369
-48595
-70587
-96387
-29731
-39284
-9669
-65521
79799
-46210
-74563
-38430
69275
-42965
-63254
-34112
46521
44773
-84159
73504
-82882
95292
40579
-39856
56975
-98256
9607
-38098
33122
-65535
9306
94288
56185
-10013
-24304
75844
-53829
-46962
7660
37617
-30352
-20111
-29081
89948
-29992
-90490
-67104
-37689
40361
-32127
7137
79987
40100
15138
-96374
68423
49363
10218
-86883
-97527
99169
22954
67365
-12152
-13291
-23562
39619
93148
77805
-92487
85270
18758
-43757
22306
-11642
-12175
-77314
24892
39918
-76262
86888
14172
56612
17419
-34649
8563
-40730
-7294
-2517
5891
-70238
-60623
73939
71343
-50399
-34209
43948
-23189
-98670
22828
-26170
58642
-57489
66417
-14219
77590
-87474
58310
92065
-78895
-21370
-3043
46602
-69637
-74884
55627
18205
76917
98505
91559
-90517
58113
74889
12107
-39156
-20331
74179
84344
43087
-26044
-76496
-16106
56348
24476
-21782
78104
-34071
61839
61490
69310
-89387
42441
71646
-92684
76068
9696
-38563
94296
-28392
61162
75240
81433
89832
84072
62216
85626
-20192
89439
32126
-61258
38676
-21305
-72686
45566
-9278
-8739
56635
94686
4611
-37613
65383
-35843
-41682
-5273
77993
-76669
-8566
-61359
6333
7317
-10579
54678
-2696
-41541
-64267
24762
9360
33699
-48926
-71790
37381
93055
69007
14712
54636
-26935
35979
51479
-13546
50726
24984
55269
75041
-26776
9535
51121
6939
-27282
43918
-40750
-77106
74534
-57040
-83521
83372
92659
86311
86589
94168
94122
-21400
-37005
-30898
-53195
-96493
-40743
56433
-73958
6669
655
-56400
-39402
26108
39114
-7661
77155
-18850
-95063
13224
76825
-71034
19878
5764
33265
-55499
56231
-30856
-22108
19217
-76876
-49198
-67982
-6908
-12028
-23027
63870
76468
72048
69270
-79338
2458
40393
9147
-63087
-90879
67525
-5134
40273
29533
-6892
24324
-8792
72774
-78512
-68843
-64553
-47856
72531
-36912
1394
7
33444
-30541
89503
-70772
19145
-41356
18045
-14585
63616
-241
-21087
69319
-27128
-83603
12027
94398
-230
-48526
-69801
-80110
66677
27107
62720
-29279
-9321
73138
75519
60820
-60921
-64920
21889
-55650
53455
-31442
-87402
-4782
-23864
-65224
-11691
-18529
-28019
-53809
74270
-91671
-18543
-7047
-40840
-44860
99021
30278
-14376
6031
66514
-58758
92739
-80469
-88196
40594
87434
-4521
-50233
-81867
50933
18538
-56325
-98631
46267
-23445
52675
-5682
19820
-97648
-61476
31883
-2703
-14766
92073
17619
83884
-23447
-18397
30243
-91335
35369
-23123
50108
2454
-82311
85829
31399
-51105
6763
95319
-34966
73649
-50947
88235
-61115
57649
-33301
-9409
57513
-1883
-82513
32432
-11722
-66049
87639
-34031
-66065
95099
-35840
97438
-7363
36190
80692
2443
18460
-66787
-73122
17461
-58138
-96224
-78298
-4934
-34758
89051
23277
6692
-31095
-5284
-53594
-88320
23613
60132
99407
21517
51654
-50644
-37172
-59440
-1342
-82551
43102
28805
-35001
-78743
-70140
-58577
67600
-47299
-210
57936
-8509
73521
11354
45813
47515
28118
-33458
9769
-12297
36641
-42704
-34358
85374
49229
-96507
-77576
-23123
49691
25220
70825
-31362
63098
59414
36633
12278
-75647
85933
45663
-62708
-87464
-78210
-34597
37617
55927
64412
93132
-35200
69446
92083
-30210
-26684
-51228
-90403
88736
97440
-25660
-87644
-80781
95583
-17743
-59307
-83105
-11943
46834
19453
25120
-66690
14728
-91133
44125
56130
-73836
-66590
-52007
-45595
78293
59521
-14846
61086
-83697
76400
-15897
-79389
98504
31297
62151
-74024
29485
33857
-26044
-21167
-37295
47826
-2377
-82170
11477
98598
19293
71634
-65630
346
6190
-3225
-99949
-66004
95566
87251
-80272
-3621
-34851
20519
9622
-6950
51305
41609
86450
-48528
-86205
37720
-98964
32943
-59793
-26889
-55776
-60338
-5899
-38407
-7161
8229
13716
82599
-97100
-69819
48214
74224
85179
-99214
43199
-64914
-8404
89087
-35169
67665
80381
-60860
-57657
-76182
-25019
28797
66968
84758
-48283
19010
84918
-73659
-55295
16991
15388
35750
-84884
91727
-18678
45745
19682
24090
14489
79888
96302
-80056
37806
-73685
-49364
-96192
-30835
-68210
5225
-18110
-97339
57593
1254
-89538
87177
96005
26940
12367
80543
-78162
-69671
-99753
-18511
36097
58536
84407
-44734
64291
-11377
-59797
70650
56827
-12014
-65087
72994
-10051
-46124
58676
30955
-72300
5246
87209
-87256
19627
-50760
85317
73948
31705
-47659
-64599
5486
-1497
95499
12939
-44039
-53378
39199
86130
-30976
79090
-41569
-23858
49470
94437
63817
23089
-74852
-30567
31754
-1170
7868
69782
60576
33741
30642
-90892
-73632
89447
65235
-55354
-11756
68388
-36123
-66333
-20932
-41713
6454
-34990
-36939
92179
-61304
53329
-30792
81173
-87127
15234
7801
-10195
25057
31667
33839
-62526
65605
-31992
53683
54208
60201
58247
-51774
83961
6963
-95616
-90083
-41067
-35382
8407
93264
-48969
-32276
-82512
8463
9775
-14689
-32075
12603
13397
-66369
-35257
-124
72392
-52874
86015
92777
68291
38090
-93793
77532
84248
-98735
-40998
44225
-12915
-50369
77244
8276
-18416
19744
-29897
25385
-92137
67169
90380
80911
-3624
-35256
-92206
-50738
-96094
91396
-59354
37264
-34665
-33185
-1488
13660
64006
-82673
87821
-11203
-28759
25580
-33954
54977
-3272
60989
-30676
-14435
-30680
51115
28407
15726
-57917
-81769
-30758
81946
-27
-74937
9756
-25579
16912
53819
28821
-76416
68077
-62434
-2182
-36629
28064
69464
-37944
-4869
-29498
-48960
34186
66983
49102
65775
43526
87836
-6671
16432
-53430
91905
-13937
74451
-38002
82965
39399
-50527
13894
38899
14963
59433
-39609
-52553
-95138
68665
94611
48891
95971
-1240
52099
83707
5251
-42032
-88112
40919
-66782
-33062
48637
-34890
-3585
-54542
68069
-51386
83343
-44839
-6820
29474
35700
-69544
-54267
18253
-63521
65490
73776
-58597
87359
-46605
27309
-98769
13668
-16955
-70862
36639
28405
-79903
38436
-10188
76042
44866
-44859
-64371
43879
-55371
20347
-85406
59478
-21012
16761
33958
67168
13170
-30836
22854
31207
-2438
34244
19663
-5405
-65392
17469
-4500
92599
93553
23049
36748
31791
79478
46267
38242
-96359
39978
-62317
43206
-70083
93629
23041
-51335
-6662
36306
-14376
-51770
-24578
17203
35600
37891
-95775
-81180
56568
-56649
13919
69653
-79306
-59882
76400
-30096
-72068
41959
59078
-31213
-33079
13190
32738
-74088
-3047
85958
-20524
-38705
-97749
-91474
85389
20429
37741
-57372
-88478
62173
-96123
2408
-96609
9877
52478
62647
1158
83652
5453
-57585
-11933
-71480
27968
-78894
-86707
-75268
-23230
14020
9339
-97458
-22707
56367
74816
-51922
-86932
44838
28324
46818
22636
-2586
-50527
55350
40031
-10664
-82761
-58735
-35124
-26125
83564
-48924
39990
72318
-16924
26171
69063
-12685
2648
36278
93529
85183
95990
12305
-74399
50854
-53291
-35810
35449
37252
-10861
47381
59017
-49938
90702
-82302
-61231
71735
-38405
38236
-42347
654
-85338
54966
-90972
-83131
19462
6030
65287
-56276
80956
14787
49027
31580
-99544
-74588
27723
-9328
-29784
-51228
-60026
41261
-41041
71017
3768
-10654
-13123
86403
55631
-44566
-37824
-12742
-36659
-93650
39175
-94720
7756
-94200
68447
-99259
-63373
77731
28236
-50070
10868
85694
-92250
50253
-62914
63247
-40307
26627
-34682
36740
99850
24675
50222
-94684
-66429
-44161
-2673
-65643
46042
-65170
49896
-16586
77156
-34299
-38174
-26772
-94463
34340
81535
2171
-45155
-96148
47647
19274
-62782
8910
-35537
58505
-15273
73279
31022
-56082
-38727
-13945
-31395
84186
-32204
96889
20867
44955
39709
95293
61658
21194
-98160
-22071
59225
57685
27714
-53394
-6625
8535
-50430
-92529
-7879
41379
-35375
-23764
-41904
40096
36250
-67940
-56270
73742
71503
44249
28603
-71705
54626
-3531
-60064
-93152
28957
1899
-425
-65714
83871
-60271
26406
72870
16500
-32791
-31737
18077
-99697
45974
33461
-44562
-25050
-85141
63191
97146
62635
25055
56965
7305
35170
24605
47739
-62674
24867
26360
60185
-951
-5522
-85956
20884
87591
49382
-66721
-36547
-83260
-5588
61335
53036
-18576
-92263
-20859
89225
51726
-89001
88206
-60938
30905
-27683
-34869
73436
64386
24005
-7530
-96367
-21867
20043
48581
34339
-43014
87204
-95757
47236
-34441
-30152
7289
9041
-66926
61886
-89348
99073
-62285
-10125
-16416
4519
-71960
-81865
-10405
-13533
-96317
-8060
59940
-31829
66462
-95477
-56950
88433
-13121
37485
-864
-68238
50390
34195
-84266
-22181
18019
31210
-43421
80791
-54028
-92546
-36130
-89031
42380
-89614
80748
-47101
13088
37658
-50668
-14575
-26373
-12747
-44625
-62171
56129
-8374
84603
61712
-93040
-17251
-73458
46073
34818
31374
1703
-27443
-80625
20303
-40800
-21885
-85872
-81472
20735
82826
87134
-98455
-62228
-41198
14297
10771
5054
92276
-24572
26947
65326
-63745
92750
-91692
-74003
-19872
-57109
91312
-74927
29805
2273
-65877
65962
60430
-42785
-62276
-74509
-39544
5191
-69160
-25051
60200
-11379
-92756
-15067
7240
2935
33079
68317
94401
-64060
72771
93735
-80147
4521
71294
-93338
-61865
-48138
-62535
20911
36290
-31016
-79748
3493
-14830
-89609
-68221
-95325
-61029
93695
27546
-15151
42501
67389
-61168
73242
-55783
78367
34139
89012
13482
-13346
14472
-38818
-18910
85943
79005
63592
-94424
-34284
63437
22188
6827
-35830
-69290
44314
88654
-70532
22395
-62031
74416
42588
-4775
-62390
-88938
48337
-30743
-14898
76984
-54283
74833
46856
-22875
-56203
-19930
85397
6291
-84772
96515
-90056
9031
83305
64895
-12662
-89635
-78628
66317
42511
-29963
4752
-2955
67363
-40454
77506
62251
10387
-71536
-83089
70857
30408
99609
-72612
55342
-41059
-8155
-63761
-9038
55634
-11148
-13701
73669
30554
91816
97049
-74397
-8049
-49524
89009
49654
-27642
-53893
-14248
63944
92796
87598
-73581
43106
-27857
-99994
-70534
-24890
48521
20274
-79304
71750
81655
35357
-17233
26944
-77415
66744
-73864
-72522
9170
54208
-62968
-20466
77438
-27989
-40146
6499
-30397
87380
39161
-57339
-82304
-62016
84726
-49388
33379
-79092
-18730
10612
-53353
28341
-47122
-84051
26778
-51644
68121
-65822
85932
-68204
-40584
-24084
54371
-98751
31066
52947
-32612
49519
-33098
-73112
27020
73652
90965
46594
-91660
-15453
63949
28563
-79821
-14346
-75097
-53338
73013
14103
-12126
-4745
39241
-38069
-31599
-5970
-20783
65147
60383
-67782
4370
25505
-30285
15687
-81428
31947
-79826
-99557
-12061
-25649
8977
-13486
-89253
19148
-1412
19572
63458
84952
-15343
-3152
-51544
79243
-91529
56952
7306
-40921
58875
-65160
-65909
-8349
-66224
-45644
-12893
-90029
69047
-65539
-35214
61557
-95750
-5169
-24179
-68006
82066
-19574
12217
81454
-28824
20619
59702
30246
84856
-39065
79986
-20154
-13294
-16509
-67489
-9907
71163
-60845
27422
-54019
82992
-46867
-13734
-32182
85514
-52087
-13454
20191
87805
-73256
89102
86791
94522
2749
11347
53119
-57355
-58900
-32975
-1451
-9471
-69474
81817
14844
27734
-36306
-67956
-49040
-36363
57427
75087
-60544
41890
-77254
-68229
-95811
-84016
92736
20784
51645
91995
92361
-67926
4364
-4753
7104
-32724
43696
19142
-87893
-10920
88472
31182
78313
63904
43232
-96152
-54709
-80873
-80573
79565
2701
55777
89502
10187
-37328
-85559
94685
64365
-79243
61809
-79804
-31047
88439
11044
28252
-74413
70182
71880
55416
-24897
18332
23215
-17885
-50492
-68771
77004
-67736
-88980
67248
48514
68540
-3545
-80940
67032
-82868
34255
-77983
-27703
53215
60678
34365
-79496
71016
26555
29367
-84415
84587
-1396
27459
19435
-25719
61829
13906
18489
14378
38855
43534
76192
50757
97348
38831
-61870
-9329
-16729
-3523
-56007
5182
9744
37090
84671
-97928
-69635
-56277
91146
-95267
45060
2011
-16699
80749
-68676
-71892
99225
-10920
-11332
-75613
63356
-15391
-16389
-49970
-44640
40558
-33129
-68835
59595
-4754
-51151
-24229
-40570
-40857
29621
-77753
90799
-3237
-53129
60563
-39894
37526
-12807
69368
66036
-80297
-36983
83636
83735
-45032
22407
54689
46714
-42564
-26107
-58765
-48880
-61227
-12025
-15282
-66191
2511
-38295
-49086
22981
12412
-96928
4900
-52964
18492
89176
-37174
87579
-71800
20221
26466
77714
42907
95638
-82512
-7383
-33281
63051
28450
85111
-77712
-91321
-66863
19573
72494
-24712
-39914
48263
-21724
13875
94151
-9414
-84112
-63819
81101
57612
90575
-21179
-4125
-34204
-29338
-52171
54125
61858
90799
34758
-89742
-16943
-39810
-67861
18872
90617
-5073
-65114
-77573
-3055
24431
43471
-62583
81298
-20829
7092
-70595
58663
-58824
-80039
13398
-19519
-23032
38240
-69901
-33402
-10138
-31548
-71251
-57367
-79226
85375
-72367
50517
-25588
41228
-72648
-15293
22959
-37689
-74363
-15957
36426
-63632
-20741
91478
8063
62862
77561
86738
66248
60016
-46958
-11521
72027
-67634
-30451
81863
-84295
-87409
93494
75435
-2540
-84508
-7009
74104
23643
72913
-46409
89304
-62877
-52788
99972
96324
83891
-6530
89216
-29481
94444
-10522
66382
-97090
56467
62621
49751
-45364
6973
-88588
-66683
53290
82454
53753
20060
81004
-45043
27417
-37136
-98754
-68064
-27169
-86521
-54403
55615
-66470
46155
74274
-44576
91741
-82325
-40551
35934
-90592
-53104
-80464
99150
-99196
-77704
60074
29345
87860
38896
-3084
18671
-30553
-51790
-33489
80422
93058
10584
97132
43086
-42023
-18820
26358
-33096
-86314
49583
-9784
-98557
-77134
65234
-91809
48394
-11103
-76524
51882
31597
-15989
-99704
44319
-84486
-18060
25570
45927
-2759
-78916
97678
-40903
-12143
-3070
63724
17092
-74214
