3700
-91716
88851
-94703
-75924
-20464
5760
97032
-63509
80047
72330
38065
-42859
26696
64079
-93378
96456
67451
-66209
-86911
27646
-4672
50487
-76129
77587
74215
-6759
-38940
51316
40825
16388
-15695
66662
-90690
15317
98064
96816
84504
67642
76584
-38169
18957
911
73611
99924
-82078
471
-89363
4611
-12126
88856
58992
-77525
-13634
83027
-51302
87221
-33010
-77090
-80344
-86613
82614
-39136
-50628
-33154
-16156
-83735
20849
-77389
-27531
-9109
42703
-62996
-2569
-75559
64026
-6961
-1527
-76005
41989
-62315
-94753
86763
-52220
-53967
-29278
-1457
-22017
92826
-50444
-75789
29410
-91401
-59951
-17694
37841
78502
-37103
-19551
36921
-28566
56457
-18072
83138
-62609
-2670
-68290
88928
-36166
19425
-15184
-64311
3505
-78763
-46931
32961
67332
56144
-4415
-64687
51383
57340
15916
11030
-52082
-16977
-37665
14581
62804
-29079
-46766
-93716
45511
47610
-28604
-72764
-20893
35201
50512
-53662
-97463
-34737
-90263
46973
-43188
-87319
-65934
21674
-77159
91436
-74052
-73196
-88704
41099
-90531
-57849
69219
1908
-90199
-84245
-2950
18642
-63792
57101
-52288
-11605
89236
-17447
35965
45288
94245
-12892
96305
82485
-678
-15642
54042
91775
91278
-19003
94946
37530
-5675
8716
-39831
-45179
-42662
-22918
44586
-62651
52887
65207
41676
-37715
66415
-19422
-18041
-17473
68075
54469
-2767
11565
85519
75562
88933
44152
8600
-53305
58894
-83846
75413
-12332
-86507
44543
89887
90749
-99355
67341
25399
-70925
55255
96772
-45126
47518
-5633
69152
-1213
-79955
33170
36380
29341
-98675
89778
-7503
-74333
-73033
28184
-44291
-41161
49444
-77731
-72834
-68965
77532
-96027
-45379
40687
-68692
14377
-80633
-44921
6006
-93153
86870
-19032
-93406
-43257
-35953
-44384
-141
11924
44261
48639
-43788
-42634
-70565
73973
-75951
42560
64038
18442
-67071
96635
7216
-53900
54753
93382
-5575
-85544
3037
82984
-15912
51424
70215
24820
32800
-11211
-33655
73687
98398
-57255
-16905
60418
-63874
71140
88062
37038
-88755
-43559
44922
3792
-26792
63973
96291
59355
-52940
34099
-82906
-41043
-41193
-55890
17618
48087
40484
59028
-60823
-71412
95108
-81036
80663
-65691
18479
-48956
50815
94222
-12597
71649
-59920
10897
91755
49699
-82762
-66755
-18312
12188
15309
52210
-51475
77422
24625
-96244
-99524
-34938
721
79274
-82482
80249
10337
-16038
91624
27641
-47345
60002
21737
8243
-55283
-65747
87471
-17079
-70515
20369
-52902
47271
-99893
-67591
24360
79364
14851
-53772
55424
17783
-64572
-6631
63690
-20877
95389
-18860
-30725
-51423
-44301
99666
-66578
-13607
-51404
-76667
95854
30524
-35930
-39916
57680
-65936
6361
21283
-32387
50041
-71301
-79174
-96690
62577
45322
57300
18000
28004
-796
-67962
87462
44682
17466
73674
33550
-37471
-70109
-28632
-1540
52967
-98739
-11392
96866
-71759
9678
-13834
58833
-91861
-79016
-94790
24249
-81043
-82549
-3790
25292
82869
-37211
-61945
52865
45319
-47531
-63607
-96267
-73826
-15251
11712
-42132
5517
-6731
84240
-62476
-35849
-10277
79496
75434
-8729
82120
-56953
-17194
58893
-95025
8779
-16014
-27946
-23105
89431
-92152
99431
43928
-83263
22009
-13963
89882
-2347
21401
-75453
51000
30569
59896
-90119
1324
30335
65020
15838
73956
70224
-8790
95795
27034
97851
-84605
79403
-59199
-61686
68939
-87094
-10917
-9252
-87771
34712
-6041
-16587
-63783
56322
696
41439
58168
-71346
-68063
-73030
-99433
-91207
58189
35431
-97801
94127
91435
-45235
11845
59879
70
-36602
-82116
66328
96050
-97430
-84568
95835
-21598
34422
43078
-60258
32791
70360
81352
42434
-49485
-91239
-29196
-50477
-51348
-31961
-19092
-85919
18204
33406
36040
31999
-26060
-11341
-18145
-99625
80785
30237
-69211
-408
-70297
-75680
5678
-20834
-38886
74711
-76015
-15155
26987
-3875
-14616
82633
9935
52856
-81229
75556
-67812
19235
-19492
49221
39004
99127
46933
15137
-57276
41525
-58467
89561
-26497
1778
43490
52272
46819
94624
-15039
-70297
70149
-79755
25321
6904
-30873
91193
88157
51243
79440
-77391
-24680
77911
-19851
-83293
3338
40953
77011
-36538
-44223
-21270
91166
-43192
66659
33216
86035
-27525
-77481
32260
-9366
-43107
-95740
80651
9575
5058
67953
67571
48272
14368
-60660
20603
-55175
-21833
90182
-97792
54331
7643
52635
66064
23747
86815
1519
38957
-86906
-96032
-25388
10080
33746
-43733
-63448
-29514
50368
-51892
-4452
93596
86214
-74444
-73585
33426
20649
-10874
-35496
-89969
10639
44094
-34845
94066
-16782
-64962
7474
-41312
13489
47479
-25403
-19138
67649
-76560
87765
1932
-13120
-89098
-25350
-24484
-91670
71713
-13012
-29842
-14620
24830
-55578
83434
87798
96094
24806
37818
31446
-21638
13969
-38079
-61793
26945
-84172
3579
-60959
37568
-53786
-37326
6161
45805
24905
17754
-76895
25104
-6097
-99894
-1045
27663
38233
-61225
-76218
-22508
15258
-78001
-8709
-65443
-87910
-19633
22994
60640
20598
-9982
-70843
42712
54725
89910
26262
-6096
-60938
98524
-48068
-79925
68181
-73252
-21959
-61906
-37780
-74925
-23673
21323
15622
71018
-35216
7403
56271
35668
14909
56438
-27817
36259
-14330
-1694
45365
86792
-55255
-58058
5000
-28827
-23530
-50950
-9895
-98991
62150
-49219
94556
-32793
82763
72898
-22315
-63093
9987
-50360
67352
23995
59878
4021
-64344
-42675
87039
20254
12673
-89973
-43080
66230
562
36263
-58931
94096
64225
-34532
73251
-80814
23987
5924
-61071
60536
11715
29648
-53540
47298
66703
8199
72865
66172
-43214
-4067
-96532
-11992
-94069
53903
-60411
-80567
-79363
70041
-69334
49806
-31792
-66124
27895
78106
-96842
-89041
71618
30380
2151
-75863
-95741
-56848
94957
52265
-70160
20577
13436
53594
90215
-13095
-2375
58790
-89915
-73610
-59365
-41939
18068
-40469
84975
9762
-83616
-45536
92981
-43838
52202
20743
-54104
-99918
-64778
-22083
-52005
-44491
-52033
11416
-22401
-27577
30987
-2221
93185
-95080
29721
76819
-71024
2152
77878
-52075
46908
72443
15471
29943
92218
48506
-47392
16543
97156
-63130
-38869
-56756
26269
97849
-44091
-39497
15026
-33573
82986
-15515
-75876
23165
-27344
4364
44611
30998
-78215
60895
6748
37816
3459
-12104
-71534
48718
55450
-10078
-38461
-48075
9133
-82880
3425
87603
49661
79388
51577
-93800
70385
12944
96464
-5200
-59065
-15605
26025
36705
-8667
18369
-57884
-43480
35469
-16847
56961
1194
-67921
-79468
-91903
44857
-17063
-50913
-95827
-38810
-58230
-4683
83504
12350
-67036
-81811
26207
30690
28415
97339
30682
-63097
-21222
-40387
-54198
92934
-6868
-27036
56137
-88864
-15399
-79043
-76638
60562
-18816
18971
-64851
-32111
-59471
-86813
36509
89059
-93124
97268
-21867
-68070
-76380
-47375
-84684
93229
38003
43692
78898
-58444
-27033
-18768
-67294
73024
-90422
-50773
-48041
-55084
26015
32886
-53853
-58620
93624
-64445
1595
47721
81253
-77534
3126
-91714
6406
-40849
93812
-81317
31618
-65252
68379
77963
14928
45271
-33987
71692
41010
-50153
23125
-38174
38466
39304
-63824
-46120
-50395
78225
53225
40212
66140
93310
61325
98326
-14663
-59185
84317
-40243
61934
76828
-47311
24726
20161
-61277
-84487
57810
-90724
25392
-6305
-24862
1472
44264
-7415
-97470
50010
-98319
-36294
-57025
47918
19073
27864
90198
-56016
48706
5192
-28373
-1103
-64353
17333
-67166
-27978
-75986
-60688
-63202
-83035
10106
9201
-93036
-83815
-77524
-32452
-97333
79636
93461
-23969
32818
-3692
1306
41496
13597
-57026
-22276
10899
-69410
-14857
-83454
73872
-97476
-43502
75846
65635
83667
-74397
57050
65941
59271
65010
-5867
-79448
6630
-32628
79229
-21704
-13798
31475
-73134
-7427
-57529
18805
-7243
89005
86663
-41958
-72397
-24450
9599
-5514
78706
79305
-69730
94815
55031
-49078
25714
20729
-13550
47300
21862
-87571
-35289
80962
38620
23224
19289
-35656
-33821
31520
98836
3911
-22123
-24575
53687
-82593
37648
48517
55837
87743
-55857
78450
-92153
-74408
-90908
99228
81959
4239
-41772
-78916
69643
-16799
-17201
90905
-18523
-88990
-27830
-23517
-57549
62942
77179
-86369
-30577
8032
688
82043
-53163
-36336
65293
26819
-42516
57271
96544
-1428
-39501
-25057
-88478
-25778
94346
59734
66957
99631
-582
-34927
91285
51450
65794
-86996
4036
-25265
-58049
-75505
99061
92020
-18633
-31507
-39316
8233
32322
23206
86737
-53608
54229
72588
-28345
33003
-69588
29443
90157
-18696
-90989
-97918
-88143
-94440
-17262
-62474
94476
3157
-62477
-32891
44638
89089
-59663
48175
68262
82339
-73921
99089
57373
1805
-78927
-7804
86448
63369
-89845
61026
-67175
18609
-8603
74217
62937
33438
-37257
71031
5268
121
-66489
-61451
52808
45805
54380
-59823
4651
48829
-70850
33507
70945
-60495
-30628
-56143
-37033
-44948
-15783
41102
-10305
-42663
37379
30749
72872
50116
-52398
87347
7801
-75707
69354
-9318
-73847
1302
-62515
-41742
-32866
67078
44768
98163
-5055
-92218
-54568
16781
-23814
11937
84417
99888
19630
77769
16171
-38617
57105
95180
-99343
-76321
-97975
-87322
93415
91078
48161
28463
54879
-31537
24806
9973
29208
59922
16098
22948
61444
-34161
-22094
93026
2997
8979
-94266
27000
29987
37363
-69195
-84246
55580
-38283
54715
-60441
95497
15567
-60080
-64997
62552
40839
-19547
-10654
-78453
20729
63614
-51368
-38755
-94921
-80218
29836
59468
22794
-67884
-65645
-75960
51223
-7143
-70664
66742
-59619
26818
92433
76321
-9829
-58672
49517
-60290
45263
11985
26857
-49702
-62696
92506
-5662
-73630
51709
15588
-18364
99918
-62842
-53695
-80191
-70420
-87864
50169
59742
-88955
-62849
-9659
-69721
18797
99731
75495
-40509
18092
18493
18788
-8862
-77884
-61693
-37537
89938
14239
-92897
73044
-82447
72151
-93762
-84691
78845
-3039
89316
-86140
-17593
-25897
-78036
-15562
38855
-97312
-94355
22304
-53368
40638
-91783
-2119
76292
58163
-13057
32268
-57782
1169
77968
39120
74779
-39267
-71426
81189
-11755
-25249
-85791
49390
28039
73225
16179
-98875
-5341
85441
8475
93279
59857
-97267
13063
17854
-51360
-19750
22386
-52787
-23721
66089
-70523
-84773
-27606
91543
-11175
14711
47496
60807
-95845
37924
6609
-49682
-62263
-80519
92645
90874
31577
69464
8792
-63712
-20744
-50360
-98559
74689
14191
-64270
-19022
-3336
14242
-88779
96770
-27454
57587
84390
68229
98762
98627
-41881
69853
-31855
79705
95778
-31062
5815
-71717
-91677
99997
39528
-58760
-57456
28138
86886
-83672
35653
90972
-37714
67979
23632
60226
-44534
-79826
-24186
-84153
1011
-8211
-2368
-17185
61920
47282
80629
-12707
50159
-4005
79541
25698
85999
19194
1984
91249
-3576
-7818
-82111
55197
38599
24782
-67670
-60381
57482
-95170
82989
61716
31556
-87430
10196
81579
46254
-80937
61885
-2371
-6517
55881
-55562
-86066
-44266
-16633
21553
-20225
56393
-86261
-32028
-96283
-17716
88117
32064
46134
4537
-75057
-39349
98205
-22072
-64981
-46052
-84435
57180
54185
-48270
-84367
3113
-69355
-65230
-7454
-56448
-37011
99132
-39886
-5832
-91328
-62807
84933
-24581
23025
69410
45695
71082
-13029
-23968
70136
-57170
49998
-13061
-9972
-58980
-83208
-77839
75728
4228
40608
-7882
-3361
-96298
2123
78130
-41070
-6094
833
-54180
-44978
67147
79849
-25167
-30026
-46538
-35183
53328
-27135
84821
-2870
66037
-6553
-74790
87152
43152
11574
-17990
-81592
25665
83777
-96975
-25470
-54925
63223
-74965
-46115
-76462
-40751
43798
-26647
-3478
-2587
81090
35496
-92131
-24296
-66191
-49394
-8639
-95631
22081
41320
-73708
-17272
-86477
77081
-19364
46685
3287
-29313
21920
-49020
91606
-86349
-62660
-35906
37787
-11537
53221
-41308
-74465
-58549
-89734
66812
-73007
-71456
52162
54062
-55842
-55731
-38136
-6704
71586
15448
-18096
-66914
-22805
-28628
-61195
-51387
-87003
-33664
-46944
-44770
-408
-84199
59175
-68424
-27365
40934
-39744
-13042
28163
-57208
-75552
77272
-8404
9397
89076
80061
-13646
80050
-99205
69541
-73172
-99395
-20034
-99027
16758
-68083
94445
-49996
-66790
-70351
-97896
74514
51867
57685
91014
-68887
49757
4324
93365
-42413
69172
-32121
-67921
-19077
36039
-64117
-49594
-26937
80352
33888
10348
-15757
-63340
71933
753
94457
59146
55585
-53927
58988
-20823
67573
-99751
-70427
66594
-16434
73262
68820
-45161
-28146
95451
-33480
-94874
-11095
-49475
8425
20311
33605
-9332
-30766
62750
35835
52720
46717
-61300
-75845
-66435
-84473
-71784
22604
93389
-67726
22598
-56016
-91271
68761
9522
-37851
50356
27838
-54469
34056
75779
-35457
-58737
95829
-61987
10152
-82802
1353
-44133
-53278
23197
-11352
85275
-20664
45066
93979
-91913
-36454
54359
39409
53661
-80118
46117
64262
49867
41972
-88193
-42943
-58390
-91989
-10049
-56329
28740
25326
63648
-85843
-63774
87098
82722
14074
-29562
40377
-20972
92875
15425
-53352
-52607
-80703
74035
-11146
41081
-80331
20381
-49608
-3717
-64101
80036
-81351
-26948
19972
88229
-69153
-49898
37309
35311
-45367
72208
17365
58785
20644
-31098
-45444
73505
25565
20469
-21881
62326
51505
86757
7824
-12733
91167
-80269
78011
44385
-44865
-39558
55763
79063
-56083
-19298
82898
-7495
-19491
31924
39359
-25382
95122
-51119
-11662
38511
-58902
11246
79155
-44927
38673
-7819
-77439
70990
-90794
-71574
79022
-41347
17178
81337
76391
-75459
-96028
-21416
-12142
14265
-12142
12760
22160
-1415
10091
-54322
6306
-43432
-11313
-71464
20711
-26594
13327
3854
92099
-74822
52249
34695
98780
-15843
-64180
-14843
-70082
27637
55786
9150
35999
84420
-60245
-73720
55164
-79075
-96018
-8544
88801
-49029
51211
67542
69640
-37314
-81980
74201
56665
78595
-6119
71259
-11568
-33378
-47750
-94432
38653
82935
30871
10728
41508
47614
-3948
8439
-49148
-37684
-71848
-83778
-81803
91991
-10363
87527
25194
27282
52418
-55742
39319
-28449
-61581
51271
97324
-61134
-27510
91399
72831
86083
71799
29620
40903
36143
43387
-90679
-39996
-18452
82778
-81257
-2243
1703
-24657
-94546
-65055
15036
-69543
-42780
-99121
-18543
8339
49925
-16207
63504
39778
-59369
-84989
83519
50471
31688
45170
-98371
-91180
-85578
99615
34779
-36869
33371
-15934
-43436
-77758
5140
35371
-63189
-79181
86604
-39644
-96032
42992
-2807
-49037
77582
-16956
-16045
-60228
24420
31508
-65604
21762
76285
-29196
-27311
-68850
8479
-16170
-76197
91752
33293
62493
-57454
45122
63369
47183
3039
95861
-66646
-45335
-64244
90723
94357
48525
97547
-51781
-31269
-77737
55776
-48614
-53009
-42355
5163
90639
-68670
-63948
-42538
61431
83069
-52993
71319
16455
-73062
-18205
-26782
-8216
-1696
-47930
3631
69437
-12103
24405
44323
-68736
15281
18037
-16162
-36726
15501
29009
-5664
-66575
94598
2194
72344
65995
-57567
-72979
30411
12177
49004
-54443
84317
78879
21462
96082
-32832
67352
-33428
34794
-70666
61351
-3156
-70149
-10684
-5856
10312
11882
35189
-43388
504
-6538
-6585
-48604
-84484
-9946
25655
-73444
85421
-41695
36388
96001
97663
87516
-10142
76757
20630
43565
76190
-55753
28097
45119
82601
-39976
-93929
29534
5859
1447
-83220
-29518
-90363
-55793
-1104
-97399
-67318
23766
87013
61837
-19717
21094
23100
52821
-41642
61481
-47541
-85098
-94182
96909
-28500
70138
93234
31399
-30028
54025
-82565
12211
61006
-1340
-18252
-48710
-54860
89041
-1599
-55988
59337
-28593
83612
-73427
-93994
-70197
21913
38668
-4000
-46772
-86573
-71378
5986
-55607
1016
-71062
-72467
-35525
-56913
-75891
25304
-70195
18849
-78115
-31835
82287
3307
-27461
98353
-91319
83614
77858
-89833
70157
-74255
-65332
-2973
-77851
16132
-95693
-51666
-98612
-76079
180
-80933
-37384
46065
-90992
-26772
-52427
1481
75917
63938
-79411
-80497
61818
9967
35
-60356
-71793
-39431
-14048
94160
72434
-22098
91524
-21379
-85610
46623
-42530
93233
-76290
59898
-77993
44931
-60256
88904
90856
-84999
-35548
-37185
-32660
2676
96587
15109
-60144
-90183
-45843
-10750
-53978
61852
-61733
-25120
-30055
46731
17571
8930
44603
-19468
-76047
-24802
93114
-90028
20690
-90600
39730
-67683
-57964
-2627
-61028
-53181
1034
20473
-37917
95588
72108
96565
45783
85266
81947
55984
58554
35198
51137
-62471
-29640
-31358
36183
40006
-94923
32010
77824
33396
-79938
-9504
-92717
-68836
-46751
21908
24694
13966
-56808
-29628
-39771
-92563
-48928
4749
-23790
-58969
70760
-49330
71527
16527
-475
44374
-96217
-47720
-1406
24106
-53902
22896
-3915
-15756
2471
34038
80749
76938
62947
-67814
-77273
-72870
8488
93328
-21344
76592
4698
-2191
-44379
5220
-8670
-56402
95686
32739
-63307
76017
87209
-6376
-40593
-67950
-96454
4022
-46311
12274
-60288
10469
25290
-87624
-82933
57286
79145
-28250
-16567
33381
-82864
76503
3001
3130
-30004
55831
81847
-30372
48129
-38817
-41931
-19581
-40853
-40469
40650
-29256
72127
-72006
-88732
-64421
84655
26018
69978
73232
20301
54605
8604
88456
-85113
35987
89036
96359
3920
-62282
76581
-21097
-4576
21876
-13223
-87191
12817
29133
-78726
-93789
52714
-13487
91918
-28502
-72647
-77788
-24315
-60979
-84199
50514
20230
72747
52436
99977
-9883
27459
48481
-45129
79217
66070
77774
-44991
-51669
-62341
6649
-32804
69649
-9665
42104
80844
-73385
822
76440
73015
-39113
4259
5379
-35739
67744
22463
-6981
-96105
88394
58410
-70461
-99519
-57111
94251
-41508
99684
78847
-16027
-92884
4364
-50932
-95975
24636
-44509
79265
-52526
84056
-97231
-7853
-29455
13209
36273
-85750
4117
93631
-43183
42937
72934
1208
58757
-59864
88703
36606
-96824
32620
-59210
-80868
-77072
37817
-75959
-25904
-54996
-98610
64934
60940
40541
-66034
87446
-86121
55951
8751
-1080
2897
-38317
-94709
61814
-81645
-51334
94420
-74
71348
-58960
-73627
19679
-38615
35378
-46093
17174
-46204
-88595
-97566
-80460
-46243
-49803
86068
-33643
6606
72542
-46116
-62720
17495
69435
-15183
61934
-97310
-11535
-71298
-39751
92258
-72202
-95370
-55646
-98860
53804
87748
43711
-81432
67220
-62399
31423
-60487
65392
-72513
-62500
-19914
-92806
-54846
-8356
56485
22266
-10546
-28669
42750
32904
-97316
-94120
-47117
-93218
-60186
44050
65231
-92647
-86687
58271
2108
-55540
89803
-28718
63455
-57535
99354
51623
36830
-41715
1620
-62989
69697
79055
-45827
52589
-72842
30277
49642
-4078
-21713
-7990
-74444
40378
-26394
-59152
-91000
-35979
56448
-73866
-32292
95265
58383
-68506
-38532
48588
-42958
-46002
-67198
-29120
1431
-63208
15268
91567
30497
90312
81959
9276
61220
90322
69810
57060
71117
12118
16189
95943
-38625
-38279
-46936
1815
26008
-58015
-8984
-75556
-6286
-78195
-68452
-67359
-46715
-65266
-5122
-18050
6730
87141
92853
-2877
-21062
-29253
88774
-97346
-76716
43319
-82325
-52374
71870
95679
36860
47668
-30589
82319
52746
-10390
24187
-76625
-36149
22403
1096
56724
3119
20421
-47748
13333
-13295
-3561
97240
25480
-52599
-57693
-39504
6649
59230
-98585
67882
70918
87961
15641
-86939
-86694
-51468
36149
89654
85892
98161
-91868
49421
1139
-57784
-78518
80630
-85936
-94216
-64468
28283
-32904
-93505
40957
18343
-98539
-31387
48004
11430
35736
24434
-40277
15433
-2219
-66753
73893
-77403
-22214
54826
87229
-85221
-46931
-28701
61432
-83406
-97918
-95197
17767
-92705
22486
55037
67019
-26905
-27637
-30899
63268
62363
-21153
84300
3672
3650
29419
-64698
72893
-52715
46262
85410
47107
15588
28020
-54816
10753
-28906
83998
-80030
17434
99469
-59153
36833
37259
90600
-68104
-92288
18517
-53406
-29664
44733
35521
91032
-54340
35140
-94251
-14425
38855
26974
76625
-71053
-83842
45958
-36122
21381
55899
17436
71092
96844
-6101
38003
5118
19908
-4466
-40443
61805
-21388
79819
-13818
91325
75345
12173
-52011
-19960
-43968
-67842
8335
-92755
55161
-40833
97918
-2979
-14905
-68671
50607
-40894
-7316
12291
85089
-54516
42337
-52888
4185
12057
56506
-60300
-87341
27647
-95192
-37149
37011
-89479
27929
-78618
-52071
12333
-71366
-21509
-97166
89558
-23908
-40665
49323
24019
84532
-70381
-64543
-15285
27901
-47807
91060
-7493
-35464
-855
40026
22237
54739
10932
-15793
-12490
-35160
38676
72810
19581
36060
-50050
-24373
-13469
-87064
24645
-50319
-21821
78964
-37036
88232
-29784
-88481
-45752
-6241
47221
-69733
-53592
44504
-9867
-5578
31938
-19016
19648
-29005
82979
-59330
41542
83287
-34126
13969
-32901
-74689
53673
-12623
-89121
35502
-49935
-83248
11433
-79899
41882
56378
4047
96107
-64332
52526
-93579
27372
14156
-84975
49327
-17538
73222
64632
34037
83518
92692
90019
50018
28569
-25712
50058
96616
28071
-24324
43599
-34347
-17871
-13485
-98670
71354
29139
49931
26531
-15299
-1859
76778
-27566
-19203
27475
36674
11619
84637
-68683
96523
64990
-65808
90073
3227
61250
33151
99603
-77756
-68071
93945
-97674
18314
74215
3704
-5355
64255
56124
-97812
43170
63933
-62871
85862
1208
61312
-50673
99587
-43660
77278
39123
89267
-91458
90787
-88915
30693
70630
38413
82400
-83823
-21143
-13792
34436
-78751
99986
-60377
10687
93693
-14083
-3127
37714
89137
64247
-98684
29007
-25987
-57983
-67128
-8151
-73030
76147
-66638
72100
-65564
46526
-62301
84395
26184
20426
38909
-6784
-20213
-91906
-13638
-17458
-40428
-55203
68968
55450
72983
60173
-84219
-95208
59327
7220
-6029
22298
75575
-99333
62552
-35805
-32490
19508
-7020
24474
-73947
55128
13344
2394
7821
15337
-30592
-29210
-93214
-56906
60964
-50054
-14714
72381
16417
99772
-71237
2474
12551
-28463
24777
47038
-28514
-57395
78472
24459
89090
-93118
-7221
76636
39704
83769
67433
-62095
48492
-4545
-78167
-70617
-15895
-6378
50441
-14218
27571
-31731
93355
30805
99429
13610
25309
-91912
94434
27139
49475
-70663
-97510
-94420
93604
-50923
45723
-59126
-16179
-58995
-52399
-9850
10149
-77076
-25124
37150
-44337
86440
6732
14869
29877
26146
-8836
43338
32504
94216
-248
32935
-29839
64666
556
-20368
40226
45897
-23814
-49221
-18434
-81285
-56777
78655
-58031
-38996
22611
36676
-34355
-39314
33860
86138
53171
31377
-11010
8614
99994
26973
-8047
-16073
40031
35132
-15202
37303
46570
72437
45751
-86947
79832
-63085
-88813
1215
88330
34404
8810
22436
51978
86557
1331
-93193
-47851
-94181
71096
28632
-62583
-52028
98002
-56435
81132
73100
63623
1110
55830
-2796
24636
88414
19453
-15508
-23976
-63795
-50533
45561
51704
-80645
-50050
88690
-73464
-97986
62571
16068
-20156
69604
-48592
33174
75339
-32964
-35387
38
-50531
-6705
12318
25106
84081
38316
-33136
71923
-71818
62689
5725
-13020
35300
12038
-90274
95584
78461
41651
2444
26633
-95387
14225
1066
42117
-18277
81358
-97389
33923
37843
-54358
-45157
68380
2546
26735
33445
55764
-97947
39293
-67263
26751
-61474
42947
99903
-20736
9197
-54070
89109
-42323
68599
93163
78952
-57778
42325
-28767
90938
-69819
92555
22905
-59279
-17465
4963
-50458
-29696
94600
51365
51569
19956
-7179
-45706
44877
-25571
24603
45579
69512
67863
46821
-67064
-63650
-87052
87938
-25927
93288
79368
17445
40235
-33230
-14768
77862
29864
-36503
-99073
-48954
398
-88333
1127
-30192
-5365
-14951
-704
-8294
13367
-70433
62361
-43605
12558
86901
43032
-49546
-78455
-64634
8943
4165
81751
-1811
-41955
-32143
-55427
65671
21150
59981
-313
-72349
71281
-74973
-88278
-39658
-48444
30166
50936
-51220
21757
-65305
-61378
-391
63847
-67758
17917
-70195
58039
57304
2563
4229
-17925
-65768
-9882
61374
-28578
-23913
-34275
-35803
-27750
17695
-80645
-96982
11450
50499
24521
71187
-66293
64640
37630
87149
9311
-11074
74077
-52771
-89987
40438
90988
-7916
-2968
-79121
34572
-37535
-97398
4193
69562
-83488
-76419
48186
-65311
6352
-61833
-64642
10585
34882
-16817
-64631
73664
-3986
-58448
96880
-6413
-39328
-6567
-39930
20586
15439
22094
-40582
68717
-3314
-85730
88414
-88137
-66084
81682
-19774
-44378
-68778
71727
-3713
80795
-49140
84776
77776
-55692
47216
-284
-38310
91235
28778
36263
-55284
14571
-16887
-50849
74017
183
-44523
-79282
23042
58711
-31296
-8370
55369
-75881
-68421
-11002
99361
-74178
-87964
-17560
22089
-68960
67100
85412
-33865
2976
13879
-80404
70681
-10170
-53363
28133
-46218
36217
-39443
-51097
-35085
63897
74673
-68943
-42894
-74757
-39699
11436
14549
63874
45057
43546
-25824
91222
65870
29595
79485
65284
76037
63452
-71208
96498
-58085
-40548
-74133
40637
24537
-82980
-73004
-6799
-71025
-18205
62305
-75548
11561
-63637
-50962
-34769
91353
86444
-29402
-5366
95732
99266
15205
57091
-87335
24829
70718
58459
-27061
-94843
-92904
61053
-62304
32936
14387
3228
-76973
98562
75337
-41304
42804
-9208
-66353
-51220
-96706
27377
-91046
87047
-54263
54209
78047
-69691
-87210
-69134
-68909
31001
-61816
-92094
-61967
45945
-21262
84564
-58278
62486
68811
-87613
-73578
70263
-1346
-38390
952
63793
27422
-24695
-6752
-57275
-39817
51061
45658
-31402
14144
-5985
-33244
91653
95212
-47137
-39091
32747
-20257
-12131
-76551
-91342
-63298
98875
-93503
82576
41503
78306
-92617
-74463
-43232
51432
-33017
-90208
68179
97243
-18951
95555
18071
69677
-16942
12592
-5566
-89924
-29222
-24097
41786
-61188
67897
35341
86691
-76029
54843
-16807
8818
12144
