3800
8964
92380
-86777
13705
-39453
-17720
83764
28173
-79688
79112
67756
95948
51968
18506
-26245
1465
-19571
47109
-57266
-7597
91247
-4691
28972
20274
67695
-72238
-10878
31988
98293
54550
-31397
38078
-75767
-78071
49006
-14415
65334
25891
27985
4651
-77749
67997
-24372
-34057
43131
50540
98632
26642
-10204
38555
15783
-14181
-60308
-46652
-56979
99350
-87032
42730
-85157
-37924
-59305
48950
-58084
-92765
82730
-28084
58329
92710
-37273
14410
-87449
-75535
-34429
8349
-45856
-38773
59884
-26433
96079
2367
2377
-10799
-79035
20233
-16679
-40752
92744
-66726
-32840
-32777
-16789
-25336
50368
4530
46329
853
30860
21754
89867
-36069
-2280
-78063
66489
-67567
-35836
32924
-86739
-25988
39287
68568
69395
-81356
97120
3770
-43796
-94639
-78888
48039
63362
-13517
-56284
77709
34230
62699
-59434
20380
-58507
-31094
88274
-66459
17353
-18045
61102
-65587
34380
96127
-70477
-43027
9591
-61826
31617
-73846
-63464
-69915
-59122
18540
71074
-3800
56271
-79523
66718
38292
20655
67456
-2752
-24071
35708
58187
-37100
-12045
-57375
30882
46679
30357
718
-23087
22178
81009
-1036
44902
81665
-19259
44972
-28951
66787
33157
88055
12729
-22551
33408
-93216
-81851
-49695
-13390
67838
-53021
-3444
-20121
-41514
39632
-60517
44615
24157
-32699
-89159
88258
85018
-67918
6786
9048
-51670
72730
79569
-85307
-4131
69450
-16074
-30392
-79682
45815
-48377
-83249
4593
58739
28365
-28543
80564
-50420
53087
-74841
-24377
-40767
-98547
87160
-23192
-21086
49267
25215
38712
-14141
-79635
75371
185
53980
-74903
29363
-81671
-38912
95959
36260
29832
-82696
40766
51528
-91164
36796
-43224
80245
-53130
-65267
11454
34351
93173
-9102
-99922
16059
90921
92108
-90424
94721
18122
-74024
-14168
17564
-50809
46913
-29938
-65278
-88350
3104
-57718
-82805
89720
66897
44498
46304
73119
-68173
44470
-12671
-15320
-5317
-42582
-84430
-9661
-51723
-96766
73475
14210
13593
-2755
-88453
-41354
87878
-40200
22880
-67979
-76706
-67709
-13082
15869
69437
-96111
87730
-42637
31702
86345
99977
10500
67436
12409
-71847
78061
-22869
-70102
93604
-44331
-79391
-48050
-95611
-37289
11932
534
-39583
7198
20704
-44384
-93653
-34582
18501
76942
-14061
91311
-48661
27250
-86260
61148
78427
-7003
5560
14393
-3972
21815
54835
38057
-39825
39744
51385
43535
25863
-58219
67637
71629
-53144
77783
21223
83368
-17541
28581
79600
63367
59531
83057
54525
-10662
-39425
96752
-66546
67224
-25612
26987
61538
75296
-20170
29811
-22719
9793
-58532
32113
72677
98389
-5891
-229
36806
31688
-44526
38211
-74431
-78217
71594
-26038
-31388
20531
94468
-1167
54616
98276
-68148
53520
-30804
-79094
-99211
-1761
-18310
69791
-31441
-65551
5880
34969
83398
92097
60509
-62325
17239
35301
47277
-18261
39087
85087
-17309
-40466
-77631
-98349
7675
-76145
45124
-99630
35993
64175
-84633
-71788
7129
11479
-80718
59845
-36556
-36391
87866
-3786
-27829
-84652
-13056
71924
40467
13205
57832
-95242
18654
-62181
-78639
34159
-16126
-76941
-14315
92804
86056
17858
79390
24664
4211
13793
64803
40322
37770
46242
35518
17312
-27068
36017
-59220
-67451
74991
-70250
-78432
99789
25277
-99625
79108
-86382
76172
9275
-76531
-87305
-7408
9129
57337
47585
-51104
94318
-40408
-63098
40857
-72739
66388
74973
-33613
-50160
95855
-63499
-15202
1933
-59944
37922
-15528
1093
-32583
-26222
-72242
51382
-15040
19773
-41812
-63121
-71177
-82565
-35901
16243
-40958
98543
-98282
-80713
-44171
-93407
55681
-76346
32591
58922
65927
21893
30103
50568
-92105
20752
31506
-23087
-61191
84226
-2786
39301
20602
88852
8111
-94916
26418
-47395
81123
318
85326
51895
-67709
-32079
72959
86402
55448
34349
43871
-34558
67688
50540
67131
36260
47564
49245
-83327
-44258
-82577
21079
66183
87475
-80475
683
-57355
-50986
30373
46290
-70447
-9690
-78939
49605
93285
8472
86864
-62228
-74609
23859
2919
71150
40613
-73228
14321
78055
-74238
-1391
-6432
81591
-84366
50971
23810
-92105
30262
-68676
-20064
-67385
-46156
48928
34679
-72893
-83202
54577
56336
98772
-20803
15034
42046
-86942
-5254
42157
35828
-29977
-19192
-39489
90176
38943
8786
-70735
59304
75676
78653
-24854
-36064
92534
71929
-8256
-94620
76703
20393
19606
-30920
93076
-9683
24095
-27782
43375
71112
72193
26273
50393
-71821
-78956
-14124
50334
-9347
65609
54697
18649
-93283
-62936
19448
55374
19478
35825
-21604
-61930
-29179
62436
73670
37877
61130
-20451
77117
16775
-59695
-5033
73526
-24999
-61252
-35247
-30517
-87531
29807
20877
39515
90709
31543
-97739
511
50328
17751
-63271
55780
-25902
88049
58643
75274
-14051
86734
-98292
93464
-52338
46090
39575
-25255
-8669
-97377
25850
67159
52120
-76020
59342
31890
-62824
-57439
63996
67357
85520
-85782
-25305
-26986
61216
56182
71720
43200
11051
-51070
-97676
-71425
-38898
40967
83803
-92433
-38099
-45539
17257
26337
-20439
97162
73967
-5710
-11986
-22804
-42212
-1590
32424
-13826
-57596
-55954
82837
-7734
76227
-68989
-70794
99883
49787
87136
-80993
16382
-59400
7566
39086
-93531
-67019
92191
-56424
-84489
-68296
16295
-53857
41608
31064
-98788
-36961
-29744
90207
91270
-81656
64186
-4534
87842
49446
29643
-79827
22937
-77732
78445
-85197
-76648
34608
-75624
30851
-99124
-46465
-60196
-37953
-87749
76305
-89204
24294
-94718
-40121
62282
33881
-72857
-17103
13420
80187
95450
31676
45320
-86095
-42035
17353
82146
-32375
33068
84568
65774
-17738
-63557
89251
67715
96825
-12148
59975
-43489
77276
5337
15773
95825
-91175
45571
77096
-7033
60119
48936
-36890
1716
-5036
4187
-91639
77405
-53474
-97533
-8064
32769
22843
-5743
-12818
68067
61992
-75617
49788
29045
-16386
86434
-39926
-53597
22385
21708
-79104
-22663
98547
66561
-33789
-39887
-19338
57203
92228
63389
-75698
-4452
-6286
-20563
-1356
343
-40177
-91682
90919
-94756
58208
-24000
77228
-52842
-72898
76961
57527
99235
-34102
15899
-80286
92967
73854
46519
99098
19405
-6690
68605
-37287
-76068
-60531
-45862
-75763
-56463
-5
31596
-79336
-47713
87356
2732
-44111
47199
63028
-49352
-80025
-27594
-3729
33660
81990
-47518
-97395
-29700
68690
-92288
-38374
-48511
-45584
-59139
99836
-58786
-1628
66934
22853
55326
20341
-56081
-75735
-25779
-31763
-67027
22537
-36577
2877
55793
62061
6336
4605
-78511
-80815
46392
20112
-99532
9622
8634
-23898
15849
-86311
-59829
-52133
-72796
-7775
27786
-1412
-59625
70834
16096
-67542
90922
97278
41220
1624
-24362
20283
15147
44335
72355
85968
-41973
-44144
79868
-4887
77515
-6855
71916
-59990
-61687
7169
38007
-64193
78919
-10947
92759
-61870
47986
30789
5778
-51818
-559
-46703
-94860
74433
2439
-88644
99950
69270
99716
-60629
-94709
4704
85774
-4921
-26677
30074
18472
-96027
94
43851
4252
53959
5502
30800
-94934
-80644
89449
27410
-61619
-45406
94522
-62986
74086
-564
-42397
-74957
54920
95678
-9590
-56034
4191
35413
34109
48609
-40067
97348
59410
-14902
-81405
81913
92959
-64641
70504
-59043
38098
68240
-75607
55995
78255
-62171
-99635
1208
1765
53142
-7916
19968
-69429
-18087
-25925
80642
-65604
7318
52079
86609
74635
54167
-96436
-73301
-31579
-58597
5136
-76649
54338
89290
-49056
-35673
-14969
-44414
73335
-28835
43452
-34481
3367
34538
-62747
99322
28557
-95407
-56321
-29000
-86250
79403
-89256
-94077
66663
41731
54155
81927
-2642
-57759
-25960
-86350
54595
-60764
45148
92142
41530
-64376
-94287
-74453
95303
7816
42404
11093
52430
-62243
25807
51941
-90937
55012
-72493
-49580
779
-25955
54324
99497
-66179
94352
-37807
38963
-78249
-48438
-15426
-5421
-48496
-85243
13888
-44623
-32985
57317
95460
92175
-85553
16031
16380
95930
-3401
-81932
13751
21084
-19147
-78821
51804
-83025
-72498
-47043
38435
64588
84132
-30182
-52304
91746
6973
-99575
25517
-84990
-66900
-40484
-51070
79638
-85218
-60766
16308
39538
54339
58757
-81321
19650
52630
67732
-7695
-41501
71755
29788
-68051
15
-79467
-76433
-68679
99888
-43759
5318
6332
69077
40402
-24830
-88137
37122
39689
-97394
-85449
84769
99473
-73311
9332
-4521
57877
87200
36490
-5070
-99681
76000
-40367
-93762
76605
50569
-11813
-40713
-74286
-88554
39689
24024
-49418
19576
-34870
-50222
12683
-40357
-20942
-40680
14429
43584
30771
25431
12853
-77623
-22534
-12989
50235
-79853
-17112
41741
44101
-82563
-83797
44145
-52352
-81656
-45831
4715
-12423
53015
-57303
-26935
62473
-42603
-61011
-70244
-80741
-44235
-79952
74504
45275
-31532
65864
-33157
-93635
-98308
-84776
17274
-64281
-57982
-19323
-22825
97212
87375
-66605
59775
-1978
25595
50843
-18192
92159
72725
76459
25095
70973
-43457
70074
53687
6327
38518
11782
5334
21752
-31184
74572
849
58910
-27234
59875
-45056
39567
-44207
-52810
-6380
-51526
-84359
-11876
84461
-27259
89032
44246
-15351
55256
-93324
80100
-61034
-76539
91356
55428
77032
-66157
27394
-83000
58309
99302
42167
81683
-61538
91788
-4652
-26832
26969
30822
-63580
60238
36297
33393
-5281
87068
-80897
-83600
35729
37821
65338
-9608
25178
74088
72953
-87528
-46834
-28064
-23695
33890
-91396
-22646
-92325
-36006
-35252
94960
6245
72635
-88318
44497
-88824
42976
40991
37602
52793
73430
67942
-43099
-24839
-71493
-36740
61221
69127
7762
-32856
-52725
82998
-86361
60283
-41312
-77607
71641
90121
92512
-54694
19273
-72683
79799
-93398
-20898
-29173
-42661
97618
-40654
68454
-4219
70888
68636
-84238
24141
72670
28122
-62357
95521
53429
-92645
-88187
-19999
84495
12135
68293
-86949
-14239
-83860
56524
-3746
-37689
-90458
43252
63229
-38223
20713
79443
93474
-70341
41486
59741
11596
54043
-92488
-14298
62886
-46541
-42942
-36604
-86843
79687
84807
7571
-58690
-24568
-53171
28178
7650
-62577
48270
-92374
-66984
78373
45669
-63857
-98475
90943
-79534
96959
2362
84871
28010
12840
91977
-51307
48478
71334
-71611
444
45221
56810
-31258
21825
2505
-94602
-77770
92263
-46389
62980
75787
-32666
76660
31495
-3167
-95302
-81734
-33079
89747
52759
-79989
75443
-9930
1081
-92744
72875
46611
7322
83969
83991
-4994
-76931
61689
-3007
-29993
67688
4246
-48685
24925
-74770
-53417
-27839
32234
29354
-72750
-26171
74511
-96248
-34279
56838
38668
88317
79176
91026
6060
-43305
-6930
-28278
37947
-74642
-38314
-61091
-3675
99770
-6671
23532
-78355
574
11489
99789
24390
-66269
14756
-43604
-88494
-12705
-28389
31051
-87180
80724
7990
84585
8084
29557
-86465
70977
67759
99939
-74625
-10199
-35113
-33578
84689
3291
16846
50102
96577
81105
27259
57418
-4129
-99383
-15865
72071
-45274
88296
-7529
5770
28932
-65925
-89946
42850
-59194
61016
-23299
73476
-69918
81507
99346
-71391
57504
18349
-57925
-65899
21477
7862
-92147
374
-25123
47187
-84843
68941
2500
-7701
-57486
62433
-95598
-16549
56782
-43410
41345
-75015
-84745
19381
-8132
-56586
48286
-90771
31781
-76195
-91670
-12073
-49917
78456
12858
70447
-21433
-32495
14582
95294
-56263
1046
-73968
74573
98564
-47466
-75875
32948
-89190
2920
-48118
-93552
-9787
-90070
49916
-81390
55692
-85209
96264
-78284
-81666
-56366
74444
18887
4510
5999
55976
95337
64810
71057
84188
-49710
-91126
79614
-13888
-13363
21778
18734
-47334
-2685
-99148
-93006
-14049
-16334
16581
-17102
-29943
-21763
-60502
66255
46481
-48162
-73121
14567
-70838
55543
-66205
44278
-88550
-41915
-49084
60057
81237
-30027
44546
90991
11383
12945
19555
20376
-29378
-96685
-64813
-79713
60130
-22822
66229
-3212
-12750
-30854
87754
-55598
-56307
67822
83388
69375
-87047
-74391
-77944
35250
-16157
-51830
-42809
74766
16691
-94611
54167
-19763
-19061
-71331
-8214
-73352
-86755
6504
14123
-64494
-14490
49164
-6392
-61931
-71861
-7475
54240
87316
-56370
71208
-56949
70463
-93203
16353
-7552
-16123
-55401
81721
67303
-7084
-60852
10108
-67012
20092
-58608
22966
89756
75121
5707
27269
17584
92079
2816
-5622
66483
-36808
67368
-35015
30753
-94535
-78486
86864
-24066
-71542
-44102
-25371
-23681
6612
-84469
-65448
35673
-98866
66610
-44761
-43547
53984
62169
43935
-17811
-82392
-54628
-83280
15318
60762
-65981
-34022
-99479
-92222
-11683
-88508
-40193
-77723
-63051
83883
57993
-89211
55092
57719
-90950
-96060
16787
96233
-40751
8160
84282
-27791
43590
-52387
-94470
36573
97552
-58624
-56284
24171
-41647
-27721
75012
-4801
-38112
39318
-72067
-35472
38576
39484
68098
29564
41953
-52524
-59090
69276
-89245
62327
61377
23539
37251
58031
-82504
56352
95124
41879
-67000
-86350
82555
13214
35126
-61125
-92010
-68182
-83562
-4227
63305
-33704
-16034
22017
-29657
78498
18597
-87353
29754
77850
-91138
76888
-8208
-15981
-32981
49527
-84574
35999
-16768
16502
70145
-83726
40982
97572
-46753
29669
-5592
-99356
-52072
79447
-59827
-5095
-19045
41774
-73582
24061
-58216
84923
24563
10321
-20408
27195
44918
82031
-20396
-53766
-56539
20923
83683
72531
18662
32568
73987
786
67384
822
-86733
22842
23052
1065
15690
69090
94910
67222
79304
-11206
-48722
-89562
-33992
-98453
-29184
-55395
61694
40668
-41684
6244
-98813
37266
-31806
94914
58233
7343
57470
-71703
-51827
155
25539
-73555
46441
-42112
11512
-97328
17187
60719
-5444
26104
42309
-96096
-77881
76802
49529
-73514
21662
-50193
32337
-18271
-34958
-21252
54193
-45315
70358
15184
35354
-62952
-71525
-817
-73709
-15119
-21685
36044
-39819
-83108
-834
50587
-55788
80162
-84133
-14717
-56635
-33851
-60497
-4718
-42287
-9247
-88157
92875
7541
69613
-9123
-92421
-66350
-19551
-17098
-74646
9527
-97294
73107
75692
-11831
-76487
-95070
43479
-78515
76337
-51341
34831
75090
26719
-15696
-20292
-25538
58764
-70917
68381
73331
64366
-29725
6710
4061
81317
70402
17573
98266
38241
72117
65427
50631
-20768
48697
-43899
-87324
34517
-93922
-60398
-74525
-96348
-67605
-5841
-54446
81098
89935
5734
-71455
8922
-75201
-87322
-81006
89442
-83472
-5389
80062
29100
-63373
-77186
74110
-61600
53672
74831
92668
-44345
1568
56414
-83754
-35030
23763
9986
-59797
96409
-50246
-62143
-99130
26567
78987
-14010
24741
-88749
-10993
94064
-78235
70753
59297
94854
94027
-68569
-44347
33225
-67535
-72892
-83166
-10846
48843
82634
-39459
51899
18965
83164
10132
83690
-65061
9779
91060
-7289
3748
-11333
6264
-79138
-62276
18458
9470
-9088
-23779
93264
-63225
52
96057
44985
50059
-6261
54119
70320
-15753
79953
89127
10830
81989
30047
147
-30896
63861
-8626
33765
73814
63085
-83002
72543
-60920
30506
-68044
86299
-37101
-66718
43354
-33937
33617
-62984
38528
86460
41031
-98085
-40504
-64876
-58041
-49028
39199
76869
80182
-33750
20688
77702
-97432
-33525
-10958
-81923
-50073
65081
-74814
-92053
-51117
86966
-24181
42485
-50973
77646
-4095
-83120
-70583
-3320
10478
-40441
90036
-4536
-63676
62636
16047
55300
-11440
-83047
-65369
74657
-60592
97122
94346
-50263
56539
-9127
-20918
-10133
26814
-15428
-26752
-29776
-1304
32511
91246
-53227
-4613
42034
24221
-18358
49666
94672
10789
55781
22658
-18717
42955
-54812
84265
-2410
-97788
-14786
20707
-57639
-62952
-65948
45324
4395
-67294
26393
-40256
80071
-28940
-5781
77901
-23443
-77353
70925
45706
52427
41391
-76014
92737
-49464
91261
6984
-14073
-86738
-1217
29295
-71443
-89038
16946
-51116
35535
-27296
46264
10511
50057
16871
73556
5589
41354
85503
-80495
44283
-61184
85810
67394
71688
-12877
24782
97189
-55371
-25938
41510
75873
-51581
38487
85311
84271
-43655
-37728
-34402
93525
-64519
78422
-16596
-27764
-55106
-50409
45315
-29757
27573
75745
22423
-18180
75572
40261
49220
98453
347
14138
-80657
10017
-378
-90035
-68324
24501
-18772
64374
-37748
13183
-90089
78470
93969
72719
27328
-42755
-76880
-65414
78150
-82951
-68944
87123
68619
-35576
-13499
-11750
-98389
-95330
42964
60849
47770
85154
88803
16201
93849
-56925
-54689
35996
-16299
-52504
-34616
-64237
-33892
35428
-44419
-13113
-60996
36232
4320
27556
-71302
-31501
3237
76906
-46868
74885
-80132
-82675
80180
63825
-52135
45693
-17895
38064
51100
96384
-16189
92402
11618
-3718
-90029
16048
68519
33423
-96803
90685
-84842
32671
99331
63355
-15056
-17104
42159
15305
67604
85098
-32980
25242
73520
-76933
38370
-16031
3973
-2982
88812
12072
57232
-36823
-33960
96256
25818
-27276
80890
21075
60638
-69737
19373
99861
-1902
-5381
-38681
87449
-55084
-14976
26552
2240
80690
37047
76319
63244
47510
68166
62281
90131
-57716
-96017
-59609
95566
-29902
-78934
56490
-88175
28155
98478
34718
-34155
86175
95951
-62944
54769
77603
-42239
56126
-11352
-17024
43834
20457
219
80115
6006
-16551
-55009
-75040
-69868
93182
53481
69988
22110
-84386
76454
-61642
5798
-64561
40295
48312
5003
20947
-79686
-97120
-54693
-31797
-99244
82493
-76078
-8678
-32278
41065
-78335
91927
86686
51210
-54454
-29522
-28458
96452
48007
-95340
76009
-3649
-83637
17636
55027
-65840
97920
50651
92296
-97658
79151
35692
-84667
-84588
-34273
-86719
-86526
-61418
51604
29648
66979
-67327
32377
23189
-4914
-15636
-97000
67441
-56521
98357
96773
-99297
89174
32273
-15781
41615
-26246
-1548
-18786
38881
-53832
-79591
-51712
49279
-72389
61103
-44225
-62377
-48897
-96
61227
-42636
-70055
-32066
-3515
-72008
-98962
-18740
66435
54840
26180
-43993
-86991
-68748
-13643
63184
-35919
4721
-88513
-46058
73379
69173
77369
96228
-42721
-39073
24289
38757
58911
34272
84240
93391
67706
20506
-21874
11603
66507
83667
32322
-77088
56176
9430
-70718
57166
-49874
45030
12681
44654
90994
13088
25414
40107
-61901
39084
84497
-87396
77299
29279
-1736
4074
-7965
44081
86776
38937
-72538
-2090
26567
57908
59310
32314
77198
51993
49859
65950
-86795
-482
54050
23370
94294
55007
23234
89262
10259
-67802
51121
9049
-17341
43381
35421
-57387
65031
77298
18223
98781
-33925
99248
63698
-39621
98248
-96298
9618
-37886
34775
15086
72159
-77851
29984
15628
31984
-28557
74080
-29352
-34748
36592
70633
-99461
96771
56977
13587
-54046
-22076
19603
-84336
-82510
-49240
35768
-56546
-29496
71523
17567
11861
87531
28635
41407
81952
4753
-34776
-54720
-59768
-93493
76220
72245
-66004
98381
59612
96826
76045
37470
-45044
87335
70278
13848
38025
31534
-52327
-94755
28400
35863
19235
37398
-16900
-1836
19378
79849
-14291
51139
64173
45175
-10813
87297
-39375
-61810
64681
-34715
-90627
-2254
77167
11936
14595
71747
98480
9519
-27041
19851
19091
-95878
-31645
28518
-21460
-14387
39057
1678
83714
52400
31458
-64637
-74068
-33692
2755
57491
74452
-49411
-25057
-91445
-50787
-79273
-42857
60346
-23775
13750
-72561
36126
-35501
56254
-73118
-80786
-32188
-42869
79797
78787
-1215
-57554
-18775
26020
35033
38789
92650
-83347
-20037
72246
76964
72474
-99714
29704
-57066
-70027
-63045
-45411
14143
-73638
76309
83216
11124
89700
-59943
-48857
13203
27062
77312
92789
-69294
62888
24529
-24689
90609
84107
14691
33192
48206
-89253
93441
29900
4439
22912
76134
70901
18009
51393
94055
41294
-56073
29126
49968
35585
-35785
7879
-82010
-12673
-36425
-62377
33068
20108
19069
-23865
2369
-40893
37355
-24904
83207
-47058
89617
35201
95775
6778
81885
-87751
83823
-75942
66541
-7519
58821
-1925
-42683
-41359
63765
46303
-79972
96317
-16738
35161
98641
21444
84971
60707
30843
93013
-19658
28255
-96098
-88417
-69273
-92951
59065
-46509
-44166
77013
5884
-65992
-63042
61450
-4010
-50101
42617
52282
-64083
-83312
20969
-33667
-9049
-64007
22501
-88055
-64219
42418
31394
92432
-25264
-64505
36690
-1482
29515
-42509
69351
-91346
69064
-38330
97142
-336
-13322
83825
-96906
90776
66392
54001
-8857
62302
65841
-38058
84239
-89106
-52068
-11281
96671
47972
-39240
-25196
-19659
-92826
73152
89744
43707
797
17720
-80663
56236
-53744
11843
20813
12535
-46433
-5102
-95974
-24196
-83174
61623
42953
33459
21372
-94761
-20616
-63508
74119
-88450
48276
-99535
30973
50381
-31008
-64825
88248
-34418
85988
-13549
97639
-82392
-94348
-74214
-95387
49326
91547
40225
32183
64785
-13787
9523
97378
25782
70918
91393
84199
96610
68650
-45533
64285
29202
86554
72253
-36759
-57304
-46264
-20547
36571
-84673
-73225
65600
60776
84383
-60215
5460
-75712
-54324
-36570
-44328
25804
64953
-73465
4288
15046
44890
-62564
-56011
-43660
-21673
-37664
83993
-446
-54372
-3721
56168
-70149
-88947
-31104
-84742
-98076
16087
-5251
57061
69749
-69854
40860
57023
-21836
64098
-42526
41216
-32464
92941
20723
-81338
-73000
44647
-36544
34099
24630
-6215
77709
31729
-75701
77792
-75042
61910
-51257
63681
51005
-81118
-24411
49050
-42133
37477
33185
4852
92705
-16834
35671
35125
-47551
-93890
-646
-62703
44510
-47318
-2067
11489
-93212
13663
-65983
46924
-19866
-8688
-97716
64865
-58110
-52244
-37278
-65465
34867
35547
39027
-27445
21427
82854
82113
83865
-55541
-5834
-3205
-56122
-13768
82420
49083
10634
90172
-44784
-76519
-31925
58814
-66979
21802
88084
98142
67738
30425
40804
63706
99404
-3041
34275
-95786
-46906
61346
33328
-4213
-66933
71464
-65259
84687
23562
-37130
86940
13628
-94073
-19703
4923
-42368
-80421
-8400
-27926
-55871
67026
81924
50006
17514
-80206
-37883
-34322
60119
-69861
-74285
-13158
-86887
69450
-52858
-60789
41702
-50377
-15574
-91155
63520
-14369
-42982
48185
57472
-27108
36791
-51416
48863
3567
-32890
14658
70625
68832
52068
-55020
-23938
-15620
20326
59456
-79890
-70338
22801
48175
1713
20808
-97678
-30175
-34056
68240
46876
-38748
-60749
-16232
3388
-23069
14328
63573
-11110
-50666
-99507
-78607
61358
47959
-33838
-72212
-67299
-22443
2830
-11939
-99889
-50719
-18028
-33065
1133
-58650
-13487
-31001
-47812
-80203
59957
11961
-40879
-71810
54716
26074
84976
3292
86168
-5544
-69051
-20921
23485
-56315
-89410
43053
14728
-79589
10691
-28774
94477
69433
-20845
-84589
21883
7115
86972
-9789
59438
84169
-42633
-56563
92562
-31722
-42147
-32640
38126
-75448
-19638
4904
37716
-81017
42317
6209
75364
83854
39433
-8633
77304
34639
-1493
43369
83247
6963
3271
36187
24601
82495
-12974
5899
-87620
37586
-32458
97387
-92671
-58741
42582
23085
-99010
54343
26206
27213
6817
-61241
-33211
20872
8693
78065
82146
-8662
65044
-49299
-71064
74053
76714
10480
8832
-51971
79969
-85995
35521
-99199
3246
-12121
54799
21204
-73160
69563
97677
17865
-72224
-88966
-74048
-10291
-37519
32445
-73407
58590
53990
-48431
-60066
-8934
64466
29850
-1905
96050
-43600
47059
89360
86205
92359
15667
1439
40937
47482
93739
-13356
64972
-54742
-49716
-82728
-62056
-20984
26118
88067
92909
79482
-72180
-36330
14985
93353
-6893
-38574
1755
11173
-71112
-36045
56693
95350
83393
17292
9823
34176
35131
-87808
-23289
-47023
-10749
-21350
-63401
9547
95969
71050
63519
-83031
18895
-80707
82353
11567
7895
6679
95308
35826
68506
-89840
-144
68417
557
74920
-80816
21999
95261
-10232
-94298
-85826
-4589
-48073
93856
60330
-32557
-66059
-69256
-76401
33950
-25224
-45407
-16905
86392
54976
-23139
99460
-90748
94233
-14100
-34762
91403
-26515
-16354
-45798
-58277
74051
70346
99216
-90164
47832
60119
-48521
85278
92632
93687
-20681
42814
31481
12020
-93590
-64921
1717
-80158
43368
11493
-41118
86516
-42643
-27339
56559
-55893
42601
-68727
-45315
-48791
38629
74600
-84905
-34076
69773
66033
-45744
-90570
2782
-78081
32568
-24687
47084
-77912
-49734
76047
-24944
84768
-1195
4647
3630
31099
-60043
-35908
-20257
-97712
40813
10127
-69953
-52231
8404
-18091
-75628
-91530
-82311
-48476
-19495
38513
-40764
-39546
60647
74844
-96022
32688
-35713
21238
27852
35853
-20170
-29139
-39955
80371
78333
-64930
-6706
46199
-38708
-57416
58344
-44452
67435
-55874
61189
43046
95517
87275
56380
-82675
23849
83503
-73401
85965
52166
-17832
18946
-97318
20258
8972
-32637
49649
-68529
42738
-62640
85514
-25397
25201
-43839
24106
-32086
16592
-24397
19220
56034
-67587
-10202
96223
35059
32169
19636
-35101
-89103
44496
13295
-73587
28847
44502
17237
-22958
81674
-90931
-51982
-7808
-52145
-61804
94227
51760
35338
39577
-46366
-8296
4524
10878
43363
-38403
-39721
30425
33674
-20155
43466
53590
-66506
75114
56164
-67400
-57906
66763
71318
-59844
5111
83613
-33558
-1634
18735
67518
-23574
-65611
43913
81898
-40722
20601
61189
-95098
35846
25637
-10293
-57126
-97856
-25801
34372
-41380
-8682
-92651
-6442
-15641
83191
-16886
96762
-33269
-80144
-92755
-24005
-3138
50295
81826
58764
47023
99604
62778
-83962
94395
237
64758
89598
-98183
-14292
4137
14848
-98640
53454
78523
-58134
49192
-8757
24009
92454
-3555
21726
17578
-40507
-64688
54320
-73011
-57739
68601
-25051
75838
6943
-49193
-96638
66375
-59553
72679
-42248
-34893
70433
50739
56658
-90898
-17580
-95295
-28232
60232
64142
45484
-47010
62168
-29892
57553
7500
67581
-65660
91424
-38454
-75136
-3975
88018
-94681
-93035
7034
-63879
-22170
39232
24808
30131
-18490
19157
45633
-8392
93485
-70632
14494
19603
54320
-54014
-85499
-79826
57793
84069
79596
-22459
62902
-12313
-32373
-63875
41458
-94358
-68004
-39987
-28046
-19444
-94670
-18086
-39050
-11894
35059
-22111
-32823
64063
-24076
-60146
-31057
-82869
83055
5289
-68245
57294
-26781
27760
-33174
-24748
-75127
81599
41871
79179
-31186
-23636
64156
-42769
68530
82031
-39366
-49658
-52005
93054
-31131
80135
84054
-57032
31414
-57386
87884
16439
-70258
-60886
-45731
-12856
96284
-69040
-4036
-36361
-51060
-99000
30439
12035
-27955
-13427
10113
-6992
14780
-95245
8717
55548
-9038
