3900
-39162
3903
81827
-8290
72020
72727
99980
-54812
50103
-48894
47397
83179
97252
-62702
-43269
-53726
-52132
93620
-96328
-54177
-12202
-31696
-17834
-22489
635
-76227
-46610
-42340
37835
-95423
-36882
8644
8861
-98715
-33431
30962
-71613
-12910
72009
-10157
-33780
45450
37279
42775
93603
16549
40155
-49607
41876
37670
70487
73965
-76497
-30599
57293
-8154
53381
-67125
38890
62017
-18225
43910
39098
-47791
-2001
37544
56962
73159
52942
66431
68844
64766
-68700
-65661
-49891
-18399
-66923
-82545
27491
-16198
67257
57918
-74358
-14889
-38988
-37922
-60659
28891
-65468
-70124
29610
17118
22426
-43188
80654
-68606
-78561
23002
-59792
-92461
-52521
81906
-43142
-90662
-76317
6400
78113
-44993
80544
-6555
17110
57432
-97171
-82737
43796
53522
-98165
-75468
-65382
55354
-7971
64427
6515
5289
88782
-8921
-14160
54538
-23343
-4912
41016
-67255
-58108
-45632
-19402
68122
-55698
-43113
-87312
7523
69927
-45445
15672
-18041
-56489
-6353
26747
69840
-60458
16463
10806
-65928
35315
-49051
-42551
28116
97104
-73172
-59996
29854
-95957
12127
56862
79005
-19465
-25668
-24924
42291
-76120
-42918
15566
98307
-57330
-80476
-65459
-14467
-4199
81969
-62399
46663
-8261
51329
-8281
94025
-59285
-3561
-18704
-25323
14661
20462
-42324
-53326
56462
4185
63013
74372
73622
38394
-54263
4569
10998
34142
-70210
-8686
15609
-36492
32730
68524
22295
34664
93867
-81046
-46500
55969
99440
-16159
-73176
-70253
90283
-52577
54607
-35775
29326
31929
7008
66195
-72750
58480
17091
-25265
-71641
-64129
33788
-58441
21382
-42300
-39668
81215
-33566
40904
80822
-64406
92092
-67923
24799
8448
-75946
68851
-12977
55918
-8129
16487
53268
99386
25485
-3352
-97851
-44703
63529
-63401
64932
88846
67588
-60069
-6563
-90759
40680
-87859
77355
31195
85097
-99577
-21990
-36471
-45062
73732
90215
16116
75356
7860
-55165
-55300
-400
-84705
80438
-18516
71150
4851
-65183
97750
58862
84972
796
-85300
44580
-2146
-54211
-68616
-36567
-75102
63546
60953
50420
-59429
-86298
-11045
95335
95396
23575
68113
-25275
93592
-17239
62353
-25534
-86339
64795
13676
-38797
65165
-51562
-32632
24677
-54493
-37938
66012
-47799
17023
49345
-98744
38989
-46666
10845
94991
3781
-66055
-3585
42226
-47864
57535
44885
46314
-85480
-10798
26660
-13311
78905
-33229
-64027
97549
-70238
-67733
-6389
-59190
-94959
69872
81440
-70573
6777
-14672
1357
-65283
-34601
98236
47288
-25264
71075
-38252
-72376
-34013
-91743
82571
85828
-38317
-26026
59287
-80039
81759
-5992
-92937
-3782
-62429
-88513
9025
99362
-10193
-94408
38471
11829
-7612
38199
37989
-43324
89706
20684
-4054
23791
-9679
48655
-15903
-24667
-24574
438
-80965
40264
-52832
86277
84378
-95637
6721
-50652
79292
96125
46659
54924
45890
62463
50253
68635
-87524
86961
-74493
-81528
95124
85643
74469
41136
69875
28775
-1147
-53169
60243
-47044
13475
-74038
-61373
-9404
94246
-70552
-84784
57663
84345
1569
-46922
-80175
-12864
-21233
55459
-32313
60918
-53055
-24796
-67401
34213
99439
-2577
29189
2688
35655
15948
32194
-63584
45286
-28768
-69138
50330
-28190
-98921
-48162
46009
99204
-2067
-63815
-30883
-45485
-57830
-42084
-3537
-68917
42520
97182
-833
9261
57490
-2835
-80387
-92816
-56598
-72425
86417
65365
49319
-60827
-68969
38744
45306
26210
47098
62786
-66325
-41159
-67988
-25189
-30171
57980
-57729
99197
37658
-6399
15651
22276
-68972
65127
-50179
46370
-80294
-38154
-66208
14799
-58885
-68124
-56790
42909
17722
23988
60285
80105
-79659
-27399
92697
-71698
9396
-63367
-38445
-34957
9707
-74772
73716
-73883
-53972
3620
84209
30207
73868
43398
-79934
21477
-14928
92150
33633
82513
48852
-81967
-93536
29732
25143
-44588
-57369
95582
-11097
-31974
-60535
-44567
94436
-16894
75075
83600
11636
87407
10896
90125
92099
27112
-58452
-4609
94132
48992
-75997
-9670
-23224
-98351
29076
30905
8297
87425
51847
20334
24020
-77465
57000
80954
16801
-97370
46624
-21128
5041
-34376
86671
-15500
-25101
-74586
16295
35066
-73198
49267
-92504
2824
72703
-15911
-88652
32933
59222
-13909
58830
-53109
70448
-15527
-89421
89919
81284
-878
30677
37122
-24902
32068
-93904
-28385
39374
97279
52043
43301
53853
43767
17421
-67409
81616
-67224
52922
55775
38434
90708
-99640
36777
-51505
-59224
-19358
-93557
-36966
51709
-39560
79963
67643
8442
37249
-47816
-85212
-2026
6990
90786
-34129
78011
43916
-79706
-41434
34694
3542
66290
-19346
84203
85941
-12857
33552
-74698
2101
-24693
-73051
81004
72677
-20866
-51170
1872
43882
-69179
-66706
77569
-37184
41058
69396
75776
-99313
89605
52040
48080
36517
-38021
-21119
50294
-30506
-84475
-53407
-17376
26349
-39100
34494
78754
52686
-78449
45262
-23397
-85142
65767
29230
43830
11037
68610
6863
92172
-85017
97027
83902
85991
39173
-97269
-30130
22754
-20693
41129
61155
77420
-44703
-53779
66142
-54933
-22601
-39846
-35680
-30851
-81370
-75719
24829
26009
-69627
-12982
34943
-74476
53348
20886
51860
8064
-96119
68128
-59243
34735
-71547
30457
72499
55701
48945
-85005
24768
57099
83786
-43923
-17960
52336
5926
36366
91370
78058
-26285
1101
35046
-90166
9035
-64020
-68859
-52914
469
-76924
91632
-89601
-21446
61820
92110
17723
-61150
-38317
82093
-47219
-76788
-28835
96716
88440
10407
57547
77314
-37421
32399
-76830
57871
92302
-78105
-38642
36350
98450
-92849
-50992
-92173
92871
-77758
35474
42775
49775
-64625
-25509
-92644
-99345
-35022
-69667
-69265
-5586
47631
95340
55162
-39274
-79926
98889
87954
-31112
65797
47837
72772
9356
-95689
-68479
96247
10134
78310
-59526
-13442
-19165
-73343
81794
69885
40434
-30756
32897
-22156
-49488
-24696
77851
63469
26588
-6770
90274
-43522
-30006
-45560
-58772
-44996
60995
15709
-9024
-79940
-22839
-98601
-60694
56647
19448
-2973
-58642
77785
32711
30180
-63335
28630
53614
42099
44083
-48630
-11486
11384
14544
-87397
44092
39710
34885
-63346
12856
-64714
-95496
-25742
96408
45482
-74351
493
-33240
55579
4045
90529
-98275
-17510
-69327
-45446
43287
-59584
-69093
-2538
-45242
-20245
22643
42066
65064
25749
19713
-35027
-90320
-1198
8985
-69220
-82366
-48986
54961
-32854
12123
-28224
-95277
-504
-53362
-96489
-81491
-41032
76841
13280
56262
-72238
6966
-70615
-94261
17778
-47779
-63019
93768
37375
38119
-12300
-6542
51416
-20067
30334
45600
1500
-67377
-58835
-7654
-32554
25648
5172
62218
28740
71647
30815
-15856
-75197
-45503
23944
1265
-45864
-9399
-50061
-27793
-15651
-6375
-27321
24563
-88762
55298
-88598
10791
-54449
1640
-50569
-38496
32708
69889
-23265
82425
78252
94844
20825
-20741
55507
6334
-121
-42120
-33357
49863
29031
52535
-56130
96307
-55310
30217
97035
-64675
58709
96570
-80102
41310
31753
12963
3013
82163
-8175
33564
-506
89852
-97969
69072
-57121
-98335
-48060
-86935
-59670
-67953
20259
-14935
-34115
-72224
-38320
82010
53817
56089
30778
-36130
62768
45069
53521
-26144
-96080
70878
-93658
82859
8112
-36957
19359
4249
90774
-58587
94355
66275
-93853
90948
-35768
74200
64316
70199
41222
9385
45014
55665
70487
-68063
96700
94
26206
-21839
-24832
-20340
-28910
-54999
87292
-49241
97877
24899
-55420
83933
-12619
-85286
18858
75552
32382
13368
-61332
-28534
36857
-65844
-71746
-77990
-49594
1594
60656
1372
-16239
62093
99389
-96153
88500
-71672
93487
-57024
32873
95258
-80783
97948
-68246
-52753
24691
66115
81255
1635
50868
-69168
-35869
-57135
65967
-99051
7980
32138
61540
42651
-67019
50786
15233
84999
-35247
-50076
-19027
-38056
-76146
59749
66482
-48308
84268
34358
60164
-1950
-16839
-87949
75186
-28101
16650
87032
-71000
-89382
-63528
13427
62494
86218
-42380
-24299
66401
-35425
67752
74466
-74756
30356
48748
54569
-89277
-61165
-54910
-81523
-42501
19732
23023
5441
28841
43485
-26090
-59182
-51146
30759
27186
82782
-40196
30305
-43089
-15646
17775
16334
-24730
42481
-42518
87945
32819
38337
-28331
-45911
7605
-84448
55025
97023
65506
94340
27072
-55236
46852
-17665
77076
97136
17044
18641
-59918
-73107
-53327
-95529
-22175
-9142
65981
-90078
-18091
-74685
-4395
-5981
51187
87550
15467
-52286
-42047
66984
-3839
48077
-32276
-46722
8835
83725
36852
-84696
-25342
-66507
23736
-58497
1993
39092
-35559
-32017
62366
-49110
41806
6008
58262
-59338
68740
26254
4501
21486
-13136
-29535
33506
97704
-80718
33079
-28637
93109
71335
8500
-61255
97518
-5301
72700
-74694
-45850
18441
-15889
94791
-19329
22114
33619
-68022
90968
9013
37520
15887
-8348
71088
54868
-39685
-12842
-4140
31959
-8339
-72264
2974
22712
98927
11227
32599
-72378
-64744
10729
50042
-11940
33538
67030
97021
-53468
-21148
-8779
90750
55868
-32053
-16345
-92469
35061
-43910
-27538
-19186
-33800
-12646
-67617
-83117
-68669
-32353
-97866
67448
74321
-20102
-86973
-40272
89368
78132
-11901
-31245
-276
-94802
-57782
66758
13441
-21902
-16229
40546
93965
21941
-76518
1156
67788
91243
-86952
10256
-55459
-64441
81294
-86045
-35894
-50354
-37658
54196
-17115
32023
53426
-55067
-13939
-26591
-50497
56428
-3504
-50159
-34556
16088
63402
-79354
-88587
-43261
24812
-81637
-82827
5075
-23112
-80712
4136
-19860
31913
-24107
-23578
-95818
-62193
17933
-45749
41862
13463
7386
-53845
-69461
29770
-11213
49699
75608
-40468
77823
47563
-27671
-25852
-82444
-64633
69843
-70532
71761
53245
59565
-80162
61236
82592
-74795
-64834
-1575
59115
-60928
-39561
32623
59882
-39262
75981
64856
38386
51190
-27982
-16898
-89551
66154
70116
78541
-72288
-85333
31603
-85168
21141
78856
77216
53227
69940
54469
-15327
45426
96710
88319
-97406
-55771
69282
44727
50789
78154
73351
69244
74154
29733
40140
66937
-70166
-91819
16046
-95143
-74852
32334
35913
55314
-41318
62382
78818
-88875
71038
-75650
-2079
-70064
-2138
-81272
20252
-89698
62808
-9072
-30195
66509
94142
-51536
77414
90825
-51630
-10029
17595
-25687
94549
-58738
-84066
-46314
-99720
14230
16649
72148
-17570
88930
-35853
78958
78073
36510
-96827
-43134
34897
-71608
91686
-57178
98531
-95253
-58765
23542
-49370
72566
51722
-17988
-89047
97849
53765
-95494
79640
-44805
37893
32854
20765
86074
77284
45987
-60830
75648
-74356
3720
-65931
-85922
53734
-17073
-93755
74248
22314
-57460
84553
-70132
50197
-1497
29120
-86480
12473
77257
40787
89960
-61522
3295
-52458
68273
-26266
93198
67373
13197
-49698
47475
-18485
-29669
-7631
-96043
34710
86610
19335
54506
-35737
33434
-55958
19138
9645
-72057
89977
71828
79152
26035
83765
61156
-78733
-52746
-68616
63501
13876
-49916
-6202
2672
717
-32412
-90692
-87751
10812
-48759
44197
3851
-99072
55887
-70548
69640
52762
-58989
27947
48254
-71949
87599
-39774
9457
-2532
-49007
34947
-27839
37615
40694
34153
-46344
-87595
-76664
52201
-37006
24418
6546
35329
83945
74970
-86756
88174
50973
-87145
77352
-19367
-3812
-91646
-93369
-59407
7475
-19522
84120
-13868
-74191
-78235
-60322
-68570
15444
-18966
96829
-17148
86611
-31778
54417
-99245
-10553
50318
21484
53234
41719
59017
-29078
-66290
56254
37887
-58191
51283
-2917
-59068
5322
73024
57109
26420
-23593
93075
-16055
51633
-56144
-46620
54418
-31160
20062
-93874
-68461
-80910
39923
-88121
-77276
49718
29508
83857
-66026
75628
33029
-75191
45157
7260
-57409
16669
91897
-54204
55280
-43429
-37735
-86728
-45889
-13852
23789
-39516
21082
-90369
-33875
14829
-50706
-2102
-85076
-58762
-99838
-36981
85691
-40513
-83087
-99164
76475
-37145
-20542
-12507
-19901
3090
-95387
4092
41833
-84955
84237
391
-89359
-75922
-28892
21642
-92592
-48991
-92240
54076
-44837
84797
-79680
41404
-31279
92494
32146
40737
-91327
5003
9093
-96850
-59686
34655
-25035
32356
-58739
48645
-80968
-33486
-98143
78732
84724
-82296
53395
-72518
-87205
-69431
76007
14221
-14587
95391
655
-28516
31784
49640
-1673
-23779
-61258
77390
-22357
-69184
-56684
6836
-28442
-14216
-32846
-91188
-84872
-29287
-78453
94469
83666
-89316
-76677
-28126
9009
-60992
-15688
-49498
-55899
21323
-46930
11115
-91075
99951
-52293
18771
-53231
-46585
-31740
-41579
54700
62592
18866
56185
68052
-48619
74061
-52833
8694
50738
-23693
62776
-1613
-32134
-28492
64024
90241
21028
-18355
45924
-14721
31744
41920
87782
-82534
88856
89100
19967
47893
30321
10062
-59780
-78536
-39567
-4684
33985
4247
-79078
-29542
99553
67645
-2892
54403
-15280
-88010
57929
-22091
-46928
94070
8522
49073
35015
87849
-82353
99597
-34606
-11752
-8772
92976
84082
6581
-76865
-46550
-55739
-88893
-78283
41133
42192
44004
-78676
-18004
21528
-76032
-91901
34319
-68144
-84977
40302
72848
-46228
14724
38934
21365
-13292
-59561
-26211
-95830
-59340
19629
25727
80570
-73360
-79195
-67180
682
-91019
-5887
6130
-40654
-81877
-43857
-92753
10777
17926
-87052
-94972
-21268
-20484
-15052
57357
-14630
-111
-80288
-22996
85039
-6643
98172
91022
-37781
92815
-5237
-81787
72831
-68932
-87526
66197
96099
-65712
-43545
12106
98134
-940
97836
2310
1459
63984
34059
-47719
-64851
-65704
82903
-51831
-58393
-14622
-83780
-90895
-91981
79096
-52019
49733
52964
-33687
-82200
-47949
-82991
23194
-85432
-3931
-78039
69337
-54041
91811
-10578
75218
17102
-17898
-77552
-76582
17722
-77593
63847
52649
8493
41414
-9909
-63899
-21362
67143
4691
-32551
-9027
93286
-41623
43396
86583
-3989
-6777
-46962
-61853
71401
-69488
-27179
60151
-82464
54157
-57946
-7670
-77438
22210
39880
-80394
40531
2220
59698
38057
-83607
-71462
-56804
84681
69139
-48859
35570
16385
39638
70158
-8219
83949
22674
32114
-81188
-6242
97348
91820
-12407
40650
-47963
-29817
6358
-43693
24751
98782
-38147
17010
10303
-72493
-8137
88256
-42347
72040
-69236
63585
58553
39549
58569
51085
-47175
51878
33040
76604
-93683
47080
-1783
23534
-49125
59601
-32330
1492
88533
55857
-75611
73630
-27712
62648
39038
-14366
2832
-13266
-92996
48677
95984
-60919
-87751
-83574
-72419
62638
42337
11349
72754
-40249
-12023
94234
-41538
43005
-63592
-24890
-84719
-77998
86883
2377
27350
83550
28375
51679
65178
-21787
52175
-21574
-7445
-7663
83782
-14962
41115
-35504
1254
84984
35428
-11764
64703
-51572
-29723
-65085
-8237
19961
63051
21316
28686
-99301
-18869
-15163
-65517
-93219
-94133
-7453
-98575
-91255
-15584
82294
-34700
-66130
57970
-31344
88536
-84819
2684
93779
12953
58144
97968
14828
66725
-50778
-57673
23536
-81229
59151
-3562
-1967
-76627
-52959
37164
-41987
57801
30277
32408
97235
89846
21009
-81481
15810
44145
-46349
25547
80448
-83082
-60682
70199
-42844
16148
-91404
-78554
-50079
-9319
-74919
68812
-35360
-53651
-80433
-34747
-81863
35771
57931
9369
90765
-73526
-89804
-46687
-5310
-17878
12203
-46461
-69412
-19383
-57541
16856
12277
17509
-60705
-6161
41369
43228
54506
-12565
85760
-33697
45015
40391
-25048
42757
-93651
-38214
-20849
67836
-54386
20853
91850
41818
-32611
-37686
54981
58001
24010
-44186
60312
48833
84476
-97601
-37374
41128
3162
-70071
-27964
-12748
64053
20193
-85796
43705
2325
-17395
-47588
26750
55390
-30053
3879
22578
-72418
-30939
-99576
86012
-49034
22966
-29393
-30352
58083
56583
17545
-30883
-18007
91362
74427
-62461
98651
99816
30202
-12254
-64119
19758
-42806
39981
45766
-83711
72912
71454
87188
-91126
-43050
36771
-465
-57971
92828
67382
-55693
67979
92437
11146
69866
-7160
85701
3553
63414
97255
43828
-36614
-26153
-70223
26639
18088
40666
59188
36380
1662
-90465
65288
42200
92455
-19131
37805
-9616
28498
-77196
-2736
85336
-98294
23238
27948
-22390
-63581
97555
31821
-61026
90320
-62953
-11471
-81790
-97070
-9598
75399
-4137
-16373
54941
16729
-29079
-37391
-45036
18693
-91704
-1570
-82268
-46682
18503
97603
-19359
-67501
-37871
26109
71716
-46659
-65373
49152
77457
-95428
-75479
27823
14273
-86813
-62151
65422
-1584
-44081
-68442
68559
-62204
-62465
52802
-82232
-83304
52957
-74700
-72122
-71387
-3109
-10831
53563
32620
4601
-71846
16274
-66686
84131
67826
-93469
29080
6774
70715
50434
45798
61219
64940
48114
-19660
-59668
72528
40695
99845
-69684
-16963
59657
-59552
-87693
-18512
-37147
27132
-79761
-68478
-34563
-92921
69286
-27255
83407
-43309
-56512
-48242
62291
-58914
55841
24934
-18931
-40004
-33580
-72657
90371
-16285
79939
-35351
-5687
18835
-55518
97966
96120
39712
14444
-23089
61501
64989
62854
-63475
6541
36967
87231
74481
-90890
7691
-2631
19400
-92783
59669
84449
-64321
81044
47030
-4903
-19498
44356
-42480
88888
-75708
-36537
-58142
-52377
-88856
67287
66059
-20052
81639
-95917
22204
34499
95782
-31633
-13441
36520
31269
-21748
-59170
-10894
67702
-83741
48881
-44263
27738
-25126
-20344
76056
-68745
85881
-6287
5742
26807
89718
37990
-16514
-40193
-10900
61910
-27498
45386
-45974
52110
-20916
5858
-10648
-76540
-44988
53691
96917
-58816
-29297
22252
91212
98663
98606
-9142
-80476
12518
-780
-30877
-23578
-43977
37641
-19884
-70438
-13421
15818
-33080
32506
43252
-88114
53197
68936
44934
-5564
16404
83707
94058
-25416
-89403
-6123
-27163
-56268
-60611
28240
6699
15619
28773
-11146
18116
-26223
55728
-51056
48537
67246
39728
-18378
66910
48945
24150
-19835
48475
79545
97924
-58897
-2920
-4913
90961
-63955
62500
-16601
-9192
56207
-18622
98822
67453
13683
26225
-25475
1598
-5036
17623
85779
-29263
-7942
-32247
-39487
41568
-79153
-18375
37974
-91331
98706
2685
33403
51587
-61084
80760
36625
-2900
96064
-61337
-18058
18953
-51576
53898
60967
58049
28346
32940
-40193
-51288
77569
-33391
51742
-63941
-5528
81852
68069
94454
99689
97882
90205
-30062
74020
-71986
97015
67998
-3989
-62438
13870
-7111
39034
-66842
67081
50922
16708
49393
35324
58460
96424
47185
40558
86777
-16893
-33560
2518
43745
69535
7909
-87042
-42297
-72696
26036
23466
99368
-37889
-45052
-78510
-32087
13896
-62222
86026
38925
-57314
-47721
40706
58064
-8889
70315
-22934
-31454
-89790
-44908
-56338
-44477
-24612
65167
97759
-3273
-8991
-67335
-11663
-92697
-4368
95931
-67999
55508
-29720
-36720
61999
24632
32446
-1739
-87863
-38597
-37391
-29076
-51704
74639
-57964
-64660
-72877
76904
-18806
17704
65313
53147
-47663
69626
3357
53266
41652
428
90594
58282
69028
3427
25637
-80727
17378
-12375
-78606
-89889
30227
31445
-22961
89816
27829
-70887
-23363
50362
113
-19288
19164
-36606
-82106
80962
4206
23253
45221
-74979
-33228
84230
38428
91698
97012
59299
86186
-41695
-54308
90236
-71823
74561
-40639
63537
41737
36552
-3200
41911
61936
53652
44997
33511
-18720
26324
23530
-830
99257
-26347
-70729
-86843
9502
11373
-77368
15845
39708
-80130
27916
72360
58307
-34073
66729
96608
-44135
-34035
21501
-81468
-30108
72897
-3584
-12948
11814
56206
-91707
73577
-61210
-27742
-88545
43902
20072
-95657
-29024
-85441
-72898
54620
76093
87173
-21833
-30396
69709
44876
-67594
93931
-88464
44393
51231
-13183
-69811
50922
35562
-26508
-16653
-26804
-79847
40190
19105
-43629
-8506
25480
-29279
5898
68438
31801
14
95703
53130
-12704
-28809
60346
8372
-64966
-66660
66850
30726
58208
17365
80236
-48827
57296
-19118
21625
-63203
93590
-37507
81322
67215
80278
-32900
-39429
-22842
-43015
-7470
21433
-43001
16178
-57883
-85983
-7739
42092
84122
9047
-70892
-98478
57308
-30529
-75530
-42566
-964
-37380
90002
-72401
67507
38211
-5822
13977
-5822
-40165
76491
-34549
81082
75635
47464
7337
-55592
-8673
88127
-89036
14856
-61519
30261
-55948
68810
-20112
-75811
-74623
95154
-74824
98123
-54867
63305
-55123
-66169
-12015
-39534
-4771
24093
60979
-6425
70066
-26734
94545
-78975
26704
-93711
37132
63381
-77743
38275
-80652
35164
-98470
35420
4844
-72596
46490
90578
40762
80194
89119
-31799
-98771
-47199
82900
86826
97771
50195
-34085
49074
-80426
60558
46339
-94810
-46437
-49038
95462
-93979
-55913
-81169
-72798
8981
-75931
30596
7858
-4993
-22712
-17886
-79896
-96777
-33550
9327
-55991
5172
-75217
-40538
-61691
-30402
-6671
-91237
-25455
99589
-56904
-38308
97955
-49651
-3554
-14477
-37559
-96505
41404
44681
45095
15292
-1987
-60443
-37941
-12958
48445
41169
54831
-81839
21533
71389
-99190
-4657
87846
65661
-42733
-28665
-70505
15117
-30765
89369
54156
-86283
-37787
85451
71117
-48088
-36467
-26020
19121
-7802
-98637
22585
-42515
-86622
82107
74505
-21506
64221
-94399
-5917
39086
-7311
2806
-59489
-187
89418
-71598
39498
-49072
-97842
89845
-3341
-68537
-48130
30174
77986
-81827
-43660
-83002
52072
99433
35788
-8550
-44590
-74836
-74400
66260
63799
90750
54571
-31819
-80527
-23782
78031
38369
-73496
-18046
22705
-36458
-5814
-35824
-85374
56458
-62761
-1445
-36775
-60191
87576
98498
98620
81032
-53009
-72168
-2498
-45711
3786
-27796
-35134
45803
-28815
-25229
-14563
19101
92799
71125
52570
-46690
-64850
-67695
-40617
59444
-21813
54157
-43892
2024
92424
83966
-7700
62018
71152
58928
-5021
-16281
-82507
-29198
44672
-437
19749
-11742
87853
-43372
88059
77072
-79655
72205
-28206
9106
31862
-26173
54069
-46428
-34722
-83072
-66415
-96775
-69487
-76319
-71156
-47518
77081
-66090
68398
92250
-1906
-34698
21181
34860
35190
59517
-90520
8641
19332
-83229
85017
84810
65665
18777
12269
39366
-23608
-3677
48128
71408
17771
90061
-36895
87369
89012
47435
-43163
20413
88133
-15055
-43561
-77323
-45727
25547
74381
-56904
-43965
47386
32022
-26818
63212
68076
-85233
98963
-99077
-33962
8725
2660
-93004
36881
-53036
-18902
-39517
-76433
52606
9584
89689
58680
64280
-39806
-14443
46821
33838
98228
28927
85304
37351
31180
25805
-79754
62771
76813
-21048
-37822
73952
-50463
26793
-38888
-61044
4066
-9699
-52382
-9611
51909
-76312
-92294
92780
-42461
-73819
82557
-10968
-92763
9836
-80248
-9801
-56820
-79860
18578
-26416
-64549
54007
30246
12611
31713
-16579
-44101
92753
-99737
72625
27826
46936
370
-84120
-58261
77287
43509
-58401
-15101
-36112
67606
70908
79214
97627
86939
72301
-59282
90615
-13391
53101
66094
-30965
-50471
-48219
87805
93579
55791
-30929
20138
52582
-86440
19765
-90888
76860
83528
59768
54654
19565
29102
90093
-24290
68749
-37764
-61759
-47585
40947
-21482
-98498
40810
-39823
96278
-19130
-64290
61917
40314
-2501
38352
-59826
56363
98497
9122
-68445
3114
20891
-48834
-68995
-59623
92530
-69840
99596
-67484
-66124
-43426
12423
93706
27673
95076
61429
-82740
83521
-79088
-82071
-23952
-99398
66103
26763
-51150
35549
-96142
-2672
-92536
-35625
-9671
-40181
30353
-15803
46041
27805
-34983
71801
-61099
36488
-80821
-4006
54999
64738
44852
19624
44369
46437
-53840
-21668
-97995
-89117
66739
-23891
64717
23767
34230
33775
-25609
27542
6011
-92458
20289
-44508
-44161
86297
50589
-32606
92732
63026
58369
33829
-46120
-63231
98398
-34269
52525
53136
57402
14919
26102
28210
90028
-71708
-73134
-42364
-11148
-32187
2360
-62379
26100
-98974
-82184
-63070
79183
-16976
-14486
-66374
-23587
79120
21173
-6272
-12920
40039
26877
-63153
94854
1357
55338
-29320
14707
-64226
-71854
-90522
51849
70703
-81278
7971
-82625
93595
10478
50227
42044
-76741
-10126
-94242
-61257
79603
19012
-82036
9005
-54295
4025
-62136
81917
-95343
-85904
58855
22243
-28828
-21409
-36926
-6641
77615
-82952
29150
38497
62792
-11209
76717
85700
44187
-92533
-72531
43108
12834
52510
56879
-371
-48845
-72573
-59406
14242
-41549
-37253
15470
17078
-67224
74852
-5076
-56374
73453
-20033
65170
84260
-77058
540
-91715
-15096
-29965
4452
15495
-92395
53834
82627
-70232
87167
-85155
18608
89784
33189
70962
85978
10450
-9585
-85519
-58127
89685
15237
-50128
-3762
-90812
-16178
53354
-2177
33421
46340
17487
-81101
-67737
-8496
61045
35966
-27884
11272
-29460
-33398
74374
11042
-19089
56347
98654
41747
-1163
48701
29135
-25080
95975
78604
13665
-68864
48429
9632
-17518
-84092
-51614
-23405
-74857
-27772
-70746
-81488
-44928
15056
8337
92857
92985
-1361
-59836
75349
9836
-22816
-29732
44564
97476
37738
66432
45345
-33715
-5406
-73958
-51325
71095
27513
-67613
55759
-27847
74303
31510
92910
59667
-78344
95558
65735
15787
41305
81931
-59832
-44583
47904
-69672
4374
-58114
-73331
-66136
67023
-16497
-3904
-80425
24056
-29136
56240
-78963
-2424
21307
36165
-31467
70928
-96993
-71277
86156
-86459
-35163
35508
45172
-40788
29198
1473
-34968
-63584
-59111
24877
32170
-81149
63265
69630
-66024
-10689
-79518
70760
92158
10616
58332
13511
-45884
27920
-98480
9464
75976
-12778
24295
-98923
75079
33932
-80142
-66036
10356
-31981
72268
-14948
-19221
-1419
-10852
-78869
1919
73871
36855
20358
14127
-59943
43874
-48267
4344
-15469
-843
-60614
-17468
-78770
33690
-59354
-44736
88469
17973
-40423
-4149
30326
-29090
93396
-71542
-99024
-24439
-68996
24728
-91078
-8633
15470
31259
48814
15461
31481
91954
93009
36786
6396
90442
-11969
-67745
-90403
-33968
70583
24958
43747
35456
-70783
-98067
55793
-55332
81784
-9716
92896
697
1784
12393
-17416
39219
-69404
-68547
82314
-60735
48340
96656
-43540
-54237
88026
75063
-24174
52984
64496
-1986
58949
-12628
-90689
1632
16771
95438
27726
2739
-42828
-18753
-83515
-42655
-76796
91462
8029
92944
-97695
95361
-53145
-31709
21523
-72266
-6411
67098
-85070
11464
-50839
46869
69833
-69883
84504
-71050
-86010
62044
19738
-10397
80858
72364
38320
41579
53299
56759
-19245
-47808
-38509
-49803
-13035
37858
-31219
16901
-3530
80605
33244
-9217
-47034
-87256
49888
73188
78129
-76817
53494
70967
15788
-23701
-52366
29989
54331
95596
-62724
75167
-55076
-63112
-24124
55432
-34925
-79794
95971
8394
35155
25987
-880
77123
78022
-96306
83387
87837
-4167
36767
-12279
29692
61223
49961
-67603
-24752
15393
-38463
46623
23946
36887
-85282
-15940
-98453
-29563
73024
25146
-82569
-47172
65646
65414
97289
-30645
52440
-63172
-93184
-45813
-5798
48706
-61801
65668
-7583
-75326
-78253
-33921
-70424
43842
-93739
96553
96540
48097
-45617
76129
58974
64944
-87149
-9057
67366
60970
9991
-23040
-67515
-69742
-73803
-64014
95363
99880
-12161
39352
-76762
32391
44399
94362
90900
-67490
68013
37421
3792
-35000
-79030
86970
12320
39947
98104
-75250
-22513
-52886
-74980
-87074
