400
14525
-50537
-43688
86551
-21450
-75911
-26799
-50304
15848
-32007
-56598
59676
29379
54815
-96914
-33542
7543
-41073
-28657
-38999
94799
-89664
18523
-37820
66296
66005
-89267
55519
3232
73306
-53760
72141
10362
-33956
11390
-30261
51166
-42204
4727
40524
-10100
83218
-93747
94945
-46063
2579
63180
-47355
54850
17279
20791
42434
45221
35665
-18627
19396
77168
-96124
-19125
24376
10281
6470
-48581
-20831
33900
-38757
-52118
-76617
79179
-30767
-53913
-34565
89935
12700
-32953
27292
-53411
22605
30997
77887
-77068
-37325
84966
-19729
-96237
-59698
-62197
44897
29880
24044
-51103
68514
66306
-11421
29378
97823
-38024
62634
-38946
7889
-94814
3412
63780
88835
-76267
-74071
-41127
23681
24653
-92382
97164
-28961
-50318
65281
94368
44963
-15491
48523
46728
93776
8244
56355
54034
23952
-99759
52869
43738
3644
50177
76763
18399
-19381
-83128
17407
-83342
24598
-48767
-26802
10506
-81212
60611
-47323
14517
16471
-77728
42299
-86039
-53039
-83705
48091
88185
52228
70089
64316
65699
-2123
-6472
44990
-55482
70444
-90004
65155
-58768
-71333
96991
74408
73366
14569
-23176
-49953
-42211
-56103
-27419
-58325
80661
860
53345
-95754
7685
76975
37077
2514
-85471
-90318
-18213
33866
48344
70087
5341
96229
85834
4707
72348
70839
25943
57396
-6195
-85021
45330
2415
63453
-59536
50261
39797
-12971
4679
-91986
-69279
50969
-79226
4727
20081
77771
46021
20804
-90226
45517
95459
-56587
60025
-77277
-88565
106
39892
-88010
-11831
-63978
13067
-13516
-94142
-66259
24541
-91499
58645
40119
8075
-4551
59021
4934
46171
-67027
-79168
-51004
-74231
91853
-25849
16358
-23285
-57149
-15207
-28163
90559
-2387
-8506
39787
12340
23709
15886
-51790
88274
20026
64092
-9816
-70937
-60413
-59422
-29817
-51698
70708
-89454
-53791
-12802
-83199
94133
32112
-66388
-1665
-15636
81035
-95842
-96222
4162
-95435
39374
-60383
70506
75600
-51977
-7882
2521
4015
-85697
-99455
-6718
91273
99264
-7732
-47573
-23095
-33676
-6295
-65175
85441
10877
-11656
90492
-4865
-14321
17669
46857
89912
-64197
-75250
-93904
-28127
52504
-86110
22089
-72291
65488
31460
-90368
-99119
87236
96559
62474
-36589
83101
5779
43075
-91264
-82512
-96770
4070
-92244
-93619
62647
24232
-4428
47397
19139
-11087
-26448
61333
97706
-89672
-79419
90771
45715
45818
-59177
-63180
-82868
69270
-49637
-71849
-33946
27976
-67766
-19982
-33923
-31808
-7759
-77129
-91050
8478
58981
-53534
-74527
92813
26773
-1182
-16803
-88647
-20488
-99679
-48357
43054
62885
44018
42778
6414
-46143
-33322
-45487
-44497
63378
-70101
-95988
-33009
76914
86642
-12946
23860
-86432
69499
60309
74212
-3087
71343
