4000
-80608
58790
81910
-76463
40586
18751
53619
84206
-65379
-10791
28397
66149
62220
-9014
-27280
10648
97925
82726
-1884
84671
11123
-54435
63446
-4715
-14436
-72527
-63758
53410
34793
-16686
-30195
-12634
83910
-61481
75295
94047
18912
-59941
-42098
33783
84811
-10574
-79323
89230
-71162
20679
-24669
31135
18774
-74092
91248
-59695
91918
83772
81131
75484
-59728
91720
-2658
-95786
-45138
-51588
4947
75546
67593
-1643
-78976
26771
58395
-27614
96861
75946
-50000
-2628
-85930
-44790
-83954
93732
68636
-49652
-6635
38839
-48681
38084
95425
57488
69686
98471
25485
76986
-1754
76503
5810
13328
5024
32845
85710
66548
-46819
-24094
12831
-60568
-62427
65338
-92626
-53044
49029
18830
-72312
-44940
-70305
61844
-95001
-92187
84059
38860
9328
98605
-55748
-25623
22870
95196
-70003
-56933
91612
-79646
-18502
-17419
-36873
-86009
-50182
-74560
-54767
71105
-81814
-17445
37738
-43659
32054
28429
-15399
-93171
92784
74537
9137
88818
-56638
-59620
-32961
50790
94144
73175
83311
5121
-79657
-87341
-82546
6726
60323
66693
-64407
62434
15964
-73056
29717
80000
-61393
-95102
-90808
35211
76843
69628
16165
68033
82770
33985
97493
81777
-84144
78250
32272
-14575
45768
97251
73212
72446
92297
-99978
37996
70288
85151
23218
-16823
51097
-47610
-59017
3278
-22277
-19846
-89119
48557
-92381
81130
33295
37199
-74586
-94646
-23281
21817
79414
21896
-69657
55370
71680
70678
-33790
-58912
-69210
-39898
89206
16603
19412
-82508
94766
-23943
12353
11708
83705
29409
-89404
90317
86126
27899
-27888
44534
55289
88508
-74930
-21860
92167
-4737
81622
-52243
-46070
12367
-88247
51695
-49943
86529
-45299
6322
23240
15358
-20186
95780
86575
-80225
36654
-27069
-55655
64433
33329
-5395
-35109
31255
79335
91283
80495
31951
53518
51276
83037
67917
-79068
81670
-75643
15811
61054
6743
-83509
386
15368
113
-92769
12410
65498
-92236
-73369
-23651
32050
-76514
24268
-66206
-74028
-10146
87454
54694
-4037
17606
16869
-43667
-89606
-82018
69765
96261
-15692
-57324
-13683
8331
-908
-92783
-42596
-27257
15594
92840
-31376
-98957
57539
21800
-97588
-11367
38372
90513
79622
-41766
41282
-66205
-86742
-75062
2464
-43439
28238
23353
21542
67477
-26700
-62259
-4901
-15587
-36715
11595
85312
-13213
64080
-58700
-25208
73114
81839
48780
48887
-86780
-29231
60406
3285
30560
36474
28282
48207
-69439
78836
27433
9899
22266
-48289
73432
-43674
40374
-41700
-9784
-72212
-44764
8466
72486
-52620
-40817
-18405
-47187
-74059
82827
50063
-61783
44168
2443
60779
57943
45723
-15088
-41379
10409
-92337
28796
80686
56741
-36624
53317
21132
71597
-9010
79301
-8845
87321
-86276
-83091
-20680
1152
39972
13850
60978
-13034
46213
74368
35077
-99409
12939
86275
-52148
-14430
-18806
-90332
6114
48649
7958
-64168
-78835
94628
11713
66421
-37688
15133
56114
81989
40172
7910
14238
23421
26554
-11970
83174
65864
43399
73171
32269
-1988
44229
-83390
75924
80942
55402
13498
-47307
38752
60926
-81986
18040
-77543
40966
-93303
80116
-19698
16328
26571
30118
-52292
-60357
39506
17447
52695
99149
-38204
24205
-45220
71056
20744
43809
-22333
-20094
73541
-51528
-7088
-23177
63298
-62032
88969
-89371
22445
65800
31170
3916
68599
45533
64276
94336
-36836
51453
95340
30676
90432
-97558
-65089
2213
11829
-23123
-22373
66560
92953
-61037
2329
-17359
-8547
-82999
48623
-89431
63904
13327
45154
-31605
-57351
52444
-8616
-51757
45396
78543
-44789
-1181
44403
-23155
72922
65900
-27690
-72837
-82630
-47371
17014
-64679
72713
55371
-91093
-67335
-77757
-63290
73005
36187
23053
-53645
30647
-87961
-59793
-85469
64967
55431
52575
-28081
31298
57118
-48008
-23642
-40459
-43672
-61174
72693
-19721
1903
42314
-79758
-28246
98151
-95126
89445
74848
59431
58884
65588
-12198
30212
-25617
31753
-68821
-64500
66164
-42014
90939
-96036
-57381
22837
77159
26783
-88930
82109
-54010
56227
68991
-17819
-21817
50009
-40587
-31280
52918
-65815
81410
-2429
75997
-57232
-94816
-73616
12999
-72681
-73447
91808
76320
-88175
41782
-78725
-4808
10352
60431
-80713
-54362
-96283
19522
32411
31369
-33774
1215
-99601
97834
90702
36735
-54526
16701
-25036
7828
2327
-36794
-27224
-44068
94125
77657
34920
59791
-7446
-87751
41802
-66824
94435
49570
-80808
-89855
75275
-47773
71428
34598
47093
-22750
85193
91020
76039
-24060
-76447
90026
-24963
20068
-51171
-96795
-18025
2048
-64348
-73478
-38623
-5837
95178
49045
10397
39516
-11508
78142
61454
-75490
-154
71475
-25629
-80511
2129
784
81791
4791
25692
33515
-38687
23352
-97626
57660
32309
88462
41782
-10055
-66442
33069
69623
54720
9470
-39302
-15085
-24210
-40149
80556
-43926
14477
30320
93136
-59601
58793
-51595
66214
77343
-79229
-48148
40297
-51809
51551
38578
46444
12658
46712
2909
91744
48980
-4012
26216
41650
74677
88882
13304
36305
-91435
89631
45386
94157
30584
-88024
51900
79899
32071
32745
-29900
-8459
94851
-85372
42481
-28386
95718
-68370
-96404
68099
67352
22819
-92950
-84547
-77814
-56007
-5919
10100
97779
-8110
-82236
32285
-13595
-42260
55277
-12509
-42933
-77101
58791
-57244
22402
22582
34197
-2222
58512
53014
-20351
46458
-23547
-59430
-67195
2721
-88147
56704
61456
-41462
-94034
-45138
-66154
-89835
-80955
-31962
-35946
81858
23255
-1320
43081
38610
80502
-25518
-39708
-65522
-88269
11731
-80182
20769
7259
-37763
-61806
-5856
12175
-57240
39920
28971
-74684
28947
-64382
91819
-97453
21877
-92679
61434
33533
-81806
-79646
-61277
83135
-79575
38544
-45122
-11442
-91158
88168
81150
-34384
-14971
-58679
84486
25079
-82179
-9450
56565
-99942
-85476
-67103
16515
-65039
-57632
66229
-57085
43661
64595
68800
62856
17649
54392
13339
37540
48177
-89951
27896
-78260
-63642
97630
4199
-60201
70539
42959
29444
14117
90168
-71845
78209
62684
11384
-75527
-88820
17806
-75191
92651
-3236
-88906
7407
-61109
77277
24737
-12619
-24578
80374
87082
48897
-6971
-21965
71070
38483
58802
-14444
54974
91098
-75273
51889
-97694
21427
-9702
42056
-42438
-16513
-56315
46949
97520
8351
-88007
24301
-29782
7503
57571
-31930
6571
-22372
32647
-61082
35993
46019
-4839
-98825
74457
-40664
28010
-58844
96342
-66001
63743
64195
-9503
-66693
1278
-44705
44082
97665
74690
55713
-23923
61064
-92531
-24742
56320
29439
-98275
-39761
-44663
97018
-39401
-56095
-6764
32715
41376
75959
72417
39929
-35189
-74037
-53820
-66336
-46164
32751
-34938
-99420
-74805
-99206
-88087
-29549
-91595
-16398
94473
35095
-80404
2839
-58594
4436
-57346
72458
-15778
-98076
63219
-4968
-31681
-44308
-44705
43623
77594
35611
-50024
-4932
96811
-91841
66114
4455
-98763
643
34054
-32628
46467
-38327
99873
34958
-55863
-66208
42905
-4839
-75416
-86046
-61814
74700
31696
95021
-87970
99330
82560
-92356
46619
62524
81193
10337
97493
-20372
-81936
5921
72773
-544
11154
-48724
51570
-76790
-74909
95863
-95348
67560
-145
64632
-49640
-60332
-88703
-84355
21316
48362
64769
14122
-28964
-67311
-79752
85709
-33451
35816
-32016
-9057
-73145
-99313
-30729
88218
-25608
1487
17666
52978
-43757
-91801
58669
-30351
-80456
-41036
85024
-7758
28845
18364
-75634
-51079
32434
-1449
-71977
41774
64369
-76038
12493
25076
34708
13857
-69228
-40278
-911
68376
-22493
-32194
-415
2087
-35033
-51223
87406
-11048
87750
-63989
49386
-39386
41856
-19485
-12324
-46332
21362
-70742
58326
-23290
-81419
88781
-80286
-61968
64739
45766
81242
-62950
-51846
-72874
-19625
-9924
45912
-45599
40834
-6628
-90266
-27739
92294
-71023
-41326
-23592
-56410
86579
62836
36702
-23702
-45727
76498
-94236
-68875
69870
-40321
16732
-74446
16040
98718
-76395
-86739
88007
59844
-28298
-99778
-72529
-71749
-16618
66463
-50718
96227
-25285
27039
90693
85044
-52114
76975
-77235
98206
95543
-43238
46214
-31151
91131
21458
-99776
-85352
50798
7589
-5546
-10976
-3594
-19889
-1380
-14825
-3362
41000
80804
-33744
-10317
-36866
-30163
77315
27903
-17667
87209
-57968
-78177
67659
60074
-9884
70787
-10831
-65240
2388
3906
85875
9585
99494
29656
24640
-14930
63184
72317
77444
-82611
-20584
-30110
3803
-28912
93210
-69685
-41759
-33294
72296
56899
-53339
-88783
-88565
10241
53692
-59523
-70040
64982
-31887
-79301
-85890
32207
12250
-13130
37772
63917
32774
-18973
45392
-59330
-33518
15311
43945
-20969
-63525
67751
67614
-17103
21901
9891
52407
-22498
92314
-47983
-58679
18342
-75001
-69190
64400
93826
75872
45554
99508
-21068
84876
80449
-36882
-66431
97851
25641
67524
5132
35835
-80684
43440
89809
-7318
-54948
24031
47546
16134
81142
-71467
-83487
-82784
-63172
74669
53795
97712
27733
86206
88925
-66239
58499
-24806
-22522
63885
-64696
-21456
-77143
-34397
-92746
-63599
-84419
-74300
82386
60559
48354
-17906
36772
50242
-62661
-60016
8606
37668
-12446
93180
43878
94492
-92468
41914
19330
75672
-86789
-13415
12191
89683
54362
-30112
-32130
50806
-53000
76355
-52292
-29798
-92188
27313
-35140
-76948
56289
-60982
-98573
-81942
39430
85358
88079
-6774
15157
-48271
-41979
-82183
78709
53674
-1994
-87616
69231
-29205
47613
-6653
29634
-37173
-68905
-91292
-50941
-28130
4271
7492
7380
-87930
37958
19306
40415
78371
-16132
-75908
-66064
-38234
-45315
-64023
28845
61891
-36469
-93847
36594
13189
46371
50140
93069
-67909
73231
1807
49747
60624
-68344
9182
6877
-69512
-89531
-98253
-91422
21446
96612
-80980
-55630
4699
-57868
33243
-36659
77050
57501
-32921
76574
9078
77548
63183
-40681
-96436
56191
15055
-31830
-7859
-83191
-30565
-61919
21236
-75197
11080
-42662
-23850
-14928
-25974
-31517
50103
-5493
49624
45678
10424
-82162
-35156
-36559
-62034
-84575
-3802
55325
69711
-91874
-7664
-57736
83014
87613
15868
10329
-69850
-93855
-39926
79807
-4678
43134
-87034
32591
-98757
-56475
-19922
90601
91675
-27923
94161
98534
-42050
-13696
97874
-91665
-93240
12479
-93684
93757
50449
51027
29007
36136
-16907
28753
-38903
-92818
-31735
-12151
54913
-75581
-24984
-33493
-17732
-4657
77803
-6121
-44286
-58167
-5897
90368
44922
18350
-47121
-78725
71666
-50339
95818
23402
49979
-44206
41408
58303
-1935
1853
-21409
79215
-11623
10622
-82886
-41290
-55005
4352
-52096
13312
-15090
71663
-15574
-28357
-23382
91735
-56946
-58505
-72391
-95398
-68079
4790
85551
24590
-67206
-55914
94937
-25743
-66015
18584
-86694
-53943
83462
64780
-82992
-81699
27069
-81253
-88172
58697
98055
-10768
86176
66498
-45763
73604
-21812
52391
40421
-36922
17713
60159
-5273
-52125
79534
-62059
98393
-80393
84873
-23507
1719
36176
-65107
-42910
32878
96154
-38255
-77475
83287
-14099
-11142
83700
10369
-28176
70295
54685
-12377
95976
57097
-75763
92673
14817
-43642
47025
-33226
-37961
46611
-5176
-98066
-4671
-48594
5467
64006
-92581
-14898
-94758
93213
73359
89922
17429
39179
-83936
-19786
-56941
-27086
19890
-85099
94930
36972
-59303
32904
-10340
77924
-8260
-88804
22211
69696
21477
58817
27513
-57860
-52631
-78930
-69042
43666
15983
-43358
-7482
-7275
17822
68742
-77418
-55394
-29721
-23313
-62277
-33763
-14036
98687
82808
39825
-90293
-75926
-83670
22866
48652
36758
8137
-57205
43363
43164
-78083
-70394
36129
-40916
9050
60192
36093
-71667
99386
-23589
50107
25089
13942
26962
50807
-71034
99009
-67577
71824
35001
-75168
89432
96308
-46762
57354
-41583
28547
45274
-4008
88347
26146
53065
-79960
-78447
71903
-40948
-86508
98611
58492
6066
66570
-65613
-70054
-53545
56776
19821
51652
1762
-5961
308
32404
-67032
-93727
55623
70149
30382
8335
-63837
-46825
44235
99971
-1102
55001
-26708
-43378
-12575
-10922
16626
-51952
97679
7966
73014
-77110
-29215
-59984
90604
93089
-57422
-20159
32357
-94542
-78744
61099
-44370
41676
41186
22837
48918
97742
21645
-49733
51725
-92002
93910
65274
4072
-9981
3130
48762
-16319
-96
-69960
47128
-85828
80846
78888
99311
-27164
-18028
44006
-10717
57459
54278
-37018
72521
38320
22903
4907
90806
30771
-65828
83027
-26269
-72444
54398
22026
-25030
29666
-3813
-7521
-53761
41055
-27814
85363
-8098
31912
78250
-92275
-61491
-87069
-18122
-50357
3613
-55503
-86650
-37004
-71709
-32429
-68363
-59736
55165
-6872
-65909
7544
47939
14868
-98377
-96494
40652
96893
44330
99157
-82086
-15505
-28014
12739
-21341
72352
-28751
49364
1149
39565
-21734
-30681
-17563
69186
456
-94508
-15829
7673
47515
16989
37054
-11878
-57040
-39486
54032
99425
47707
-25229
-3163
14622
-47996
18464
-97859
-89067
83163
31469
-75172
-10107
7993
-29503
45171
-11002
91540
77694
45740
-47733
9183
61643
-23529
-81400
42748
12876
2668
-5011
-65057
57651
3836
79376
-10048
71216
55289
-89624
-98244
-2044
-35042
68917
90889
-98893
-56964
40830
51796
-37160
-66205
46770
97657
-28718
-41943
26160
-45986
-99492
62490
-27486
50349
75771
-89028
-380
5996
-3696
92285
-83773
-18374
61197
87803
-73856
-42648
94084
-20304
11251
56369
-54565
32377
31468
1304
21468
92161
-52811
-91107
12969
-63794
7956
-30437
-87603
18472
-5651
-62911
41197
60385
46723
-1622
-16355
-78906
16415
-53220
71119
83360
-12343
57882
48678
-61209
75315
-36570
82856
-95036
-88330
29335
-7086
6145
-14988
20114
24070
-99568
-12132
73064
-95264
-92043
-64437
35596
65702
88848
10192
-3473
5533
31755
-73208
-15686
-72904
-76644
-87128
93223
72364
21367
-48871
29757
-87393
56916
-60738
-83162
-32450
86936
-84271
-53970
76462
-34525
-94229
-66150
-22310
74933
-29918
-38941
30315
42045
-78388
-90930
94230
-22912
-92126
-66071
-30514
31202
77568
-58973
-35813
5589
-73847
-8119
56451
-25381
91752
56473
39844
43193
4529
93125
15907
-21190
-89499
-30395
-45953
-29092
-25643
39897
-23937
29596
-52195
71258
-81462
22233
43026
-3268
-97771
56359
1910
86947
-29130
-10381
-65816
-65314
-11112
-79986
63385
-34236
-68857
-82920
27384
-93783
-10773
-90486
41840
-15811
5202
77855
-52153
37506
-21210
-36128
28391
64361
-92610
-37813
-47558
50440
-17649
-83617
-69394
-62791
14979
-59001
66520
47505
-40670
65632
25844
-60933
49517
31657
39051
-37711
-68406
-46522
-73939
-67754
-50344
-36815
-18850
-32845
37796
21374
-37619
-8051
44917
37960
97791
84639
26050
73405
-37045
81722
15556
1796
-32898
59317
31718
-24058
-72866
92754
-93544
-81504
27788
-57298
10498
-41565
96067
-90972
96662
-71290
-82627
-71232
-79874
-64215
-30732
-45093
-33739
-77882
8005
-98280
-77775
-31370
-85135
35065
-58818
-57698
42750
29471
19878
56692
19515
80028
-58292
-98063
16864
-47306
-39335
45205
-23981
-82053
13325
-55534
-24377
-87492
18679
31830
51967
99687
8512
13624
8305
-33211
46241
-76034
-73019
91532
6453
68617
22780
-62366
71145
48670
56430
-66449
21327
52881
-27092
17373
-38830
83344
86788
92271
-32316
9225
2338
36027
67859
72569
-16685
-123
-55845
-59566
-42203
-25798
64789
52616
88427
-40058
-13588
-37575
50077
61970
-54288
24055
71324
61341
-59933
46387
59154
-75018
-29199
13959
-47624
-83437
80766
10335
19313
73553
-79785
-36155
43476
-39927
87882
-14135
90311
-84085
-28207
-14135
-7802
-87494
-13015
-92638
-60221
-10748
31681
-23757
-90904
54140
19022
-29429
62840
-51435
85499
-42257
59859
-32323
-59842
14025
-4200
22419
82502
25007
64548
-30585
2256
-77297
27321
-20979
2841
-23883
-28421
95230
-30162
31225
-48813
-70453
15583
79560
-78794
46046
38418
94029
-83456
31247
-9485
6651
-79686
19007
49609
-65094
37435
-20331
-3612
-86997
44330
-4333
-74190
-10662
79649
-18412
-4878
-49281
-15443
54244
-66752
3953
-72718
-2564
-38450
91496
-37524
-66216
-87181
-4755
11920
-19273
-16291
15264
66896
-66513
78499
-62171
-19010
19626
-74251
-18067
-1912
-89280
-14475
-46500
23137
-31501
-43298
54620
11969
-27263
-21790
80382
82050
81450
9491
-73272
38955
-46978
7159
21599
-25334
-3423
-73730
75794
1082
-29217
-19953
-64704
-59451
97894
76030
30568
-2270
7588
95258
89099
-58913
-68866
-13020
82176
89178
-25239
99738
84308
39081
43561
-85392
39067
2777
-53980
75040
-5992
-22828
-44190
-68135
-21692
-69220
-51356
-76141
-33729
-75084
-90850
-32638
12368
67229
46929
56808
87834
28093
87049
68101
44958
-50403
70448
45162
-44441
-85815
-56626
9708
7894
-38
798
19635
19146
-65584
49486
-82190
1771
-96231
210
-66319
88788
-44497
-46875
7045
24667
43421
98845
99746
-65154
-88415
14313
-39609
94123
-98259
-79062
-84137
85547
71304
-91284
-96824
16173
85330
32576
98868
-12437
52004
-58889
7245
-7813
49365
54653
-13330
-13324
8282
-45617
32140
23867
-33979
-5926
67275
-15447
47342
47730
85101
33498
-96337
77419
-98587
34069
35016
96344
21770
-81517
15523
-45026
-68825
8302
-58893
-22029
-68305
-79385
66357
30137
-14835
39124
5273
90289
69658
-67612
-3462
54109
-2520
-97583
-14457
13367
74683
48865
-81914
-94713
-42857
34584
94575
99045
-12811
-68547
-16012
-90165
14735
96711
1888
26134
-68198
-20764
-64483
15513
8212
71655
44560
56414
-67725
-4468
-68193
67194
-85891
39592
27154
-58676
-67594
-70158
-84137
-50286
97779
-53849
82784
61095
51917
95967
13927
83037
-69071
17002
-77103
-96333
91157
55398
-70672
80691
-99003
-11807
98083
56491
13403
-40987
50200
88517
-38195
-61084
-16462
-17787
-60640
9857
-21627
-46369
34491
12089
75326
-43533
-45610
34732
9568
934
-73327
76108
1769
8606
88417
12897
28051
28570
60389
-68298
49846
-21141
37911
63715
-51317
-26286
-96290
-24328
61003
-79880
54463
-70461
11765
-82876
-4684
65279
-29393
22556
-31979
8665
-18236
-23684
-19021
90527
29068
-73108
11460
16648
297
-9887
9336
27802
49069
-98766
-6038
-55236
14425
34677
61618
78744
-71551
-45322
94551
-49108
-36085
74643
38050
-78034
51670
76791
16717
-29478
-49865
-81359
-15014
86233
11678
-99536
59009
-19057
-59113
59101
-83583
-26687
-28948
43605
2264
-70430
21864
-54974
18510
-13447
15607
-51179
-39701
98672
-99606
80930
-53496
73146
-69482
-29481
-81149
-97118
-96804
-55270
-26484
-10195
59331
60863
-12068
-22548
-28672
24739
-12090
-43168
43928
2280
-48026
94921
-6756
51532
-69067
-67571
56019
-58136
56703
48770
66806
82051
-13461
48088
-89003
60369
65017
65958
-1449
-97205
-50037
1679
41502
21100
-2918
-14960
-16887
-92539
23241
-73878
-67821
-84291
-93290
-15322
39321
69801
87405
50314
-37512
30148
-91561
62038
-4332
78795
78159
-91845
61110
31352
-77643
-15527
24845
31512
-19044
44275
11221
-65077
73150
-84302
74453
-91048
-58929
-63406
-46654
-41366
-90066
21101
96257
-65045
58424
-41054
-34486
-17796
38967
32418
-4120
-94002
-38024
63703
-41379
72032
-41798
-59407
67298
30549
88130
92238
31947
-71183
-59636
-54204
15369
34544
-33124
61070
-48502
22723
-72270
-88622
38907
18344
-5605
15435
-3219
-84188
26276
-70440
90517
57056
47146
-29664
-21202
52382
22989
-26784
-12167
726
-12349
42962
-32412
19633
-76856
-54533
89865
-23007
-19533
-99246
20237
38107
-92700
64136
-73239
52082
96922
63672
-93307
47953
-43039
21165
2624
73429
35432
-19062
-79156
-48187
-98447
-96550
6903
-4369
-38559
22069
79364
88608
59767
-74101
79032
7231
19354
-26160
-84816
48710
23818
-82492
-90065
1374
23545
4958
-58570
4759
-95885
-73708
3788
12033
81463
-53750
92829
24489
7338
77140
67199
-40781
12641
-72726
18511
39121
49116
-80665
10554
-22563
-39725
-47491
50584
-85991
57448
58938
-15822
-38976
-86981
45231
-62300
69768
40028
-53502
-69154
-38729
41691
-97966
-79164
47519
12284
71938
48118
74872
-51001
72613
58538
-87272
62907
-39356
-89228
-87151
25762
-87858
-98265
95399
-55744
93021
-30570
-65684
27685
62625
42419
28666
89058
93355
28889
2253
-5864
-44264
-85275
41019
-96724
70488
13055
67728
19670
-8806
6967
-29302
23705
17942
-91318
83181
32397
-18250
-92093
54532
6360
-33502
75774
-14858
-96197
-13786
-13432
-33215
-53880
-2430
-33822
18645
46834
-56625
74468
85519
72381
78025
92991
-16112
10772
-98179
54747
3002
-15111
-58864
11679
62791
-52265
35561
13774
-49275
39603
55740
56462
72498
96961
47924
14789
44848
20883
-56580
-44772
-33819
49772
34987
89573
29489
19187
-22838
-19111
57485
79875
17794
-40134
82685
-27361
-73177
-90665
37745
-76477
55003
-37714
1278
-35883
-19424
13739
-58124
-95366
-41794
85519
-85093
63942
-62387
78508
-89073
32011
-71456
-42931
-22155
68690
92494
66162
36377
-99800
-11234
-53384
-66778
49999
1102
-27177
-32960
-27818
48192
44294
-8190
30531
-52094
97401
-50033
18412
89464
-87606
45335
-48603
52521
25974
-58328
3923
57826
98238
-31314
35871
90506
-52755
-18743
23623
-66172
8249
-91447
6478
-32198
-19517
-9271
32147
-76531
-55111
82213
-25408
-98474
-16805
77081
33241
85143
7002
35063
-81292
-61565
-86692
-32572
-13496
-62170
-26211
-16144
87581
-25166
-1297
72433
4323
-79768
-89182
-83077
4319
-90785
-81090
-38626
-3392
69492
-66067
-88325
76496
89167
-21450
-76188
-44474
40077
-84252
-10288
36600
24655
-65979
-58121
-74067
76959
-2226
-88752
53008
-1414
-83556
-95515
61377
-10050
11093
-57073
86790
-65999
-35091
-97708
-36193
-77909
36933
82969
-64073
82914
46509
99205
19190
-57008
-11126
-98571
-81996
56899
-93293
-81771
-84921
8512
19125
-89887
80509
6613
-64297
43320
98213
-22854
-35017
29722
86536
-85917
-9869
91006
-51147
74149
62692
-35949
68154
67778
67685
3857
-19537
-62573
-56399
-58438
34348
-58223
5226
18418
-34342
-45633
-18186
-6472
41127
94840
-56508
16384
61011
91728
64493
-75153
50664
-69654
13877
-46862
-30074
-64234
-17616
-65669
30300
16356
38657
-9958
-42893
30346
-87746
-93900
81124
-39699
-12177
65442
72874
-90161
-94538
46568
-66798
81302
96520
67152
90447
61109
-69415
37154
490
-5255
-54122
79619
-22250
-95246
63500
-51736
-27551
-50116
-22426
-79435
95431
-31767
15315
24886
-14495
-13427
19846
-22792
-16453
77093
-39081
-18235
95298
-54812
-33721
77371
-56804
52508
52833
24648
-97646
48517
-57349
90820
24872
21998
-95716
92651
67982
-81923
46071
-84682
-36497
-90076
19478
-58156
10406
-22622
-15278
-89078
16464
36083
80766
-8092
-26948
-20522
40548
-81001
6783
73593
34023
75189
-4891
98434
-11576
20235
-85310
86204
73987
46810
99558
-3812
14873
-66960
41326
-63888
4265
36963
-95625
-49373
35704
16170
8238
-70545
83024
9304
-22013
-8545
86660
-77066
-15812
-82816
16145
36347
26790
-32476
-77665
-18454
72038
-62830
39143
1865
26221
-28083
-90768
24441
2634
-29953
99186
-91401
46041
-99902
-98725
-61458
-55911
-62196
-51985
-3018
-52581
67764
-81654
79341
-75369
-48411
-39615
52592
29721
-1698
-26137
53367
75288
31139
8235
-33462
-10201
-70589
67231
-30428
9989
18567
-7021
-71645
-81969
82676
35104
33832
-5995
-16643
-28031
-4591
49161
74761
-22821
20176
36691
-10404
-91491
-28248
41282
-29532
60866
98308
60958
-98973
-3021
81140
18777
-91341
10634
37508
85156
75259
-86606
21691
26397
41901
32234
-1811
23141
91321
92008
99261
87312
83153
-86182
16947
-17802
86746
-69049
-10378
-22426
22060
-55084
-83930
-90054
61574
-67869
-31016
87814
-7215
-5994
61103
-56278
9359
-17167
-42413
47623
-61408
-91938
8849
-49010
-20367
55177
7951
67316
-17343
38572
95274
-94718
65425
74533
-70738
1800
17768
69378
47217
84274
-37120
4831
-53044
74738
-60079
-48089
-13129
86749
18679
-42890
92864
72082
64962
80031
-2840
39508
-60902
-92087
8090
-70599
-95411
-13772
-39095
22076
-46217
80538
-37787
-67027
-46579
48
45561
30983
72518
-53877
4324
-10462
42982
55200
23602
-76033
50023
41956
80278
75073
-14073
-93550
-506
95419
-39831
-37749
42291
10468
30696
97367
-51804
61927
-49537
65929
95214
-21737
58574
-14975
48402
-61568
75210
-44213
-24717
35417
46596
50917
62322
-78699
-67308
92638
-70616
18904
45666
-2790
58687
-16761
15504
68018
-69971
-45768
13703
35960
8974
-43319
-12195
-39528
-17507
-76084
51616
794
-97200
23264
80962
-83133
97997
90907
48545
76699
66060
-71005
65009
-75958
-38006
-86628
-84152
-49188
-51354
-45637
-94459
-23772
56605
19001
-34146
86972
-76131
61348
-81019
92522
-12793
-48305
60279
-2594
-14074
71658
19937
-20136
-18169
56748
-80017
-90266
10836
-65940
-18766
3851
-75823
9168
-54420
-89541
-12143
-29476
45371
59395
46869
15468
91872
-26106
74147
22845
70892
-7646
84800
-6235
-39930
-49998
-33014
27619
-5157
-65492
77428
42065
-6174
-11671
65630
-21130
67723
23493
58256
98744
-46973
11868
57811
-58578
-21850
6709
-56468
42132
-91838
-11013
83190
-1640
6532
64294
99163
65937
61762
-6919
63214
-48113
-12636
-99740
-92184
-35635
-7953
-62775
39934
-99709
28656
19484
-35941
-31656
-83135
-29725
-42497
-75979
48059
-7523
31859
87221
-28168
61695
-14232
-45512
34883
-39975
64364
88407
-81313
-42665
-64440
-55759
71153
88036
16824
-94812
17354
-36375
66503
-95848
2901
-63949
-63481
-78987
-6950
24563
-66070
3316
-32916
-31521
-92671
6227
-4043
-27531
99662
-83998
-22564
35167
68231
-49733
-37040
-57934
63978
54671
-21132
-53936
-88777
97819
-30681
91566
-8049
-39751
59374
-90768
-56537
87250
82369
2352
-36887
18417
57711
80542
-46809
2419
92910
21121
43324
44443
-95741
-9316
21505
47042
14346
-91604
60521
23339
-5981
-37491
22074
-82188
90297
99707
13224
98089
12720
-44234
14352
39347
39659
44096
72526
-80850
-61513
-89088
60987
-15144
-65257
91529
55878
-64476
24812
34036
10734
11055
-65599
86057
47577
-41526
-21391
-49667
-23852
-25227
70389
-4427
7464
25069
-47922
67113
65429
7837
-17141
-2812
-65810
51632
52792
-93528
-86192
-25338
-5533
-98322
26688
77188
-55476
-62261
-41504
-52474
51368
-60658
72014
-55056
41938
-76475
68314
90594
31247
-68416
75041
-23799
53692
10157
55946
70802
-3434
-47262
-20963
74362
-75866
54778
43323
-7423
35207
-80746
-85314
42814
47189
68613
49134
-52853
32244
95678
-99172
-92896
-3846
-79030
62239
26109
-14726
2815
-9560
-11839
-24210
31142
46212
61656
-35648
19646
32879
-14958
-79947
-6886
82255
-23474
47542
29861
8084
-85739
43133
85510
65577
71683
-74407
-35810
-27177
67743
-45155
-43730
-58889
-36596
75563
-62506
-46254
4889
-29992
33592
19415
-84813
-84292
23099
-57161
-83718
95385
-34644
-23839
-19536
-63386
34302
24789
40078
57655
-50766
22503
99697
586
69714
-6574
28593
-52688
64279
88567
1939
54741
54762
-4751
72916
73199
92167
-9195
15717
18111
91326
37963
-63625
56711
-53548
-60285
-94868
-95415
-65018
53207
19757
34295
-24211
26940
-40231
22204
91261
-77981
-51174
-54939
40871
-49550
-55084
31982
-37665
66202
51895
19557
26039
44180
-81868
98173
-65942
-99587
-46451
-90062
-87178
88652
55364
52051
98528
82796
-24011
49457
-34661
-62918
25728
10082
-82173
53341
24990
38578
-36924
-40516
48533
87847
23320
84576
390
80304
-44627
-42392
52772
26154
-41692
68963
-54593
-72818
-50442
-49202
18622
-27079
-90575
-90391
-96085
21721
-61984
30328
-16983
-2959
-74999
3987
-80128
-10166
-99440
46442
-73127
-89865
79289
95897
40389
-59965
