4100
76692
77563
-68497
42739
79889
45032
80498
-74577
73257
-44697
-14242
-1928
13446
-33439
-46657
-62950
-92539
-57612
77125
57465
-53415
28775
-49425
13342
528
5513
-99674
9186
61294
47845
-95002
-91851
-42251
-15709
36951
65868
15750
81278
69754
-41883
2657
79453
7359
56248
62665
8465
69811
23036
-62013
8682
-21290
92178
-27780
-16714
46346
-5870
60170
4183
-99672
-79183
-8117
-89216
-37651
3724
27050
88332
-26414
-49325
-98112
39739
-59463
60244
-71658
26313
-56381
50531
42889
99692
-37442
21028
86151
-69269
57020
84149
-14091
53910
-71361
11194
-70221
-87706
-3312
19142
62391
-56911
46767
-3038
96854
-16183
72676
69758
-12383
-86349
-82764
63154
38956
-74369
-80593
97711
-20374
1929
15718
-10362
-23372
-26806
58939
-78700
26856
-17829
8208
32970
80302
-66808
-88095
32597
-66026
-435
-65938
26350
94365
-89040
48464
-37312
40079
80634
-68179
23472
66886
-72813
-27129
43918
-22384
-67079
-11346
-98024
68527
-17827
3990
-89243
64633
-68582
72451
78197
-77024
-6702
82145
-19950
-98036
62823
3696
53986
71908
21715
11548
98508
-43412
-45339
-21334
46917
46793
69721
-59057
67318
6879
45842
-19877
52876
-65189
-88842
83538
4251
-83316
-18394
91355
39728
25580
-54503
-4654
15922
62973
86804
-81032
81267
52687
23176
-96182
-25959
44766
17287
-94801
-8733
-58600
-54876
-81782
77530
-95429
-217
-74640
-70505
73373
93738
34227
-53397
57350
56020
24541
-79954
-16777
16687
39033
26599
-45746
16807
92811
4501
-19007
27937
64095
57112
75784
-52043
70782
-71937
-72681
-56886
-19906
68079
-76215
72013
-64783
43692
-19112
12430
-21571
-78201
-81911
-98377
22156
-81564
-81819
-56791
-47527
-153
-7327
91380
-82517
-16901
20575
98547
-2913
76286
-63795
68162
-9507
-83828
-55637
-65442
-4371
80039
-72917
26775
-82718
64256
-70607
83444
-24588
2020
93690
-80413
41324
-51898
52505
-16869
86648
10917
65819
69776
-1890
-72422
-75252
-33774
73037
-73408
-12461
-82621
-36529
-62144
6776
73651
-7908
-95753
79814
-4966
-11896
56199
67276
-783
-11429
-3849
25213
-99603
92929
-31544
-43145
-85479
54104
98005
-77279
-91442
95399
52965
74797
-21742
-2001
70801
-73731
40971
-30183
73740
-3807
20510
-45490
92820
39103
92521
69286
-45516
-42420
-91111
-22152
21363
-14858
-41816
-77808
49245
72100
12470
70270
23595
83989
-36221
-40373
-98927
-97307
99527
14791
54821
-1234
-86354
86654
-21337
45451
-1037
-37559
-7119
-95752
48728
-41664
64956
11797
87359
-57203
52172
-89655
-81303
-37028
82553
59971
-38840
99118
-60388
-15716
9602
-60787
9938
-32359
30149
9178
-12176
-50612
71105
-96446
-54525
40601
-8889
63631
-92158
-13290
-58500
-20390
28627
-28340
-92295
10974
-40138
2651
-42557
-84823
92050
-42694
-37086
24876
87514
85147
29664
-54031
70364
-99412
75359
59307
34598
61818
97367
9961
-32171
-35280
18028
95589
44411
-80514
-57432
-2567
-52244
-95339
55002
-79631
-15899
57102
26058
-55045
-6118
-22422
-3241
-88261
-77669
-63500
-87696
-84933
13282
-33917
-86741
61440
90875
-23012
-99835
-70856
-41776
39796
-75465
-32049
-41776
-13934
1393
-92576
11772
-32301
90677
-81784
-76146
45255
-23981
-77545
-48954
14137
8573
-77664
86098
92173
-67002
-33040
16921
30465
-48709
-19301
52644
-57386
-56098
-57615
-82135
-53112
97275
-78320
14134
43512
23594
-59053
12022
-2965
-21600
-95192
44131
-57493
56113
16960
-86007
92619
83430
91487
70643
-95096
6070
-15853
77492
-56373
-4955
-40127
86675
-62581
72566
-22053
58004
-6576
-76658
49069
14303
-40558
71335
-3177
62032
-64448
40365
22613
-28774
75868
-92743
-37702
5656
-42237
84135
75068
-84686
62795
43734
38952
-82072
-40187
-10565
57014
-6850
8737
-80862
-97161
7684
-26767
80323
-56597
-75391
79622
58301
18863
39292
49846
-41231
61459
-49050
97536
61886
-83894
-41881
74822
21012
-96774
-38653
19704
47927
36148
41897
26706
-76846
-97283
-44968
23163
90485
-84149
-92434
-22514
17837
-27061
99663
9462
-67969
37151
-54866
72051
95105
-94746
-86405
31737
-88236
-32653
59113
1847
36929
10591
4699
32501
-6865
-44359
42218
-57514
-45442
-42724
-71403
-93315
-75708
-5670
88262
-3508
-64094
19156
42621
91528
-30910
84075
22619
80536
-81
-1455
18253
-52628
9296
41465
4883
56443
25474
-31059
91052
-71260
-88815
44605
91040
97526
68115
36565
35178
3531
-15006
-12504
-63361
54159
56692
57545
-38273
15199
-42407
61528
-72905
17932
7696
-14567
-28847
-81602
-28155
-62560
91801
87989
97067
-1239
-90708
77419
65138
-55740
15231
55126
68645
-49619
81481
73545
-68252
50937
-6194
-62918
-57863
-66515
94346
-30498
74328
46377
-14410
2737
-57673
-64382
-27591
28242
39688
75053
-2002
-4726
-89072
81366
-89202
93933
-9435
-88624
51642
-3239
55176
49768
11944
22747
-5412
94930
12135
-63822
86723
-52027
13264
-68117
-16172
48994
25227
-5397
-12422
-24497
-97797
-21685
-68692
-36637
56583
15005
-28668
-15494
74374
13517
62399
-87193
75014
-44573
50832
-51575
-26695
7013
37089
2870
40189
66586
-7385
-26987
82247
30953
-672
10056
-73045
-99617
68140
41030
22794
89615
39749
41030
82392
57619
91613
-27817
-82872
-70287
-23661
61901
87511
-82726
79633
-79595
-88782
3532
-70908
34602
99397
20246
-65607
42272
-22494
-38469
-36207
64862
60873
1136
-51487
35561
32538
10304
24424
88795
-91436
10192
4205
75122
-49015
54140
-58635
-86524
46304
-74209
79198
-58928
95430
-30158
36763
-69328
-56653
-90676
-26547
71404
42069
59207
-39878
82408
83355
-27261
-92116
7613
-62369
49092
-37784
-98780
43952
-25929
-94262
-67122
46779
41298
-82374
-52142
3734
-14888
-19507
574
-88406
-78404
73658
-63922
88698
-39459
94710
71867
55124
-23760
76015
-29910
-67886
-74436
12706
-80827
-40499
-87298
75802
24935
-10592
-32276
97222
62001
51540
-83561
-49035
-35590
36461
-44823
-27472
31651
14352
48846
21940
-42360
-5873
51312
-39734
76178
-63853
31450
-52923
-63191
-86107
-64130
-45416
15623
-92903
54674
-29679
-58328
23959
80660
-73418
59357
91335
86702
3770
67904
-14696
-41418
-84132
-93822
63406
-67188
-72803
-93728
-85338
-21466
3612
-94284
-88825
-34775
38223
-45592
-57082
-50899
-1568
4485
-76811
28259
-98014
19689
-15542
27155
11822
67991
43656
53437
-55906
-75863
-81332
77409
-22427
-70304
-30090
19419
14346
60316
34866
52838
20671
-29913
50338
15681
85090
79403
-95318
-25106
63247
50244
-24553
-51241
16672
8112
49709
-34484
28162
-3613
66443
58727
-63243
63096
90301
-48943
11168
8449
-88610
-75875
-86386
-40961
77416
-7214
-47671
-94739
49306
-32762
-24367
71159
68612
-15195
-68615
47176
19634
-21807
-44961
16001
81587
-79069
63238
-21755
-56187
-97712
7186
-64975
2398
9320
-56417
-5719
-44903
-53641
36541
70029
41468
-4530
-65140
-87541
47394
-61412
75377
-46001
-21111
87285
88562
-77291
13242
86709
45876
34334
-43823
-97218
19918
-75968
-46168
70556
-94647
61208
-51420
-26230
-41930
83804
35419
47950
47596
-31477
16417
37887
-98403
1221
-8530
73895
-25388
10359
8621
-45565
59662
37038
-53469
83495
98674
-71731
51898
94718
16109
43866
-28758
-25489
-53778
6834
-6973
-20068
-17797
-15267
-13095
-60732
53103
-91140
41804
-78008
-9135
67807
-79822
-41077
-37103
-16717
43108
60594
-57439
-37672
58594
-6389
49837
70417
-90588
22857
-62151
-21483
26814
-53139
30166
30338
-35922
-17791
-28159
-52815
33221
-68737
2136
-59420
75312
-63922
86906
59548
26659
-45140
-23559
-90040
-6239
19879
5054
-74537
-27287
-44731
-57286
26158
-82304
-54205
-98043
21877
83416
-52038
-7275
-12468
-97766
-20386
-48868
-52324
-68267
-21151
51901
-1592
90562
74293
-18451
90881
88755
93550
-61789
-68103
55576
55685
-7621
-53265
63918
-24391
-6035
83753
-97275
22735
39268
-37760
17772
16635
-18498
-84011
-30213
-6569
15775
90913
21180
-62640
-83854
57002
-98762
7072
58173
81810
48792
-29707
72800
-12918
-51905
34545
3498
-8861
-86876
76107
-71656
18245
-90395
52498
-59733
-79304
-79186
95122
64293
19488
33092
-54449
-9569
-25018
-85714
46830
-7478
55825
-70528
-8525
-11136
-88429
77189
48997
28486
-92289
30728
79118
41505
-31559
-20993
49311
14289
-1722
21909
27120
-66129
-93534
-47213
-19292
-84706
1905
22826
41579
16689
-70963
71455
-87007
-61607
23358
16915
99731
-56823
-87033
98222
-31326
-58648
-43491
-96536
-83391
-34510
25715
3635
-67751
69804
28592
90824
-96501
97794
-67134
-32115
-97579
-71234
-31540
83232
36366
46119
14395
-13309
61387
-54284
91574
-48860
89572
57259
96372
36103
72977
8475
81191
-1710
-44627
-97934
-93098
21365
-54115
-30852
-97272
-396
-43062
-46983
39516
-40942
-88183
-18151
-76426
-82405
-79332
63894
-21996
-76209
10194
9646
36798
-70938
58185
47292
-49124
6852
10260
83058
21985
37755
-23177
40117
-60571
50551
67599
-33003
-94127
-60278
-47281
-81240
20468
72341
7653
-44350
-43790
53519
-40581
-750
71195
-37131
97945
-49060
49178
37582
-14873
36110
7812
-71398
25872
-17598
61200
51543
-7997
-63857
-46746
86639
-83117
-21876
97104
22337
-16770
73571
25869
59594
63947
-94515
-47356
39024
-52660
50159
6358
-35541
-6525
46545
-40628
24080
29921
22263
-55057
-53125
88490
64990
-98057
13017
-35596
-15404
-42213
-50864
-89459
19828
39879
-33141
-25924
-75907
-93972
82533
8288
73039
47665
93041
19958
80385
26055
76644
-17226
46689
28442
-36000
16732
-88695
56803
9117
-7676
-28646
-90982
30006
-22674
67992
-59447
-57458
-21726
-19038
28284
-56931
-13459
-87348
57941
-44837
32457
-34085
35900
-15161
-70886
-71140
-89933
-21996
-65707
-32543
27655
-47119
-93573
-24935
47458
54195
27971
34059
78974
39202
20310
-46225
-81932
40349
-15756
66281
30706
72106
-76364
-81949
17995
39390
75304
-22779
-92887
84197
-75169
24148
-54179
27119
-42492
37156
81495
95480
-42397
-10501
-94223
-63311
-21812
-64892
70437
-25072
85520
-30932
-22369
97457
7144
69277
-23570
-2649
-98315
-57643
-79340
77156
-14877
21602
21500
26048
-47386
45820
-79605
-81047
-23578
-65473
84239
-47960
5815
47683
70420
82508
49601
83418
-32619
-78603
-33153
-6747
-94064
-28802
-41053
22227
-54798
85256
-29226
78327
88882
-58848
-45732
64133
78138
11276
-44778
-58134
-7745
-72329
94433
-70203
-87567
-16458
-33636
-28475
-6322
-22602
78408
35936
47954
-93371
85320
-57108
37513
-96519
-86905
-12706
-34876
23104
-30088
-24610
-25878
60422
-83079
14723
39782
-45315
75409
-76176
-15426
89036
-93160
-64182
29188
68566
-10122
-52331
78693
19493
-26109
-73750
71774
-69197
-99122
-11049
-87985
-6699
55033
61331
-53784
-444
32961
4508
-41089
-57462
-97252
-19217
-51068
3718
-55109
-98397
-92660
74907
88367
-72541
15177
70075
-27736
-88826
15515
-24181
-33256
-81395
74687
36276
34101
-97160
-85147
-84090
-57826
70789
7840
-48696
25493
-27450
94583
72544
-78997
52702
20376
86107
74297
16152
35628
83418
62922
38371
-6650
-9830
19350
-79314
72309
82718
-86551
-14244
45496
-38917
90659
-32540
-73327
-2240
18904
-86968
-76430
21440
17943
944
-33068
10365
65928
98531
-11481
97458
96623
8033
-66972
-91331
-69875
58719
96702
-90649
33189
-85921
21878
66577
89116
46828
12046
-82242
79353
-33873
7125
-94601
-93555
-26703
-91039
69471
-77588
-46162
31643
-55149
68953
-43118
65780
48573
-88320
18451
96630
58806
-56740
61226
-2955
-20843
81977
73839
37796
-89639
18132
-72880
74691
-77074
63710
20141
-28874
39199
67871
-99373
-36750
-6951
-66953
81492
-6000
-84520
90432
6336
72132
-63631
400
-24766
-49049
-62726
-10725
93592
7664
97433
-35403
-45328
7617
-45080
-72140
12508
-67235
52226
61876
71538
64824
-8019
-53900
30531
84775
35940
79133
13174
-43529
57983
74531
-99648
26649
76417
7428
80449
41402
-11202
-92370
68414
-207
-57369
71357
-95497
70418
66228
-76190
-8795
27616
27756
-56417
47186
-98657
28820
-24850
97428
73030
20274
-83646
12455
47059
-86148
41765
-74138
91961
-59166
75328
-18906
96821
-77003
-54215
-84305
-41602
68722
39351
65944
-65061
-99089
53249
10238
91214
65441
8132
17121
12590
-84600
-99149
-38885
-10030
1527
79817
4029
62697
83907
-69782
98439
-84697
-58552
65319
41412
91546
-9837
64224
2048
-15525
10095
5892
-48985
-79841
-45937
-26060
-84484
-19475
22229
-55034
70706
79082
-83395
72934
-93334
7952
-83031
7958
8202
11645
29385
90773
-71690
6120
-48986
96926
98286
74670
-50868
65543
63428
-45109
32594
-27062
-83528
-52444
-90873
45921
-93390
-49856
-80453
-92022
34203
-42409
-5401
-18838
-27176
-35901
-16134
62798
81508
70931
46016
-36276
-44344
-75265
-44751
86728
1914
68021
3668
-92333
84432
28753
43598
67693
77791
-46100
-33717
10155
-55692
-72948
97416
37812
22510
52217
93498
-55387
75830
54127
43998
-62572
-84067
-8145
58590
42098
-57712
-23248
6429
78986
-25862
94835
63647
22886
43959
-57868
97304
99728
-76240
-46148
-43440
-26122
89239
41875
-51409
32487
17856
3411
56234
63226
5147
65304
10762
-89203
60618
-61228
-98922
-16341
-18333
-99713
-73955
36999
82883
-86357
11234
-15451
40141
51189
-75548
-87592
35134
75928
70920
-82586
91374
93083
-18523
-33977
31718
-65109
13548
-95732
-97960
-69373
77042
36893
85823
23111
31708
27867
47060
-90127
43622
77284
36138
64610
-60976
34292
-34713
14618
-37083
-99991
-26913
30019
-61399
56735
-5746
53223
63070
20793
-73614
-32445
-31309
36609
-73597
-57741
72842
83111
-16176
-9204
24804
59622
94519
-34104
33644
84612
-9855
-29860
25884
22328
58200
89894
-27504
-33691
53477
-766
4069
-58043
-75318
89852
-9331
53409
-96583
-39521
39795
63420
-11793
64172
-96187
-62384
64913
-13337
90019
10672
-14239
715
-80542
-19444
-86371
17117
-95107
73683
75700
17885
-45672
-16525
39974
-4007
-44878
33596
64439
-4195
76328
5154
-64625
-15675
-36640
22817
-30927
93363
74136
-19653
-44266
86747
37515
9693
63973
-62405
62717
27616
64338
-92120
-83868
34794
-76720
-60476
-94541
77941
43124
-92148
-52285
76392
54632
36046
-19808
-35807
-84600
21815
-10002
-14956
55644
-50806
35575
90317
9074
45933
5138
-13615
-97640
-17314
-65744
19554
68787
-72573
18886
-37598
-11393
-99170
-9389
59983
-92
-72289
49229
-63571
-83343
-50861
-65428
-44031
-2761
66043
8594
83001
-65851
-86793
-91691
16553
66939
42401
13291
89648
54669
26167
70513
89081
-96362
-87952
-11304
-21667
17814
22703
69228
-93914
-18742
-46379
-70590
-47825
42279
52721
-62978
50791
-45006
82323
91646
-24204
92990
-2946
-73945
-29132
67779
-27973
49098
-21986
-54248
65482
-21326
-30969
-7154
-33100
73804
79169
10984
8124
-43917
-4322
76282
23923
67864
32466
-5347
70891
17803
-394
-48436
-68605
91048
-39895
-97122
93601
52960
-37743
72416
-93121
-54429
-94081
-21426
90588
60071
19952
6446
70546
-12584
-19024
-4982
-16697
-46500
98778
20808
-8835
60161
-15238
14951
94533
39878
-27501
-26024
90769
-14141
-1796
-23945
56166
-89675
-24859
-29404
-96336
-28182
82231
-84158
-26961
-66747
31322
-72052
42896
-7953
-11888
95567
58007
47963
-74434
57352
60279
-57613
-60597
74522
-16316
-55644
21601
-38933
71999
-35837
-38895
-68003
-71791
20378
-78061
-11996
-74669
18260
61098
96329
82506
-42944
-98266
-31366
-32592
-65851
-8573
-26229
52525
98467
37551
-82611
2021
75937
-10327
14409
-64470
91993
-65851
-16422
50578
89628
-95284
93156
-15196
98243
-98880
-27979
79916
-70637
84925
-41482
-74642
-61108
-38086
-60211
-5065
-58098
43375
60179
27470
-78039
-79343
-95763
-85686
-76289
25977
-71479
10813
-84456
-91934
-68937
-40946
36738
26513
89057
55397
42723
-13809
96169
23487
-56035
59666
-88483
-56607
57500
74810
17113
81705
-79553
-68297
69818
82111
68640
23687
-69062
55083
15490
36765
70637
-57791
90198
-51491
-97833
43703
43434
8068
-27800
-54249
22447
-83611
45205
43855
68645
35086
-13741
-14426
-10843
-3255
14002
-21879
8394
-8322
-1899
53636
-3779
89526
-57590
77708
88348
-47366
-78582
68408
76487
-58342
18062
784
81479
-31095
-41333
21054
-19046
85606
33356
-36895
-74017
-86443
-86164
-78335
-86246
82956
32556
-30052
-62555
87978
-2121
84959
83124
84417
27183
36080
-96317
8116
-89933
-49816
83166
31228
-93456
74462
29772
-26491
47841
-60833
-79207
-83339
84964
66169
-16961
34892
16826
63478
58929
-98650
70619
15591
98563
49566
-77132
60758
-75719
-45427
76926
6749
-982
46640
81532
28500
2576
35751
-74351
-94619
47151
84250
-82245
79613
86432
50166
35696
84699
-76102
-46763
80595
95306
-43237
59836
-91565
90475
78552
23293
-37087
-55252
65855
64509
-78901
-31915
-10619
59536
-97990
80961
-1327
5056
-76668
35241
-19165
98285
81327
-11876
-88285
-81266
10627
-43957
53378
71766
33803
-75456
71247
7281
67688
7407
88728
-83027
-14127
87077
22586
-20938
-23318
60061
-65720
-99078
-91904
-79694
53076
-80597
38559
-34194
76253
99554
-49071
-50368
-82923
70369
-78989
-46132
-93555
-57615
96309
-1891
72895
15338
-84435
29558
-5192
91985
-65127
80134
-65952
25243
-96145
-15303
-80345
87568
94243
-57813
43662
22155
-12491
41207
-12081
11102
83955
-37650
-14230
-57390
8978
77539
45390
-49717
99813
33379
84128
-15158
92152
-7869
6186
29005
-2420
-29999
-63773
66961
13230
-27348
-25385
-25352
-52362
82288
-84237
15237
42137
-2743
-24657
-73981
16620
-61591
40792
326
90806
13140
7993
49033
61424
472
-13723
-3402
-15269
-1573
-80732
10565
-99970
30797
-93384
26876
93499
-11396
68554
16468
83021
18949
55094
-9988
75616
21480
-16
-22922
13325
72885
-80943
29920
-68239
-46749
10754
98765
-22871
53632
-33469
-76782
37995
-87998
-34535
60381
-96700
14779
73682
17343
56042
-97237
-7882
17546
77757
-43793
-32244
-33771
-67169
29208
7237
97564
4268
39383
-22902
-90236
-62248
-62572
39581
-65219
21028
77469
42862
-32895
63997
-31493
-33923
81273
-38799
12513
-32858
4030
54670
-98818
-63218
-11204
23193
-49551
60072
53811
-77528
97564
-90523
-60969
38621
-45998
-73290
86104
43967
-46678
40831
-73348
48118
51509
-72999
26791
71651
85516
-57212
68093
27994
54210
14376
64158
-32387
47736
9222
-5936
25334
82896
45632
-46469
95824
35642
70465
14861
93234
49514
-92214
78013
-94150
-8790
-45478
-1427
99058
29579
50937
-75991
26802
26615
-52382
86541
61714
-89566
30475
6339
-59831
-2529
-10414
96104
90983
44879
1222
47824
-36501
-87436
-58226
-35744
11394
-16669
-16454
87834
-18595
8216
44132
89270
-38675
2915
-86782
-79253
51966
96193
54156
90509
-55187
-89914
52548
-94832
-26745
65397
13862
49514
75776
34354
-84626
-67625
-11827
85262
65985
-88778
-50082
73922
11321
55121
39739
-37705
-47792
25978
99642
94466
7016
-62704
36507
-97043
-86476
-76447
63936
77872
49415
62825
-96564
-87937
63671
42169
-80426
-51139
-95955
-14989
9610
53326
-33524
60338
-10980
54666
1148
34310
-42838
-25843
23634
-12964
42798
22443
-66594
-27139
-95268
39681
-77424
-88275
61726
41894
-20665
1779
32618
82689
78264
-38407
-52484
20532
17015
-57335
-37963
46262
18469
20215
-69616
36031
-84681
81310
-78723
-73764
16350
-90622
52316
25890
-70888
92565
-87337
-33729
-90349
87701
-21412
71404
-62407
84498
-36298
83199
63261
66445
69127
53212
-70336
-66116
62180
-78517
94079
-36245
80013
-43738
-91427
-1604
-73593
69481
-69335
4751
-65064
45036
81356
-44612
49887
88940
-87567
-95619
64589
-46139
84817
15209
67652
40636
97690
95515
61322
79608
-90885
-47887
-63191
-88943
-98802
-83920
33767
22145
-78173
38981
-75811
20024
-72091
53543
-95753
29067
-93780
53784
88327
-55412
58910
16265
68741
-45004
-32958
52317
-39705
-15875
-40221
83718
-46759
71501
-68835
49932
17178
-37172
63687
13868
11187
20054
3965
66909
-98028
14604
392
87214
65996
47749
14124
61514
-31196
-51421
-77809
-31458
-70759
-51008
-1727
15441
25013
44806
108
-35342
40265
-42595
71577
25008
-3127
28416
15516
74114
-69628
-48343
1630
79399
78014
-15189
79749
-13305
-94612
-84002
22466
-19399
1803
-54156
-86986
48286
90141
46122
-14270
-40278
-22143
-58277
29737
-3453
69037
-96018
-17244
-89343
-14517
98416
97859
-33002
-70738
23548
93435
-99129
-55376
-55209
12944
-32488
12521
55000
-95584
90822
-77618
78212
95177
98094
55459
77944
83000
-42677
13150
-96961
-38641
43869
51674
-91324
-6158
74468
74740
17185
-42449
18315
-41210
12501
-5945
36642
13630
-71403
-37795
-55612
-88294
-68295
68538
51160
-73406
-65065
56891
40882
16897
-38291
87768
95257
-59422
26039
-21999
78628
-50909
-60255
45239
-78467
-28456
-89769
-69740
-71417
26207
-51848
17208
-15076
20476
8296
-61983
69999
45265
-97852
9158
-10671
-23493
-27727
-64128
97935
-95477
-12275
149
-34056
-28065
-65913
72995
-77124
1757
-48949
83046
-77905
-11253
-92459
23142
74541
59342
-10457
-5953
-91304
-81922
-21930
-62194
-14083
10274
-32258
3893
-78763
39565
81685
2252
5543
-41772
-79459
-59931
25034
-20758
-72909
-82503
94473
-19493
80709
51443
43807
88353
65057
20569
25441
68198
88296
-18733
45755
63895
86369
-29478
-86894
-50207
810
29118
-37687
-54388
-23863
-37485
88416
74992
-42336
-70983
5494
86167
61631
-68025
-73169
66545
73555
-4076
-40656
17070
-68867
-83615
-23673
47612
9150
-73498
-52184
-25251
66766
68664
-29038
-68381
64844
93651
36049
-39989
77839
-15222
66268
-90380
65626
-5624
17182
-32710
-79186
52546
24594
-83084
-14406
-35525
7687
-58554
-74386
-76045
-3901
9955
-30163
-25619
25092
-70430
16865
18908
-13151
-2116
-24920
-46103
21584
-40032
38571
-34781
66240
82099
42768
-43644
-46362
-53913
33925
-66020
-72106
79287
32381
37853
14407
44540
-65032
78146
-58375
57007
-8838
42460
-98318
-27396
-5859
98426
-98525
-67009
-49982
98164
-66902
-91299
-38557
-18732
70385
-6846
-7932
-95198
49779
80626
-14200
98507
-22049
6670
50208
-27731
-18027
3942
65310
-86782
4877
117
66408
41574
-58153
-20995
-60280
-37498
13821
-42880
-13089
-3929
72836
-16232
-28422
-65008
67090
8052
18813
38486
30441
-64593
-74949
-46014
42193
-62194
68520
3872
6356
96726
-68378
-63577
-77661
-64120
37179
-33920
-74538
-93574
90148
-62156
21905
17939
-86270
82551
30402
54179
-75277
-16757
4870
-31267
-90628
48979
42539
-59086
-88926
-9419
40720
-55222
95128
-14230
96361
7777
-29742
-26267
90399
-62595
8695
42973
72340
7112
-53962
16249
52164
-75762
63216
-72937
22983
7891
93715
-89158
17395
-60398
-52602
-2162
79966
35534
-38208
65048
-35007
-19113
-70988
-15042
70199
-40612
87655
45872
88293
-793
38817
34546
33973
-21191
-34815
39496
-78854
63298
-92949
-84611
67384
31869
-54307
-62321
-83717
-2010
-37920
3770
-58843
-17383
-27110
-71073
14214
-6136
4160
-6447
-30749
-88487
-2264
-32579
-27559
-422
-88196
18163
-96677
-11230
96203
-51883
65688
-58043
79417
87706
23800
58867
13527
68864
6084
76525
48398
26892
42917
35301
35892
44351
42180
-44302
24513
34519
-14447
54381
-68005
-40130
-32352
235
-24883
3220
-11731
40342
32854
-58476
-43648
78698
-90274
-96283
20459
64906
-76605
46079
50673
64636
-98798
91896
39873
90952
-84846
-21654
38175
26984
84665
83587
4580
-50260
-30910
2217
-92324
10605
-26474
-94904
-11379
-38293
-3673
-83527
15831
-62330
-87972
98640
4727
-15595
51174
27522
-89115
-70745
6834
-38863
-38178
-53804
3575
66518
49148
-31298
-40337
138
43520
-31767
86178
-37199
90930
-8716
29917
76419
-12257
-15628
-30974
-66760
31298
42668
-81799
98960
-30595
-58582
388
-18372
-33722
-3455
12081
97580
7647
-42082
69928
-61130
5117
74057
676
23328
43210
40826
84479
-62134
20102
-92331
-56475
28027
43977
-1468
74539
29318
42787
53168
47672
-38248
-90716
69596
10849
-5087
-71753
-49058
52563
-9763
93609
-13382
-60375
-99458
-46840
-5092
-226
-86344
17190
37170
14556
-97815
22333
-13724
-19853
5346
428
78065
41829
-92010
-23521
-12377
-9890
-75298
-30770
-6466
54272
60902
-17444
-55726
76701
89592
-47457
-86980
28734
-29085
41791
73804
24096
-42105
-78281
80036
-22274
-51840
-97607
2996
-34679
-9043
10926
49677
81013
25372
15643
-60380
-24403
-3949
86047
-68442
-55769
-67779
-7591
-57678
8977
-94480
93094
4344
29675
-36841
-67832
-29396
41134
-82431
3042
82918
-70934
-57339
-21729
-3943
87725
42447
-3085
-17362
-87457
-80372
3897
75900
39531
89838
-7044
-34458
-85160
53788
-34479
61330
-22026
46009
-93919
21121
2995
73104
28869
-56240
-24947
95513
29130
89098
-12638
33962
724
58087
52707
41981
-73826
-44634
-10265
-10406
69791
-72766
-43237
-35423
-35000
77460
82968
-40842
-87446
-72507
-34547
3913
49141
20845
82459
-76992
-51812
-90163
5056
-90492
16916
4965
81258
92773
-32198
-65357
80621
-51541
69652
26250
-41648
28154
-36433
-38837
-93054
-23583
61672
36610
-20822
-52033
20487
8159
54812
-82798
62150
87695
-10009
-67107
-55633
74038
14923
-66955
-25181
65612
-64952
-90967
-56521
-79919
-61039
24908
29176
-85970
-25057
-23903
783
-68758
-41821
-47903
8576
-77243
42067
26539
-66292
-66700
-66714
-6391
42679
10042
-3365
95834
6052
-42784
48114
-87646
60892
43729
-74754
-33813
-46995
10836
-64366
88597
77871
-1242
-68583
63425
-63646
-26445
-20030
-7274
45491
-20175
-47592
31470
-31715
6937
-39185
76065
-29524
98499
24186
-2836
74205
-42594
63098
-387
54370
-74615
-25071
7709
16962
72400
-53963
-81862
-44900
68806
36479
-32624
92619
79739
10979
-35340
-37467
-90726
61498
12605
15710
-43998
9020
-94769
-75318
35391
-36087
23173
-15040
27972
14374
-4870
-73510
96391
86149
32052
-54312
27226
1276
65070
57764
50081
37912
12609
-98512
37397
-96757
-97042
-64580
24852
-75264
-15478
12531
-28958
-35057
-77177
-49931
83008
-16884
-4517
79216
-44313
80890
-26994
41063
28257
-71651
94309
68629
-56251
59245
-6490
-15766
1421
-49242
2568
2484
-24043
39421
69241
65177
-69326
-99539
21067
-31359
49773
-42258
-93380
16016
21403
63239
-23328
-26351
53530
38395
32109
87022
-27158
79327
70883
95131
62693
6027
-63146
41939
-24163
8111
93017
-96069
81808
42877
-59639
18850
-55670
17540
85683
-24086
18008
50141
44387
-91840
63204
-52162
54410
-85178
-77390
11884
81483
44498
-90570
24077
12642
59216
37071
87323
-1103
-23229
27812
56181
-19607
-50904
-81126
-6513
-50415
40059
43311
39050
-31690
-24493
67894
99999
6768
-38168
-36625
-63436
-37748
-7179
-54846
88337
16475
9912
67800
-95700
97558
42967
-3114
72096
-89620
-21283
24823
-17348
-2262
-19935
-81531
3576
-74106
-23097
40116
-81405
78216
-76256
-26469
72183
26390
11821
40592
-31122
78938
39873
-4322
76846
-70702
-7036
-67355
44032
-97357
38611
-56113
-4706
7931
-86907
99243
44042
78290
88329
74599
34171
53084
-36629
47982
96114
41502
33013
9436
36908
26890
53106
-24678
8496
-19287
-11506
-84069
-38264
44899
5337
93170
7692
-40978
18154
-98163
32793
86673
-41184
-73518
-10143
-24300
99588
8532
-81444
-7610
-81910
-61198
-28131
-96406
-90634
77196
51071
38015
-2212
-62237
66622
-93269
45440
-90100
-45982
40323
52123
-22191
-63851
26298
76287
-17627
90006
-22877
72274
39745
20358
64484
-91210
-12129
77088
41273
-1527
44498
-78202
74786
-49336
69568
-55690
-70165
-24306
-74818
89435
75606
-71045
18950
-15104
5734
65904
26583
98847
17354
-66314
39081
-62824
-40731
11070
-10740
-7939
-97226
-83325
49500
-58806
59497
-98869
68835
3634
-75847
23181
-73589
86164
-65088
69549
10878
88141
49628
19939
15132
48550
-76480
96377
86936
69230
42452
26163
4464
11171
-62582
95944
21767
-12342
-75649
-32497
11616
-65954
93001
37813
71609
-57243
18403
-99350
77122
25245
34866
-93604
6328
-34026
1075
-41828
-39837
-31271
-61884
6172
-18200
72838
20107
-60263
-54069
-39812
33991
-30954
69894
53808
5553
-62658
51262
76769
66958
92203
-34840
-13214
31124
