4200
-18332
-14725
21505
20661
-28244
95135
53006
-91342
21689
49433
99985
4907
83821
61865
-45303
-7681
88829
-5457
43278
-70285
-30451
89442
-8180
3390
26679
36586
59914
-41487
-54934
5852
57000
23361
80559
54352
39720
30322
90887
76831
31010
9698
10225
79038
-87141
1392
36744
58418
30129
45767
18568
35183
-28371
4298
-47631
-62895
88891
-97314
17092
-60938
-71883
43342
17962
-22858
-61221
85023
50868
70784
31583
-71630
-58307
-3694
49245
-92465
-78292
-79084
-54040
71635
82646
-53230
-64832
21497
58176
-67436
19871
81086
31042
56796
-36558
-57356
93766
-32324
55717
16229
55088
54929
99671
-17054
41880
91679
-45779
-42713
-32014
69899
57090
-83476
19023
55727
51772
54411
49212
95517
69818
-82232
-93880
86516
-93591
24258
-45852
-93480
-80650
-33675
14242
12753
-38562
-46935
59232
34370
89441
-73285
830
43971
86356
67398
94602
24414
-57834
-35922
-55747
21347
31579
66761
-58337
76648
-84700
-59926
-63547
-20511
-80689
-67830
-82757
18647
31242
47381
32572
-29752
28003
55567
94
70876
49147
-23775
88459
66047
-52262
-38588
-96727
-4257
-5924
-88375
99035
28228
74440
-70206
54369
-3705
12737
-93360
-18085
-44752
49109
-36598
-46485
-2000
-27533
45959
28791
-37321
59641
56329
16589
86387
-44564
61638
72674
-99225
-82751
-4396
73523
-7005
-53480
-44560
24013
32357
-33208
-51477
81063
-78900
-11627
5425
-77331
21749
15102
72119
-55976
-54348
-60493
-84608
57464
48945
11940
96013
37715
-94308
29429
-25185
9448
-81778
-17266
-69590
-2292
-13698
-27698
67416
17334
-13732
-50913
81910
81814
-14579
-47324
84671
-54241
1796
-62321
-48829
-14426
-26438
-28720
-47564
38882
-46455
43432
83661
47443
82859
26908
85344
-47232
-42935
-75900
54010
-11880
-3389
42242
-88076
-47750
-1412
-56944
66969
-49520
-2082
44083
-64785
24662
9777
53196
-82780
-54535
75731
48525
-89129
-47014
-46123
-27767
9023
-9807
-91342
-8797
-19140
2767
42861
75304
-91848
-72580
-41786
-13959
20858
82814
-15784
58721
-66937
-93765
59794
-35131
693
-28554
-25712
-92423
-18419
21045
79509
-48401
-72164
45123
-96729
68874
-29290
-18031
24455
87377
93608
66552
-20276
-11201
1433
96666
48667
33398
44763
48678
-89531
24852
70260
-52806
17021
47198
-69564
-76510
-29516
76122
-45710
-26434
80467
69433
-2825
47106
59285
-76624
94727
-70632
17086
-64409
55063
-61024
-35845
27914
-42481
75607
60631
-26562
-72434
2581
-51688
62702
55188
33776
58804
-27069
-86895
-44354
-34381
-85134
46471
-51400
-57054
97711
37278
-37061
-46607
-2433
12228
25320
-81686
-61653
-14146
-52950
-25842
94416
54608
75287
55566
45332
26565
-63056
70499
83187
-20004
66883
62602
9143
16527
57776
-76641
16134
-46911
68872
-79339
4565
-43133
37137
-39728
-64710
31426
63398
-96481
-23904
-53551
-2053
-84903
340
61455
-28161
-6061
-69124
86837
-70630
-45189
-3482
73406
-26219
-59884
-98818
-40781
-27687
-60466
66714
41554
82832
70017
20080
-1062
83944
-55034
-93081
-80330
-18314
-86798
-70582
6788
56055
-77392
95129
17472
9073
-3654
-23622
-71791
-74376
-84044
94349
39344
29068
60645
8477
22705
-86432
-48878
75633
-52240
-32587
89145
-41277
31705
-62491
-41305
79048
26835
94396
-28170
-30418
76682
-41791
-94105
-34012
76695
-15982
32088
-65262
37583
-9427
-20958
-73878
73189
-36789
-40943
-65642
60924
-52954
-21440
37265
45262
-27940
-35887
-16174
-31374
-57172
63495
85794
-13811
47388
62208
-7985
57047
57981
-86511
-39175
44873
68551
38656
53193
-93472
-74466
61592
-68414
79249
55222
-46163
-15825
-33207
-33134
90349
47676
42015
64103
73566
3105
84505
352
19961
-25671
-25192
32507
-19165
-47247
97185
40848
-89532
39131
-5112
-35086
50438
-2398
-42117
-57106
-980
87640
-70616
-34256
35276
62700
-29556
-15867
-15381
-27337
13786
15420
35123
8117
27972
87845
89363
68368
-15832
-74181
17971
45912
27610
-31586
72467
56144
-53622
9912
-23425
-26654
-33326
70658
-70415
-27022
75679
85087
78211
69007
92729
13414
60302
-12730
99696
-22147
-91675
77457
97317
84960
-17497
-24915
-654
-53695
65861
-99511
-35657
-73782
-39663
-6822
-12798
85950
71678
-19125
70042
46973
-80966
-32814
87912
-11034
41253
-18402
-16765
84631
-80276
-34900
34454
-71153
59463
22009
27184
-26827
2827
-93806
72040
46002
-48340
-10745
-64085
86137
-35565
-58626
-57244
26022
4760
-30237
24326
-4476
50396
16701
-91399
-5271
94342
-60900
95326
-77764
29976
22767
-75519
-26857
-71763
97714
75098
22087
-59951
44356
69504
-85072
35005
34966
-96149
37774
-76115
27840
-43676
-90794
-29920
76461
-68981
-23557
-68564
-83017
-47035
-11188
-89221
-21490
-23488
15226
81126
-67631
97188
34808
78316
72959
66007
20283
-9265
9287
941
19361
91915
14203
-99797
-51091
51955
95203
-88394
53872
98091
-72146
9885
30661
-30852
81667
-8128
89267
7703
19958
34203
5365
-45847
-96425
8627
34261
-21353
-83676
20315
-42060
43863
30814
1571
22183
1706
-74183
45982
82364
-94406
10988
90191
-36966
-91701
-55127
-71632
85318
14753
75111
-22178
30466
51055
58074
-19676
-17392
183
84676
89698
-9772
35971
71653
-23591
52119
-72066
76366
28758
51048
-32593
-10284
68409
-76324
-44589
57439
-16223
-79753
43991
42722
-76553
87203
-78993
64613
-58669
-2659
-92906
-51074
-15986
-86801
-85022
-64866
-29147
-40489
-5437
-13817
-7098
-74297
41304
67163
48507
-98554
-28115
42960
-35536
-3980
3605
56832
39458
21290
99809
4125
98022
77120
55546
-76542
26580
50984
-72416
-61852
-60338
-53961
92031
-53977
59824
-51132
34347
-6707
-3690
12649
-41479
-20343
-47740
-47001
87609
49842
-32970
38758
-48621
-91949
98117
-78183
-68803
59871
95283
12416
61142
-1086
-35245
69191
94114
86546
39256
80652
-65565
3044
-69448
-69890
36240
81019
26684
-50400
70836
-76900
94887
86061
-32602
-37891
2624
-43114
-51103
91355
-37890
-11929
89407
76971
27472
28551
-46249
-83416
-44154
-5282
50799
65803
-70753
66257
30880
28249
17967
-85272
-86843
-17514
26797
26513
-48225
84119
-69737
13438
-72823
-12491
55490
-51415
25554
86301
74306
-87369
72956
-93051
84529
48826
-99824
35257
2592
-85167
61532
-79149
55384
95147
6795
31625
87499
11624
-73505
-98847
98460
23648
-57587
29183
53576
-20292
38644
12255
37743
-94462
-46276
-27683
42755
35119
-62649
-94735
-2868
-32259
35415
65145
-30763
-82236
-97220
20591
-77129
-7427
90552
-56710
94079
46241
64497
-56480
-68674
93104
-40175
8664
-77010
-95411
-84162
-899
16828
-26874
29297
11615
-25161
-90318
-46027
-54540
-20397
80627
25022
60524
27033
-56037
-17180
-28510
-69969
-97173
85626
814
-96705
-37193
9871
-82537
69895
41189
-42047
-46618
86141
-84076
-70152
-78890
-50979
1625
-70906
29223
-88240
-55260
-56423
4433
76282
72449
-81893
88342
-59103
65211
98407
-76688
-49995
-62757
-72985
88234
96384
35150
34702
5323
-65237
-28316
-86481
-29140
-26582
-58827
-2696
-96277
2949
22686
74383
-6408
68740
38569
95432
-41203
6007
-81718
-40192
20282
59167
-23226
-51303
84894
2300
34735
25362
-20750
-9804
64394
-49983
-30081
-52515
-51823
-51984
-65936
-91353
70291
66194
-46526
-76247
-15879
-96032
92439
40966
72677
57301
-80342
24508
41075
47234
55517
-22775
66465
53902
-657
39674
-30197
-37362
81161
-40751
17935
33597
2615
-37486
-66353
72856
-11916
-76950
13588
-57255
-3107
34429
-6385
-1331
78344
-97334
15484
-5292
94830
-96835
3104
93941
61251
-26606
78513
63900
-36121
57569
-96108
-57167
-652
85322
-97536
-20267
86072
82621
98178
-64005
98365
-64346
-72805
95521
51331
-67468
-30204
53738
91343
-29947
32850
-42470
22172
92976
65395
-13075
15024
49518
88920
57108
9098
2533
51501
92301
53431
-54381
63811
27230
-33660
50579
-61489
13741
-17714
-15857
-11764
-46593
-39307
-63357
-63173
779
-16017
90089
-85429
30330
-18695
37575
-82669
-64194
-37081
92881
93883
43788
-46307
86843
-59397
17015
-84138
-71520
88123
-76182
72353
57032
63834
32962
2413
44185
17483
-51898
77561
-4515
-26471
-22396
-58387
-6868
-48885
-60919
-74489
2294
-74846
98172
61294
13871
-75841
-56745
87779
-32489
-63135
93123
12885
-14235
27981
-62000
-53357
40975
-21050
71182
-44324
62713
-50180
64971
-57070
48696
60737
-68760
37837
73281
28214
27162
-40692
-60302
30532
99003
-61817
-82435
-27514
-16246
-35616
66093
-19580
10629
88183
80086
15387
23650
88860
-26274
50040
58149
9760
-38559
76099
22048
-18492
-51643
-20584
-65715
1555
79772
-75472
-14143
-96500
52911
88158
55182
-47305
-98003
-51146
74360
-31400
36528
66312
72401
92417
-29400
14154
46516
26882
-99098
-85037
-15782
-13636
90823
-23804
8348
41812
-33221
74305
36293
86467
-62031
-42019
-78573
38601
9889
16916
14219
6785
-7755
-53071
83190
64080
-77163
-91440
26171
-33737
-59186
-8130
-32742
-82935
18846
-36420
-71549
38838
35998
-92893
17617
86405
-51316
-29791
28518
-98784
15988
35169
-37789
33865
59259
-38839
47108
-61333
82952
-61667
22231
-53877
97551
-55871
51863
-61347
83195
85979
-33751
73971
76344
77079
95410
29520
-75878
20612
-44141
10587
13165
33691
-9150
-90705
33498
-34208
-85114
91151
-72078
10849
89998
54135
31130
-69092
-61521
-89523
-8108
-93954
34745
45559
93094
18373
92212
43718
76200
-97274
35196
-433
-50897
97611
46198
11227
20178
-8812
-95058
56884
-63723
-67010
-70065
-92896
-96134
-17278
87166
86698
12128
67412
-92077
8603
-11563
-96277
-42572
-14008
-49728
-12256
-45488
25029
-46940
-92240
-76875
-94217
81362
97564
72911
-83257
-13202
-42064
-66818
-64141
45659
-91424
16274
-51714
68038
15053
-66266
-53432
-76020
-58969
8790
85944
-43511
-47699
61342
78421
-53762
-4015
-78960
-82444
-34466
-16841
-24526
49932
-70411
24603
24690
67237
-84811
70481
-39930
-74321
-77217
-41240
-34908
-4433
78731
66856
72539
-50604
-97900
33083
-24371
-75096
-50078
-70680
-87415
70754
-19051
-16838
-72951
-2216
68362
8319
-13499
58705
1998
-60436
-92111
-44231
39517
-98914
-94886
52206
-41323
29371
-95400
-31241
68540
99831
-29391
-68012
86122
-97869
18187
-63760
-37803
13119
19019
-61837
-12937
-17920
-94066
-39436
-19362
53037
-78334
-43828
-43952
-5645
-73693
38021
33624
57465
43406
-21774
-55439
-47618
-1405
-95848
-18738
33949
-15620
-83062
78852
62579
55716
-95790
14933
79383
68086
-3893
-88998
30472
96371
-48244
-86068
-12443
83071
19583
-7057
22933
-99879
-82417
37659
11590
65013
-74625
-13784
-82541
-89480
26776
-80523
83903
71823
46011
57365
10910
-87699
98388
16215
66835
-98593
-78673
-33167
-97228
-75763
82852
-14200
78986
-39985
76718
-53729
23796
98537
-49446
-70887
1259
94885
44123
-1428
-35169
58508
12026
81125
1
-8576
-39446
27153
28826
98681
-77126
87055
-51752
-60966
37091
-208
-84119
26287
38593
89416
-84096
73798
23071
-88364
-66315
-4761
25771
78215
-6583
33328
67976
-41165
41287
21458
-10814
41361
42757
17250
21725
59245
83082
2268
30278
-40527
19658
-88453
4523
24523
-12788
30382
-66138
-35074
-66196
-30729
78676
35842
56317
-27867
48004
-15783
32838
-44884
44684
-41936
-71571
-31202
68917
-92947
-36174
6280
-91434
-9509
83986
-19989
-41346
-77392
-34036
-41834
-18037
-9
35903
95709
41559
-87522
17778
-46536
46546
36382
-13906
62266
-86869
-91390
74566
-68949
39080
29527
-65929
-9659
-71018
81967
65898
47240
-45990
-45999
-24810
-20422
47653
25984
-93630
61630
-46074
84774
-14616
93200
93657
56030
-24779
-33509
-20067
7515
-16915
-93577
51684
-57928
-67476
10050
94691
55388
41415
68058
-57815
-44471
54481
-69132
-2899
23682
98490
8668
-71424
-1897
85393
71113
95393
-5554
-11031
-21348
82159
-34832
-16102
42933
51193
-6867
-4193
83506
-15503
-15316
-55395
-31035
-83968
-80653
-66045
-70287
93363
2288
70540
-16543
-48878
-9182
-42783
-30875
-88111
3943
-38052
-90934
-76064
72034
-4824
38740
33245
-55928
26372
94810
76649
-37432
-32026
54591
-40680
-25643
88508
26696
-55742
53969
-19955
97247
-77769
-13289
78527
-78173
40783
-32667
-79951
-60822
-87842
85092
-27064
-33900
17991
42326
-49464
31629
-49496
-70565
19928
-49570
-4109
-32352
7528
29808
-14948
-84059
46766
75103
-46482
-67928
-4917
-70409
-24583
98803
53517
6158
89894
-75137
57997
34942
-9429
-44860
-17671
65341
-91495
-84258
-76116
47642
62162
4573
-5511
-37995
-76583
41065
43399
67164
-85758
-12528
-26538
23262
73352
-43410
43232
-37874
62333
-8712
-76262
61430
-92964
-74075
70873
-10763
-1606
77689
-13486
-39913
53083
41455
-95366
17359
55649
-59262
35212
72915
-96225
21272
-8279
-91372
-62324
-50996
-59047
-6887
-35500
90710
53231
-6601
-8696
-1447
28555
-83153
92788
72649
-2118
91428
88977
-82121
-62152
73911
81617
8187
53333
5185
-2088
-30915
25908
-15444
71755
2336
60720
66414
80064
14091
-24294
28452
89941
-62572
-79074
46471
40348
9995
15492
62925
10356
-99551
-33262
44574
-32845
-76300
42702
86641
-90049
14392
11744
99395
79548
-1917
84182
66484
-65697
-53196
-34942
-18882
20386
-96255
-29634
-46574
-46192
-22371
11408
81297
-73536
4994
52712
-26269
-7778
-12640
75974
-81800
-14812
-50014
-91464
-55463
74089
49625
28737
73194
-93680
61575
52118
68030
-58847
-29302
-88446
-57385
84404
79396
35881
-4679
-48119
90275
-52119
47145
-25035
93233
-54052
-65785
63031
91962
3194
83781
-71063
77621
-30756
-10685
-34862
-69166
-17829
-59639
69208
77695
-88617
-12320
-92013
9750
-87405
-80691
-56388
63974
82686
76971
-75452
-70756
47309
-63004
-45375
34893
-43581
-20149
-68797
-93021
59090
-70503
68805
-91869
39387
-77949
-46017
47959
-34350
-67148
10904
56668
-48003
-88788
81145
-27766
85403
-82571
-15555
-65541
-96415
84157
4996
51450
-69793
47381
-87129
-86646
72258
-7675
78534
-91248
51058
41353
-19204
6302
30364
20525
96564
33628
-14262
5696
-32939
-82411
-65299
-76040
36633
76827
-51843
30434
-63237
-42728
-26889
39107
-81073
50675
-59259
-43440
25835
-43045
-88260
-41529
20419
-28557
-21889
-36439
17875
-18278
-768
27924
30773
72982
-4889
47488
26002
-60388
21451
93718
-62987
-75778
93
83880
-12933
-4879
13988
67217
-20505
75386
-91742
93674
1298
-3083
-97962
-32986
-70529
-71934
-31909
57995
-81267
1997
21102
-25138
53957
21239
-51252
36425
-56941
-28826
-49542
25883
-42798
51878
-36130
39580
-30784
-96134
-3573
33403
-66223
-80445
-11686
40695
92703
70540
86003
-31434
-2946
45296
-22997
26565
-85970
14056
63368
40045
-7958
-85771
-69345
14510
-75683
-93658
63006
38299
-15500
95495
50278
27921
-94706
86374
20880
-61035
71760
97475
74065
-40054
-64746
97043
-97416
91659
41860
-71247
-65580
34539
39226
95266
50802
46150
16550
31939
-27197
-21628
15923
-80815
-76131
-87894
-47073
44309
-53160
55836
74922
36394
921
57267
70506
58860
90923
19831
58491
-83073
-48120
-96199
5460
76665
-50888
42064
93942
61677
-53039
41518
-99587
-73899
-77412
-80930
44569
-67429
95384
7580
-46314
4996
47000
91984
2006
72122
-35833
44393
-51999
2420
76044
15314
71891
196
-22776
46804
-54156
-5188
-24772
75016
91557
75262
11976
-13769
7221
-17441
-59122
29456
-36461
-53128
68661
-72955
-71010
-71415
54154
45826
-99239
-74807
-50432
-29622
6906
15246
-40680
33776
10593
85397
-15268
82544
66982
61743
-39291
2152
-11957
6409
76668
40374
-11568
-37866
-86018
-55825
51814
64731
68568
-93704
91067
74902
91666
40261
-58956
-76852
61096
-19860
84217
94318
-5389
-731
84969
73063
-85529
-21600
-37265
38917
1525
66051
35628
46337
-43439
87487
24724
-3604
-89330
78030
-99499
30456
30308
87691
59121
58273
-77676
76269
56621
56246
-20574
-12447
-9183
-59000
92481
47684
26800
-978
12621
6906
49618
-54415
-36302
7790
-35251
-59813
2346
-70618
-53629
-56297
55011
-82879
52324
14533
82494
-78256
88771
34525
-28108
78543
-45498
-93059
-49837
50175
-55624
-93168
-11290
-37919
21049
-21539
-91917
48592
-55275
47785
-23458
76219
56241
-28086
-93397
-51137
97761
138
11553
-42595
-4265
-91020
89226
83101
-31497
-69122
98582
-5250
52742
-52654
-53601
-55592
86464
-4037
-56761
-77424
-82104
-72023
-28163
76344
97914
77472
44639
-19967
-5348
-81085
-73159
62045
44468
19769
68076
10485
-71565
-59206
-6998
16900
-9649
-99208
-37154
-87729
-82578
-2516
-77720
-44095
-86850
-50309
-70394
65446
63073
-86907
64398
93892
5638
-85173
14680
-39086
-6445
-59782
-96840
83862
60926
75352
-52952
-57634
-73541
-91190
20421
-4262
56784
-7233
77680
46804
60804
-97539
-6251
-49714
-75595
89542
52936
7735
92105
19046
-33973
-27831
-55555
-62820
10092
-92414
18329
-45469
-60597
-78468
42436
-38948
-65222
-53269
97140
-79591
5053
61747
61821
40328
63024
-40860
-41205
21370
-42552
-71725
15915
-41201
40177
32022
-38909
32576
45975
37915
35170
-56311
-95807
89061
15538
82673
-55657
79333
48714
99127
-82748
14705
-95072
-59045
-45130
42787
-60836
82310
24066
-50543
25799
-32170
89637
-55196
42530
-26486
-22874
-65193
-11437
97927
-87401
29326
-71302
99461
28410
-67440
54243
12569
40127
56739
-11884
-72993
-95253
8323
1221
21059
-12203
-29890
-29905
73516
-95285
-3857
27133
27654
14097
-73003
-24929
35499
-31351
69647
3070
63726
88046
-28746
36874
88131
-15558
53335
-24210
97806
59688
-40245
-84827
19142
44884
14133
-60378
20230
-37250
72024
-74309
-8912
48621
17426
99760
46398
-48080
8953
43238
74919
-88897
2961
-32761
58794
78273
-69977
3219
83897
-24857
41740
6489
44165
-84811
-78031
87042
-96286
73505
-34084
-55736
95768
-23084
19973
-51324
-19707
15245
15887
-40348
59442
72997
-71066
39163
-12432
-62995
-35407
-59726
71406
-81421
-75724
2460
-35301
57572
-10362
-41368
78770
37195
-61207
51503
68839
-76809
31179
69229
51564
-41477
95896
-10291
81568
90895
-7046
15581
61141
-21548
63470
58017
-51076
-9867
-19772
-64829
-24273
49065
-909
94312
28507
63829
24982
-52771
-74552
-82419
-41401
-26256
27143
49467
-67817
72667
-49737
-37672
66727
-67620
44147
51032
48166
-10336
80027
-96989
87399
-51683
-73346
40189
-37923
-52929
-71007
-36282
5174
24314
-81937
-57827
47378
-21250
95420
57760
-74593
96585
86199
34767
-16429
-16106
7340
40463
78276
-61965
-42572
-62326
-2521
77040
44026
-2637
89059
31987
-48342
75047
-34927
-7319
-67785
-75985
6739
97175
81417
67810
-40754
-64562
-34046
-81240
-74363
6781
-37140
-42727
13587
-14816
-22527
-49405
56261
-51497
-16618
18891
-9199
-75119
53604
46826
-88585
-80345
52980
85401
-64077
-79163
27047
27912
-20004
60675
40927
75847
-69347
-80942
61774
80392
-15475
49233
85209
-93317
49068
-31681
73768
-44199
-73284
-78773
-93300
79741
-13063
-60152
59406
4588
-51657
-55236
85840
92405
78616
-31273
-9246
45236
89382
-86975
-34652
-23504
-7533
88332
4307
31204
54026
-67191
22066
-37029
55089
74998
-67883
61748
-89154
-39339
-79411
66373
-59661
94744
31467
-89700
83191
-59912
41779
-83231
-40045
-63580
-81697
41175
-29243
-93673
-84212
10689
-20476
4866
-70907
18465
32146
-83223
83755
-45220
-81737
-87990
2749
47481
71967
61943
62986
-11384
-71086
12677
-99792
-60385
-84789
87773
15439
78272
-66568
-56465
66064
-84778
-40371
36999
-37940
-26530
-81531
-90760
-90598
-99997
-44489
-94796
-520
-31775
-13423
62845
92564
64331
85939
67190
88440
63144
30122
37843
72657
-26344
62855
-41040
-95590
-3531
19484
-97667
51818
62805
-40942
34198
74774
8619
34794
-32784
-39420
-49587
-92978
-45329
-99443
96976
-81709
-38507
-18162
-55217
-99826
88790
-93236
31499
-240
45447
-14143
-35156
38591
26932
-48761
-88858
-63214
-59760
50976
-14921
19880
-48441
-32288
-96244
19014
68144
-98441
36419
49579
24542
96607
-71732
-94382
-2730
-40994
-51352
96004
21402
24632
16788
37399
-41628
-62603
-93697
47750
71727
32970
20278
-75474
-10258
10727
21408
-6685
-26720
-65828
9509
-55251
-75717
48041
84971
72994
-26747
73952
88440
40161
25218
95225
51899
8808
-24312
19378
-26522
1683
-29714
-32415
15860
-37326
54499
-90792
-51512
-51579
-76070
-1229
80950
63191
74467
-64512
8218
64180
-12267
-55412
65766
65095
80808
36038
-28422
67605
96863
73490
87276
31376
-97374
-31443
-40473
28633
-11926
-13960
87151
-48299
-94635
35939
40514
-36885
81433
35383
27738
66903
-57003
-36609
-46128
55406
-29821
30292
-49830
-51154
17290
-32060
94965
55233
-87120
70111
45790
13391
66605
-8419
67001
68988
-99174
51823
73557
83461
93576
54241
-18617
60210
-99474
74536
-65933
12345
-40582
-43570
-67351
63535
-52472
-74889
86443
9067
2992
75598
-9523
-38727
-24006
27217
48245
7672
80173
-34633
58690
-91567
-99131
28794
-7927
-61164
-56126
59204
74363
-10960
58973
21178
71010
67215
-12586
8479
-74486
8140
-34520
-99289
49468
36114
-83554
98201
35366
51666
-32321
93983
8470
61600
-45147
2989
63205
-5717
64044
45452
5296
-56489
-42811
-85182
-85246
-87879
57642
-4320
14414
78894
69484
11176
-10473
-60840
62696
-78952
59634
-91785
26776
13527
4515
-79457
43333
-93957
-731
-91877
-90150
4469
-89338
-26017
-50667
-51750
-42066
79266
88214
-22002
1344
16992
-6502
34447
40856
-37078
86017
39387
30517
55400
-34037
67455
7024
23469
-60639
30910
-70614
-60107
-1584
-46246
-2491
-50882
84240
-11198
-7735
76543
-76862
39255
44262
-36983
96505
-29540
31129
-69959
-92816
-9477
-30105
-6889
-80423
-76562
-11194
-28529
-19051
53584
-89829
-94902
67711
46337
92894
11047
54946
54063
11802
-57893
86923
-36472
-90479
-45150
4794
-39879
-55427
90144
-10958
-89311
-21136
-96935
-76240
99287
-67235
-7031
-35656
62484
-49105
32866
-59510
-64449
-48809
23648
34996
83284
32867
65482
-15615
27567
22026
40967
86543
-6213
-83452
87257
-14210
60402
74326
60027
-49212
-75441
-89173
-16429
15198
64280
1822
6740
24417
39105
-23915
-55116
-33297
-84289
25351
6916
48965
13931
-2211
-67151
-47248
-88114
-11146
27413
69983
-9329
50117
-25349
19284
10294
-93930
-66834
-65995
-47460
-67538
-71108
72383
73521
-71793
-37044
59162
-55766
-85542
16985
-43961
-7419
-49329
85066
-55115
80570
-39824
23728
83891
-34240
20421
-70821
8128
99064
-63560
-88743
-98433
-51334
83936
-43956
-13497
99067
4827
-1625
2646
34072
-5037
-37115
99173
70593
56164
-97242
-23722
-66683
-22508
39814
-85558
-715
-66816
81500
10383
-59720
-70888
-7508
-75210
23019
-63359
-30839
-59837
-40846
-3559
-18901
-95938
64032
-54121
9512
-34265
-73601
-25393
-89453
74694
65532
55701
6254
88352
81650
88890
21516
37254
-85231
77554
47048
30023
-8214
10902
95963
54661
16027
-81980
-94370
-20699
-67502
-25436
-94627
72736
-67201
13126
-44204
53559
2138
85799
-10359
195
66830
-28845
2181
98346
-17279
52004
-27792
-50706
49985
-37272
-72824
46175
80140
80224
-1346
6321
59771
29413
-46675
-53400
87757
97190
-93832
-48337
-86260
9484
19326
-7991
-76322
72702
-74564
-12257
-98325
-21568
-46720
-18505
79845
60214
-68986
44741
94392
-32633
26801
48284
23120
29277
47783
10493
38594
73416
13193
-75568
98008
7362
26190
62128
1596
50381
14331
-62495
-1921
-83847
-19007
-67107
-65977
33154
-7501
87307
-88173
9877
-54494
-65135
-14868
34035
-84330
-56448
3499
-40785
18732
28078
22561
-55663
-51513
-43038
-8730
99421
39348
17127
-26111
54061
-76450
-71677
14449
-99781
-94358
-21566
-61354
91195
-30352
16683
-86977
-32091
-65385
-28844
-5935
-36720
93452
-5807
-67760
35770
51167
74248
95309
-35100
81466
-83552
23212
-46566
-97474
-91880
58449
96913
123
-5836
95783
77864
-69620
-65711
45580
44177
-20786
-36198
-16867
-60663
55611
76435
-75879
80131
-43354
56787
-51980
98531
-17131
-81329
21307
74213
-41482
72528
-74914
5918
-50368
-35001
-94945
37275
-37657
91575
37910
-42586
-29765
28112
74782
-4633
85342
-19044
-42144
11238
-79264
-10734
95161
-10962
96569
-5496
74763
12877
26850
52742
10717
59769
-49328
37110
54256
-34035
75406
-12297
-22753
40752
-97034
13968
-20751
-59050
-46581
73665
90239
-80288
44342
71670
-81540
-21601
56283
-49067
20902
97462
66456
22262
26184
-24419
-33702
32946
-94551
62722
-95717
-5996
91029
-95862
94204
-43283
11781
-11531
-24966
7364
88493
-85665
8400
57321
-70173
-4894
-22807
-73110
-34265
-21927
7553
89375
28179
-48192
-73193
-22432
8608
-36937
-23535
-76073
48338
90725
63596
89712
67010
86777
70301
-90451
-14330
-78580
43209
-86443
-31362
-10846
79646
91404
70974
85072
35788
-96066
-65261
24695
35300
92853
-83660
54574
30923
-93941
-82041
-1282
44250
34041
20684
-46906
-91114
7053
92586
28351
-42233
-69318
99924
69658
9719
51722
-70120
-18170
48456
83758
72068
-89075
-46222
66742
90293
-79010
29145
-99301
38845
24677
-29561
-59974
65840
-18858
-32437
52508
-53429
-10934
-2707
1840
-67710
-88768
11852
-72358
34405
95556
-25001
-56220
44270
-75475
-99292
43346
-86807
-93825
60336
-65708
-36736
-83791
8692
32853
47010
-22646
40928
-42959
-45488
-86811
-47626
28099
69316
18387
-76986
-44901
-55298
56223
77250
33103
74092
-56084
-28931
-54487
-65355
635
-83963
190
18274
-86775
58393
6686
18537
75349
41609
-16345
70424
28991
5865
-82892
-55525
-38900
87665
-36109
72681
-82298
29236
70100
-46127
-61503
11387
44062
37277
-28424
-37698
70492
-36448
42901
20286
63220
89121
60431
385
68567
-56348
-51666
-46805
25492
-58735
68714
-4874
-71032
-29052
45297
-47346
6384
59760
84680
86604
-80481
-12816
-54519
-11636
-11062
5996
47370
55405
87041
7396
5150
61284
74232
-62756
63221
-4227
33732
23844
11807
81840
91169
-93757
58669
18204
93039
-61504
10296
-14429
50686
29452
-86533
94497
-11650
-40817
-58213
-62071
62553
98637
-64632
-26978
91676
-38603
98555
-72245
-240
14982
-39713
-51231
-98329
68574
-68980
11499
47890
84321
66478
11950
-57296
-53694
31940
-98942
70880
6833
-27643
-38585
-329
-29087
-74851
-73274
-9075
4533
30228
-26970
-44430
-68346
-47536
-73848
-80962
-26669
-46287
27839
-93754
-26490
-5670
-17233
2795
-89825
40848
19393
94924
57024
-69190
-65472
-13413
-12525
-54392
61011
-16691
-22757
-55888
31191
47595
-86442
59476
-70440
61958
-9268
86912
-28307
-13624
53688
65935
81773
92645
-64113
-68691
15569
-83537
39793
-44170
23208
99209
49067
24829
4337
18227
-60569
8298
-16424
33029
-54223
-13381
65296
63287
-57690
54251
59721
-46948
53051
27951
29775
-32401
-75481
89949
56703
-99066
-61969
-41816
41254
62435
92748
47302
-28105
44970
94266
40882
31721
94828
66335
-34675
-22357
68257
5782
-18720
-59
39925
2456
-80324
-53364
-66695
-67961
18306
-57343
20090
68310
-257
-62328
-69265
-32105
3119
15488
45644
23906
18083
-88445
50867
18975
78205
-3205
56202
-71823
-23721
-27425
-97433
-45889
2243
-9975
41640
34848
-57107
73590
47584
66147
-98339
92057
50668
93304
-58599
-3172
-54813
56829
93415
40564
52395
62633
-50256
48735
47145
6863
-16384
35965
67408
-9520
-42966
-25080
-97765
-85344
-96887
-59662
-44459
-81485
-19423
21786
-64171
-24317
-92061
6762
58568
82945
33487
96975
70502
-11051
89844
13782
22791
34260
19539
45920
-10994
-96578
76642
6210
96771
-1552
-29012
92923
-52225
27756
74581
-69934
78528
76227
53308
-53492
-75747
90397
55609
46407
-52525
-46235
13509
-137
-12355
-41453
48313
92794
40226
-1897
73071
921
-4311
-56097
72005
-40035
-8281
63173
-4864
-28724
54745
20184
60044
-56577
-7891
-41274
52129
98657
-3206
89635
91458
-6202
-30191
79896
79200
-48155
-80405
70186
-20389
-396
-58559
-66842
67496
26206
22459
-84313
82829
-29468
-18304
85379
-58807
35789
-69780
-9384
-54126
91595
81504
-25426
-31690
-91668
86770
31497
32931
-94855
21829
-37490
-9662
-82321
6964
99407
36477
72343
78248
-74123
-43998
42948
-10870
96905
-44193
-1111
-2863
-3105
88045
-51692
-95108
-4193
-37494
89867
-28324
-86863
-48354
99330
95945
92677
-57729
-76427
-76171
16828
67280
30056
50269
30710
47812
43129
-81957
85497
-26368
95134
59737
-72390
-94689
12929
-68128
-45876
-16305
89781
-64562
-53406
56408
-21101
-39514
31426
-57091
-70794
-82559
31881
-74757
95823
31011
-32427
-51858
-47323
-94039
-41966
-17901
47340
24926
99812
-17368
-74431
62380
6254
75696
64448
5231
80061
-74157
-33853
80613
57429
76641
-18953
-96638
-49579
-65161
78492
-42848
31241
92474
-29543
84180
-1524
-88127
-61063
63580
-41256
88783
38854
83380
-85268
-13571
6528
92935
36952
-77321
51258
16643
45736
28317
31698
14917
56683
44873
-46325
58612
84447
-94608
83721
-46679
-7878
