4300
94494
-16805
3937
-60982
-50591
85085
30421
-41158
32803
63242
76800
-18655
7195
-12350
28332
10030
-91629
34360
-84315
-17523
-5937
-50775
-69460
94701
98759
64890
-61947
46507
92303
69614
38891
-83872
61207
96257
-87388
95684
-93873
73251
-93713
-99011
-18717
-64044
-92903
-83192
-80988
-3816
-56146
-6974
-73018
53016
-19059
-56108
37190
60821
-55275
76921
82468
97993
-81477
-40914
79182
95772
83006
-28683
50141
-42816
21617
45125
-44744
-23
87863
64657
-40170
-15508
-2354
-88333
12322
15475
-18559
-48267
-87561
86619
34241
-24324
4170
-3222
84367
48722
-37721
52720
-53936
97486
-69996
69561
5442
-91870
70354
299
20622
-37567
33153
74179
-92365
-27285
-98973
78630
53986
-52010
-45767
-22105
20841
-67525
-63415
-81132
3783
2362
42113
3453
-89570
93162
20406
95810
92614
39105
3717
55256
73981
-4899
-24742
-24296
61885
-90899
20943
-3069
-5146
82686
34028
-72682
-16869
92582
10893
-42426
95081
-51961
-8415
-34087
34848
-53184
-24050
-10591
40518
-59594
-32334
23893
-73247
-26758
10885
-95795
-93965
2839
45658
-27942
-4093
11323
28868
-6721
20949
-49024
-54955
-97008
79483
44565
-38334
9638
70532
-47475
45666
-51587
-32429
-21308
72469
94698
-83828
-28118
87170
-72389
-55001
32941
-43592
-18195
-7898
-19897
-60810
82500
-51229
-95071
93702
-93045
-21117
-47646
-47741
6440
53319
-22183
69372
31387
96385
61315
-96527
30483
45539
2297
-9798
-31827
-57678
-65735
94151
1802
-68966
-76593
-81982
-78069
-46116
98719
93265
44844
26403
-58414
-67081
-56774
-36556
49371
-59238
-85966
-90942
-30875
-61025
67128
-56671
-67173
88945
-28880
87635
-27117
-8415
-94019
82239
-11240
46888
39764
-48001
-54574
-26553
-5956
-66408
-87020
-21937
59492
91333
-22014
17597
41952
1836
-17571
-69827
30914
-90510
23085
46799
2257
-22934
31882
52935
4137
-29400
-96698
-40786
-65426
-26316
-27910
6471
-42770
31770
-19220
-148
83283
-31137
40730
72214
-51071
70158
-73691
98298
84306
-43728
-39267
-32303
44779
26265
31781
78321
35579
53727
36611
-47593
-32944
62246
84614
-45754
-48875
53399
-90860
-1400
-32276
75759
21711
50835
-412
29683
4196
52039
76695
97026
54960
-81132
42275
91330
24846
-46151
85635
94588
14849
49063
71689
-15292
-87493
-31164
-8774
63505
44232
48075
-71418
-48149
53658
40592
20322
-7166
-35727
9505
46980
77402
96295
89032
-75718
-44892
32341
-85970
16552
95081
-24474
-39078
-83044
83103
-54730
-78506
26192
-43874
42598
85618
73595
-17108
70847
96162
25300
45364
96960
66626
74340
17814
-90747
890
-74362
32920
72086
-90051
-19650
-60359
-9910
80427
-70220
-16794
6870
-32233
52940
89990
37303
52194
-14430
66736
93943
902
-88409
-94660
-43234
83247
-55149
-5129
-11655
9411
32646
-89040
65344
-86909
24959
-33041
65702
-85815
18679
-17531
60162
64177
42779
-92161
-43307
69077
-78363
50484
20151
69616
-21994
-26690
-23261
-31388
99538
28037
59867
-87402
98519
-5129
58105
-92873
-69861
63700
-11180
-20322
67650
86949
16075
6609
-78855
-67252
33265
3619
46258
63863
-87851
35575
-13124
86958
92012
-17886
-84802
17996
15838
73007
24655
-80437
15658
32060
-80139
-60168
-33290
-511
-66311
-89723
25463
52593
10211
58557
67193
-32456
-41384
1042
40203
25061
18892
34514
14347
-83998
-80155
39608
59849
98334
-18386
-2273
-46757
-33973
73652
82514
-49283
-44925
-3583
-33794
-25182
-45242
-90190
-70711
-56293
-96418
10807
72891
11747
91043
82279
-44198
-63675
57243
-17090
-49195
36458
4473
42036
-43946
6723
-69306
74618
66554
97615
38173
-61100
74013
99081
18512
-60978
-33394
-11470
-34263
54748
89506
64374
-2102
90002
-96924
7422
25718
-94404
36074
47249
-82968
-92197
-91517
7975
-99423
-65795
59660
-18676
42048
-24329
61794
82733
84873
16962
74993
50819
-15480
17328
-7829
9113
74830
-38519
-38315
18107
-99686
-28538
-13637
-26947
32916
-85079
-16124
28389
-86158
60599
78688
-85642
87677
-61293
44061
80474
10030
8889
-69607
-55957
6386
26835
72082
-61858
79181
81979
-56551
8908
-79078
-36402
78437
-84258
33265
66473
62916
-11755
289
-14781
72685
-77772
-74724
-61145
28976
-87990
-83470
89484
-18994
-13472
83638
26899
-86299
-14085
-29507
412
-13628
35470
93444
38532
-79459
26175
-84687
65151
11032
-39148
67314
-41457
91076
56506
-47422
-90017
-75224
13042
24202
99262
21688
80280
23460
-64581
-96541
83281
-24262
-14055
-87671
-33007
8717
27247
-3446
17159
-13742
-61153
-25670
-77403
-44170
-99792
-91280
-70065
-99773
-22901
50110
71839
-96677
-14705
8314
-55213
60704
19921
35259
41620
59510
-4877
-81632
23011
-19488
66527
13194
-72798
-26553
-42911
96361
-90947
33625
9759
-83020
90547
-15538
92853
-26766
-76283
31878
24113
23222
-83847
3791
8104
72360
-79925
-4542
-25421
-80515
-30287
64844
-98678
-5304
43082
-42358
44922
29354
-85406
48718
1990
-91995
-51356
-3777
30040
86351
-27939
-47651
-69470
93922
-97559
-21279
89814
98864
11068
32834
-89602
61620
-37681
-44716
-77704
-31933
-87068
-93045
45842
33953
64504
96158
32254
49199
-78843
-47289
-16398
17346
-9999
-18010
-67937
67792
14998
-4411
-60277
3588
-85713
439
-15155
68657
-68645
-1575
-21339
1826
-90095
-43526
78261
43343
91297
29527
-20384
-89683
38179
-58753
78910
-16035
-63298
-73387
-54535
-85884
-938
-36236
-19321
2554
4435
-69011
22148
-55973
34827
51691
99882
-38148
-43573
98360
54512
-49608
-61049
-67944
-99971
20200
57819
83347
62344
-35664
62397
51665
-71730
-57162
91586
-31971
-40466
50094
-69815
-26356
-4956
-77231
31240
-15369
-88480
1324
3377
60515
-22078
9109
-80064
29122
22517
-67848
-98268
-71278
67493
-87025
647
-66716
-63650
-50128
75068
22007
-76797
86272
-46012
-18429
83239
-57403
-78019
32273
82251
-79782
-62232
-47033
-9163
52731
86741
-70078
-67735
75520
-71763
-19044
-69882
74983
26396
58637
-99712
23434
-90407
63661
-84490
-1873
-97261
-68201
-25552
-42178
83322
-91414
-9354
57549
92647
60521
-37041
76247
-68440
14978
30229
-34932
3372
88172
-57423
-26110
42375
-47831
9209
-87735
-98461
49835
16099
-46500
65220
28883
31076
20466
4470
79572
16361
-69324
83477
90422
74289
86922
58361
-26761
-74811
-7217
-21956
60492
34389
88355
13289
74821
-68751
-36386
98114
-17650
-33696
38049
36526
57169
-57247
-26359
94205
-68615
-40133
-89923
15898
-56238
-24509
45287
-84020
43532
86506
-4928
61864
20830
86464
33539
12183
-97720
28809
51907
-51712
42736
-82182
-37480
5841
-29778
54225
-23755
55727
68067
-61490
88725
-20040
83204
-74287
-13804
-73487
24821
77457
12634
-36079
-80944
-83146
70130
27881
33028
-13996
-33671
-74642
-28390
20997
37425
91557
63187
-13598
-4747
53929
61358
30622
86151
54044
52486
-15617
59525
39528
-76201
-33095
15163
89841
66977
-20760
77777
86617
57893
-21783
-37467
-54929
-42356
16086
-33484
7669
28391
16861
56433
48524
-2159
-68803
-96328
-57090
20529
-18340
-30564
37288
42268
-33593
5340
55746
74327
-55802
26869
-2356
-53254
76251
12561
57751
95663
59799
-85859
-10706
17882
85338
3320
-67233
-23213
81253
-62585
67113
21006
31325
-4315
-27837
57564
83487
22264
-47225
-45302
44410
78623
92026
-2777
63885
-73721
39864
2724
-30594
-13155
-52928
-4141
39764
-43747
9882
-82542
-13390
5513
77985
-42943
-33743
48118
-69007
-22034
89305
35968
8365
52306
76027
96414
41261
-21835
-18195
88016
-21245
75884
-58589
96565
-73303
-47741
-96794
-63815
-81720
36661
-652
-69077
88039
78744
-68619
9964
-27474
-6186
71061
47683
-79530
-39147
78722
62542
57392
69560
92804
-79981
-2674
127
-7309
58805
67858
-34934
12762
-82558
30993
-85189
-50649
-61143
17635
38520
62027
-2487
-7159
-20336
-94924
-63260
48252
-10315
67684
-77006
48270
65895
41070
76050
65151
-61454
54029
23516
-36321
51917
929
-7279
22490
63268
71943
89588
-25435
-94160
12307
-74190
98884
-3647
99565
-964
-57931
-10979
-62011
-81867
-48772
-77437
40052
54855
-26356
-75192
75441
-96048
-59889
-95901
-2516
79930
-80558
-91580
-1718
-34839
60432
-78754
-62018
-42099
-79654
88326
-5120
14423
37024
54387
-84051
-90040
-4770
-48475
29819
-14940
-11419
6499
-74601
-17146
-70268
-37155
42781
-26099
-93356
11567
23603
15796
69661
39174
-50877
-94592
32616
56157
-68333
91794
57506
-90719
-97918
91548
-70678
67379
-36383
45680
82232
-77813
26283
-27212
85161
56186
-65565
-47118
-19797
81928
13961
-39860
-7359
-54789
94712
1804
-22157
81657
-38497
-53030
35222
69125
-52775
-19321
6899
-71515
-40276
-59515
-98473
-62812
-80677
-79239
-66569
-18764
-68888
-63127
79293
-3157
-60758
79696
-16525
37742
97798
-60911
84427
299
-35187
65032
16072
47744
-46158
75387
-70131
-17095
86566
-97169
55936
66806
82002
-70185
-33253
-46037
-54864
83304
45327
2178
17287
21128
-75436
-36773
90881
73892
24594
-23501
96554
50656
-84059
94242
-69177
-19094
41809
-45762
53393
19112
26306
-29602
19277
-6897
-86210
44857
-60663
-19243
-92247
-87316
-9163
16318
-56140
45658
-55269
82963
-34716
9453
22972
-81486
52794
-87173
61513
-62082
72388
24005
-52934
-13258
-73152
19289
-73201
-35101
54952
-67817
72481
65771
59551
73936
-39260
-52668
-20746
-67574
46844
15234
-10981
59296
59000
90896
85278
-43002
15791
59133
-13279
-98069
86710
-60306
48284
82679
95803
7730
-72565
31923
-26751
-65485
40308
-33208
97400
21767
79896
-26208
-16392
75046
98998
69225
75034
16054
-43082
54264
27251
-36925
-36935
6346
29998
78154
-72774
87461
6533
28788
-14623
-44963
-48164
-44576
41124
22066
-33926
-93927
-4966
24599
14820
-21657
83358
73485
56280
-62207
73308
-84690
20899
-18592
28603
-30394
26271
39598
84007
-98724
-80883
31645
-16902
58126
98762
88661
-4218
-13286
-60367
-28603
88449
85433
44366
-25317
96654
68901
20922
-20658
2212
-60932
-13864
20568
-66531
-26307
-78166
4546
-72611
78703
-85039
-14825
40605
89504
27999
37690
-57261
-50805
-28646
66580
-31232
-63853
31696
-56603
-69611
94444
-36270
-22148
-13181
38873
21070
64386
-10786
18959
-57651
64048
-64531
70073
27589
22176
59152
69013
-8420
56385
26254
21499
35450
-90971
56891
16254
-25207
65205
-37246
-19989
-58676
50308
-22059
-54226
49881
-72512
-79506
36053
-90508
-81339
-32640
-51156
-28534
-28661
88831
-41658
53319
-71104
84809
-1443
88276
13745
-52049
-37999
-49872
-93599
-67292
-60596
63594
96188
26241
-63993
56632
-53083
-46157
61221
80568
-46164
-96894
94461
7744
12443
92734
-25739
-17885
76591
32456
75977
-6141
-85084
48570
-96341
-18802
-30550
99764
70533
-49385
1587
91716
50650
16081
70318
58673
41034
-32918
-8050
-2652
90612
-82494
-60349
-56972
76150
-98106
-42294
35789
-18224
42541
-24224
-11396
13158
-82225
-27310
-47143
-94556
-43875
94384
-93808
63804
-53951
-40737
2638
55242
19667
-66674
-67066
-57063
33140
17793
35613
53567
48395
-13559
-71496
-49629
-81638
52564
-24289
-50273
-99908
86624
31182
-17280
-88067
-53045
38040
-83350
71446
-8377
73465
63449
13635
15977
-36362
-54590
50883
-78112
-95053
65880
97516
-89214
-32687
-51286
-51864
50818
85313
30889
67664
-40834
-84886
7560
-55645
-47499
32179
-18180
81954
-35626
10733
76131
78540
-48781
-69152
-25279
-10575
-25835
41201
40741
-33803
-34711
-78612
-57878
-58588
-52329
10996
99865
-31636
-52493
-10300
-54036
59515
71308
20385
78253
-7754
60962
6046
-23555
-74798
-22346
-74037
56625
21267
-15943
96252
-98537
-78497
-4826
43953
2710
-92290
-76373
47207
-2701
-5071
77186
250
75312
42412
71519
-34187
-15281
-14159
29954
53432
49460
-32311
-62932
63045
10344
-7646
5614
-47513
-52614
-23488
-95716
44415
73792
-43679
-25375
51244
63291
19634
-93716
-77930
69400
-3737
74184
10903
-96173
20475
-62070
71111
-23818
75140
-53277
94499
-90497
-29455
-30378
-17447
-1568
1380
-97789
-58957
-91808
92070
60001
21405
48543
40267
-52406
60309
-27018
75875
-42256
56750
-18755
21402
-26515
47616
34854
-63443
-24583
62511
10118
31113
-24715
87191
-20620
-94462
46756
89681
-31478
-39764
-76615
57509
-16247
45466
25098
25228
-97703
-94671
61668
-95456
97517
-75929
-41735
89250
64901
-90210
-92939
871
-22835
72919
68206
37921
90531
9940
-27526
-5306
-90378
49487
87962
-62625
16457
58320
88275
-79121
-59561
54831
-24163
-67266
31761
-35674
-71115
-91391
37763
-97646
77453
99111
-78636
96966
90148
96066
-67348
72652
35440
-57840
49200
79929
-41738
-90970
-45079
98668
87356
-71688
-57726
64739
-76201
-91961
77872
23289
-22370
-5465
-85972
97792
-87169
-36308
-23716
-7305
89839
-34895
15824
-7768
76093
-41724
24935
-52127
44480
60849
75538
7244
83695
-42966
-848
67054
53391
18384
36249
-86408
-185
-91360
62838
-30003
-76145
-25667
-42163
95697
-89017
37717
-67365
-38550
-7580
-55373
75482
28695
-90811
23841
-44190
23465
92452
15160
19052
69281
77543
-26170
90865
-66136
-56554
218
-72271
28773
51432
-33106
7247
-70721
-650
-9166
12825
-27409
-11439
76785
98150
-79872
55279
-99742
53784
-58010
99072
-32371
89218
-27336
-76385
-4520
-4445
30604
4708
-92370
-89073
-90706
76630
50059
49262
35772
73661
89830
99230
1825
32406
-46854
71668
94188
23968
-29517
-77152
-57460
86740
46130
-80786
-42134
56625
73341
64937
6435
47669
41222
-66726
95585
-82201
-40682
52526
96725
76049
-42
-50955
63955
-47732
-94022
45575
-42359
-97741
66058
95617
-95587
-8710
10319
-77907
-17949
-50153
25110
-11520
-46280
-63010
23267
-76548
-45314
-75286
32502
-64714
-78284
-30473
-99469
84274
-41360
89293
-86416
84074
17596
85207
47136
67309
56459
2386
77846
32932
-99626
-65759
-53383
-84751
12504
-22979
22147
51568
-85470
-55927
-70795
91359
50331
40451
-43109
83738
64344
54743
46647
-29057
-20972
87438
48973
61616
88332
-59741
56650
-24202
23674
10230
99858
-2813
-61397
-37286
-97947
49488
22079
-47607
26669
12261
31933
-77961
33766
-71113
-92912
75075
37098
13227
-5342
-6838
-9960
99321
-88748
78742
77728
-20373
-79977
-14988
-26386
96325
-10966
29091
34033
-34497
-6992
75368
69191
-56978
-38355
25023
-54393
-50559
-91619
-2388
-81750
-11098
65521
82543
6678
71244
-50905
78229
71881
-40188
-43004
95211
72927
-71935
80433
-79666
80063
94206
50032
69150
4904
58686
-25095
1041
82900
-73937
11445
-10205
-18170
-22488
-89898
3691
-84491
38033
81873
79881
6421
84258
-29767
32060
-4034
-36028
14329
13968
-13829
-21549
36270
20788
-97934
30149
-34657
82410
50475
-58716
-13478
-97321
-77954
-45961
6060
52026
-49379
80447
-44036
73913
29372
54685
87044
28631
97945
-23727
81005
-59006
82987
88861
-77753
-95671
-19221
79623
53282
94891
-73351
-67394
-28917
-41205
17581
65172
58598
49151
89851
33002
75813
-62265
6850
75753
-28510
-32422
73521
-76244
4703
-71780
16214
-39685
-87977
33709
-49531
-95501
-7424
-63269
-18847
9025
28640
83127
-92790
3149
-21943
86853
-51165
-61261
81203
33229
90814
-97172
28212
-6706
95719
-47925
-2978
30930
-79286
90020
-62347
-33123
-78975
-50297
-17653
-11009
14910
60842
36474
-11575
16658
99364
-64194
-87716
-68073
18710
-24531
-87907
92288
86756
7955
55556
47931
14369
-35922
-56684
97856
38601
-24509
74341
51322
10087
-84773
-80931
71054
22103
84317
-30275
-45812
77990
45577
11031
-69263
-81067
99790
52958
-35690
-80323
-17079
92629
-66503
-80500
-99364
23978
89447
-35603
-31706
88860
-69310
-70138
63524
67606
-2252
79387
-23772
14944
-70415
-74608
34401
1003
39330
-91509
-46720
7434
-68301
-72712
-13210
-33920
99578
-41626
-27596
52468
-47806
-23794
79904
2497
-11532
75444
-66639
362
-74079
9639
-28778
-30613
-79121
55842
-88988
92778
-39907
-18411
-68117
27276
-67788
72061
97843
-7452
28876
-50001
71384
38151
-92360
69877
91391
48443
1359
-89521
-98060
-11826
-60584
33435
57570
28866
83409
-37041
72430
-61722
64156
-23198
-28176
-13056
-62841
-14582
48974
62694
14262
46049
-1673
43307
-24145
-159
-98247
34423
-9982
-80434
23232
85744
25363
68275
55660
92372
56517
19268
-40371
64809
99269
54498
-34306
-85493
-74768
56318
-37605
-66524
30882
-66347
61472
2235
-51620
-40871
3423
67107
48145
-86736
97181
-53549
45389
-30763
63114
-20202
-28413
-94051
-12260
-19239
38065
98196
-81145
67938
52146
27782
-81701
15968
-11104
-7975
26617
-86947
21091
14487
-38221
-37489
8347
-73718
-34304
-56882
-21146
-84928
-96680
70177
-22002
-92626
65906
48497
-97262
-31823
-2728
1311
-43505
-13201
80867
-28175
-16181
-10980
11929
21223
-7969
-31271
-34465
7788
70590
-37706
-3876
46888
70374
3352
39661
-3470
96097
71350
50814
96611
-52616
14333
-25013
-12730
55477
40532
-25420
-10709
-4012
-20358
72502
46939
-65786
93515
-10356
48613
-50143
-30303
89889
-68073
28199
39702
14960
25801
59568
15592
-43782
82131
-32521
-86026
37091
-50594
-84289
-93849
-42454
-43752
-16608
43690
-73981
-43519
32242
-15657
-17773
23842
-9132
-34252
18951
-8482
-82022
-44268
48146
-41887
-11055
83163
385
55861
73007
56732
86332
98931
-4644
-10141
46107
-15914
48983
31502
88162
-33365
60743
-65002
95771
-4251
28959
98091
-68466
67405
-58132
42174
-76512
-17578
-22658
82776
-75322
68494
85936
-89561
-76892
-49359
74070
76506
-33402
-53160
21059
-32671
-94279
86990
-16844
12695
-95737
28227
-92963
20860
-46514
-17574
-94579
81883
-68036
35037
-93248
-72438
98090
-56048
-8511
-63664
-2927
-65885
-27910
-8415
74541
-11647
-2022
-24828
93932
-49147
-36447
77909
-33325
99404
-70325
41703
91630
-51035
52246
-58111
-53774
-58011
6322
37833
-52431
51352
58309
92287
-56584
-60207
-13288
4448
-87352
-48157
-99167
63595
30320
2024
-22355
84607
51331
-43778
30570
86307
-27973
75986
9422
36576
96490
-89900
24744
-98423
-98215
-65334
-37183
-99429
-58881
-55167
-44946
66815
-85217
59741
-81035
87596
-75905
-72174
-56166
95977
-78336
-87765
31685
-10896
37343
11272
657
-36882
11719
-47963
-72013
-99929
-70704
-88364
98117
84087
-72872
-66611
-33490
-13581
13180
8476
44464
9838
-25804
53688
-34418
27032
-4727
-32460
11480
94336
87219
54927
54484
85562
-11757
-46106
-38645
49243
85833
45064
46637
91489
47923
-43094
56930
-15248
92803
-42959
71150
18295
-93316
51373
82559
-26383
93065
-63770
87382
86408
-66566
96014
-40560
-25005
50971
-80939
-62384
28672
9587
-50788
30859
-58739
-32554
-2111
60016
-48336
-83801
-56103
6898
-23145
96110
95164
-60045
-6070
18834
6969
18574
92012
5299
-96278
-19007
55584
71462
33699
61494
95879
-2994
-69692
7788
-62488
47635
36590
-60409
35817
-38398
39698
-65040
-95302
-78271
-86043
87658
-41583
26605
-44752
38899
-19249
47698
-14909
-83885
-65086
76486
-25207
50628
-79676
96674
-79241
-9539
-79936
35742
26335
-54819
-65708
-64440
-59615
-88399
60370
-72607
88640
8866
63777
74708
50642
29950
-95551
41172
34193
-26271
52204
62481
62416
55743
-65577
-5482
74119
-26159
-43944
29634
-53937
27034
23009
-14751
63657
-43307
-90070
-346
6392
71293
-2451
-87481
88719
-83528
99275
-72331
-58395
-35551
-20916
-3849
-87643
-61647
34372
-42462
354
55817
24592
56183
57896
-33378
-96128
29401
73645
-70463
-51185
9449
-34841
-43382
90957
-28864
-45129
-82720
61277
87432
39171
86888
-9190
10807
-9375
-92280
-79531
-80151
-60946
45335
12282
13722
-98625
-7005
-43311
42493
-17425
9757
-94816
36219
-89640
31589
57325
55051
48221
38702
33248
25258
90083
-45746
-49849
-28168
58143
25637
-38284
73775
88906
-31001
22017
23872
-77582
-21561
28276
61707
58154
6401
60733
-26373
13410
58180
82140
22397
-49135
-17541
-59617
-36389
93518
-91529
-84791
9657
28286
-40709
3535
-71958
69672
65059
-4420
-26128
72997
-67791
15348
-8690
30835
-36235
-27243
-180
43048
-80295
97017
-12793
12739
29830
29528
-21262
14750
-33737
-72949
-86867
63616
83032
-25877
32704
31311
89818
-48744
-16780
-38558
63254
-83051
-62002
74676
75163
69713
18217
-21387
81174
70785
-35217
74043
12253
88488
59699
15255
-40744
3384
-21650
79234
47500
74322
36693
-74251
-43195
45738
41107
7639
58720
-19514
-85336
-1455
26098
25189
89245
-44418
98585
23932
-17117
23230
90525
-60965
-22904
-80854
8129
10415
3989
-82399
-22100
82720
59654
85761
-4561
-51301
68710
58994
-81613
-40406
92103
20956
-48896
-32706
-1445
38840
8620
-45873
45363
-46076
-24034
36698
1105
83280
-67202
-41271
-33621
-39114
14267
28209
59135
-10457
99384
-971
-82419
-90529
-67052
-59577
37430
67514
-70444
-60529
-36049
-68383
75503
-62044
-94558
8093
88502
55927
-69087
-53236
11359
-14257
-39801
-1168
15213
-97426
-73939
-732
94717
-11245
-43706
-4309
9454
-10151
32216
-64735
-15698
88701
-33193
-25581
90014
59581
61024
-3478
38497
-54117
26447
23874
4486
57920
97789
-75623
-98353
99838
-77351
-54814
-65250
-75154
-35614
51321
-24261
81912
-88578
-24718
-22716
-50959
89274
47690
-89038
-80545
-59041
90879
17091
-28713
-44691
67323
6602
-3449
44343
30187
15951
10960
92122
47471
-40412
27083
-44325
58218
-47035
-41683
48284
-81992
-96597
-15547
6715
-32897
58861
-64286
-12920
60127
48211
-20399
28960
-17789
25657
71107
77226
30681
-44899
-95602
37230
15454
-56251
-38326
9421
83794
-95153
81308
15969
-37813
11095
23375
-69006
31398
31998
-7586
-13743
21400
-14755
-16370
-13675
-9502
-72121
-16136
-78737
-90781
53811
37348
6380
-51257
6030
95825
-23864
-62563
-84132
98002
-16471
-56057
-16889
-20526
78591
90891
-5434
93048
-31243
7558
1451
-94939
7700
58815
-57079
32794
-88267
45465
-12545
39863
-71647
82851
-40154
8031
9735
-27510
36755
-88521
-12072
-30098
-22007
36876
-38077
94673
20478
-46572
-31800
-37780
-29496
88460
74107
90396
-9180
24321
4376
20089
-26397
26923
31101
47367
-34702
-12365
21832
-56826
-2300
-87018
-49203
-44700
-7842
-25247
81332
52435
-74754
-33060
-68818
-92108
-77719
-29117
34450
-52046
27472
11951
-9064
-80532
29982
62420
54384
73482
-82911
-48669
18944
89777
62098
31888
-27655
88145
27203
10734
9748
43163
-96092
-13386
-81873
-19760
-52111
86246
47038
-98379
41788
14406
82543
-39517
-13678
-22075
87902
-91141
5645
12162
80242
98486
86134
22248
-35182
17562
75860
-74831
13576
55624
37397
48779
-7184
-56910
9560
41367
284
-35605
85
40270
-3640
-50665
-75862
-64962
78772
-96063
-54013
-84045
8228
-53749
70820
-74575
-48272
-52608
-28202
96412
15304
-82682
-82388
7290
-80568
-41041
8432
94033
1652
4654
-17489
52395
-83248
44646
-68322
-57672
-1697
-98594
-61592
402
-56074
-8687
34965
-79333
-27589
-45981
-80296
36034
-29761
-6163
-86475
83045
9718
-29319
-81139
-69743
40015
-42423
-51833
-96988
59252
-52974
43549
95059
-40992
-19770
59392
-38392
-31785
22095
52201
28132
9095
40471
-85890
-27998
68153
-80444
-17636
27355
-76364
-53375
97799
77990
-79442
45048
-98452
39447
1712
-69796
34638
-52248
-71419
-37342
-2283
45110
-40226
69327
-15312
-95710
-75515
-95956
76130
86744
20988
-25513
85104
55084
76850
24116
-35290
-39392
-77407
66880
88833
12802
-50681
83654
-11204
-25102
49726
52266
-95686
-87742
87738
-46110
40204
36150
35103
83013
-32608
-81110
56253
53051
-65529
-3693
-37527
13460
99297
-84131
40121
22646
10151
-55884
-76197
-84114
-93931
48031
-38382
51303
98290
-56698
-47154
-9608
-92163
-71660
-83928
-57577
69302
8823
-32137
-21205
-86714
41860
99473
95616
-59700
76408
-10078
37972
-74940
-16294
-73566
85646
-73322
34364
-99914
55310
99129
-38688
14181
93919
-41790
-22602
-82059
-82551
13453
-67069
-65054
-86396
48262
-51746
-90950
8518
1109
67413
-7912
75005
96804
83244
65658
-54119
44430
78725
-27647
-53248
97253
92443
-66170
81893
-81376
28712
-66284
86451
-63393
679
-13179
13859
45213
15732
-89604
877
63537
-70449
-79492
27866
21633
-58753
-78813
-95304
-33405
-93421
-38073
27944
-87951
86148
-43412
10449
55625
-44042
-28194
-21961
-79106
21021
89521
45542
80766
93948
-62829
-61496
85217
-97207
-91445
86806
-88213
-50323
-62640
94571
58046
27559
-85304
26676
87327
74064
-43812
-77692
92451
-49991
17844
-52732
-65227
49968
85076
-54072
13895
-59550
-98350
-83908
-99181
-29030
18675
-83267
-73011
-85912
-15966
-88444
-67673
54812
4556
53757
78400
85489
75995
-74762
-11990
80840
65228
-95821
25046
99209
34415
1950
-59489
-53906
-38661
-71397
75375
57819
91851
18810
28754
-49691
95097
67142
74645
-92045
-33643
-85702
37530
-638
63939
48467
-83461
-66686
-4242
12929
-99303
93790
90733
-96585
2048
11225
16752
-61855
-33096
95251
-68698
-72843
92075
-95380
37359
6243
-72658
-41729
-98567
-3610
80622
34127
97593
-32388
54072
69632
19208
78962
-96540
-76036
6744
41177
-43489
-49738
98001
-91755
72212
-28341
14604
-89453
-43017
-26044
63979
23130
38510
16504
-16173
65339
34203
-41137
8903
79971
-7286
69857
4514
-42609
-86924
57404
49520
-43618
-274
71813
34026
-69758
-39311
-6923
-6451
13264
-71418
91589
47830
42744
48654
-79387
94108
-2994
-21333
-84699
-71607
75654
75919
-68809
-62282
29247
-78561
-82549
48995
-75082
49219
-23846
-82672
21531
61965
-5441
51706
-25216
1027
87423
84917
-30098
-16309
-13847
-95390
99794
-79374
3609
18510
-31723
-45544
42454
-89048
65033
35516
-75173
61340
-55553
-93984
-31437
-81392
-43659
16025
32829
59450
25324
-4043
-60913
-28452
-65832
53576
88503
88413
13873
97941
92701
-187
-53593
90838
95748
-38955
-1102
-1047
14639
8257
-11769
2583
-53728
-90549
86630
-4991
-21060
42621
30544
95657
7690
35907
7063
58266
-97702
3491
18509
-61899
-7038
20953
-52066
95450
-29692
78739
19962
-7121
78603
837
67370
52752
45268
56362
-47932
-54061
39722
25945
70202
-90762
24393
-68160
65356
-93336
85924
-48705
-226
-86352
-43966
-2845
6628
85246
-77181
-45699
-51207
-1523
2369
-66146
-29105
-5775
-44910
40178
6209
88770
-75351
-44233
14469
-63771
78812
-86952
-11139
57716
-61696
45738
24044
-30263
-47952
44610
-30139
37228
99693
-42896
8799
6294
-90465
-12003
62022
34850
80570
-33091
66987
-76721
59260
-80656
79227
-78092
96850
-62405
62733
72833
43866
28573
-1420
-2515
44804
63313
85556
28033
66898
-46496
63698
-40127
65982
-79137
81540
40050
-20230
1036
-7800
43853
-71598
29441
85137
3646
-94866
83667
-48869
78105
-2893
16266
-17952
-55654
86218
-83524
-86109
-69865
-12040
1352
-92247
-12860
58348
67116
-42297
21859
-11048
-22012
50711
35014
88439
-94112
-73660
-90174
-30420
61504
-4027
-33614
67339
17646
-66585
-66203
-48655
-15048
-45822
-72027
96269
-20151
46733
-70363
-37694
99940
88974
9606
-72667
-86916
-19222
-95674
6945
19186
88538
94213
4410
48555
-12866
-93195
3310
-78643
56075
16670
-48265
-85033
-10143
-89012
-63762
44699
-37256
69654
29705
-16552
25912
68491
-33595
75512
71655
32890
-83361
73378
-59780
-29090
-21252
40957
48019
-13852
94440
74499
21370
-78181
-73669
31613
23848
14903
-53096
79072
98189
26370
35983
96452
10437
-76768
-70110
64061
22630
28029
-73051
-11688
62520
89045
-33922
46900
-61756
16095
-14388
16762
-48763
-14313
92452
28026
83580
91111
-40073
20131
-82401
94001
-50737
-3873
7857
-81925
25016
-49591
-53395
68472
-51333
-93108
-6884
57967
49670
44697
-41658
-35830
41127
91844
-60859
60221
44599
21820
-63052
82961
65172
99301
-79737
96780
-43578
-95596
82805
-76161
-65533
36646
19343
-13780
80141
-89155
35700
-95535
26873
95192
76381
49046
524
32078
73812
-56754
766
65767
-3774
-81491
58720
-75561
-41691
-14265
-33127
-97064
-65120
-58239
28876
74467
12268
-20842
4309
-3190
-40403
47560
87795
82037
5279
-27167
-77696
58615
74479
-55772
1114
52236
-23130
80277
73382
59889
94848
-52446
11115
-36320
92699
42605
88601
7975
-97525
-61961
-56083
-97052
-51574
-29014
28972
-47905
-53683
-45118
-53876
-66684
-81487
-43686
50226
-70597
-10220
-42673
-27370
-58010
38721
979
-62716
-16074
-10237
-15920
-69381
-37269
85338
25078
-5384
28390
-53172
-77725
-45875
84460
2066
99758
48426
34233
-18957
28624
76669
-18562
24367
-11088
-81482
62714
77457
-98742
55651
-29776
-90457
-67333
-41669
-73078
-94258
61163
68662
-73270
3111
63191
-93863
-63959
-12634
-49926
-42928
71310
85897
53719
18227
-97748
47461
-12186
50987
-31432
-65829
-89384
-71826
32070
-95958
21833
-17755
-24897
61727
-35198
83119
-15039
-14617
65767
-39873
-25581
-59579
58243
-78623
14019
-20578
-15058
-84070
-96033
84657
-21927
16364
-63156
-26907
9590
-75016
-75130
-42373
99078
-68034
5300
55779
72000
-8768
-36825
36778
38619
-27066
64879
51088
-91655
99322
-40102
-99336
30832
31923
-32950
24248
33205
86607
54194
69008
-57753
-23751
-67411
94328
69814
-60854
6586
-16558
60334
-55989
-69800
34815
80932
-91687
93946
47182
123
-90399
-26904
-56818
66451
-16437
6194
-70268
47887
-39052
-25839
-43976
73602
-93549
-53413
47850
-91274
-53827
91490
-45982
-34920
-91773
4267
-15195
-65149
40185
82438
-92925
76135
-59566
60943
-34419
98518
-57881
-21441
41381
22187
-64618
96239
-22034
99479
12231
-72661
16866
98249
-92278
-5329
-82751
-65415
-70372
-49151
16871
-2414
-88567
-71638
36791
75194
-55957
-27758
-94733
82175
