4400
21694
2119
55841
-75922
32115
85895
76823
-798
22719
46175
37175
-73644
-65118
-75065
49791
-54203
2668
8319
95480
-1682
37435
19488
-40633
-24463
93602
-89699
86883
-74079
7014
50844
83746
67435
-58014
15723
49388
48991
-33014
-22752
35856
6495
-96436
17874
98805
-12446
-39726
-24595
89064
-10139
60452
-99658
597
-46864
66603
-98148
-98607
-67519
-31664
-31689
51924
27415
-9021
-78880
-22396
-56100
86680
-21716
-94164
34351
-12917
83781
-55605
40270
-64348
-3865
93961
77341
-7562
-93324
65093
21781
10433
26165
44553
46860
29111
46894
-51297
-40100
53404
62877
-53763
94451
-63930
-52146
53147
31607
-73788
6046
36454
32020
-94437
-81526
-89524
95011
-5396
6259
39672
-64392
-38479
83696
6680
-3000
23590
67344
43161
-20747
-68412
-58901
-64076
91192
-14168
53027
-58206
-11606
-30573
-68228
89835
-56465
-31926
40213
65692
-90625
86046
65923
-46953
-96622
2054
97865
47684
-70040
-29912
-96139
-72794
66866
78391
-47079
58696
-36448
33013
-67803
-78634
-54840
14426
-72610
-87353
72368
65037
-72323
-35528
69752
-38129
-19546
64021
-62425
52279
37699
47344
-50096
61207
20925
-3916
-19424
96830
16983
562
-51897
-44329
-39641
95578
961
-39697
-92879
-81273
-93248
-97068
30625
-63823
-50952
-36136
73765
43782
-55610
68533
28645
-29166
84286
-3958
80992
-10918
75920
-7996
-85532
44681
-42603
-18856
-58775
-77822
-33540
50348
6411
57044
99724
25749
8611
-85237
-99243
-71109
-69951
25379
-46985
-25319
69575
69464
4878
929
-8411
-10471
67193
-45955
64108
37530
-98811
18415
8273
-45751
-93445
79449
82241
18968
-62269
-94695
11931
24761
56692
-50228
-82161
-12312
-63239
-3276
-59631
88738
-2655
55924
-49927
-57037
26754
88376
77626
38061
-75445
32113
49852
-22604
-65115
-46530
-48295
-81289
98182
-79386
35697
97209
-95278
13058
71083
-62195
-71251
3768
-57016
82592
98018
82977
55909
84656
-43479
-87156
-26227
-62693
-81960
98076
-27656
4370
-2519
-50676
-54235
-91348
5156
93011
6479
99287
-63831
84067
-92529
-48087
97116
74187
25293
-41900
-96787
92860
59364
32888
36162
57448
61074
72659
91012
-24314
-94888
92308
-7037
-33998
69812
-55283
-50617
94834
-59655
87878
-91148
83284
-64248
-26515
74840
93363
84525
32363
45397
-29288
-34472
35219
-58266
-61380
86326
-41100
-24753
-10708
91691
-38962
-46555
-57787
47342
353
15927
-17185
-96958
-51488
-72040
-26170
1677
83077
49034
-98973
51478
-64898
77449
46906
-92896
-63547
52273
79885
33629
92237
37644
-12771
33937
-3880
-80260
79952
-68795
-88986
-8830
84910
-64925
95687
-53144
-78075
79029
47954
-21167
-70291
27445
-5522
92635
-76250
-52592
7181
-49234
-50339
-59332
93881
83556
-60594
68338
-72698
-51307
35843
906
-21401
59261
-53510
88563
-71459
-57012
-91932
10059
-65718
-96053
40842
-70623
-20316
-27226
-10038
-91708
-43899
44826
43328
70216
9758
21500
-83392
51029
-70900
34787
-16129
-13141
-12797
8627
96977
-4874
59559
-59193
-2868
7177
25209
34170
-1524
40250
-26578
-55854
90065
-32613
-45220
31754
39234
-8368
37901
-99845
59092
92626
4086
-27546
-93882
-22657
-88766
-33632
14404
76507
52871
32410
-66069
-29145
65114
-60404
91820
-20516
83134
-16130
62474
5764
-54345
13875
46205
6006
48061
35890
32441
-57556
-22260
-93390
-93304
44802
9880
-66911
96148
-58995
69278
-85551
26945
54614
-32042
-1600
1527
-29710
3460
-88126
29565
-94849
-92818
-25651
7552
-39171
48808
-86303
52660
20614
-18741
-3502
466
55467
12036
-44493
53887
76653
-84600
-80863
88461
-94763
92389
-46039
-11814
38513
61108
-8553
21398
85547
-41877
-35428
18915
85703
64847
83547
90197
31800
61190
18768
-50088
21728
56330
59101
63217
-21149
56378
-62861
33949
14886
9611
6489
21077
-64022
-20901
-46244
68275
-65281
-39642
24851
82734
-46042
-81583
-58482
-57471
52103
-72092
97691
10155
20107
-57963
-52172
31631
3351
49919
-27448
86203
-92570
50226
-79644
-25019
-16318
60003
86846
61586
-88417
57156
-67042
-91408
21844
-80529
3114
-7965
26615
-71428
73676
4861
-58669
-80015
52674
-27162
10440
-61095
35137
88508
-80512
-7443
-77305
-73773
-77943
66031
-18436
-31267
34580
-74922
45060
-93211
86665
32164
-86812
77110
-32827
-16429
65422
82904
53873
39469
-3126
-76998
-61376
16827
39107
10731
85765
-85099
-49044
30722
-30994
7129
-18803
-10210
-37919
-97417
-7762
-30136
76465
98024
-71074
30517
-97155
43326
928
-92121
-28443
5079
55475
-27022
-74134
-86357
68157
-30180
39777
-67643
85203
25758
76500
-17137
-71257
-71033
-87563
83013
35279
60480
45760
57228
-96978
32874
-36180
86939
-88255
-29533
20941
46103
-34232
80936
-66487
-72131
84623
-33579
-4620
-50759
-34025
25671
-91957
-71469
-45722
90658
-12406
6537
-62872
1390
56874
-39561
99905
90012
58427
65971
73776
-18649
-16807
-77515
14625
-36778
51022
-48973
70799
-82851
3268
-78261
-95021
-80093
10469
89946
-80178
45919
-14319
74474
-78032
-30564
-27653
96136
-6814
-97253
11169
-67726
-56426
62039
68454
-10257
96424
-54301
-65587
-79687
50481
-47120
2004
-23146
-23127
82667
-21973
-94779
-2122
52291
74703
37523
27477
-40952
-81656
-19635
-70300
-34001
-12101
36303
-63159
10418
-90772
72379
-52477
48532
-36204
68550
31051
-48574
-26469
-43540
-86682
-19435
-87245
-94844
99018
4532
-65647
82221
-662
86935
2695
33960
48864
-4954
15874
-84800
88950
89983
11934
-11676
30226
-89257
50785
-65771
-37829
-93768
49051
19898
54924
-5848
-14888
-6255
-74316
63914
71935
-14272
-24922
-16674
50826
52553
26404
-15101
70562
-37412
-94236
58845
-57706
79175
-38244
-49230
-26248
30409
36399
-1426
-4204
39620
44147
-99738
-36914
57936
70046
-5895
69079
-60628
76686
6482
66507
-74801
-51854
-52213
20651
-16547
-41256
-69076
-42126
-13899
90835
-80431
9493
63719
20936
70569
-612
-31549
2902
-2725
-25576
4940
59743
-64893
-61056
-94068
-7177
92057
-32404
-28223
20073
-84622
-97363
-73547
61216
73761
68999
24171
-48071
73782
-9780
85301
15202
12134
-48938
98851
24943
56523
-98080
-15147
26553
71810
70785
-73294
-96461
10866
-30137
-88783
85899
39212
28524
96789
-69832
-67538
6199
29493
87654
-20286
62194
-18439
91516
-95036
-63228
-79711
83590
-61696
16170
84415
37828
93753
-46890
-89339
57678
-3129
2148
84537
-53022
-29480
84853
88069
37516
77590
39722
-26966
66928
-60823
30271
84885
-15433
66452
68801
53194
-88492
-59206
-77075
6845
-26574
41731
-92889
-85697
11004
46490
-99756
15637
67336
-81906
39188
88933
-14239
7064
75679
-2358
-593
16252
-69
-98746
49797
-8696
54807
79575
67527
-79175
81736
90658
-15562
-26307
-47331
-50164
8794
71764
-24736
64424
79307
80144
-84756
7178
86683
1019
56294
11898
53667
-72937
39065
86661
41385
96128
29682
-84435
55147
29230
80724
-6592
-57205
45399
24985
-65146
-20394
-16527
-39513
-40876
87410
-46059
24234
-42691
69796
-90305
-29261
63528
60284
91378
-77075
96957
15070
-7688
-15241
30457
62573
54471
80419
-95966
-41003
-67393
65227
77204
-57355
66576
5002
-49351
-58008
-87879
-28898
4247
-79313
-38165
4120
23171
22972
-67444
-33347
24883
73437
12183
-76867
84721
-74237
-67616
-10355
-28756
68399
-44107
5667
49449
-47624
-14879
15054
94230
-30853
-11190
61167
80703
53791
98618
-91112
18905
92227
-51590
33087
6780
-91513
24218
65502
69742
-10316
86606
18027
34202
88841
-46477
-94865
55072
-44829
92207
-6075
66694
-50873
-98123
75698
-67700
55503
76328
-86245
-83108
-81488
13719
45927
27872
-54236
62375
-93710
36206
-24712
83790
-87190
-50849
47860
68731
1802
-40323
-23006
67476
-7631
2394
-70403
85335
47262
25725
-97160
12194
9354
95608
55975
-88243
10978
25493
-72306
-79819
34336
40047
-39291
91348
-82363
-80868
-9404
24076
98933
-61112
-14319
-85437
2607
-69411
-11773
-48729
-23897
75422
64817
37010
-25535
36563
83516
59721
68844
-47265
-48522
53343
53401
-62867
-49810
-17993
-22761
31241
37018
2598
85261
-97077
-50209
-51977
-10349
-83155
-26177
-24632
7789
-12994
-4961
75985
-39004
93552
-39436
16133
-75773
-10933
-24054
23377
-56085
-4796
-83535
-69311
-29741
41448
85828
-17214
-50592
74867
2263
-34686
-77475
94973
-8516
-48525
30871
-59884
90994
-81297
-47784
-49179
79851
50102
-33410
-99693
-9223
-3310
-28745
-12566
76180
2780
19866
-13203
-63926
26519
-8603
-67957
10819
-5063
91151
-52112
-19152
-47798
12746
-85896
-67440
61350
40343
-99905
27743
35292
30981
52500
-66917
64569
8327
74572
-64781
96863
75121
21234
-28657
-20786
75855
58012
-99082
46021
34
-96679
2016
-62079
-48136
99142
-69287
37092
-19609
-16000
-24305
51057
-12059
-89997
98552
-57228
40583
20881
-82654
36095
11732
-88417
67736
-65906
-60794
84009
-27730
55564
-20836
54806
1194
70319
17630
-18730
-79793
-43458
-11409
-88841
27719
75634
-17656
-7721
-14100
-8646
-18793
-652
-70157
38809
97331
-62432
59701
70379
-7238
-86384
-69604
34181
-55735
8275
-7002
51641
84567
-65633
-66983
-584
85934
58950
-25852
-60845
67079
40712
-80595
12826
28354
75267
8732
45733
-27841
-69882
60035
-96079
-37796
56259
-17016
-12895
2123
-64030
-6799
21734
83982
-66382
-49621
-64902
29650
-50246
87735
95622
62885
78510
7154
-64156
48662
1917
-10049
-26370
-29400
-31609
4690
-82411
69362
-98324
62684
-62690
-49514
-31552
-75058
1351
19420
57115
-65716
82903
87722
25804
28785
-79693
53474
-71251
84280
49148
-82408
38033
-17331
-97962
-53074
-70054
29105
82308
42575
-70552
-7420
40047
-94140
89964
-51022
87686
-25098
-51494
16573
48510
-54143
-12227
9442
38395
47152
25188
-87893
35527
-56101
43450
-79024
-88514
88218
-24269
43339
-6963
-62491
1763
-36745
-4337
81546
31273
-89052
35798
-56823
97416
-55751
-26293
-59185
1749
-17146
98349
-38771
-42996
-63514
27125
15605
-84674
33677
-56422
57297
-42266
52148
67312
-61056
-86439
-16482
31148
-29619
4763
-27771
99586
31149
-23666
-13402
-62161
-66923
-64699
-56154
-71661
13302
51638
15264
-36490
15958
82510
72716
65579
-8820
20895
-24755
30801
-33064
79924
-50410
-9482
-3812
-3578
80826
-39785
86203
-19321
35536
-78589
-17715
62491
-62465
11038
-84612
98534
-93460
-83520
-69378
-17216
19517
31741
50927
-61947
74504
-18688
58122
-6902
-32483
14928
85636
-53846
25324
57013
-14203
-63938
90197
3571
-83069
-66261
-19317
34485
75901
37972
-98781
-14459
6289
-41552
65663
-5256
-24901
-75017
86033
56103
-29397
37815
-4722
-57705
10050
-44797
88817
53946
15208
-76598
20969
72463
-70644
-11067
-21279
93028
57785
-73334
-53527
-17668
-8750
-74242
-53690
7371
-44630
-86552
-75053
-71842
-42302
-10720
99153
54423
27616
99622
-46957
-6890
33352
-97138
85439
-7884
-78886
43225
5569
42345
-38393
-30432
59474
37773
41713
30250
-4448
11387
-16545
-81060
77019
84498
-4966
90320
53852
79829
9062
-85762
70961
84978
-6688
61590
87241
-96672
-11215
17392
35385
74273
-49748
24347
62057
-44953
-11254
81554
47902
-90413
83327
24269
7332
-13160
37368
-38157
86359
17406
-43212
-43732
38670
-40573
16956
-3051
-51547
-6948
5184
73869
30438
4505
69584
15596
-64301
-71898
-60620
91348
29331
76461
-99480
-15969
98935
-46503
58039
68344
-6873
-79178
87090
-95995
36589
6900
98125
-71230
-21602
11915
-9705
50601
-91168
4792
-46891
29325
40413
92197
39545
59719
86019
32934
86788
-21561
-85260
72096
-42187
-40564
35857
-67004
3500
58734
18718
14521
-44448
-12904
-11438
80984
61690
-20204
-59842
-55024
47564
-18625
-86313
73706
7857
-47013
-54814
47400
-50495
56771
24635
-8890
27185
2297
-84991
-42974
-33274
-83237
-40095
15159
-45644
-95883
-32642
98181
54103
57520
-27270
82637
-54963
23399
-26140
35064
19246
90010
-48706
-74601
-46167
-4165
-18839
-91451
-64324
-12826
79023
82089
-10033
-32850
-59731
-57448
-4562
12434
-68517
-76969
-67999
-61745
-20614
-514
89578
-22641
-19879
-57928
-46373
61183
2755
-64346
-92655
43646
86856
87651
-1327
-94415
-21210
77410
41661
33459
-29227
-60748
91506
-97558
-38996
-74841
-57023
23029
86835
-51960
-48695
-82943
-53242
-39224
80430
-38981
-92446
-90116
-35592
96672
26063
45886
6090
55984
-82774
-50447
-96580
65344
92302
77410
56920
91119
49439
-57845
-5522
-10640
61874
6769
-14636
70214
-10148
-6803
-97538
54415
-50410
68295
45750
26551
6474
-74371
-11017
-25139
-38980
-80220
-65556
86770
-64552
60710
40512
13038
-43180
45865
-82719
-84004
64449
80529
86743
14278
-34380
-77285
-9989
79307
19339
76330
-55851
5949
67742
-4321
72534
-27321
6148
30945
-70866
-13109
15231
32060
-41269
35146
81541
73957
70448
-5891
-90325
91228
-34707
31808
49584
-66262
74432
-3410
96548
68298
-94392
-75384
-4812
16932
-75358
62606
32530
-4044
19363
-27600
53061
34441
50160
-29026
14794
49962
-20100
-51460
-62298
-90093
-35489
93105
-62775
24477
41808
59743
29152
-27077
-36225
-5587
1528
84000
-75951
-91585
-246
62910
99769
88391
35239
-79638
67504
55797
77505
-48036
48464
76554
11795
18
-7341
29194
40558
34195
-4765
-48624
-30494
68113
22941
-38981
-79611
-72344
-12057
99142
-27805
-11645
-84054
57526
-37950
53789
-92242
2540
12240
71205
57489
-37734
74475
18747
-83164
6482
-83251
53400
-88862
70714
56082
87370
7502
45404
2280
37404
-99160
-87782
-11630
9876
57227
-24833
-55208
-32427
52646
-75408
66063
21925
-89899
-26879
68673
30601
-10533
63716
30008
-39411
54910
93500
-7828
89888
-53697
92239
24390
-85093
-44491
16666
-87792
-96990
62661
-84417
68220
-15901
-27520
-26022
99342
83900
-61671
-29519
89190
13817
-10687
-63159
11438
-7557
-40031
-77419
-56420
-17804
-88076
65418
-14428
33230
-13634
71822
-71170
95147
-28692
-34098
5071
-57785
-2999
23855
19703
94906
9051
91548
-78026
-28454
-38696
-32258
-82373
51326
29064
99466
-44661
-82595
11512
-24461
-53110
36564
56408
99329
10985
-38650
-20110
73658
-79507
52894
84743
46076
-12072
2352
13000
-85460
-18186
-6467
31278
-1783
64709
65813
53494
-29286
86210
25559
51197
-55802
71244
74836
-97741
-86334
53303
58706
80063
-2780
51696
-26516
-16465
-56297
1608
38230
52954
85159
-78497
87423
-45803
31548
-20114
85263
79374
-732
-33488
74512
-61688
55753
84526
69033
67827
2434
72806
-25020
21223
90180
83543
-3247
-38723
-18567
-90388
-84188
-16438
-51799
62466
-43590
-20359
-4971
-97832
-92135
-56700
-7389
-85550
75925
-80433
-1165
61098
62446
-96927
-22833
18291
24023
-42369
-31039
48971
-60974
92711
-8065
58525
-39754
-90010
-86590
-38640
45779
98326
-84811
-88176
-86100
-39752
-26296
-79625
-13790
-12886
-21469
727
8370
-2555
-89160
-43289
-21803
23317
-39439
51463
-94458
24501
-6007
-52367
8544
-93817
-28809
84798
-5275
75982
-67708
-38958
56795
-31000
17021
9894
48208
-21461
60997
-2256
74943
63322
-26238
59057
79819
-59901
58807
-44517
30440
64505
30130
7388
78745
-37846
-62116
-9397
-41837
-62756
-42514
-45714
28225
-28792
451
-1242
-92959
-17773
-60472
-5193
-9780
18405
54799
-77384
97554
-1752
-94845
-27693
14595
-87585
-46474
-87942
70091
-62496
-46762
99751
30965
-80656
68095
5133
464
-38663
80746
40416
7599
-29974
-33022
-61506
-93239
-17109
-38633
13561
61249
-74820
13484
24002
-96319
95657
-69846
41395
54207
-96084
-89480
-4680
21986
-23265
-77278
-79333
39933
36444
35190
-62293
-42375
56691
-92818
6665
-25966
-91001
7303
-86321
31672
65989
-16464
93597
69909
-37950
86238
-1279
60014
72880
-56708
46146
33635
-97539
30912
-90486
-8432
41289
-96359
-74131
54870
17217
25668
18970
-89164
-65443
-31810
44189
-20658
-2702
27924
-65202
40144
-6796
-79978
-30182
39916
-94708
78570
9643
-24577
64338
79292
503
42257
-99608
83731
-83422
86523
6002
52351
-4719
-9885
-46283
77487
-92852
83747
91403
-10529
23759
-44088
59392
51054
20078
-16202
-27763
-26803
-11294
-40279
-52818
80339
18868
61846
48738
34478
45764
-29008
-30721
6325
-31178
44230
-59089
-65384
7034
97033
-79029
70521
35447
-32788
73938
-23341
-92396
31204
-28026
76952
5539
-8945
93539
-31526
78569
-57039
54077
10719
-40690
76569
60021
35735
-41698
-39582
18071
22569
-8135
28885
-68397
-38679
-15011
-33300
-7914
47015
72526
-52751
-88635
33889
-87968
75781
84118
-4648
-19999
91261
97098
-8065
-32027
-21977
52299
-72432
24878
85802
-10722
13306
93432
4299
-96508
-42827
-38433
81612
86067
96181
-5714
-72785
19372
-7492
-16827
90648
31545
24394
-22874
63184
13445
-58128
97564
-69978
-87017
36291
70280
4784
16364
35499
49993
-74001
-62287
82779
9159
-33328
-45350
-24677
14877
-78001
-64734
60928
-22303
-11850
25183
59326
20304
33796
-55615
-35948
5467
-34776
43751
-67547
29512
-74900
48285
-50201
-52793
31407
17718
25652
22162
-29877
-90365
-48962
27967
-27435
20973
-52640
-45339
90050
1972
-71153
-78231
-71322
-12284
-62033
-13660
10904
38065
71426
73330
-42766
80400
-16965
99354
-53771
64177
11761
24021
61961
-71364
-53137
18493
57057
89191
82344
45779
-2179
-36719
-12153
-11539
86729
79678
15781
-17990
-81629
-47120
-30828
22131
54650
-53730
85336
-3552
75090
-58221
-82059
86212
-15453
1254
58148
98215
-70495
52050
-89569
42558
93271
-8271
-66340
-41160
-69331
-62630
-9258
93927
-10488
-87533
28678
-62134
-20208
-22411
69297
-65549
34317
28251
89883
82713
-64981
-75130
49049
45948
98780
-90543
-64316
-63695
-60004
-44405
-59255
34249
-80496
82550
88478
-58462
14152
4379
-32113
-14519
-35357
-94904
-73930
21194
-48942
-51800
65545
-50857
66357
-63747
72397
6737
-14943
55932
-38103
-83019
-34493
-88188
-10283
-88730
21662
-68419
-56847
-20013
-70416
52042
8946
-76092
-54158
13546
-81801
24007
39935
30256
-47558
60081
-26164
-6115
-90078
21075
-84715
59287
72501
-77701
4825
33544
85162
-56157
-10181
52630
-86756
62715
-78326
-36934
54171
28622
88858
92799
-33635
-14509
-23343
-49895
2066
11411
6974
-66656
2773
61553
-35037
-53785
-64258
53403
-4077
25341
31380
27468
86006
5824
-10912
70971
-96278
32344
95132
-35037
-30076
64919
68683
-23120
90292
-17813
26466
68995
95878
86398
-88156
-71774
-67067
-12757
-24565
-21185
27962
8156
-72542
-79197
-81198
61700
-69712
22327
61149
7286
12558
66799
-24141
28705
-1318
14100
-8015
-87256
24324
91308
-42655
-65822
13061
39239
824
45291
-70672
-43927
-63624
57189
-24607
-2737
84662
18319
-50607
-77856
69622
-4545
98444
81009
64114
11647
88313
54581
-94790
15298
-95208
-36800
25653
-84030
8139
34358
53701
23927
75531
14740
21897
-60235
-67845
-91430
89020
-31517
69273
-78636
-22470
77459
71441
-13820
15523
14019
24620
-32722
87896
-21137
-70491
-77440
31778
-62511
-49124
-29157
-68045
-39433
-46876
-91262
-63996
14334
34679
11870
10269
2800
-65655
49003
-69453
632
-58311
-46717
10347
-66242
-15516
-46139
-54595
65827
7316
-48158
74100
85402
14422
24516
27473
-47007
3562
14170
-37425
-87717
9875
75076
-66430
-30196
-67571
-40232
35673
-88336
-71394
-83569
-6974
66104
-96571
81168
75948
83170
-50737
-66218
35176
53748
72137
-97856
50729
65108
16144
-91275
20330
-73913
-42044
37233
87151
58692
89883
69617
-28893
-40588
43537
-55817
28576
71689
44541
69370
40270
17400
-31809
-20690
36770
43028
67670
17899
83528
-33207
-3058
-58819
-16613
31409
-71466
53639
35409
-9770
-92816
-74476
11572
75269
34881
-39364
49227
45387
-25208
40303
-18473
-60273
-93268
-92895
14905
71435
81197
70802
-52815
-8344
36541
-17032
-29247
59254
36904
31628
-74256
61061
-24466
68462
97962
62435
-65295
66742
-94780
13938
5001
59608
69854
-57244
-57419
-25485
-21470
-56426
14381
8566
-34200
27654
-52845
29103
-42436
-18765
-8825
39666
-11913
-2928
-28199
74274
-14711
95716
92825
31263
-8359
91457
46091
6924
-31741
-96930
64055
-52805
68480
-82861
36060
7864
-49116
92017
-35771
46959
3328
21692
-18829
96827
78375
327
96761
32843
-42610
-46486
-41113
-13517
49997
33953
14878
-93555
-41150
94212
-43709
56330
-55660
64286
30799
10585
-23147
-31827
-86590
-86159
46593
60726
98807
40191
-66909
72770
-61101
76135
-90345
42360
47767
-96071
3114
72088
-15915
-39630
-47715
-91566
50688
38124
5193
-8575
-16356
8931
69596
-6457
43668
-57180
21441
-97979
-87382
-36588
53278
-78409
-34743
-41190
-17097
-661
36918
85418
30512
-92580
-1115
59183
-48913
27823
89832
-70060
-75296
57289
28418
-29968
-50158
96907
97498
62604
36223
-22741
93387
-97455
-60247
56816
-88296
4371
-92385
96970
-36995
-93772
77407
44811
-29408
-96074
-13291
-73658
-47002
29025
-89598
90370
1251
-90867
41976
9563
81577
6733
-21887
-77578
7169
-67208
-7649
68959
-65544
72213
-83921
98945
58192
-4894
-94553
-9919
-12456
-96383
-12290
-12105
36630
82688
-61717
50825
78816
84163
82117
-81818
78026
-17776
23945
15836
-46855
-62153
-27334
-76393
73686
-94756
87331
70135
-86433
21987
-86920
-44084
-72105
-14474
-1573
-57807
-20578
-87498
-4038
-84158
87707
28923
-76523
-14021
-27051
95626
-81635
-61842
-19039
34322
-77000
13025
6646
1699
-20383
-9598
22620
-5204
89773
38919
13379
10479
28456
56550
18352
68739
9566
-86866
69330
84037
-48715
45825
42739
38493
-86473
34158
-17526
-52184
42862
89071
-70355
-98489
23336
95996
-41053
-71677
-26597
-70519
-61801
43227
-34527
-33501
60393
54701
-87132
34787
24415
45309
66133
-42228
-4295
23972
-93931
92871
-39966
32663
-97993
83128
71938
97363
-63715
34108
13169
-73502
57406
-56511
32581
40141
-47222
-6909
69196
43295
29988
-98529
-84523
-12207
-56242
13781
-35159
58263
-63005
-25121
-34409
-13818
31037
-95832
84333
-18720
35958
7403
-81853
84990
99404
-30103
-13711
-15144
-49442
99910
80736
-37196
-13485
-36607
50686
99945
42842
-59954
79435
85967
13259
33490
72785
-73786
85421
-31685
-91856
-99873
-60399
-94663
-92329
77418
61467
-55268
14799
-39523
68512
90187
-63119
98525
68395
25886
952
30188
26714
54297
39473
-528
25446
-52154
95695
-51364
86464
25838
-11749
-21955
95510
-84813
-79544
6755
90996
-1395
-14108
-70742
-17912
36703
-74965
24164
53886
60469
42614
-43612
-44150
-89635
-82287
-35030
-66556
81375
47146
66790
-91924
63897
-28188
-48469
10255
-15684
30795
-46991
-87805
77149
4130
99398
-91636
18233
34393
60051
-4767
-6456
56411
-31033
-67576
30908
-41341
-65310
-2786
94870
-26130
-66784
52531
-16155
-96853
-67456
13138
-12835
-56625
98287
-78562
95632
-91226
20630
54871
-95797
-52988
52989
84412
8912
99641
86938
41419
24939
-48926
-79302
-85724
-56141
-32420
61003
-97525
-53281
-61868
-1532
-93428
32898
66426
2801
-65223
-71068
-88556
-53090
-58097
69567
-76689
-86817
11895
-51053
26480
-9029
-8664
61414
42632
-43085
-48407
-4964
-65146
93362
61748
-53010
-25274
59794
12727
93450
6919
76872
-95500
71943
34395
-59538
-76025
-88765
-97737
-47060
7688
92508
59754
98114
-74938
-63161
76139
-4749
92788
83792
94346
32721
-47392
23342
12361
-86174
16798
17346
80260
-7508
64579
22572
54987
26402
11533
97930
47632
45483
800
18574
51451
-47093
-4245
-82437
75740
-57104
54953
-83908
-58632
82779
9156
-66399
43268
-66007
90900
-86409
37360
-9602
97156
72770
-50470
62797
-73515
42521
94883
-75451
41469
70815
-55265
68827
23079
10137
28710
-70096
24926
-25423
-43385
21728
19908
-69114
61788
92455
3132
85678
-21447
75503
28776
-22455
12798
19962
84684
79811
-72628
-52696
8529
-74715
-11052
7142
58406
-84967
29259
37811
82241
85304
66874
86736
18051
-81391
36657
-50748
66810
21369
28124
-59447
67648
-8246
-3923
15382
60800
35834
697
-93686
98713
-1960
-53025
-6734
-72229
95780
-15390
83063
33518
-83572
68568
49767
-79023
27903
-81092
70366
-96256
-34384
-28706
-47664
79023
81577
-97542
-64458
-96716
-89783
12965
31251
51841
97372
45347
-19422
-5682
4501
-64490
43550
98005
15466
-97775
93741
94903
-56116
-44277
-71958
-85444
67266
66415
-81586
-18760
30113
-61360
-78278
85321
80618
-94662
-73181
-91268
78656
-40540
-28262
60623
99460
-13759
69303
96529
19983
-51083
-75038
73190
-32565
29861
28413
97895
84654
70567
-55567
-78874
38165
-42023
-61292
8462
-29831
-71475
52660
73257
68816
22882
14723
-99012
21954
28334
88734
5069
61062
69847
13691
92165
-99047
-51263
65647
84464
31963
70625
38874
57632
67910
85616
-10512
44722
39307
-53828
-52636
34984
99787
-22824
45299
-81995
85486
-88460
-40118
12120
54116
-76345
10452
93024
-23370
87592
-65372
75853
-52216
79165
-56836
-3753
-1875
-3062
-28360
51144
54823
-26965
-8998
5636
-60230
7261
-94669
9129
41323
-96138
-69462
-49775
730
-11723
4780
-37068
-18951
-22220
95216
94763
-40408
7034
68965
-31857
96879
18861
43387
-78656
-83177
-75356
-96629
-3838
-1371
-78181
13092
1473
20468
75904
-21133
13621
12590
-21270
-46258
39392
40614
-10519
-88995
69812
48021
85944
-8539
-48045
10032
-85233
49714
4142
61794
80149
68321
73358
55275
75827
-73592
-64079
-43243
56068
72642
-89844
-74802
60648
67674
24432
-29657
59896
-32429
-83833
-19032
-74029
-9519
-77187
-28275
-54441
80360
6395
-55390
89004
-93440
-1970
74614
-13254
-79839
45414
60223
96059
35681
-17541
52810
96170
-65561
20106
-31268
-23654
55067
-18178
39403
57956
-15444
-40727
-59086
-89479
-11139
15153
-33931
-57962
8301
-49272
-78255
-5419
-6079
74323
-56386
78751
-98447
-59348
89893
-5057
83980
49539
-23848
-58798
56392
-17761
-81998
-93605
-23254
-99070
-52787
-93773
2318
72363
-38631
-51235
61012
-54155
19871
92151
-83545
17181
-38253
-86707
-7829
-57695
-88817
-18296
8450
-1789
-30862
70020
38587
-6867
65940
-93185
33561
-59922
46692
49196
60667
-36254
9441
-57944
-25939
-40016
-49423
-33852
13130
-95442
-31711
33920
11147
-31841
25722
60185
-32783
-60900
-22916
70202
-77173
1808
47930
-58610
22628
-72932
45330
-32011
-29747
-34660
48454
-23788
34562
46849
-75204
8327
84412
-26595
98254
67442
-24685
-19458
81551
88501
-66803
44977
74971
-64835
84999
-53272
-43430
42743
97982
-81610
-47791
53344
90490
-72010
-56092
-55303
89305
71628
5292
10710
42932
48771
-50191
-48428
54192
-26218
38532
-51350
71587
37450
32956
-13159
31584
16568
-41653
62461
-95519
-53015
36540
-39674
60048
-29670
-49333
50240
-77454
13598
-13344
-13235
32944
-66397
-50838
-18379
-73980
-12276
-29740
22036
-16772
52606
16103
6897
83886
95863
-66756
35631
-62023
19032
-58276
-20131
-92685
32067
15606
94376
53044
-80545
64828
70320
86654
15864
-81702
56375
-97272
-66684
-23149
65398
-40795
-86592
32442
-96950
22102
-21703
33867
-62708
-64471
30759
9636
13438
-70773
47988
18275
-49568
89649
2074
-37667
23971
81887
68265
64247
15669
-64684
54568
-69339
-75781
-27182
-18796
-41923
-95139
41805
91076
-94345
-37510
-83472
-26964
54723
60476
-16890
9408
53127
22471
88843
38000
28148
-25141
-93040
-28910
51716
7801
-68347
40286
52178
89171
-14042
-90414
-76459
-87653
-90363
-55882
634
-53139
-75728
-51270
6430
-70231
78782
81147
-66075
-30136
-39429
-86620
92218
-92976
-74387
63985
6115
-59166
62787
7311
-41793
38129
-44135
77600
-78113
-26995
6058
26202
84927
-96483
83091
847
54048
-73876
37632
-19769
33859
13146
-49995
63945
56515
62386
80763
82745
-63216
-27172
38373
96987
26052
73065
86974
18229
92387
-63220
-79088
99283
-65740
-74904
61267
-82716
92150
28036
-19599
70082
55809
-17636
-20430
-39409
-80517
-41071
89545
-8198
-80205
-47552
25658
26145
-69859
-25041
74406
-70895
-46742
73060
74165
-17560
8643
16784
1246
29852
-48413
84393
35670
34964
75791
-15595
-1070
-1420
67058
90882
-19269
-64586
-13607
1938
-30354
-73804
57351
-30604
-7828
89538
-46986
43150
32101
38327
-55445
-58602
91676
62989
-74316
-46656
99894
19422
-91007
-73199
-81179
53646
-24419
-27949
72428
-25400
30727
93729
16974
-95712
92081
-42142
82711
48024
-77420
91026
-24314
39870
25006
-95428
38997
22515
-27431
71492
16807
-16314
83465
-48736
-62003
50238
7458
-37337
-6155
-61129
59060
6914
-72784
-36829
-26156
44351
32671
63858
9432
86724
4857
-54900
81070
7776
94714
21883
1369
-21379
77867
71398
83338
76786
-21877
-14920
63895
-9099
33175
5984
-4582
35822
75963
96689
13993
-1818
55445
72297
-4179
-14498
24418
-7986
-70175
-46980
84615
11316
-70231
-75168
-64962
15388
85516
-96235
86299
76919
59856
74980
73338
-54712
97009
86914
14215
-61849
88317
-52119
-27798
-43935
87183
-57532
-67251
-95491
49958
-43005
-76789
-73639
18849
-77681
91702
88627
55833
-72361
18629
65669
91547
52745
69721
46983
33408
-47139
-39638
-86824
14571
-76341
-91758
-84681
-5025
33117
-44938
-917
-35654
28190
-10547
-44285
-1646
54962
-66738
-63368
57643
-14657
58234
-30226
9682
34377
59331
-36583
82265
-22052
6168
55677
-62674
-93598
-27890
-58995
72794
-27436
15148
69493
-21868
7629
24659
93363
45439
-73413
58888
50336
56263
-64594
73056
34765
60755
-79533
90695
-5240
15847
95482
92396
97790
-71718
30674
48141
-48390
75822
-56777
90010
-41652
-79407
-83038
70856
-76539
25583
5631
68469
-47842
-37070
40092
-24525
-92616
44439
38461
-12492
-31746
55726
85516
98256
-91930
-22098
-34323
74421
93591
75314
26928
97963
-1051
15124
45856
59522
-65225
91685
-55560
63259
35338
88198
-95563
60497
31246
26342
86407
71938
59182
-34472
-44959
60477
-99795
42959
-23056
88074
9644
10489
53864
-75568
86984
-18378
68857
14823
25632
40628
-4512
58683
47348
-12503
-53349
20633
69416
75691
-97995
88857
88104
44335
11007
40744
50087
68316
63263
85809
52544
84619
22082
27880
-66115
-87394
29165
-48269
-14667
-36358
30961
-37387
75343
-27166
23805
97975
-48667
-16079
1101
70965
20677
-76940
-96704
-24381
43281
7650
-84792
25498
-26618
58040
-38021
85892
-76647
-29963
87814
57311
-81347
15151
39424
-9711
