4500
78717
-78513
-83701
-16437
73880
49160
-92892
63358
21766
4603
-45739
-2970
68101
-82820
63931
-96192
76831
-6458
-72913
-42787
70095
46650
11059
-19030
-18178
-15309
-73913
29530
39398
67654
58268
51186
-3688
15451
33120
-54160
78296
-32798
94968
-12455
87718
90421
77068
-90210
21912
-17400
-38981
-1494
-47774
3279
57456
65675
-62472
93229
-35508
-59270
14474
92116
-33533
97801
-63698
89661
-381
16552
85212
-13435
-62642
-68589
45970
-52381
-71768
46684
-35432
70082
-72916
-54896
7710
43135
7226
76041
-95871
-53439
-55285
-31856
37676
44143
5029
22572
-85349
52242
-54551
74571
-48517
11209
99658
29580
-46994
19043
40984
-50841
12586
96797
-34438
-75142
40641
41463
-88261
-5648
22459
-14091
40123
-688
84767
5935
-46778
-65952
-89071
-23083
56577
-68045
93845
46531
87232
36118
9073
51069
88117
25427
-39439
-31289
-98364
-88992
94020
-32860
-29646
-17112
29572
-49303
71547
62259
47763
-87364
83394
50676
-51935
-70738
85667
-42257
13449
-89869
64036
65861
17179
-40902
37259
53853
-39371
37613
-16951
81265
81290
29511
26004
-62286
74372
-93492
64082
-97895
89286
-86614
59761
-81269
-58806
-17622
13651
10280
62506
-46253
11367
-46607
-83270
91035
-95853
-35501
53778
44106
66253
-30508
94697
12974
63689
71385
74140
-78731
-23283
9426
23567
-55062
-24608
92354
-80918
-78193
57184
7342
-98555
-78317
-96269
-20318
-73122
-92304
-32938
56730
-39545
-53917
-42671
-8748
-74787
17353
65867
65072
65970
-93677
-96711
22144
71884
50022
-79246
22962
-52025
15186
-44321
50071
-70507
47212
33166
-94897
78694
-45367
35237
78099
53986
-66278
-95245
-35809
-92589
-55009
86114
7802
79392
62921
8585
-95773
33012
54577
98718
-91430
-514
-94034
26633
12104
74385
-5802
23123
62347
-42453
28117
90813
71586
-73902
-10397
9581
306
71706
26149
10179
62579
51716
-3102
-70709
-60870
99009
45792
-51701
50083
80980
-7782
96507
99866
-6699
-16991
23252
58247
65105
41933
73217
-22572
51023
-97251
-59854
-36197
27310
-25038
-6320
61617
-2327
-10139
-98997
-36598
16509
-54400
31566
72071
17185
-91296
-31212
-60061
85620
37605
93652
-65995
97525
-78509
-25192
-86878
-68181
-67832
66796
-9629
-81755
-70630
-24399
44207
-98404
75020
27665
-91707
-90700
13357
97548
74904
48353
91214
41777
-58154
16743
-8674
-43479
87
80505
-668
89582
21087
-71229
-63977
-70055
79184
708
76893
-13544
25967
46866
-85729
12286
1616
99457
-64955
-45324
-70495
89311
-38637
-12275
33489
23126
65631
-2440
-98789
54901
-914
-78642
-64333
-50808
79083
27339
-40565
87075
-97021
23450
34754
-60162
-39073
19529
53162
51706
-52225
59292
-51084
-22270
-69968
-38275
-65286
-98804
16234
-943
34473
97663
50760
56549
-20534
-95697
10660
90631
-37461
-99517
94542
-81359
49646
14904
-1495
-64159
-17747
23358
-78941
58500
14985
-20992
96975
-62704
-31730
-20351
-42719
-93839
-67388
38306
6213
83163
-24939
36416
-2276
-12994
38550
3130
-46636
85720
10419
-76656
-35806
10980
-47812
53543
-22049
38192
79558
-11223
-82819
-19188
-59073
3273
-79068
-34082
33106
45348
-42003
-92077
26419
70147
-52103
36272
31239
-12355
7087
-47866
88179
37881
850
-95292
-95488
6673
46779
18470
-6104
67603
-8649
-39732
37824
32929
15231
75045
71041
47800
-20912
-71926
8436
61901
-50009
7271
94394
45971
-55269
-13100
43125
-83622
11926
-80766
-87465
-82991
85873
38480
16517
-65044
-90068
63933
-32921
-38752
-43321
43896
-26481
19275
62143
-66092
-33725
66994
92968
20439
13481
58274
25891
55601
66574
-4425
12285
-33270
-80238
86907
69092
64436
23284
80998
4551
40064
-54922
38083
18889
-82580
-36948
-972
50913
56122
-56729
52812
39889
-8292
95928
48602
52032
48203
-35485
-58299
76918
24566
-42206
87379
77812
99607
70610
-81596
36974
-30430
26046
-98597
35686
63896
65607
29628
-80218
-39560
-3603
-14288
28058
34772
-70852
-64506
-24953
-71359
-6891
95957
40108
-26776
-58344
95324
-85132
-73735
-4949
32778
-5996
-42624
20010
-26279
46983
-87280
-6933
-52844
-99356
-58021
58604
17530
30424
17699
63644
-197
-14202
26507
12418
91167
440
54151
-43506
-67962
73280
-28110
88698
80778
3311
90111
17501
-1280
21361
-51705
-68020
88606
-23996
67264
2157
92662
20051
91598
92889
3232
-27149
-5581
76333
-97609
-22663
-89885
-6034
-65479
99317
87923
-14506
-36590
-78128
97327
-44865
-8654
56189
-51126
54443
-33446
92063
-40272
-78226
34103
79863
31096
63609
-55899
-34232
181
34499
-97708
44170
-84244
79445
65096
-95418
-40545
-29517
-90438
-12844
-94520
10786
2460
62127
-32351
69338
-60998
-74510
46816
92298
82748
80818
-86719
-9661
50184
-4937
60539
-52030
-78012
38615
-29356
-89507
20729
-97871
37200
60552
77139
56515
-39163
73668
92229
-22103
81418
-88922
-68727
-18829
-43314
19328
-91643
-25439
-24764
-96786
4937
-48451
-91204
29182
32693
50581
-96371
67197
11000
8660
-39761
-63206
20147
17917
8037
26106
-81349
96195
51799
-49257
-57603
-48697
29950
-11243
-78084
-41170
32760
1187
97335
56862
-69893
80906
-11098
96598
29862
-31722
56930
31591
87155
23965
53476
50451
-83639
-72016
54949
27329
-57746
86686
-54171
42009
63386
22432
-12664
24898
-75162
50020
53082
86389
-89373
38585
90163
-85058
-2872
-98349
-25354
-30001
40067
-93060
-63693
-95807
86704
-51048
-60883
-61080
-30617
-59693
-70859
16465
-97744
-41559
62453
-84197
20306
-85039
72777
39599
-30520
60231
-69689
-37795
69717
55476
-50209
50260
-10321
43453
-23074
-6850
-26538
5989
-45875
57462
66824
-64800
-25162
72935
42573
63925
-3706
-43262
-55251
91726
-35122
32411
-91902
-93985
10851
-13599
28136
-61647
-32026
-8456
-27056
-96438
58974
-88651
17972
50491
23937
23733
-53403
-18874
-57006
55578
53248
-66583
-67420
43171
64319
-35253
-22788
23463
-2325
-85950
-55532
25262
-99921
-91777
-88004
-36884
58248
-58921
93083
97883
-37479
6446
-50028
-25164
-72548
33730
-79420
-19319
-47822
88401
24807
78338
-4645
-59415
-90022
64114
33920
-24502
51579
-70827
-6355
34809
79852
29736
349
52132
48311
-29723
85678
-13971
45452
-81702
-39884
-37675
-37211
39141
-19031
-46714
-91062
-69490
37826
45500
-87184
-33919
89629
63953
-61827
95654
-8426
-81883
-12569
-73953
5496
-86617
99194
-81059
30224
21186
66296
-61025
31966
52070
30490
-36855
76709
94193
-38795
47517
-36958
53306
65912
-52072
-82599
-71238
-42094
73131
62538
-81384
16944
-69291
19907
-88112
93668
-60583
-78001
56319
-80287
79009
-1972
-28275
14691
30575
84506
-70601
-97045
8892
8559
9527
77352
40111
-86584
-5037
-12623
-64069
-47046
-95872
73327
42005
-1945
-23440
64280
41617
-46517
-90881
-73258
-80552
38262
-71179
6278
22344
77716
-45959
23580
-31640
53352
-65837
-45725
55238
-71592
74780
-71454
-15568
46241
-90747
-59686
5707
81834
-62400
87277
-32109
55415
-63282
93273
-62161
87156
85734
53089
-43408
73713
-41153
-76404
-92314
-61843
-16134
-88826
73759
34443
5551
-5659
-963
-4510
-35245
-68153
-97869
-68752
-70333
-84073
16028
-34642
-31441
24878
36727
51646
46502
-63850
35267
-44096
-22343
49385
755
-29819
91983
-27112
-22001
81243
-64955
96583
-47257
95943
32831
-75690
-11149
58897
43152
-94661
74188
-70279
-71678
-12789
-80383
-62649
48130
83415
33431
32448
91499
64819
-28575
80821
17389
9490
75063
15669
-77414
-25011
-25642
65250
78861
-47166
-15084
-30879
-67849
51033
96318
-67413
87175
-14622
58768
41537
84789
32922
-10864
68604
-41364
20621
-58041
89602
-26862
5717
79453
41301
1909
89216
13456
-47995
55571
-47600
-48687
16902
11846
-32229
-86277
45980
-46710
-23853
-15504
45490
57772
-85792
-12526
-25717
21906
-66711
13659
82127
27041
68914
33754
86855
52622
224
75275
40420
80901
23191
89105
-28294
-86353
-93180
50002
-83894
-49628
98039
57583
-33028
-45587
45031
-88738
-20373
46644
-58342
92519
37915
6986
-2468
11255
-95546
-42155
80940
29796
-36845
50132
81399
5438
98408
-29359
-4100
17614
15062
-24798
99406
90990
-99789
9947
-25672
18373
60742
37587
-47814
-55843
1562
54417
82738
-7838
-3915
-76204
-2282
-73479
63971
23484
-82594
49146
78955
77592
-25730
-93748
-24221
-75315
70353
3868
-90721
-26017
-42671
-93383
-59067
18591
-12861
80015
-54980
68658
-9872
77567
-70973
-21703
-79859
-72809
95838
40738
99836
11507
-56470
-9461
47979
2159
5266
8462
-2021
-43705
37146
-69779
36347
76238
7833
45787
-51534
60360
-73660
-66843
92988
39012
77668
-38341
-61652
-53095
-5335
-20065
-51825
-62565
-51687
-17495
19441
-8390
47393
-43724
78137
-66280
6732
-51607
-59473
93061
62929
-40666
49054
17273
49862
69642
67925
91245
79027
87839
-37241
55894
3458
-72539
-4206
8638
-56942
62775
94301
-43391
75242
-83812
56282
63906
20554
51821
41899
43848
-14306
-55202
-46368
-11624
52684
-33942
54495
98096
76396
-91169
-23651
90556
48535
63875
68744
-28679
81816
86946
69767
-31740
-60672
-35787
-17895
-54690
-9898
89905
55386
-83073
-99350
88361
-66908
-21549
-18102
44448
20178
-97579
-23666
18223
5344
23751
-69874
-8305
-68178
-76277
-78284
-8572
-67933
14177
-71444
52199
75631
-74946
-85192
6286
4584
-72123
-91425
36825
-22058
-20891
-77755
-75300
6282
77326
38870
-42716
-78359
82064
80540
58728
-85434
35091
-38927
-69362
89901
-48211
-41714
-29226
57853
3235
40449
-33433
25645
-35201
-93955
28468
55215
34698
62859
-35573
-15823
-9433
-13601
21242
-87552
-38516
-43258
86494
-50809
88733
12154
38089
81142
-29337
35928
44431
15486
-38410
95273
60270
-52872
-91885
46364
151
44965
69277
-52779
28061
-61488
-71742
-5666
74553
-41264
36251
-84677
-29961
40810
92194
77148
81153
-70765
85072
-34004
-43705
69970
-16745
-50489
-48569
-37180
-51655
-59832
85502
-3527
89348
61375
-63125
-55940
37226
39554
82684
-30799
71105
17371
-94824
-70186
37011
-9441
43976
-71892
36643
-41634
2306
-7377
18429
-55946
-22188
-66944
-63432
74498
-79190
32740
88716
-48784
-39492
74405
-69558
-34448
49686
-30762
93180
55881
49541
18164
10265
10565
50139
-65432
165
76237
-30816
4841
-25501
60495
-17323
-7105
-36872
-73573
-78682
-51614
20062
-1202
-61909
-18303
-33727
59237
84890
3742
79865
36659
-16307
7702
-26843
9645
59372
-52993
85344
-53597
-99401
39914
95267
-94263
-79629
12743
-9033
59252
12398
-33688
-22187
70048
40815
-79778
29468
-35283
67071
-91969
-27027
72811
67470
-32118
37862
23882
43780
-29279
79994
55284
-59995
56692
87658
-84362
-31776
-19329
42210
-57255
70196
90025
-54670
67919
-28800
8205
-63961
66313
46885
-39402
14534
-85978
-8551
91908
42916
41349
42187
41291
69541
91835
75695
16858
50127
-63328
-81755
-42503
-38710
-11772
40778
51211
18870
67327
12506
62451
42345
-97626
-97025
-23341
-77116
-37030
-64325
-464
-25808
-65222
-99985
76017
96698
-27400
12422
62151
-6391
-27127
-33919
18726
-93640
36150
14879
85744
51412
38160
57832
-87437
-31501
-28992
23254
-99703
81007
25341
-16031
92382
-46146
-22378
43557
45647
6383
95855
57203
34541
-61821
53320
-48911
-90912
-98842
-61255
-96722
51560
-94263
2426
5446
-5313
31005
51998
-83026
-92261
-89683
78752
60701
17615
-95720
-37354
20760
16849
-70998
-42750
73048
55318
-98473
54280
11545
84762
-11117
9913
49282
21948
-2735
-84851
-91988
-89147
57045
-53648
37648
4745
7544
19571
65554
56038
31608
27107
3300
-66391
-73799
2487
-27304
30417
-76196
47586
-19130
54187
-42053
9993
42326
17756
13182
55887
-97557
-22403
-60067
48331
-93395
-31840
-52110
99227
-83600
13425
38905
10258
59398
20984
-35224
22093
63326
96443
59941
-69789
4119
15745
-52055
41210
84453
-49167
-89873
-93577
-21282
-60968
-53480
-38963
-56798
58825
-47202
-69065
-93211
5022
-89421
89920
-5413
-803
83957
27647
-96706
-57225
49680
-64991
34431
18218
57841
31646
62919
-55035
77347
-64498
16104
-48180
-41208
-7084
35109
-71759
-38412
60280
99162
27330
-48471
-36461
-29238
-47645
32171
-17373
47811
-67792
-74112
-15617
-37776
11652
-4602
59748
49531
-31400
1456
-35347
-80292
74051
17630
-30687
44675
68959
99353
80166
26462
-89268
59560
13140
-55481
57102
25745
8165
-98483
-24750
-2321
-15608
89438
-68210
-88019
-75436
-65778
87558
10908
95450
88966
-96470
87223
-35373
-15732
-64740
-75536
69496
77610
-55728
-15114
63153
-22146
28045
-39098
-9691
-90658
-77168
-47125
79344
79269
-5937
32148
29619
67742
-5669
-46448
46212
95884
93406
-32088
-13114
-15468
79620
78489
-63532
-31863
40567
91820
78039
-67631
-79998
3828
-1288
30392
56727
-9564
25326
-64495
65068
67530
-91080
29380
-96257
43180
-31065
23481
37115
-43203
-94125
27744
7475
-132
41134
20954
89162
34922
-35851
37063
-82251
-23002
50690
-64595
-61095
77734
36159
28737
-92146
29268
95221
-78890
-24187
46467
-18878
85663
-54202
-57780
49513
42146
28881
-53495
-74813
41212
25638
35053
54804
33227
-927
79359
55801
46075
-11715
-22799
41852
-56656
-8519
-97311
69834
-64179
-43369
24491
64380
-86560
28161
-52824
-24047
90858
76615
17224
-98371
1230
69059
6216
-73254
38228
-73506
78415
30141
-62117
-93333
5547
-79132
13465
10609
-71581
-75509
-75568
-71930
63608
26461
-5424
-8938
-30467
55496
-95134
-39037
-19696
50153
72344
-60634
69620
-66969
97711
-13580
-41588
-60773
58014
20797
96630
68973
90942
54093
-94910
4794
77397
16117
53966
-20047
60288
65060
-54977
41725
-13955
52334
-26914
-76004
79187
72943
19340
57295
-44962
50505
-48284
44010
-98630
-95352
-4244
82763
-81844
-30809
-64394
59303
-54808
39468
-44583
35648
-43166
14318
2631
-58957
26164
-91209
74507
-11987
99913
-3836
-66718
86590
93604
71849
58611
-41723
16816
-79343
-789
5003
39268
76387
37881
-25491
-20718
71681
41187
-64016
-62067
-96982
92355
10041
-68427
34111
20130
19476
-8479
22627
944
-90382
-98585
29499
-66851
53296
11146
-50603
12310
36370
32065
8357
-66657
-67122
89696
553
2761
10693
4069
21614
-5935
-65972
-74782
-86291
-7211
11113
57410
54349
-8077
-78822
-84551
26188
-27264
-92786
-38388
-82760
-9630
84663
36026
78551
-25589
759
74118
40870
-90926
-17417
89058
26367
-29072
23575
88889
-83053
-68461
-31169
46553
-56553
-39838
-17836
82172
5116
4878
-37689
13362
90582
63441
13447
31212
98910
48455
83287
62951
-45165
88805
33017
-63374
84219
-3558
72074
-49890
87815
-84800
11111
6146
1428
85375
88909
5288
-39986
69119
44927
-97448
-94545
96647
24096
-67010
49445
50167
-31264
-67526
-8302
34782
-7725
-64956
39853
-3335
-34531
17594
49477
-90167
-97526
60424
-38682
-44016
-23878
4787
-20588
-44441
26617
-57022
9460
78399
-4499
99785
6410
-61646
-60824
-80109
-30499
-27899
-62754
-92757
-98441
-21699
-70096
-88057
-81975
-40550
-8217
-46830
9899
-62284
-35652
-11563
35584
33009
-92653
-14975
78840
14625
-631
64027
-53841
39350
-40606
99780
88755
39587
-46747
92260
89762
60047
-25980
-15053
-42830
-71306
-34190
60964
-95413
-55331
72985
-2258
92687
-14288
20964
89847
88313
51705
-35657
416
36899
-32001
45311
-11097
23393
87161
-44957
66813
-70453
72237
83673
-11099
52953
-24982
97686
72133
-49946
-83042
80541
47757
-33193
34453
24761
-60671
46997
-96241
28614
21604
-43147
78716
-6423
83203
84793
10326
60447
6683
-70288
-39589
71155
-33048
-58376
80166
51401
-24437
-29020
39849
81624
-87082
-20680
33801
17589
46263
31057
66070
71242
73856
-49886
75686
-667
-80241
1241
62989
-71764
-53921
-13984
52282
-15313
-13015
-48769
56177
-83946
-34952
158
91360
-53575
-42872
872
-56607
-14705
-43494
-26356
18635
-62979
80855
-98787
-55691
-25584
34846
-39079
13000
53510
-27668
-87865
24256
35591
76391
59257
-52865
-59727
45959
-67471
93326
-2799
78882
38368
85105
-35347
17362
20170
-45915
83901
73604
14085
-70088
92411
-43040
-69793
69445
-82544
31056
7775
-43637
-21587
70511
56420
-36695
-64517
-78768
-10581
18617
-15446
-81176
-22036
64198
-74458
-69607
85027
59755
-89048
11676
31020
75273
-39767
16393
-47609
-55708
94897
5638
-78852
18843
-36339
88586
43800
-82238
92958
-14323
-93931
76126
-6578
-18674
52183
-11460
-32034
86464
35219
-56466
80859
19474
67338
4579
10160
-43366
12787
73442
89172
80221
95543
88099
-50397
-34307
61462
78730
-18101
86463
-65305
46720
-10531
-51336
-64516
-44752
23171
-18667
46820
-8741
20817
-24125
4810
16601
-14412
14977
-60742
-9555
-35897
37888
-31228
-31677
20868
3187
4025
-55224
-55401
-83783
-25966
-68506
2382
-7067
95729
-97381
10605
63654
-81537
-72331
-3361
14360
9844
-15892
94342
-52634
44404
-46116
-9421
33689
44375
15517
-32463
80258
90625
43072
-59780
-63360
-43664
-68887
-51313
-6161
48533
73028
-62949
-17363
48665
18341
-62125
11722
-37184
-16256
59492
-88053
84075
-67903
50691
90203
68279
32010
18398
-81713
-46717
-66681
71988
-94572
-35952
32686
-76864
6392
-91007
-68776
41616
11345
57025
-79817
-4299
-63730
7747
53684
98963
-43688
-59163
-81242
92440
-26204
-13202
3056
-62006
-45928
-56522
-62281
-79560
88791
99045
-27714
-11630
-99157
-20397
-80095
-45355
39182
90063
48363
-10402
28309
68027
99220
19552
-48070
69268
40090
53937
-65404
93904
-10630
-58242
-29867
66016
86091
47071
5328
77333
-30984
55110
7460
-25441
35800
-75056
90682
97392
-61716
7294
-65417
22783
67316
16765
-46098
-42584
-59282
74081
-22682
99376
-68500
-99727
-94526
65639
29904
-69925
23955
90406
-43033
-61240
70007
-47368
-35360
98058
2731
44373
77352
-56078
-10891
-15863
-49949
1535
-99737
80820
-1848
7472
72784
90730
20889
28475
-33787
-76422
46526
36630
14279
90956
14333
18162
-19631
-56284
46680
-49017
-32959
-76669
-12668
-24630
55648
98284
23489
87996
35472
56964
34906
-24548
49041
-24493
65147
-28163
32111
45735
43946
27058
57676
28951
-66908
83813
-71418
-84443
-99883
-83833
-46076
67325
-41166
-21663
-53534
88730
-68361
75978
-21961
-44152
88248
-72591
-20929
-53244
-52058
-49062
-6102
-43521
46241
-28954
20800
-38911
-61836
45450
28591
-9941
58994
78946
-70926
53077
12074
27614
17760
-7211
-75191
29530
-82161
28193
-16371
37964
87779
45388
-48286
22231
96822
2796
-40421
27452
19237
-23011
-47986
-53840
93557
-9314
56524
58824
1633
3800
-93317
8592
2369
-9089
-37166
8252
-82088
-93807
3953
-91722
-36486
65276
59867
14102
90264
-66084
13713
-89168
-57750
-33950
30028
-42234
53879
-23600
-39146
-98978
50692
-85088
45765
-25233
-85993
31621
-55083
-32075
-63962
-887
-72223
77796
45793
51541
58046
-11592
96857
43343
94516
45867
60748
-86690
-88358
-41152
80206
-65335
-52467
63869
-34412
39933
24460
39606
-49888
-54995
48947
80131
-31355
50644
-79021
40595
4886
-61098
5610
77338
-80529
-1340
-12860
79718
3423
45054
7597
47503
-87247
39283
-53871
54477
32789
65412
-46029
-63260
61104
93831
-55994
93946
-94083
-68504
-38037
-12919
-15458
46761
-86584
88303
37443
-9399
35329
-87646
-25931
1091
37782
-95614
-23872
-93011
5017
-32249
-65349
-6079
-43638
-21287
-87115
-18183
-18607
94527
89470
77779
-10409
-29969
-80817
-48716
-92799
89347
-5033
83945
21705
-73523
-57117
-4344
47867
10561
-55384
18485
74506
45905
33392
-85375
90572
59734
-53089
48172
99481
-94423
3490
-63541
77819
71762
-77
-30907
66450
-15720
-19126
11383
26567
-13129
-91677
60792
-99925
-37520
-14552
-27210
-91285
63482
5180
-87361
7346
-54954
67748
-13220
-53797
95808
-72495
-50217
-51183
-4479
-95474
79966
-39674
-31134
6850
-97600
-4468
87163
86819
-46700
-90093
71593
-44744
16249
-6336
34398
50120
-71881
75110
-17135
-30364
-26556
-2909
66455
-77298
-53917
71386
-91190
72453
-37849
81736
-66715
94638
-50410
22789
-18254
-96351
-11736
57177
-75430
-38708
70319
22649
-20260
12872
-81200
4381
-87655
-75018
-44241
82559
-40949
16021
-14231
-48847
61334
52900
42426
43611
-41865
-6290
-40576
80657
60825
-55881
17303
23757
75334
-61631
12834
63630
-44486
74427
60011
74508
-78381
13319
37538
-75498
-65051
-76121
-98430
58506
-405
86979
26257
-2831
-81000
-69223
46086
19764
-57653
68545
39812
-23489
69152
-42724
20997
-58447
-28189
-47271
36434
47485
-94305
84579
56942
49056
-52907
-68629
84115
49023
-58936
-8819
-35436
-16420
2549
-18911
19297
65460
-1824
-69151
-38871
23993
-65270
-26574
31642
-7193
-45569
51473
-44796
-86715
-70069
-66149
3995
-22917
-89907
76408
15067
-40118
19363
-92699
81862
-91413
-30651
48733
-69367
63624
44590
3940
-46275
12753
-87436
84400
-91512
-54339
49017
-26828
-53468
-42722
-34310
-18038
48696
39198
24580
-21572
-25438
36891
46151
-45265
90454
-16035
-91901
46892
-41376
93744
-63265
24908
9349
82019
3800
-71680
-57656
-94309
45206
38842
-54328
21908
-88293
92732
27206
-29258
-85100
-65797
-34875
70928
-98926
69615
-22902
54963
32082
52346
-30077
37997
-7240
91314
15812
-80095
70299
-59699
70380
62784
30009
77672
-72282
49382
4555
7604
-27509
99475
64564
11517
-39323
41668
13267
-50600
55951
16045
76855
19177
19960
26198
-62222
93583
-14458
-17137
67014
29548
-78825
67281
63293
-87980
97442
-2381
33429
53265
77948
51846
-10793
-24368
24375
93709
-77240
-94227
49573
25116
-28231
-2602
40186
91915
-78279
350
-91569
99031
93547
55520
-90365
-63529
2418
31630
79676
-25898
39304
61781
-88949
-65327
53550
-62545
-18450
73742
76094
40708
750
30615
-34916
31741
50729
65746
24139
-66264
34538
97726
-32804
-66623
99572
-7476
25920
-605
-68130
-50665
-66689
8075
73368
-42366
-28606
-6460
-40245
-72531
97290
-81355
30431
-6125
39363
97795
31958
67844
61555
-45020
22869
25081
-33075
56898
75779
-16999
-58398
29063
-82038
-90425
-23177
17867
-13957
-29722
-70095
71896
-98610
-42326
25709
-57770
92742
-65124
90092
79768
-16269
76330
5291
26497
95697
47784
-17839
40596
-27634
-19865
-78014
-72296
95401
-63824
-10991
13924
-78666
98782
96978
21708
77182
-90539
29069
12328
-63869
-46878
80206
59325
37409
-40783
-52775
41163
58127
-93787
-27526
-98573
75781
98776
-69573
-14142
-40968
-93713
-36753
76318
-46207
-28456
-4372
-31925
12635
-58653
-6250
20315
19979
75194
69653
52912
-36838
84670
62184
-16017
-25346
4608
56147
65091
-88425
23257
756
72971
-82411
99239
-29324
64673
-14474
-1180
69657
-79544
-77075
97892
30903
91889
-98018
-91349
-83258
78122
32262
89832
99983
-95068
-62664
-94702
-84351
1951
51842
-42914
-19040
83828
-13778
-23142
-50915
74751
-90524
-57239
-3520
-25
-89683
-21284
73217
87563
-366
72937
-34761
85386
31395
-24310
-36760
66735
88851
-85964
-57281
-94792
22657
49458
85595
-59007
26194
99422
94276
-79790
32185
28028
-16008
81345
-55464
-72269
-68828
-88507
-88448
-46551
16878
-51815
-1771
-60550
86063
9225
-1523
-94828
-23874
-78115
-87785
-49871
-86361
49247
-33448
-86286
-84229
35849
64080
-15787
12929
-15408
70363
-94509
-83126
-25529
-91692
-62759
47522
44274
-39980
76512
42082
69672
-75368
-56597
72291
38307
-55232
20189
39629
-67416
39860
86516
-18547
76045
5089
90662
47013
-33812
-96543
-11178
95709
11427
70713
-56717
97431
65092
65084
74350
-62272
-12960
24780
-99691
35235
-35285
-37440
4881
18071
-84788
75745
14840
-77735
33220
-67697
-62448
63284
-35400
88129
47009
-89188
-41572
4906
79542
-36837
-76802
18614
-43856
-64093
1965
50035
18438
71746
89540
69645
-76004
36531
11158
57586
-14529
-36016
-20105
76308
-44677
-86171
-53915
-13300
-40935
15905
63826
49884
-45063
-74650
82575
65805
-40505
-40705
-29546
-85065
-56419
46897
-78348
12767
7989
-81494
-48495
-32134
-16247
-57706
48413
-17584
75721
95761
-35367
-3716
-33864
-88521
94144
-74352
42980
-59370
-96624
-13163
-65088
-96891
-5320
25008
72928
20878
-73761
-3105
33616
72902
3214
32099
-92016
-75330
45180
-57736
92720
-81262
79733
-87360
44484
83166
-16538
60350
-42299
-49199
-72249
-71875
-48892
-81447
70565
10001
-82805
77310
56075
-38539
25938
-27701
-72308
74387
73435
-52314
9648
-99485
5611
23553
-23239
36139
-15003
43817
32849
-28892
-89788
68156
3217
-84739
-77260
65848
39856
-86407
-19122
30510
-68282
22771
82095
-27371
32828
50626
85619
-73862
-60653
7223
41491
-48043
-27635
-89341
-44007
-67592
44923
95158
-21509
42272
44708
46306
-60452
11438
90831
70686
74075
48879
-2962
-27994
4821
83479
8935
91360
-30146
94733
-60737
-83271
73623
-21536
-38299
10414
-28084
-38313
-39463
-86617
-27410
-34587
92983
81917
25480
16059
88228
-53348
-48480
22904
76820
75460
67532
84348
24437
-53015
-29075
43738
-53445
37051
67405
-34005
94409
24576
-61871
-59329
43257
20508
34971
-60305
58888
10547
-46850
16782
87073
32293
63774
-81090
86660
-18376
83620
13982
-37677
-28908
-82788
86369
53689
12071
96875
9146
16695
-73303
-66064
-38221
71565
-67399
25909
16990
-42047
20774
97106
-82014
-67762
35723
64798
77815
6188
93522
-91565
40748
-8008
-74023
-23939
35749
7745
-53903
10335
-42397
79470
-47038
-74845
19004
-83633
-4275
50491
-74391
-88258
54666
-7464
-95938
-15822
45680
37062
-27596
96608
-28461
-51678
-43230
94733
-75801
22073
72715
-71051
-7454
-76417
73552
-67759
53120
-23
-95546
9865
75552
35559
72226
-63626
-10484
-24319
3153
-2478
64854
16461
65125
127
27869
6986
-42775
-37392
67503
-163
-1899
-96968
-93176
-68635
-54435
4909
75577
8957
39971
-88839
75940
-86259
-79154
58045
85348
22349
81202
72737
-95415
61912
-28562
-60164
61952
83945
30037
29789
87954
49588
32068
-98252
-83517
-30237
-93613
-18464
89562
-96085
15975
21910
35329
-14197
-88285
51626
59266
5729
62910
78718
-40015
-89431
-31440
-61180
-55639
73938
84998
-42127
93294
-22145
-64683
87040
-78478
27607
28619
-2401
60595
-77175
-81312
75578
-92159
-81505
-53652
-51101
-34211
30526
-18797
15131
-11587
-40968
-89509
64128
44077
69710
-49442
-74350
45839
-64763
53723
-26205
70979
71907
-44570
92379
25185
11206
-19264
60133
90339
-33694
-2047
-11718
16928
15765
-89487
99848
-8909
-76567
48311
-81730
-2822
96933
15785
31991
-95557
-66160
10562
-22592
-15648
-5053
-80591
33288
47459
90410
-73074
65763
-78267
57559
-58457
-13445
58679
-93374
-57863
-15725
-44708
7777
-70597
39417
-5914
-31840
-69421
-66680
45725
13822
58924
-76073
-47042
-64572
10079
-35838
67456
55329
78478
-28270
-65550
-2649
27344
-73332
-59329
15644
-36090
-14701
-80812
-78658
48972
21306
53528
-82985
-49140
74346
-10022
-12552
62636
-55060
39241
11029
56103
30421
51804
-52483
-6343
-46581
6930
-47500
58100
93623
32147
-87378
65200
-44215
-53066
94314
4383
33954
28188
-22295
92671
-40861
-44167
-7542
-46232
57936
64819
10052
-69563
-38560
34850
-11137
41951
-75613
2680
19471
91093
-37424
78010
-51378
67432
-87894
-52948
-24172
75699
78415
-73140
48022
-31496
-54371
-92556
84888
-23595
47297
-63902
87888
-47083
-52451
10005
99417
-88926
80277
74830
-56432
-64743
23159
-3594
-77041
-80842
-4283
93214
8196
55086
50784
-6944
-46419
-7076
9490
53157
-84878
17939
-94281
-12800
74526
-70574
37257
-20616
-33733
57109
-59385
5284
22538
-85304
40834
38894
33052
-938
40836
19449
9744
-70304
-9763
-89441
56874
90762
-8821
-55341
78027
-23185
-77819
25382
6547
756
31588
5989
-36016
-38278
42671
-11169
-48095
78957
14593
12228
-70229
31994
-32103
-11800
69559
65885
-80002
35303
-73113
-30184
-82995
58275
87891
-81473
-68448
87913
-36539
-30544
76253
-92366
94221
-92959
-95464
78213
-68415
48850
38502
-23814
39508
16161
-56449
-30951
38353
-34436
-35953
48544
-4427
-10000
35545
86307
-54361
-54944
-75064
42958
-65323
-12910
-75948
-89082
-16916
-97628
-30003
-78354
-99213
69660
-75320
83910
78341
-11235
-55325
10477
-30743
15284
-63051
-71417
-36656
-13038
-38057
17977
52074
32149
-85622
-91311
-37787
-11009
-30076
-76733
58371
-17465
-76774
41102
29526
20558
37451
-11970
58267
70250
34342
-91958
95985
90719
-55143
66653
-73932
-72852
89624
44786
-16902
-9791
-54362
-90152
97322
38606
41667
49813
-83980
4982
-28174
3559
66928
38050
-17946
-14427
-17321
-11662
-83639
-56955
15192
73999
-95384
71159
-74728
85212
58941
32365
-31607
57291
-98854
73470
-80539
-92532
42480
42272
3528
-98273
48378
94867
76008
-34678
92297
-10723
-30734
-84697
-11732
89328
-56959
-55339
79675
48807
12669
-79409
-66175
-41361
-14002
15065
34307
-83389
-31364
9942
24625
1423
54373
-80713
53224
59254
-65126
98510
-94494
-65873
46358
62400
85947
-17590
22619
44569
35616
27345
92523
-23302
5078
-2743
45408
76653
-54364
-60584
-53656
-99623
54303
63680
46625
-87407
-82416
-42935
24717
77958
-45373
65533
-45646
26973
95791
-27635
91217
21020
-42115
18577
86016
34621
33527
63597
18854
-60891
-77490
-90545
87891
-88338
-17272
3412
-99590
-84576
85636
-63734
16588
79359
56875
53264
-93583
9086
-28939
78618
93733
-44847
-55019
91409
-75923
44512
-36222
29719
97781
-38505
-15581
47720
-16184
44442
-82025
10396
7403
17110
98206
19273
-35050
-93261
75687
-26939
-40112
-90330
-78922
71433
91238
8034
-97743
92657
-11193
66030
97864
74975
23743
71058
-54784
-33344
-57202
57835
-82342
-25178
55077
13662
98980
-35435
-25092
34665
28123
-5543
51603
-60523
-29509
-53676
-6973
-10744
20582
16150
-61633
65526
-12627
8548
-73171
49656
-17219
-78757
-58021
82037
-6872
92527
94751
-84292
7503
-66100
83728
34292
98026
-43811
97370
-6997
-7436
6570
-72510
-80438
-17355
-6052
-34825
77418
95149
-88932
-50479
-60929
-40230
-56806
-28183
74866
24679
-37014
-44013
69645
46513
-11064
48124
90000
-70538
37628
-72803
42208
-93092
-53416
46041
69983
14300
2463
-50567
-90473
-83639
2432
30849
63887
-8127
-3841
-62929
-13760
1647
8757
-25009
89953
-69703
-69842
-18242
23839
-64435
-81488
-9415
80681
18883
-77477
99617
-72601
12591
72428
8077
81738
-70457
54107
68300
-28930
87723
64357
3062
44669
-20203
-48220
50285
-90819
74910
49049
59317
37513
52713
34508
-87891
11246
94705
63691
97834
17547
-48405
81422
38639
-49204
-66921
10427
-67766
44272
-65495
-37884
59789
-65979
-43186
3118
-18392
182
-91555
87597
-92832
28283
35547
64171
-43538
81902
-37397
-21592
1142
-42946
50832
-12676
39906
-61700
92192
64439
-55013
81299
-79736
-4503
32484
14805
-8650
36157
58067
41072
-48729
-27840
63724
94271
21261
13056
-44517
85308
22363
10511
50574
99924
-17487
-43225
22445
35219
65119
-59417
-28425
-45378
-68328
65084
74938
-5184
-53579
5339
69358
-45316
-80990
