4600
-11
-23513
32373
-61824
-12221
-31852
-99897
79629
-43801
-18243
95232
-37315
1192
76518
-27884
82780
95952
-748
-82844
48286
48848
23176
-77384
31151
51008
-50472
-49588
49879
-1341
92075
-67967
-73655
-67959
50640
62004
-51894
-61842
41915
-34004
16889
25087
-41186
76653
-25025
-41187
46561
-91799
-60077
-26885
-92547
-58922
-38166
51970
18938
-53797
-67782
76691
-54973
84004
10026
11820
-98589
37909
-98536
94180
26078
67098
39046
-42736
-63762
-70499
72929
-47224
71769
-35631
47408
-55164
-91797
75308
70614
-90913
-32491
-8655
-15677
35966
23586
74603
-55299
-88950
-61934
-94347
37383
19352
58645
-94858
-37525
-91926
-87003
12843
46121
-32497
43840
-22947
34044
29605
34753
84017
63109
18047
-13734
62302
-70889
84897
50545
-199
99230
17064
32468
-53908
-45396
-70585
-90599
-36027
94306
-21332
-1322
95210
63863
66880
-76359
-46101
-62552
91726
31046
-61584
83196
23867
39276
66705
-14221
-42125
63106
9668
79882
32101
60515
25841
-41682
73636
-76446
-88542
-2117
69742
9772
85078
-30737
20618
49529
85557
-60113
-41846
66158
5533
43638
-4112
68371
-64614
17686
-40723
-93076
87797
34028
92612
57590
8355
63077
24782
91967
2526
77670
68694
1762
978
-35
36836
48799
33005
-2782
13335
-20909
22681
-77623
-8789
21528
81926
48582
-42341
98555
608
-46787
-14816
87958
35360
-9498
34327
13130
-95809
-76326
-4032
-7269
15108
33212
16419
-68504
-67586
-84026
-42355
-99323
90830
-14289
-59848
89143
-33828
-30794
-43704
-77877
-82326
83342
-66382
-21805
-6139
-53274
-85961
36926
37527
75028
66062
27795
20762
69405
-24992
-53686
-44313
-89885
85485
68423
-61651
-99092
-79988
-60428
-81219
26827
29647
-30471
89409
16365
22789
31579
-59891
-91646
83224
-8594
-75059
3781
-82985
15928
3166
68906
-95089
75236
87866
90468
82066
30304
44875
-15600
-37223
-20525
52768
-54079
42373
-40898
-85187
96616
-12799
-14866
40396
57056
20164
-59237
10354
35220
44211
-46559
57661
41166
-98653
60440
-27591
-98660
-17220
84050
88418
28129
-3591
-42000
-37709
-76171
-76917
60193
-99363
28218
96094
-27527
-64173
-77828
-21325
-97110
41026
60740
23404
-351
95070
6010
-22682
-62721
2200
-67852
-34048
-45454
-72340
58079
-46021
-92048
-56362
-64056
79930
-36656
95012
-44408
-10008
9476
12135
10698
-39368
96695
-60413
72634
-88185
-46529
81062
70156
21151
97983
76117
22822
82581
22876
-95070
56043
36882
-31270
-6
-67931
-97746
5330
-14117
24462
39864
-98222
27554
-28484
2770
-49263
-76478
4262
-88775
-68083
19985
-49449
-93725
18563
-51332
-29011
-28031
16458
-76389
22286
34020
205
44831
-51351
-18948
-72797
-96664
-36380
-7109
42317
564
-36057
-33129
-3701
-50191
98180
-72721
10459
20915
-50942
41285
-87729
61120
-11067
61354
-85558
-91511
-44133
45239
24791
-76748
-48731
-48713
33317
-90860
75232
-49246
81187
43898
-59185
-26684
-45708
-46171
72455
75837
32143
-28076
69975
69089
-56841
17852
-61743
66367
-19247
53910
-51335
-89537
-78745
-20208
93706
97317
17592
-49309
18335
42546
-41927
-73468
-66683
71849
-33556
28468
20250
2415
-65316
45938
-39903
7563
94770
-90031
19878
83470
46455
44964
-20984
-53492
53863
96917
-25560
-8440
-75026
80405
-53779
-2258
-84606
-50771
11825
13241
-26404
14131
-85493
-69963
34068
11481
93561
-20706
-74408
-22560
-6806
-68696
-57976
43946
54950
-47016
-26510
-77524
-2149
-40689
46757
-89342
-52731
-95705
-78604
-94692
20600
-19978
-14775
-43562
48397
84464
3875
-54426
96103
-64599
29037
-57170
-60319
15223
-58628
10226
-69034
-24522
68645
77411
49548
78309
35449
-6118
79421
2093
-50209
-65760
-18940
-51454
-67188
67242
69345
-12254
59041
-84126
68073
89787
67552
-48864
-26483
99497
43916
-14729
-77116
-27683
94045
41388
-36072
-6183
88605
-75838
-74870
-45097
34146
-72015
69859
-98614
83816
-46283
66713
67900
-47862
-89662
-71846
-38378
57245
-78636
-7561
50878
-49430
-42843
-8336
58010
-79675
69048
94808
-18124
-86706
-62637
95845
92406
42500
92745
-23274
61012
-47999
96565
-55679
-19576
10646
-3581
23800
72633
85251
65640
-35497
-92619
-59117
-19022
33133
64285
72530
71993
97029
-43104
-9044
81525
-26928
58399
23012
-82647
-61904
73904
-75347
65342
-59293
66111
-46167
55018
73674
-31410
251
22415
-47403
-14116
69835
-87648
68046
-62684
70806
60734
-23938
-34884
88622
78561
-93056
16798
-96043
92145
-90592
78788
10546
-6731
51374
93612
15150
-56350
58277
83387
-1106
-52331
-93645
38014
87725
49245
59109
-47029
57844
17455
-50191
92678
79161
33532
-49505
72960
16082
89760
-63980
44601
71508
-67471
83452
-59130
-96564
77176
34387
-65394
68057
52668
-7151
9966
-20827
85241
-3472
-7172
25342
-9872
96795
-60695
43669
62808
-2316
-27584
78673
-41230
-73278
92683
16337
-54918
-33162
88660
-17475
-57287
-81256
-98423
-44793
28920
-94829
25529
20932
-53937
-67559
-56133
-99359
75931
244
-57811
-66813
-23603
-469
-92198
54015
48735
11789
26421
86131
81634
11165
50306
50751
53748
-67495
-56940
-93149
72525
-57367
-69071
-63241
-61448
-83167
44753
7681
53086
-57805
-27643
-89098
48765
32372
38517
99600
-24840
-86967
3138
99848
21577
-5778
-61238
1905
-36910
-79006
52937
90161
91600
27123
-55396
81820
50992
50145
-56222
-26706
-69316
47666
34491
-52571
-40210
-98094
-13902
-66695
-85787
60708
66807
14777
76725
-66135
-35451
-40764
-5927
33163
-8222
65312
-19516
92679
10821
99898
-747
40694
51537
-95238
92648
62710
-68992
-98686
36360
-74311
-66021
-68924
-49981
-69846
50213
63805
-3049
-8329
1048
15826
40776
-257
-54521
2117
69587
-38502
-28894
88020
93436
-1025
89112
62254
66692
-74282
-50409
91539
-11785
90843
1199
54791
-9375
-5141
73556
5874
-55776
22383
66562
-40169
76949
44130
58875
-63953
65140
83648
96364
-1183
-37061
40589
66029
-22239
78464
-30978
52583
-11102
-84637
2696
72465
59257
85026
-91964
-27309
-10352
93834
-18884
36875
4867
18187
-38891
91053
75546
-51995
98456
76165
-85276
-70337
8414
-82216
-80468
-9514
-46824
96296
21851
94290
-99463
-27241
-43734
21428
-17152
-34013
-59583
80748
44965
-7536
19185
49608
18335
355
39755
50374
25616
-21366
85339
39306
-15345
27033
-90748
60779
-2161
13231
-82439
89511
-43984
83319
64789
-80329
56866
-19190
-36392
-16322
-39438
-65998
21247
92379
62195
40010
-46785
1117
-93174
8065
-23011
150
86357
-83971
-75219
34312
-90760
16603
36965
73084
80966
-71403
1628
74162
3273
-52163
-41755
52723
90735
-53594
79426
16258
8593
-55710
11463
-75919
-56800
54245
-64435
93071
97134
91144
-12017
16511
-31977
96618
-49372
54564
57674
-49999
33753
97016
51127
-77906
95722
87996
-13737
-80738
57949
-886
18259
-95795
-36612
55238
41106
99862
-10835
-26189
-68702
-50811
-85777
13793
-91710
39005
68083
-77052
-20919
-98699
-49003
-10143
84599
-24003
-39371
-81887
92631
57374
2487
-41528
23821
85951
58387
7295
37890
-11931
-76199
-48371
-69592
35698
-73787
-93916
39724
-63666
79034
-49576
71352
-3165
-50209
-63381
95522
-43902
78355
26051
45044
-44061
-56562
-64899
-52264
8841
-13163
97114
18080
-88124
-74663
-76585
-34960
65744
-49427
-67045
-90231
66395
5090
-69174
85490
48356
-17022
4087
38212
-66881
46373
14582
60115
-89803
-22030
39374
82612
-92664
76854
27661
82096
-60780
-85926
72694
-4540
-95088
64324
60566
-88367
44788
36557
-34251
58854
-42635
50842
81063
98280
5996
59929
-65470
52188
17108
91610
30570
66705
90738
-7993
-33657
5805
40015
-5758
14104
26962
74849
8218
75361
-35988
-61048
-27543
56896
-65831
97204
-27508
-78818
-70026
14243
-96448
-1408
-12285
53576
-35627
1213
-67086
-35577
93586
80714
-36207
30877
42726
11249
6864
32349
-63610
98593
-65679
18645
99431
72030
-44019
43983
42522
-55719
-95299
71667
-20609
-60262
-44949
-36854
-94105
-34343
98229
-47843
71114
-51667
70202
-70916
-80799
70748
-91451
-45542
-45150
43729
-33132
85590
86102
-59029
-91196
77140
87896
-96335
-17062
-19190
-51412
-92252
70448
75415
32761
-66387
26106
-69107
-17820
95542
77044
24975
15179
2645
19626
76246
7195
-69726
-27165
-47794
28111
84841
-60181
-18211
99781
-80069
87100
92483
-15810
22879
-1848
36572
-81550
22758
-61786
25475
24270
-60900
56470
-49327
97868
38362
76914
62403
-91924
-17479
-60236
-62151
93652
94049
32350
49115
-71167
15935
51914
-10986
-58647
-17707
75918
-27836
96943
-26581
-64949
70314
-77822
-84061
-7277
2266
80659
2922
50100
-97735
-5775
74699
-44379
60955
59650
-45603
78348
-34678
55328
57501
-57622
-40410
-33715
26966
99940
21094
-90603
1980
-44305
72764
-68417
-39079
69270
62999
-5329
-47265
92587
59970
3739
-92133
35272
57578
-96536
44555
61185
54525
-56416
14918
34664
46957
-5614
-80615
-36037
-11501
-60985
69363
-2450
73585
86748
-5706
-8111
48720
-79999
63661
-74017
99336
27148
64861
-99806
68190
-95877
94004
-46459
-37369
40901
96862
-69832
-34805
-62309
71415
-59974
-10363
-9984
-37797
25734
-49209
13122
99288
-32164
-81958
81428
-43771
79338
71458
-7863
36460
-42025
57824
41711
75746
54637
-87726
-570
37432
82273
26741
8411
-78518
-46529
-39253
71366
-84620
94390
99831
-6660
-96603
-65730
18788
-58414
-56309
89441
-94779
-93617
41966
43245
29912
47660
-12711
-45451
-5756
65642
43762
80446
-42366
-37168
24619
12429
-39272
7616
23761
-59253
49983
-70411
43330
22930
-5658
58396
-11908
-92458
-91825
-22837
69328
-333
-57064
52450
84533
73230
86932
-46787
79736
86571
4440
-56493
70737
-95221
-76334
83246
35217
58048
-73902
51783
26872
-31345
17453
4349
54308
-11265
59382
61682
14243
-63228
-26579
-37182
-87063
71235
15540
-85407
-31011
32258
-19396
-62128
42766
-84946
-37697
-54788
99331
-24185
21670
73971
-30481
90156
-84982
49091
-15997
76799
61399
-37647
78430
-92748
59533
-74925
-47840
-77701
-60000
50315
59676
-53944
-89216
-54048
-15509
-68677
-67597
-85830
88093
72369
67869
46458
88267
58790
-83166
-19596
-66552
16837
73954
55690
38454
-36145
91235
-54298
-17932
-13981
23949
-17965
12789
56111
-82866
-91079
19180
-10188
8413
16115
-74013
60783
34844
99215
53099
-96791
92631
-27551
-23570
-17699
-92950
-16636
21024
-61311
-90946
14574
-26540
15027
40819
58031
-14165
13313
-81062
-91194
59431
76501
-40103
64160
-33762
23675
-43982
-88338
94921
-28911
-37667
77729
16764
-87222
96593
95749
10352
94942
74850
-80265
-82116
34066
-15740
78725
-6429
-33825
-5907
28896
12038
-42366
-85863
49856
2810
-30625
79143
-87787
-22796
9555
-58783
40933
-85023
-2411
-89447
12358
-7918
76615
-4626
-710
9621
39519
37934
29538
20511
36076
86677
-74271
46693
77256
-91724
34702
26697
16089
-66835
61141
-78671
-40061
-13670
-88469
-99788
-24018
83790
-49749
-55058
-38225
-57293
16018
-75789
4821
-19182
-41069
-55264
-46061
-7054
5848
-88883
-11579
48215
85591
28638
-72032
-32340
-54964
-23559
20795
16123
27480
-82478
-99916
-81128
17398
84641
-15040
75102
-6570
59445
-95981
80657
20568
81443
-97496
9891
-25178
71126
-10322
70418
-77906
60810
11215
-12690
-89029
59156
-91747
-83272
-56209
-10855
-18405
-33434
65055
-53153
11558
14852
-22645
64512
70271
53812
-56456
73978
-90891
-62506
-94356
-29852
86515
96130
38662
-75332
-8476
84850
-90633
-56869
-3394
-11331
76961
25993
-87246
56574
8394
-99731
84911
-40621
-49155
48093
-73267
-64447
-14083
-33452
-99619
-38411
78119
-25727
10442
11366
-90653
-8388
43691
-14250
33414
-10285
-57943
65142
-70648
-9661
92360
35817
-58467
-50494
-22701
-91935
-3471
46713
-40280
-32282
-31995
19088
52445
-75211
-14303
-29727
-1650
36997
-11659
88078
92677
18852
15440
4590
-99900
3584
3516
-4062
-79759
74498
-19084
-90874
-11809
50837
-99070
80707
-25931
-32763
-23495
48002
87101
99906
94540
53755
-37749
-73277
-43254
-38037
-1081
36551
-72905
10340
-50854
75126
-61240
15294
97201
-83609
-95302
-61397
90161
32699
35023
24617
4535
-82266
89382
-92720
-53110
94734
-38666
-24885
-57696
39051
91559
28259
-4598
60623
5132
-93961
-49988
44895
33857
-27320
-40259
-20929
-47458
89457
-41113
-48468
-57451
-25164
3868
9603
68718
-34450
-1467
-52417
-93541
71021
36040
-16992
90234
-9704
29446
-58330
36712
97548
-79283
70460
-58372
-22392
-17759
81330
-36185
-33730
-43742
-36573
-67802
-8182
-61606
61942
92577
-3842
-65627
-82753
-52444
-22244
-40131
-72699
-60297
-2979
-18462
90271
-37093
54382
81442
-91785
-61020
-26310
3402
80496
-27794
-38494
22825
58980
-24387
90762
-11907
-68346
-75339
-54195
50429
-49753
88882
-90288
6402
-86572
-62075
29748
85459
75612
-85108
-16667
44876
-16978
35693
-91121
-94615
10721
64047
16497
-45004
-56050
45940
63434
63049
-92392
41559
23919
-37181
-7476
-418
22526
52357
22819
-38372
10221
40935
98212
16870
62972
82362
-31834
23343
-48567
-72518
14516
72387
-92670
7631
-9527
61148
20404
-11840
28474
-30555
-45118
-31755
67315
-99896
-64462
-31130
-16679
-6602
-15454
61542
-17137
46899
-19240
-20730
-59820
80986
-16778
-86937
35274
-86667
75404
74912
-53614
-8463
37768
-19320
51154
-35967
-51768
16224
-19752
22098
-6320
-42336
94936
-69210
20183
22172
-25583
-32048
-44804
52563
22606
-25718
-1258
-77228
64777
18230
-17751
-96434
-73110
-28880
2740
10482
-32147
99212
78119
88007
-49055
-90255
-89743
-20406
-75124
-91119
82104
-38529
55788
-46780
-60382
29464
9624
12928
11856
-74815
54533
-73161
70699
68486
1317
46093
-35946
10210
-11414
-97419
8579
54629
80105
-49049
-90015
-40256
-24359
18943
42995
-68624
-54982
-36939
-33988
80325
-814
15797
22423
-24434
-70190
79195
88419
-96861
7128
-66483
39579
74895
-71410
10804
-29437
31064
15471
-79209
-15042
41004
-23638
-29738
30781
-30039
-91169
-42431
11282
-84728
96710
-48109
69666
89383
33775
-22322
-48711
-90893
50532
-76748
-81928
-30929
61546
-20769
71785
76387
-71834
-61570
28339
63459
-79139
-67668
-47191
-83590
50644
92526
-8452
-75212
-15018
-74551
-51567
71877
-64876
-49602
8045
-56999
50150
25764
-90611
-62279
-80848
13408
99731
30295
-32736
31042
-52454
-72138
87251
63359
-23574
-64968
-66153
-19513
-60217
39365
91531
49091
-83228
64854
-25821
-4563
1461
-48293
-71928
-53
-34334
76687
-83748
72329
-32745
54422
-4837
-67406
-42376
4367
-50403
53067
81970
-22084
91000
90444
17133
66443
-59454
-94597
-4707
46145
17203
-72281
824
62210
27753
-36865
63426
-92417
-2810
-95923
36548
-24836
-83724
36754
55771
71549
-55415
77502
40876
-80884
-52859
64524
69557
75946
97080
36408
-3009
-8752
74369
-73442
77040
-53728
-71823
-26767
49916
-50195
-6067
77972
78140
-22621
-20430
56280
-67433
68501
44115
22355
-63716
55073
53791
-65767
30706
-67518
-9858
-42406
-62618
89586
-96519
21272
10660
5562
-967
56642
85441
-10729
-78553
-19150
-13771
8971
10739
-13248
-35290
97085
17072
23297
2015
65421
-88611
-37152
-46945
-68103
75647
86742
40462
-475
25129
-41591
56331
56074
78430
2559
-32288
-23234
7885
8829
89687
-42917
4090
-70272
48486
58639
-67586
9495
99973
84096
98789
-6949
-85343
-87207
-93771
14860
-17175
-86154
-84786
-1974
-29563
-57112
-35859
11373
-67930
-72411
-16438
48833
-48456
-34353
81378
15329
18036
-70369
99087
92846
20115
-13778
51346
-59667
35229
-63648
14835
-21893
75231
90413
68543
-16403
-80453
80205
-41551
62472
91994
-80512
31147
-7847
-51588
66871
-55261
17651
-11665
54754
11803
-42429
-27554
-7593
-45624
52497
-64383
43740
-44588
68117
-29134
54545
-2113
-14348
88992
1149
66976
-87210
-47524
56819
11530
78116
-66351
-72864
31178
-72349
-56752
53172
-18484
-92568
59081
59371
-81123
7671
-10793
-99145
42251
28604
83698
-10612
62568
38437
32584
-92793
41454
-9830
-99035
12732
4924
-41254
81294
39258
-51394
88179
-68946
70909
18540
-71714
-95832
-59631
51561
82932
5323
44701
-117
-4015
27683
21363
-38022
90628
-60436
41523
21681
98864
-76254
40887
54946
-76414
-92620
27614
15670
61390
-40810
28920
-48078
46281
62582
-97845
-46859
7133
-56186
21632
17246
-47379
-89352
-92563
-45686
28325
-64120
-25664
-65350
-95684
-28045
12676
-71020
-61559
-57147
-1389
-68032
-48257
57168
-30119
2931
-35193
-45256
-52224
96840
-50952
81516
88317
39562
98806
64111
-99017
32846
-7388
-71276
-18225
24829
39943
76808
-24112
-86160
-88904
85001
-42123
57908
-5947
79029
-53039
-32019
-64346
-59907
-46945
17686
-63337
7160
45926
-23578
-7594
17492
-99319
-94834
30587
231
34921
50143
-64913
-85853
-24777
-36343
-47990
-50072
-20263
-7745
-12403
244
97336
-13642
81849
39926
-17500
27659
62730
-14912
30373
-66748
18899
20442
56991
89134
-88393
-92750
51168
-40922
-73983
-48462
97290
-73612
70561
-27222
96152
-17390
34052
-10260
-67826
56906
43470
-46665
-73599
-75267
-86217
88459
-38720
28928
-57345
-74917
7710
22048
-55409
-69215
-19107
98822
14126
96523
99897
92086
-6564
94163
83406
72689
81935
80300
-37914
61243
-36793
10392
81955
-77961
81104
-98025
14341
-46034
-9836
48441
-24999
38318
26074
73941
-26433
-53041
87967
14802
-21994
25105
57935
-65246
-10234
22817
48864
-37681
-31767
-66310
-7604
49197
-85801
-77720
-55831
56367
-51444
-38488
59046
30294
70264
-99156
-91868
49860
-17052
-94981
-42898
-46481
-39108
-94668
-6825
38257
-91075
4146
-38993
-89860
39227
-15157
-59807
29482
56655
7667
-71252
36914
-36515
-85762
24060
4855
-36418
-13757
-33628
62586
87182
-94948
-84677
-22352
-44013
88009
26640
-1745
-45112
-96076
-60021
60097
-98042
16335
-62047
-55205
94798
-5351
36531
74664
373
68992
64004
31358
45036
44961
-48363
39602
-43925
-29845
-11809
-57337
33082
23521
-22420
60097
63772
87294
-22253
-22824
-32744
-97166
51726
-21112
-15515
-52149
82361
10117
-76495
9583
-10070
-4276
27022
-7355
59047
-38763
-81542
-59404
31432
-94619
-41847
21187
45610
38911
1905
-73504
26445
26170
53874
-80836
-84405
60718
92896
-25965
44022
-56
-43506
88329
45452
55101
99673
-16976
-59751
-53861
35918
-51609
-98198
38459
-41863
86300
-12375
88659
-94517
-64591
59546
64040
82598
81852
4337
71648
74121
-4439
82061
-96907
61971
-71109
-37163
95814
-72011
-88529
44078
87560
-68359
-23167
47126
-1319
-97751
-31928
-89120
34165
95325
28860
-24308
95233
58085
-73000
-58174
69573
-64753
96538
-63317
74039
72405
14760
-65107
38642
-72730
-57971
-3967
20166
463
22560
-53198
-64407
-84474
54661
-69517
-67446
-46445
27853
53085
-56570
60764
57273
18245
68532
32331
10524
8247
75163
-82019
-2786
-78127
20099
21450
70620
77053
-40856
79629
15277
-89204
82315
-71409
10944
-12564
60068
-87436
-69343
1670
-34318
-63
-45478
-90954
-85582
99239
30774
-44056
-11474
-61199
-40927
-48373
19820
73799
68011
-70091
-70713
-46243
42347
90643
-80420
31355
15936
11659
-8485
89513
-17997
29616
-50755
-62858
68216
-42143
43156
-96155
32275
69055
31614
-33547
19416
88008
-86797
11212
-70837
-93995
-19330
-84673
92901
-30164
73481
39744
-80840
35459
-4080
-39579
57002
59026
94584
54353
77725
36819
-2888
-15231
-33169
-69415
-96459
74677
-68323
46218
50924
-67592
88322
80635
98761
-7858
61502
-31066
-17196
-46854
57073
-86966
-5493
-72983
52647
-13280
53130
-57218
55502
-91723
50599
45307
95010
-73879
61978
-12919
-2903
15810
17689
-2716
55450
-34899
83203
16165
-50791
-20525
-19406
-70035
3229
80340
25715
-25109
-99917
89059
83346
68107
-52197
-46210
-71282
-91012
-40176
-90616
-50133
-84901
-42010
82116
-3801
-25919
-41589
39856
25540
-96474
-58961
-61252
-82940
-23824
-99136
-26330
98419
-89444
16718
-4045
49886
-84921
-17266
-80885
-93791
47706
-36486
-60046
-69730
-12976
-8363
-74785
778
95654
-93683
18107
70625
-36578
-29639
8759
23418
-53073
-87295
-80694
6453
-64244
73372
-85114
31248
36687
-4620
50006
87257
-7934
67367
-63466
26878
-36214
-15577
30351
13952
42417
-24959
-2227
-69882
-69234
-48069
13791
-98994
-77677
83030
58923
-46914
-97869
-93262
18795
79320
76718
-5999
2376
-36084
25850
18867
-23983
-80856
-44144
81057
15960
-24085
55376
2246
-95383
-39369
98897
-21577
-87000
-99676
-14455
19092
-81530
-76175
74774
-11706
7520
-93291
32871
-35544
74548
-21708
51785
56834
92224
8749
-78830
-90384
-46663
34384
64676
-40479
69413
32493
38942
3067
-69483
-17977
58213
-91044
13507
5608
-82166
-61572
-87484
53966
81369
53806
-93911
-99133
-64323
-87227
-53576
-26614
-98349
95827
-27390
-22987
53449
67149
-4575
-6956
27122
37450
2000
-46904
36714
80426
-19609
91765
2401
-45613
11761
-78507
10053
87767
52587
59114
-86512
54194
8348
-821
3051
-87441
62476
4896
-11074
-36503
26786
-25303
69141
85487
-72611
-73160
-79760
-58431
69103
-87169
50087
36151
-40591
-9852
-59528
-69695
-32441
13105
-16849
-11127
91474
-47545
-50832
24949
75787
53043
11428
-1656
27202
16505
18494
96680
98548
44301
-27031
-86278
-58238
-56768
40464
-75543
24020
-6377
24969
-40186
27721
-20808
43231
-63670
98649
98750
99898
-49034
-52918
80108
32493
-84581
13836
-56195
12252
31094
-19855
-65063
-23352
-97613
29067
49188
87417
83346
-74716
-50127
32391
-29721
1684
34068
-90620
92155
-189
-88491
-81271
-45744
-95300
72257
-96868
-31742
-70295
-20326
71035
-2807
45809
90222
-70393
27867
-66581
56197
91216
-81
-91203
22196
-20295
-52069
-68779
66382
44744
-40482
-54333
62650
-27827
-12742
-31438
63840
59499
-44870
59010
-37635
94280
17106
36675
-80937
43981
20643
-66225
-40758
-18918
-95459
-60540
78336
-9654
13887
55452
87615
-83683
-46918
88108
-78116
22664
-30861
32886
88845
81302
-41304
59370
99100
-84039
-88214
-19136
-79944
75761
-11064
37995
-80986
-66152
28748
-95494
-59820
52359
28127
-38384
-8242
67817
9031
5182
-68918
74330
86033
6842
9053
-45765
-99062
92543
-71472
90389
86055
41664
-32434
-43929
-24956
-75319
-40716
-46194
-28151
-72523
-9525
-80177
-99159
-10362
91410
-72252
388
-65308
-53133
97953
-25939
95221
28376
94755
-7995
-12267
87447
53332
27078
-71566
23753
3069
62044
52231
-85192
67496
53485
98867
54582
-60272
37178
34037
-42422
76455
19037
34439
97606
-5436
98226
-2476
-67916
-63064
-99886
77974
36591
39851
-35461
9552
-36531
-15864
31115
-4763
-41542
63873
-69205
-71212
94176
15216
87689
36049
97730
-75796
-61763
-3391
77224
-620
2957
91857
52341
50619
-18164
50098
61908
-6160
71773
93877
-4847
81768
-91755
-77696
83140
-47221
-66498
-3605
88679
-9576
-53384
-13830
67785
74357
80891
11254
76700
-80809
85111
-66198
-39384
-59830
94172
-34953
-17950
36509
-93194
64469
-59241
-62866
36335
90150
5571
-77810
88120
50936
-47553
-10288
94339
-76584
-14954
34035
-3096
86413
-65928
-1687
56807
24056
26247
-43517
9613
11782
-24945
-964
-70929
69775
13587
52767
73171
-79794
-28542
3605
22127
16573
70089
-85617
-14135
2765
-11262
33804
67901
45695
55177
-18361
90781
53346
70895
49537
24818
97833
-42616
35686
26401
68520
49567
41119
63337
96235
-33206
-61709
-23479
11891
-46056
-75494
-85057
67150
-70810
-18336
62890
-59438
-18543
90803
3601
-58250
29317
-97527
62844
79180
58036
-52624
3136
-71457
85539
-52941
-48423
-25371
-42978
-23706
-20817
-27487
37836
-945
-20293
-4392
-291
25201
-98237
80557
86943
20022
-9919
-28069
-48784
77176
44002
84751
-76018
-47572
-71830
42912
779
45867
-99724
-55060
-42276
-23522
13655
-33072
69264
-41210
98917
-88893
-5027
61606
72141
74768
49045
-94451
-11040
55662
-95623
-33660
38960
-46595
-28
36432
-61547
32991
7208
6820
15945
-30223
-54538
93990
7347
89381
-70666
-16612
-90559
-1539
-76681
66675
-53330
-75610
28608
-68436
-37725
10479
71301
10147
-12230
-25116
29749
48893
23261
-18101
-87632
91758
39309
91002
-31146
-81883
23551
38995
81659
-6828
-55136
61022
-31113
-35361
66745
14081
-26791
-47904
-83538
-9570
15675
75029
77793
-81591
53488
30247
57908
-10203
-84902
38040
16363
-19238
79001
-61560
26351
-38860
45342
-99805
63726
-38501
36317
20906
71328
57579
-49247
56733
-64347
75184
40249
55042
-29814
51263
-96304
-29611
48043
41139
53658
-37172
67506
-30717
-32213
28230
4669
-59523
72738
-43761
-674
-17823
-65022
-76910
-98628
-24868
-12767
-64740
-2730
-49440
6648
20169
53928
10012
14363
-77555
62054
-83747
76484
-15071
-40411
23361
75336
34055
45785
-59245
-95317
-12484
-3271
-11448
-71281
10618
-68609
5525
12999
34279
-2101
28075
-47863
94557
44711
42704
-53118
-15785
39077
62171
-98940
87028
5541
-89524
39515
52651
-36813
-51898
-76931
28940
-31603
42986
61471
-96209
-62526
12176
-38940
4731
-58379
-21404
-91728
3029
-87487
-74981
64411
-25694
44791
-28527
27778
-79045
-8958
-66111
-58569
-79315
19628
-69920
68696
-68375
-15303
-44330
-33539
-12722
-99087
73882
49867
-65007
31035
-71704
-47579
76871
77477
-52446
-89469
80591
12928
-83711
6170
52127
95272
-66890
68731
30697
3298
-8991
-60552
65833
1182
-40980
-17408
7822
-96229
9158
30604
87554
60522
-17416
-26254
68632
28426
22821
58263
10322
-32718
-94
-60734
46987
-60754
64176
-4725
-81145
-23647
-34670
-33614
5717
48105
-2673
-35828
37535
-10785
-7226
41559
45774
-25155
42665
45935
-19236
83035
7448
-76006
-29193
62162
2650
-94019
70415
29825
-20678
45042
-77315
97390
1276
31601
26831
9988
19770
-23318
-78284
10426
-3808
95733
-94527
-55403
74368
-29663
5853
-7996
-78509
93673
-69553
44585
38221
-65851
79138
45751
18716
-93156
43315
-74954
1916
86934
-47593
-79837
-97479
28048
49899
-77195
74819
-42455
-39559
-93317
-16921
-43079
48579
34209
-48144
-74206
37296
-49134
35993
90558
-33840
70391
-88467
80184
81422
99997
34557
93622
98225
92660
83134
76980
-48050
-23885
12733
812
58574
39961
-27201
99569
39896
70415
31097
8668
69403
-2134
-17304
2589
57977
-62004
-8946
-61645
-36717
-3670
79627
41078
-74387
-52056
64020
-90607
-83266
-2721
64210
-99250
-3689
78721
-44839
13578
77997
49876
97539
-84537
-55099
57370
-29015
-34272
-645
-96686
-89475
87767
-75602
29910
-5369
-3702
99787
-95003
-24070
-61883
30005
-81605
74610
-49039
82062
14301
-1715
53993
34341
76081
-18909
79085
93756
-71159
-41949
66543
-20300
-49792
73099
56139
30999
-48707
70595
16788
72066
23381
43799
98186
75821
45389
8592
-15961
-58919
67132
90797
81688
-82796
87695
-80253
89993
30252
8231
98542
80025
36718
7581
-20109
-50131
22809
-50075
4020
70048
-58780
-47664
-81458
-5160
-68375
-75605
-59309
12532
-75283
59781
-18337
43617
42508
-75058
-37031
33548
-49722
-55077
91464
-51598
-52000
61319
91087
51091
-27656
63091
-11833
38788
-63383
-36883
-18633
-64028
55894
-99218
20530
21478
-21097
35709
40526
-68978
52222
45170
-73988
-61321
-4539
-3947
38217
25744
43221
83749
-15696
13031
11573
23988
-82343
-7075
-3955
-401
-54606
-15878
11926
97980
-43927
49945
7329
57020
-65981
-70396
-21056
-33424
-17636
28954
89173
56504
-38341
13613
62773
-267
-56047
-58264
-15816
-176
32655
-83475
-57249
6036
-81183
83709
-30493
93175
-18998
-65839
-14506
-11146
58269
84933
51448
-40354
98965
-4940
96665
44838
46290
-40353
99429
-90119
-15696
-20090
-86511
-54061
77126
39193
59617
69825
42360
-93304
89235
-75318
36730
-79241
-69653
21676
-4191
-68339
23324
72895
-45721
4076
-58736
-72393
-78469
76923
19733
261
-70205
-66594
-78620
92956
-67665
-29753
96782
-78575
2491
102
-30075
-91941
-43583
61628
17668
5946
-74760
10701
-10084
-7051
-96563
-99276
62492
37435
99932
66768
76445
-5845
-33653
-6180
97127
13743
52483
65053
-18941
-6461
63564
2420
-72929
-24684
58372
48403
-71401
-54077
-28804
-17204
25958
-80952
73648
38725
-59096
91060
-480
88648
35083
-35250
-76785
42359
-19758
-3809
90327
49181
71685
27082
-40153
40607
38841
-80941
-5797
-23279
42295
-1216
-44874
91429
86668
-82468
46911
35070
-10323
74968
20597
-46302
51204
55373
18799
-84082
50651
80221
34069
-34268
-34908
11767
-60235
43456
46562
-3400
22659
66984
73144
34223
-85136
-8031
-48628
-77575
79205
26974
-26664
84555
-49636
-84332
-39539
59918
98011
-65751
-83356
26725
83535
-49654
75266
34378
32705
64028
92870
22166
-33033
31498
-19725
-7137
-95383
42749
65013
-12357
-12962
-84886
-57774
-77789
-6301
-89339
14766
-47244
41000
39187
47546
-17969
-51209
-84003
20091
-73569
41682
-30784
-45390
-48134
10471
65505
-90642
-30687
-4302
54335
30122
76962
89136
26337
21603
74909
-54469
36782
95355
-89565
22471
-31205
65283
-76039
25719
-35842
-79511
-32579
-58147
-80126
-3395
86048
-19955
14772
35553
50769
-34404
39289
-79475
88699
-42886
-85790
-92163
41124
43561
-70888
-19592
-25738
-31207
45810
-43908
86171
-81822
57061
34955
43521
20509
-95141
9484
-26755
59039
-40164
4960
26316
76243
68521
-39294
-91276
97011
86440
28570
4936
39907
-10567
-32738
24011
57002
51174
-27483
84140
-95730
24313
-36662
87088
13898
48360
64185
64942
97198
-82644
-73127
33779
-84140
64240
56150
54150
76602
39012
-36662
-82363
41985
-19856
-43065
942
94593
96262
-44797
73978
-33466
78480
-69855
51555
-89300
59849
20632
-50169
-10542
-2712
60098
-40924
-59202
87158
37187
-49469
50317
-72447
15572
41522
-21739
-68055
69867
-61975
46553
-44649
-26551
53519
52008
19534
94303
-78380
58898
6361
22366
33150
-9976
-70940
-92646
71746
88655
-13401
63578
75080
-44511
-74307
48382
55634
47456
-55085
-5107
-61259
-11849
68347
-15525
36293
94224
14816
64083
38799
28651
-73196
-91033
-1601
-59551
4229
-32175
67234
-49290
-34289
-69628
83078
53076
48427
76212
94974
48490
99204
67967
33730
-49759
26090
32054
4211
86198
-31264
15884
-58245
184
50000
-60582
-12269
-51872
286
-78323
50078
84488
-22247
73773
25651
97162
32910
-64054
-46792
-27786
-14281
5317
25513
-21073
-80687
80312
82552
69666
-76917
-2557
1295
65380
-81958
68020
4849
-34328
-1495
-90030
-19394
63897
17710
-60474
10709
-53158
3032
37607
-72428
81368
-36636
23713
87226
50184
-33457
32385
-85522
-48126
82342
-45729
-17063
-82310
39033
71848
93421
-74921
80174
40134
71305
79601
-71055
77871
40693
49068
-63479
-39801
-26680
9772
-58106
-41613
84073
-68429
-96169
-40709
-5070
5086
69560
66907
36976
-88007
-66168
24806
-27065
-31686
19960
-69544
-57229
-91423
-73953
76342
-40599
-86935
-19413
77284
48667
38443
8755
-62653
2907
-75056
-5401
-23740
-31849
10481
-57943
-12914
-68094
-65971
20597
23624
60884
-70490
51002
-13309
51495
-69192
-77875
519
38018
28439
-35917
-30087
85875
64868
-67684
-32346
-60203
-64277
-49809
49070
-70222
-47971
37440
19983
86593
81317
92639
-43827
76560
65512
43914
68795
92989
-63266
52290
27625
-66594
-3640
-66693
-73045
43905
-65843
-37844
20737
-86835
-54795
73543
-7960
-92537
40256
21955
22012
87089
-67164
-22380
37064
-40948
74466
-38404
-33492
-33345
-11836
90107
89898
24400
58805
70114
58957
99214
47805
-46650
75126
-5679
67671
75791
-68796
94362
95920
39024
-97249
-12460
40830
35569
60449
-40452
-42693
93031
-71774
62492
74557
-30138
-6369
-62798
36020
95053
17991
91248
76735
54495
83937
-99811
28331
73906
59804
