4700
46003
-68531
-14009
87727
-94317
-24896
13735
92892
-15553
94442
69556
54374
45134
-78186
-22812
-67775
7459
70646
89831
-58826
76110
20642
-85032
-38485
-45167
18160
-94769
-97590
96895
-18132
-34541
-81263
98368
15220
84269
-25226
91698
16883
-81321
97909
8618
-31496
94035
-79049
19672
-24718
5657
89824
-98616
-7798
72296
13302
-11387
70877
-84610
-35543
13016
43029
77539
-63037
85358
23331
48479
27053
-13737
88026
-1397
7771
23147
44715
-17467
-91563
46791
-20295
33149
-79645
95861
-97704
77036
-299
-10134
-94041
65573
47404
-79128
45511
34115
27432
81668
-25801
-70846
96751
35138
46798
34666
-26537
-28260
-96620
60582
-85680
-49502
-58180
-45581
64561
99067
39874
93556
-72355
5257
-52899
-80798
39826
-3030
-27358
-84256
-62834
-73893
-11595
23788
-90466
-21640
-2580
-19022
29828
91295
46785
-10885
-23996
16050
64308
48770
-36085
-47366
-11717
-66265
-47555
21609
26151
16125
96985
1592
41301
-83906
50187
44079
-78195
-44514
-62577
-68861
55418
14204
55293
47513
-16314
48693
33397
-50135
-54254
-14253
91111
-10754
20943
-30365
-80577
-23207
36220
-8092
-66260
94069
51516
33115
57292
-10458
-62253
-58940
82294
60251
55997
-8349
39331
-92030
45995
73336
-45959
55434
73242
6096
-8970
23108
-45230
79416
-45643
-46749
25849
72781
-66656
64674
36689
89903
-22413
-2172
-96939
76884
-31704
-67017
58987
19512
93957
-88174
69125
99954
-67714
15037
41050
-36062
-29113
-94544
32829
74631
55675
-92012
-11049
94573
71970
35077
-90938
93251
-158
91449
-81328
-54133
-15803
48762
30085
98282
-10461
48079
56817
93535
-36116
-32711
-30085
99408
6996
-73959
-38050
-42304
-23333
-41617
95297
9886
2040
-71363
79220
-31433
88609
38922
-72759
-24694
20730
87170
-45619
12988
14808
-71750
45218
7650
60720
-32942
68154
-16900
37088
-4173
-31374
62786
28954
-24392
-95031
63189
16809
-45206
88827
61464
-42527
-50653
2366
-84712
-30553
-67949
14296
8806
-38182
93089
72859
-57914
-23267
79401
-57346
-60032
44035
-33308
-67046
-16173
-24363
-95067
68862
26953
-81534
-20032
62255
74918
-20828
-39099
15807
15354
20459
43306
-74232
-5610
-55960
36871
-24698
-22117
-96904
80250
-1714
-78290
-32373
56234
-68689
-24697
43280
-18071
24804
10409
52799
-57485
-61006
-46292
-31614
-45677
18276
-11018
35393
32613
-60447
93320
-44279
82806
-27801
-37516
66392
-88761
12710
89517
-35193
-62415
-67205
-31625
74836
-94622
50503
-63747
5067
-61051
-91028
-56127
54417
-43712
5028
-58579
-97011
90775
-18179
-43831
-20685
5038
-83083
-50746
60590
36139
46509
68279
-52502
-28550
-36851
-49121
29243
-63254
-85067
28901
-20755
-4940
33243
-46748
-5079
36892
-1338
73567
-41728
48497
92262
-61870
72663
14702
29965
81571
-42833
29123
-8434
57143
-88240
-32275
98737
-88542
-73902
50626
-31600
71862
32776
-78839
24529
-18052
-61879
65925
-80640
-23935
53596
-45
-95865
-89721
2431
-75607
51917
-14691
-59308
-14658
51113
99977
76585
-46136
65858
-18463
61283
-4127
85573
78201
-71738
-31037
38721
-63498
75619
-50190
-24222
-31999
1374
-56391
50824
20439
-2534
-56436
-52669
94078
-35708
-14900
-63443
17810
73145
44010
-16348
-55042
25621
88355
-82973
68550
-52455
-97175
-17283
40448
-38600
2914
-33291
97699
-65474
-14647
-72196
4087
-95075
22195
-52280
-6356
-874
-36244
-48883
-94009
-36799
45056
47898
-41993
-15624
-64555
-60781
-57210
86950
42101
8327
23147
-8025
-46614
-38995
31804
-66404
86338
49856
40832
54863
69682
-18444
-76830
19517
9431
35603
-97662
-22524
-44905
-20423
8998
-75286
-53338
45992
-66610
-26937
45989
68745
-63451
-88879
-36571
-57408
-78573
-42110
82185
-15510
-27281
-92632
92360
65526
56210
-46839
41938
-40419
-30649
23792
79306
-48385
94046
18968
-15502
-65316
-7136
66548
-475
-69205
21084
46553
-66883
-17702
82208
85001
19668
49123
-7164
29661
24104
33928
52192
-88562
-54696
87339
-21475
77024
-19573
-25972
30313
98219
-33744
69279
11780
-9913
-88161
71305
79096
-4781
33246
-78409
-15003
-734
68032
-22885
76794
-89789
60969
-59964
-28032
84844
9580
-11303
9680
1410
-99243
-31566
84197
-73528
1474
-57068
-88884
-87519
99436
-30650
-35976
50179
50116
-31404
-68366
-4550
71032
-60384
37997
-67754
38804
-31521
7607
78643
27781
-29001
-30644
90403
6842
-461
-6331
49530
-64413
-13727
8558
50869
65819
80265
-52876
64519
16994
-37942
-53763
20930
21443
-63918
45906
75551
-26539
-95111
11191
-58774
50204
97979
15260
52300
-29105
-12208
79148
22710
-70988
-29334
-17918
30504
-42968
-31221
35387
56347
58299
65088
-47386
-17775
-85257
20797
-78888
70647
1665
43414
90781
-92557
15641
-10920
86601
-99440
14908
91778
65196
-55996
-82967
-59229
69283
46234
35328
81745
-35125
-98176
56325
-68925
38993
5167
-23036
-99188
14181
25842
-88689
87349
-60339
-90090
29987
-66123
47126
57261
67241
-4849
-15899
26366
-54824
-34552
-19797
55244
-16521
21636
-2121
48705
-51840
51964
-93275
34872
-36832
30046
-81228
58276
9948
6402
66997
85727
47693
-80636
33632
-18093
-45620
28866
48321
-74945
58728
-19533
-73777
4711
48468
-23070
46813
-74405
-98
-99193
-26262
16737
-33958
-35904
2707
-65151
-4323
94897
-66520
62638
56357
12149
50459
64460
50454
7487
-33004
29538
27551
32466
-98974
-6690
-18693
-95207
-4403
84543
-7276
-55709
86471
24803
81090
3455
94017
-28307
76144
59568
-34983
-1070
43871
6350
-72016
28929
-83324
-78023
-55206
-80275
397
-26886
-22993
-69832
22338
-38409
-73858
82685
-74106
-31085
66465
-35398
-73476
-6624
96812
-39784
-74874
35202
46143
-90471
-42904
-88223
-80965
-87715
81355
88330
-89327
-78703
-36322
-37917
38006
-37387
-71593
-695
86899
-16761
77527
57992
-21864
36689
-31636
-97930
96144
48844
-18512
-46100
-89456
53936
-72114
-2590
13930
86425
5156
-11354
32318
45847
63364
97337
39695
53842
13653
79750
-89741
-54376
33111
-75904
-53467
51077
-16764
-25130
49973
-73842
13969
-34858
92446
44906
-15724
-29028
-59208
39069
-93377
70388
-13692
-95390
30602
26132
101
-67788
32879
-59345
76206
35641
-23729
81335
26582
-44852
94898
-29262
22664
7269
-3284
-34504
27479
-48153
-79270
8326
88207
61894
14348
-38718
23911
93011
-29315
98764
-95150
-84954
-40771
-45507
-34380
19367
-1360
75903
-18958
-15879
94063
-99703
-51102
-33405
60812
38453
55522
30683
-55118
77247
-7164
-16815
-36245
-90020
93671
54998
22268
88501
-80159
4296
-27605
-18753
6360
-30629
91489
-26120
46000
-60955
-62423
-11521
-72546
-43835
22168
-95600
-90789
-68943
-76089
62812
-4171
29084
42812
-19647
91967
27840
80423
-50197
-60375
-48819
-55288
-69498
58986
43758
3182
80799
-71847
52212
-69735
29846
9308
-96159
67265
-64126
-77321
403
-18640
-30559
-34362
-57140
24458
-12422
-93754
-26214
82605
-45103
24013
72039
-78093
-47482
80154
52511
61780
-83253
77447
52921
-64727
84480
-42533
33829
-99125
19949
-6340
720
-37094
17051
63809
37911
-12199
39311
-80410
7814
-34313
-26524
-2023
-21621
3625
-73020
7281
15227
52850
-88829
-30210
-57408
-65340
57496
17019
3999
92288
69240
-43872
15714
-94886
87697
39124
-52122
-8488
-22112
53440
84227
3257
-96465
1343
74131
-70606
65583
-88335
8609
-83244
95853
98095
-86160
-93559
-844
-97832
-16795
3837
45056
-17270
-73838
99993
35610
65837
-50657
-97878
62037
-18199
-37545
-93024
7075
47735
-81972
45683
-55212
98517
78504
-92000
-14931
-15597
-81902
-57263
-87903
-24565
64697
-43173
-87185
-46098
-53248
-50591
94039
10424
-96570
84182
80058
23301
-68463
-25761
82317
-6594
-6506
82454
49849
-35732
-61721
71211
-63405
-47059
7673
-27099
-56909
26435
-70319
57350
97715
9290
15755
43149
17222
8194
-73657
61013
-64590
28362
-12112
59419
-84885
-64146
-96214
-82211
88910
83031
-50600
-49187
-394
56865
68039
67461
-21697
16778
-57542
4580
29973
-46843
-19054
30550
-70153
-41682
-63398
63746
-75570
83673
-54803
89981
-42908
61571
-44412
54221
82883
-82134
-88160
35208
-35285
-90183
39696
31450
-61842
-17061
32288
-85532
61996
-21072
-86498
-39102
-89817
-40483
-22966
-60251
-48062
-77698
76057
21983
-8741
-75273
10982
-92674
90817
79272
-11530
8847
65364
24126
-77914
-96956
91384
92390
27635
1648
35637
21469
64166
28014
-70481
99747
-56742
25378
8956
-35826
-23189
-70121
-65945
72955
1533
56712
-34111
31647
-14170
-86854
96478
-96709
35449
24006
84403
-43410
-20048
43189
40074
-36188
-35595
-31229
-64481
-34771
-65715
-65914
-24101
-20440
81442
-91864
55658
-69346
-62741
27472
-41221
-62357
-9094
-73760
-96941
-29482
-47775
-82729
-68913
-7742
-82238
51349
53172
53630
-93134
-33793
-72140
-64137
-49462
-45703
13760
-83507
44938
-39664
10180
41154
26729
-38598
-34044
-7153
-12547
-12940
3409
28753
38851
-6709
46311
-80864
-5428
-61385
-55834
-80511
58757
83937
-51925
1713
73825
70726
25035
-36447
-86491
62323
57644
87810
-21809
76912
11711
9590
90980
-86919
-31843
57509
31829
56999
-13891
44209
-49715
-52882
95184
45505
-57958
-7873
74105
43002
12661
21198
-67796
-86772
80815
-19666
-22878
66152
59706
-74664
-64906
-75504
-91118
50506
13024
-28602
18886
-83188
-51765
90982
-69785
10318
-77164
-70000
62731
-75283
-44191
-44931
61694
-89196
56476
-28877
64967
-64257
-31605
94035
80146
52891
-71282
32080
62719
-63671
52
64890
38790
-99390
-91015
16632
48260
-81836
57248
86676
-90969
15115
79017
44657
-93261
71083
-90832
-29481
94638
89881
-83038
85615
-33618
29145
-70884
60810
85501
-3471
-21598
-19685
56806
-27347
88312
4101
-53345
-14660
-40160
60303
25746
-11720
-11599
-50507
-3574
49859
-62319
-28712
-86537
98572
-86321
-86955
-4707
-68495
7071
60402
22047
40511
-32973
11636
77732
86996
-97230
-76081
50339
-57306
49431
82933
-58863
22172
-44887
-36976
-69532
24602
80018
-91830
-74942
41882
56671
-33847
93003
85301
9107
83449
28160
-72062
59048
-78527
-71218
78613
-68573
66519
-85381
-20887
-39405
22767
46316
-12200
36390
92878
13264
54598
-81433
-70850
53101
-17442
-42665
15642
-43067
-30988
62439
-32631
90724
-29238
-14384
-55289
-83255
96174
1808
-32225
-46865
-13312
8898
-38859
98998
68626
31512
-81729
-53645
-92952
80375
-91820
42769
-28066
12398
-93987
-17118
-38231
18452
-59160
-56826
33462
81982
-39717
-83786
25070
8858
88069
19182
69339
-73108
51536
-26187
-98140
-51806
74067
38282
62644
5909
-20668
-1747
-75335
41567
-66038
-14330
40457
76819
-88399
-84554
70366
4381
99447
-10503
-33854
93111
-97021
3061
-49978
55493
-34059
-94943
84780
99087
21464
-18731
-38300
-94440
27316
-37654
35059
-94433
-89855
-23923
-25360
92210
14134
-15067
-63255
-96535
94142
70494
-88862
49734
-91188
-10670
-47683
32999
-60730
-80748
19189
-77019
-7972
-41064
-32700
-13747
52412
-9278
-63771
41593
-81506
96329
76084
88202
-28870
-49016
-17295
44867
39002
-90463
-54813
-33787
22025
62990
-70567
-98845
32747
-37370
87628
-44127
-42650
-89720
49824
68046
77438
-65850
-60087
-19013
-72769
-85775
29066
73111
75347
-39011
-75111
-13464
27123
-34351
-3681
96616
96314
-16082
-95141
-38086
-61675
-66758
-17114
81799
34135
-21305
-9903
-18310
17705
96644
-37142
84820
-69793
-66720
62430
43372
-13147
27926
83896
-23417
45656
-72038
43528
11152
-9551
81182
28383
32884
38364
-84991
22454
45020
-88921
-51243
89262
-92792
-84458
-13429
-24783
79493
-87789
-1603
-39752
-39286
92738
-24616
83111
50037
14323
82020
-90861
28317
-94223
18930
-20381
-59309
-86729
91169
-65516
-69126
25218
73164
-16362
57664
-99006
46739
47060
47224
53162
-72443
-31279
23510
6950
-49433
-76882
55622
77228
69796
16264
-33815
88940
24144
11710
28909
55457
25114
-33456
-11577
52809
-86130
-14366
-8176
-14095
72581
79520
-84743
-93334
15658
99644
22956
536
-11991
-64685
-81471
16232
-38027
-9234
11674
2529
-6986
67493
91228
-94828
12622
-20195
86474
65902
-78393
-20303
10879
-28628
80475
-92754
87304
-13459
-96290
35321
-74084
8995
-31604
-11508
-1159
-63453
54379
26845
79772
-19555
97629
-50209
-82852
30885
-24060
-49695
-58141
32751
28689
-27115
60234
79514
20268
48492
7312
74659
36090
-84516
99767
18298
-32947
-33277
-54724
-37711
-96466
68197
-21071
-67759
-62529
46418
16632
-46905
71824
-50653
15390
-75652
6785
84962
-56687
-13182
94927
-951
-66048
-2518
64636
-63005
-57011
-62286
71391
-31089
31857
8667
-6459
-77916
-83923
-82727
-92733
43310
10857
-87132
35418
-51691
87275
11820
-35195
26526
-77387
48233
29857
72331
74427
24784
-41927
-20514
49727
66209
-85650
69628
99787
-32739
81471
82924
-28405
34326
11579
-94850
-54972
-76514
-21952
17864
-2187
-77599
31278
-62516
-77496
29519
15534
-5643
-27531
10609
-39976
-70144
4532
-28515
28998
-50632
35164
55365
40755
-61927
-2211
66153
89934
-71338
11862
-6227
-79199
-18249
11604
-3707
77401
46618
99945
97740
-86991
23129
-75740
82036
39935
-45620
33010
-80104
-25189
89957
-15856
83630
5288
-1350
78316
49240
40960
-46752
47960
-78375
-32512
76466
-6935
-71259
-3859
-49359
65074
32465
14145
35461
9176
-69079
28054
51682
-88622
19744
-9362
-60858
-94848
-59870
91357
-72162
60196
95366
30867
65673
26817
-2977
-84086
-3276
70158
-38927
64840
7460
-50857
89025
-52335
-68974
4401
-11514
60461
-5520
17240
41019
-74287
-35062
76455
-26218
25837
-38968
-42958
49874
68177
62416
12355
-45911
40125
1480
2096
-58210
-33085
82617
80598
29750
-43557
-48561
-74188
-19322
59779
30588
46374
5544
48529
-79939
-97605
15815
-78441
50229
-8138
-39206
-80335
-88843
-92770
33390
-55379
-24035
97538
35483
-59048
72475
-96819
-89704
56161
-11886
42753
-13077
-17812
-19689
87699
73977
-95562
50325
23779
-64389
17248
-68464
-37801
-18607
93018
-49722
21203
87729
14381
28082
29271
-95624
35940
-94998
13620
30561
94872
-66200
94764
-85805
16535
-9307
-79579
42196
67249
-75935
30410
-21604
82782
-17536
-73473
94084
-78705
55118
-84098
-60387
69967
-14749
85587
55133
-49450
16610
50416
85877
-66645
31643
-92178
83006
21618
55504
50273
77457
-54439
75861
-3882
75701
-9189
25936
79595
40883
-59216
-54816
85387
-37434
57554
91291
32774
-13649
-30933
-5777
-66551
46052
-82976
89257
10110
15208
-54732
15380
51459
-70666
-13670
23226
95551
-55593
-85988
69830
-28505
14803
-38111
5641
-52212
-50492
47902
-2149
-66723
-12602
-78820
16922
82881
-55222
75937
78158
-38583
-6710
-962
-44115
59734
76119
-9355
90746
93959
-12530
72836
4231
23900
-6167
-26862
6236
71468
-5327
98741
-40080
-58241
91217
-84834
-43436
-88951
44678
-71902
-45521
30148
97651
-30811
95012
-53720
50513
13413
1424
-61494
-94972
-99168
-61905
15951
19208
-5725
-75554
-71925
-95222
-52367
3323
-8006
26323
48076
5736
-35879
45791
-91037
-11665
30690
66444
-98281
-95105
-37661
-32658
-58645
85269
87738
-89089
56328
-2698
-56529
-26444
-8213
87576
-3794
53674
-79380
76257
-8929
-59009
39788
-75769
-28316
-86082
-12263
26198
98158
-27726
-93856
-5104
-96836
16987
-43087
-32338
50738
45823
32744
20677
-1262
9559
-10851
-82684
-60839
97962
-89847
-1895
94008
70200
-40109
-13644
-11795
-94708
88566
-34012
-27522
97781
-59759
75485
66770
62414
93900
-46886
38124
30328
-15327
40927
-24316
-78551
56526
32472
57540
89694
-28586
68957
-4068
53804
-68498
98455
-23806
-6860
92747
48956
49866
-52811
-94714
78774
16861
95740
-83032
-44319
13017
-15306
-56360
12339
-75387
83366
-84194
8823
83695
-95247
-75821
-88142
70884
5527
11751
31078
-15668
-78724
19855
23476
96095
-41308
22409
-46372
4744
71230
64205
48481
85076
-97129
-26798
34376
-81705
31855
64249
68478
1884
-57239
18010
-42151
-87674
87515
27562
89975
-64633
-78330
53382
88771
-99972
66591
-97122
-52970
-50140
-18932
81728
-41607
-52740
-64918
20672
78729
-63816
40523
-36990
15923
-57889
91709
11108
25823
-21501
325
-93430
-3158
10140
64363
-45945
24715
57089
47215
8356
92823
75586
-76775
-58927
88031
17380
-76626
-93466
59319
87354
60926
-83116
-51246
19932
80091
-31508
55369
-47673
19556
43660
-82630
88721
65791
21154
91533
59015
-94107
-7074
99730
5989
17366
93688
81798
6448
-92690
-34533
-64779
13300
-34032
78701
74553
38934
23998
31547
56288
98005
99723
98054
76972
89569
19431
2276
98419
64472
95258
48917
807
-24807
59724
72867
28400
91975
-55680
83508
95989
82012
-67103
25648
8570
-10073
30453
70089
86499
-56477
-47442
51755
87255
90678
-67873
-59198
17152
-8701
8716
35554
558
-67988
-35558
50200
60251
-36377
88613
-90997
-26231
44923
97456
-6067
19400
-54632
28663
-97468
74004
84817
-98847
43631
67610
-51081
70418
-29481
-66021
-21869
28956
-93675
-62550
-66305
75221
14202
-12145
-65119
-58877
-91490
71182
30917
85556
-84344
-95742
-34474
-63573
55031
-33566
78265
-45516
-32053
-21595
-97977
-79527
-66733
49858
86565
-63571
6516
25745
14593
65349
6130
14733
-17750
-96825
93470
-41030
1676
-48550
3228
-17757
-60985
-26883
73872
14397
-5524
57204
79013
-88920
10964
3100
-89159
86995
54364
-87456
82920
74046
5824
-40764
-64972
42459
-86509
-71650
-97778
15886
-23464
87909
96772
18772
-59903
162
-7866
94719
-51711
50819
-13290
17823
-9136
-25330
-51764
-73795
91899
-49293
-77117
-59007
-75099
-35590
98916
-98957
-23842
-23717
-60788
55134
-40099
-19924
-53603
-81072
7325
-78667
-35810
-38721
-42414
97247
-56304
45958
52295
8523
71054
3404
-42154
-32768
1311
-98170
-15869
-91012
-82020
84946
69301
-95317
-73160
70148
-90287
71606
-62031
-1474
79540
-80782
72210
65784
-21171
-32007
-28766
-43296
61078
73110
1197
14619
1965
-81318
-33876
-54615
-71533
-74741
22675
22566
1471
-4740
-35976
81644
-75168
-29448
25499
-98858
-31826
94360
5206
-76576
-66836
-31756
26722
-87574
45052
-8202
81667
31579
-38690
16522
-21615
53090
-80441
-17999
2405
-19560
-66662
28853
-55268
-10558
91525
-81481
-69685
-56142
-76229
88612
-1985
-36404
-57143
-49274
10991
-18906
-97897
58935
36673
-38391
-50498
7920
-31307
54869
96512
52031
-80334
27264
40424
-49897
-83797
-97730
-55169
11201
-61010
-82755
72872
-67343
45321
41096
80729
96883
-61735
-15797
98934
58180
-27664
16310
1100
78205
83618
-41606
20774
-12758
-80724
-68368
-61360
89209
-8190
-18407
87910
50638
-59020
41344
-31465
18548
52476
-70916
-80836
-57939
73894
-13295
86287
-4886
48924
76086
-86967
60566
62349
-34510
60252
10380
46202
86496
6090
-66838
-40355
37265
-46432
27709
-92490
-37552
-52845
-94245
-70157
-5120
-5131
-93296
-68741
-75422
-33452
-94800
-82601
50931
-78288
1676
44029
38834
-26922
-61761
-27589
-74944
38045
88808
84092
92831
-39300
-87182
-56198
44829
-36025
-47602
-68607
1354
-78908
-43198
-79780
58340
83502
83227
-74274
-5676
80581
41534
-46578
37969
-1776
93469
37616
60387
87857
44421
89324
10434
21731
-68653
38110
-38051
-42990
9735
-16647
3638
93206
49712
-18600
-79958
1678
-37753
-19357
-41906
-77611
69784
97434
-24715
-17052
-63589
96513
5327
68292
46753
-15832
-88340
42477
71210
72662
-63778
38656
48723
-26094
-95813
-15842
30892
22093
-32447
17507
-2264
-83601
-2731
-76669
1838
-53124
1956
68671
-40756
-24989
37994
-62333
81995
-34205
-36463
75935
81117
23386
-28047
14496
90867
-54804
-16778
-45045
-30549
-25460
-73569
-81739
-79257
-15382
-12893
-37246
26553
49977
-7954
64312
55866
11228
-69111
-99329
62138
95276
-87209
11575
50769
6312
-47237
30006
-28332
-8774
-67369
68636
-73245
70946
-58640
72597
6816
76609
-18003
-51477
-41414
36996
-97730
60485
-78489
-33173
-73254
83137
-11216
-35275
53984
66217
11366
-73878
-37665
-54764
-62222
-31803
48817
-48932
44234
35259
80642
61239
17792
-41108
86638
-91852
75124
-28379
88649
-60588
66666
-29488
33656
15747
27574
1785
92028
-51791
-41132
8829
70159
-74286
-92780
-58095
-52121
-99986
49906
-27732
95127
4773
24324
-50862
93013
41539
-5684
41727
-98730
40956
-70227
83628
-94379
34244
50683
17600
88819
32333
80235
-98666
-17287
22622
50473
-92569
-45127
-24819
-75575
80596
5330
30041
-81387
-66541
-17647
47206
20037
-25101
98612
95381
63820
-39859
-55797
-24257
56591
-2359
-33800
-88817
-99919
-96566
-47467
2681
-93303
49655
51700
-6885
95861
2727
-99135
-19602
35592
-97496
-1276
-36951
-44066
-62035
-29693
-32590
-8559
58961
-22075
85761
42692
-94196
-51536
38164
-94884
-37583
-48940
-2999
-11953
13345
-9727
85979
66196
58896
-5166
-33221
86906
40561
-43379
25610
-97643
14401
-65566
-24719
1235
76333
-42479
-70690
84716
-56735
-98839
17563
30520
40943
36203
4876
51034
-55976
64333
-1339
98586
-83975
53914
-49082
80721
76820
90294
81108
96509
-20230
20736
36853
82932
97107
-14512
-92025
-37834
-82294
58528
10813
89243
8215
53446
-97097
97707
-30934
58655
-707
51596
-78927
-62136
-21799
69654
49734
66054
-40498
-46077
-10504
-251
-67272
51522
54388
-69762
-92735
-14678
45649
60273
43325
-53621
-65675
-85678
22179
-58783
19942
-52608
14185
-2590
6193
90288
70907
-31433
14385
70888
-40105
-5817
80636
73832
-20984
-21458
6768
89443
-98756
-13556
74581
-40470
-88508
60858
47471
-36886
-96215
-47144
21923
-74996
8997
84802
43843
-59014
70469
76321
15800
-72254
22041
96733
-25333
45075
-17388
-24464
9680
48675
69639
-15146
48431
16819
91765
28513
13136
93162
71122
-78616
-92190
-96994
83805
-11425
-15159
-82510
-169
-87485
-2974
-42663
-17378
-92116
44276
44857
-27093
-91004
53684
-55830
805
37078
82420
-62691
-32481
-24256
-76118
-64806
56181
-34557
77849
-90783
-56194
31353
-39714
-93198
48302
-55194
665
-82840
1995
77606
83382
78913
-57526
91654
72919
-80263
-62394
61743
51680
65363
96092
-64770
32926
-90375
25253
21039
14357
62075
-99567
-4489
40548
-76045
14364
-7248
10199
-1207
-50896
-86801
-15799
5523
-19625
-26895
-99724
41748
92763
58740
-66025
65125
-79811
45731
13698
67954
-95218
-18647
79681
57819
49708
36583
50531
-65286
3229
-59840
15526
74116
-25023
-31535
-53312
19336
-89993
-51074
94476
-34539
15183
97320
-37552
55097
71911
76091
-71257
34595
-25500
-861
-14192
13738
-76721
-36642
-79023
-23961
-20983
-10132
-25527
-3396
-79252
75428
-21743
82488
-76288
14817
2062
24339
60631
-13799
61207
-5740
24518
51405
97533
-78958
37696
42396
-92165
62806
-48624
-33869
-77893
-71648
-21517
-40225
-81213
74945
24207
-42301
-37638
-48923
51860
-57755
-15525
59251
-64210
39970
-50827
-90675
89828
-13630
36060
-61198
-97648
-23770
-94032
28611
-12229
79070
-44601
81635
-26860
33943
80570
-94729
-5683
-95502
78345
56652
-33645
-22289
33452
-34024
-74200
-75384
-37769
-82599
36830
35034
-90520
-54822
-52111
5694
63376
-66860
86722
68471
96284
47857
-30228
14723
896
21292
46405
-84524
57087
28884
-94989
-39655
-30951
30254
-30680
50037
-12912
-56454
-69765
-11567
-61095
-37682
-220
29133
-64356
40351
-80748
26513
-7960
-45537
-74897
5186
-17097
51264
75687
-84335
2136
-61738
-12298
10413
-91649
-76134
-70088
10584
-75291
-99702
-51998
-16233
24093
-74962
-87261
75587
-27979
-24714
-74411
22845
88453
82048
58464
42687
-58601
-98443
22828
-36019
59314
98643
74880
-90103
-27771
-91899
36476
79142
-58131
58222
-66577
-91659
-18653
79492
15702
26267
96197
-21223
73586
-94108
-99457
-12490
-3388
-9104
854
83744
-68760
-73333
41041
24380
86795
-84837
-98940
-34290
13131
71602
-73158
-51171
-88278
9668
-99522
-76429
-10131
76658
47174
-89152
58071
39172
41725
51870
-68035
-49354
-20
17264
50246
63209
89156
-17245
-62975
48954
22730
-25770
17635
-54032
-23201
-27370
68571
-33585
-88149
7298
25172
-82551
10214
-85618
55495
51988
-4350
-40669
84282
-77353
-19848
94690
16216
-84098
-11218
-4343
-9298
29933
-14078
58607
-16192
-88112
89974
-9431
-80826
24081
72824
3407
24582
60963
63884
92504
-61873
69051
-10024
55522
-89201
-72609
-63988
16719
-62510
-31913
-70612
-87479
92887
-53569
58683
-60827
-15472
-80834
67205
15909
-88265
88657
-80374
57496
32456
-75967
-57982
-7460
79455
36595
20433
6468
7534
22366
-57207
79700
-44710
37271
-91242
-74967
-82893
11912
-70902
71734
21710
-78849
-12858
59880
83585
51490
-96639
-89941
-29125
-59839
43000
-86778
9085
76548
-66446
20770
-90503
-10621
-69841
-61592
-91579
-74764
-93011
80264
-68932
11007
-55850
-72363
91186
99566
-45943
35021
83985
-61568
-75325
-73801
-22955
50845
4202
50021
80480
-10077
42678
-3495
-25478
49950
47036
59844
17961
83351
8985
-78103
-36183
-71229
-9161
70497
-57783
17180
58239
-40969
-24670
34253
68123
-63309
-66892
-56185
-84762
-9740
-61858
-86031
51251
9334
-10438
-75972
26935
13364
-22125
34388
-50860
75431
21059
-62798
-81598
-26452
49134
-22706
97948
-67261
21269
-23310
99333
44083
-36649
-47766
33653
99596
-79605
41944
-61340
49477
85490
87140
46353
87171
-60900
-49008
-29201
87931
-29990
-56343
-83411
-68114
52508
-99303
-81504
-72621
-77722
62042
21648
88467
-73933
-66235
95516
-65938
-90010
33801
12490
43067
-55063
-27081
71663
96716
53605
52409
-89097
-78993
-58084
70307
-14318
-62639
-2906
54433
25276
69630
-29434
-70064
28710
99780
-71768
-97558
-69882
-5323
-50887
93977
38136
-27766
50915
22572
-95857
-14684
24036
40167
-10819
13486
-3766
-64396
15898
69471
-72307
82680
4692
78044
75272
8385
-3468
35322
3734
-47653
-87607
2977
-56187
40194
-15949
-57012
-57158
-77967
64462
61676
-63583
66009
-38920
364
60622
46125
13185
41040
64309
-41574
-48082
95863
-90558
-40108
-54422
-9537
11606
90060
-8566
-99001
13407
-53122
-63621
-31025
-99309
-71770
83403
85052
19017
-60718
-72752
-39239
-10188
11411
-60680
4023
76540
3341
21935
-7404
-99653
-4050
7911
54554
80529
72699
93127
82654
8036
-1530
62258
85065
-88457
-67844
38002
-43405
93862
65179
-89791
11627
-62981
31936
-85580
15443
28592
8670
-22907
78056
-8126
-48501
-27845
-58400
-25233
94580
24504
30892
-85108
-87055
-30114
-56867
-53819
94451
68319
-68573
11633
666
-18399
54512
-76912
41059
-34102
23354
78821
-93825
37421
88416
75690
52159
8784
88804
-24203
-72150
-67431
-28778
55013
11761
-91051
-54382
-16632
-79110
-35291
-54752
461
-7336
81670
-11399
54816
-37220
-90117
14569
-49368
-18683
-58855
-44784
-3495
6802
4271
37634
-80970
43832
56016
-21426
-27609
-14288
-4226
-69284
-50702
-51161
4468
34799
-45031
-73127
-84976
90059
-13232
-21576
75419
-3984
-52710
-46842
62774
-2556
-59009
14658
29284
-38130
99308
66430
24814
93598
8359
13711
39543
-48501
-85651
-22945
50524
-12395
34089
58525
-78777
41449
81555
-21933
61393
15106
-62429
20119
32721
6764
-23375
-36645
13126
-65885
86123
92064
37660
-30757
-90574
81735
73631
69657
2257
10632
31801
-2434
31770
-16837
3433
-64220
-78369
-58284
-7229
31713
-81590
99692
-40419
-19927
96218
39162
-25123
97424
23034
20448
-82915
-16660
-5568
95010
42552
7128
75583
-10575
79476
-12586
-12983
-96794
99468
13004
-38588
-86838
6360
-49617
-19609
-11886
88475
42877
-6382
-60568
-38871
-87324
86728
-24476
-59085
-32832
45770
73625
63089
19394
-83824
-21492
-5142
-10196
-26394
-30720
56035
51512
25570
-3667
-96990
-10344
-96130
63182
35101
-36007
-73642
-28391
-79420
68513
-53953
-39222
-79384
67927
70081
-89191
-30074
-94303
19187
46922
39284
-35128
30770
-29341
32871
-22343
46525
-87689
46623
-76827
47472
-89247
17071
-46457
97563
47181
73772
-59451
99967
-92304
60082
28272
-53276
57943
20494
82214
94234
70557
-12277
83159
23818
79799
-18660
8484
-43977
-11223
-3229
-62237
-86569
-357
57372
-56897
17992
96390
62569
70525
6065
969
50490
-62119
-65994
63768
-25704
-41521
39767
-33132
22607
69685
-5850
-32267
41526
78085
70755
-47901
-12260
-52231
35637
97572
17489
83599
-29305
-51600
69774
-30484
15549
37665
72194
17501
73170
78022
-53959
-15688
-78384
-1257
-88405
-16415
97514
-69502
4575
84520
38393
-76444
-8198
-25520
33873
-19501
-68184
82219
-53248
-34344
56358
-17119
-38045
-68166
-89111
-67185
-11740
63669
34926
73547
-59629
51210
68319
-8954
7968
6512
-43105
46795
-2893
76520
-44430
-10972
-8856
-34002
86732
-66597
46186
-86197
77749
-81250
-96021
-3192
-29931
-57348
54909
-15299
35618
70796
-32112
64775
-24158
-94484
-98743
86167
52575
-33945
-34309
-94937
32423
-47632
-90620
2184
89661
-43189
69830
-47208
40992
-37365
-79615
-96497
89525
-41610
67146
45112
-73581
46148
-29462
-15236
32043
66054
46550
-4135
-86958
-6300
98182
42610
41901
-38145
63155
43905
-61576
-51147
45682
20648
36787
-36478
-96280
39396
48105
-35389
-31895
-28702
62110
-39274
-21774
-13396
43476
-82146
88318
-84228
-59270
78371
-54584
-26575
-31886
2902
-25889
78111
44477
8434
80031
-73663
-79098
9533
47825
-22071
-15992
-87314
-95519
-42984
31708
-17560
43384
31754
14754
42404
85622
74792
-67636
5742
51021
-75199
46146
-69754
11581
-26286
-64523
-79385
-31385
77922
38340
-70876
-67951
-15381
61060
21101
-47691
51506
-40208
49
-82426
31800
-38803
4062
-66112
84873
17207
2435
-87894
87281
-38418
75351
-3541
46606
63799
-96237
72326
55617
-27440
-51846
-18380
56446
-81676
-7431
97757
-1085
13799
-65048
-16782
68582
54111
94768
89386
17862
42767
51911
-5418
-72669
83729
30615
81187
-45622
-91410
6590
23404
20457
3277
-25746
4986
90241
-32905
-77581
-31271
35705
-9469
-17771
65175
54670
-54109
92115
-66148
-77656
-69367
-4400
-82911
-81336
72951
-5750
-56369
-68258
-1886
42756
34292
-86600
16578
-52346
66212
21140
23225
-10117
-39574
-6826
21469
-62216
-81238
-75627
43556
65500
-15788
12943
-9493
12690
-4729
-41155
-59869
-67149
55744
73154
-99752
60233
35325
64700
37343
-15441
20850
-87747
-77860
-57260
36327
-95532
64109
-32098
18476
-67324
-65673
36970
28282
-71466
-32757
98610
-28312
-51894
72500
-41080
-77370
-40023
-23073
98175
17562
81206
-16153
11240
13493
38275
-35395
93114
-31504
36831
53553
-17717
-41976
32365
-43425
-26693
-48301
-24880
-776
-50768
-54242
-22526
79020
33019
-79770
51332
28017
79129
15727
-51984
71155
71062
-26301
-24406
60440
44876
70858
82037
814
94346
87811
-45023
-49100
-91248
-28963
-93214
89346
-53130
-33612
-64707
80406
32107
92587
-2469
-16709
-27941
28962
-14912
-3241
-42006
70036
4501
-43246
36702
80912
-32159
57183
60889
-72750
-82282
14568
9027
8126
2504
-8614
-69498
7288
74424
54602
-51725
68258
-30385
93058
24002
-95309
51942
-43347
27190
-12879
66946
94106
-52321
-90741
-74851
73392
2425
-85483
-75745
-36305
88690
-71776
70764
-72930
-39863
-50251
67543
-83625
89298
54638
3764
67371
-18666
60082
3146
-24845
87767
-99957
-38553
62388
-69840
-36890
-91826
-80594
72603
37414
-27252
-88575
-78131
4196
63017
33853
95036
-6649
97081
33605
90688
92669
594
94
37783
43795
-68969
-52071
-31101
43895
-49549
-19877
97806
-13113
-41822
41734
-93586
-55403
12457
46022
-1277
7034
-82970
-56390
35964
98132
-65726
44732
4250
-76707
19650
23631
13709
14377
-60739
-30876
68730
38588
45800
78217
44446
20549
-44211
-4305
-18292
-89541
-30630
-29098
89938
69587
80342
96599
92794
23259
-27474
81613
1516
93494
-95058
-96415
-3279
36404
-39797
84721
-92718
7821
-41315
-3747
39775
-99653
49258
-82514
-10421
81265
41628
67234
58228
-41349
-47403
-25256
-51583
57587
41113
-83564
95205
-70563
-60246
-848
73088
62560
24625
-55328
-27228
47778
46168
86880
-90956
54014
-61452
96060
-2903
70117
48352
30331
90094
-56306
-56219
45353
62507
-26533
-41067
-42880
-66528
49994
88503
-82381
82791
-69484
-24804
-81706
-29413
28837
-3760
-7635
-76264
96057
-83540
68943
-95208
70992
-29751
-5130
-3524
43213
-28337
-27930
90796
-54607
-12437
-78344
51285
-29522
14943
-12093
75793
30443
-86989
84773
81701
-87596
70281
76851
-65245
-12134
62350
44923
-11472
-89202
15116
-78286
