4800
-21692
31462
85219
-56853
58444
92376
61760
69940
-46077
-61537
7914
-47471
-75674
-92255
96030
-82162
-44464
1523
54920
33517
82913
-51825
24688
10161
-89030
-64652
35220
-17654
91300
-25573
-89008
79384
19408
82193
48057
-78435
55545
-8010
24266
-43708
-13018
-4208
-8138
-34680
96715
-97268
-80932
-18173
96463
5331
-86183
-5356
-80151
57029
51127
67499
48867
56213
-85438
-26188
-13247
-7743
95291
-36067
-5701
80940
87334
-93690
-69147
93721
-65666
-80508
-66576
-65210
-64951
-70638
92617
42851
-36922
-84459
3743
27118
91394
13131
-1918
8492
-7478
66191
-96473
-63483
1082
1163
-51832
13053
4340
-8390
-1368
97355
-21779
-44136
-53388
70424
-1375
-70999
97157
21
54502
-21277
99074
-84999
70622
-6726
67171
50262
46279
9414
-73776
38999
-72787
43410
-62553
94040
-32514
-30525
-25379
36706
52542
-2269
74747
-15359
-23727
61001
77130
52164
9846
25127
-54006
-38127
78291
25328
74907
45922
1130
-59996
10751
-62496
12139
-35463
-37513
2458
29412
-19865
-83383
23266
46228
23440
-75229
77508
-19939
95371
86234
-51868
18327
86924
-36725
-68685
-32127
-39183
37410
-85874
-31278
77867
-25479
-85197
6189
96647
27736
-92512
21236
-38120
-61477
-52406
61940
65155
56305
91447
91198
51047
384
-7624
-39147
-8601
-69338
88839
18627
44693
-9829
-94215
-40570
46908
-12878
13087
-89176
85514
64958
-11137
-75988
-1256
37329
-26454
-7772
69336
-8160
8122
23584
-17510
95042
61610
26560
-20805
-20457
-69998
20907
8874
-69562
-48771
-16232
-93288
95326
-41176
12361
77244
65694
-89190
-63144
-82560
56016
79707
40554
48779
-52976
10450
-8640
47148
-82198
-37954
31276
-50401
2145
-84847
67936
28864
-51700
-6300
-40542
-68151
-19940
49755
-93477
-30263
-1928
-55721
-28017
-8156
19721
60689
99752
-49215
39953
24538
4395
16404
-32586
-82004
92492
-23929
-69795
89323
-6628
-17209
64370
-65922
-36576
-84950
47427
-71035
78526
-76168
-30388
-4170
-88815
60061
-73266
-9833
-44197
1705
8472
-79078
-1062
78081
-72089
55440
-91725
-69594
-67351
-9461
94155
-66785
-27746
-3243
-2379
-39418
6103
68358
-7483
-30227
-78623
-77178
-68221
54187
-35333
40032
75900
53510
-190
-8642
63026
-64706
95918
44807
4147
39476
12277
-92014
-26553
-48586
91597
-45563
68162
-99224
-62001
-58738
75770
-20336
5047
10110
-84333
13629
76680
-37507
99958
43477
15244
80174
-89696
-46022
-11463
-77536
-72170
-488
-43665
-98387
82551
58062
43998
87091
-50262
69047
17221
76844
30645
57044
-39467
-94099
-33489
-87400
43316
-94280
-1906
62991
-2723
54909
90
-77589
1060
48116
40963
86764
35351
-94768
43789
-23189
88129
2528
-76119
-32700
50312
-62393
-26848
63454
-56714
-24874
-86168
-16039
-22060
-94909
18585
-43758
66610
21961
-11975
87637
-16252
38235
-9549
-94048
-75929
-48250
35751
17744
66305
-89374
66651
83947
41221
73524
68878
-27639
2006
-11485
66221
-61537
-53693
32213
-56097
89641
-1295
9894
-53061
-87308
-84714
68293
-34599
54981
-32287
7082
-76218
-18967
4600
59255
-80303
-96294
-4135
-64469
55554
5259
-98271
49661
52075
5457
-11605
69147
16022
-28051
24017
-54722
-51491
49338
77582
20713
-74727
-84304
-1916
58687
28658
90130
31896
-74049
47190
29562
-77125
69341
-53883
-31489
-7036
14142
23432
-30656
55609
65359
-1151
-15728
-27347
15362
-86818
56062
88259
-86938
74152
-58753
-41776
41825
-50120
53114
17631
7629
4808
89840
-29234
-74451
-31449
10310
49685
45771
77446
75825
-97049
-16145
-21328
47421
46065
-32003
51287
-41286
7679
31404
13833
-83709
65086
72863
514
-46420
-57380
85089
-60134
2119
-77749
-30590
-38881
66771
11557
70984
-34179
-3773
-28502
-33196
84890
-19482
32676
-12269
-76865
66167
40747
-23459
-82512
-2749
-18619
-74643
-17316
-26765
98597
12669
95471
-64459
-70828
-2498
-25915
11403
29677
-88399
-74374
2352
-78846
60005
-51619
-63966
-97187
24461
26947
7441
58785
-83011
-73033
22114
-90930
12545
-52209
-52896
36963
-17958
26330
-80320
-90851
12822
1653
-80433
-75234
28619
-66371
-5766
24233
-35472
-8994
-57478
26186
-86761
30474
71258
-86894
22347
-53242
92518
-68160
69954
-40226
-71246
-21508
78079
-47303
79300
60988
-72249
87559
16479
88009
-37187
29078
-28884
60060
-41700
95492
70407
74978
86673
27279
-48860
735
-74701
-14392
-38819
-93585
54112
13735
36761
85415
52917
96695
48858
66329
22377
-52302
-72286
-91914
48775
82727
-23293
-68082
-39546
48535
-73918
-37580
31622
-68192
84455
-85251
58921
-36591
62884
-25
58828
-3300
28639
-53675
-83039
-32343
-81186
-89800
97450
-49977
-26034
-27702
2580
36029
27440
28020
-81874
83775
66721
61264
-64764
89148
-27900
-18872
-66020
-5164
74638
-47267
-7156
8551
2605
-2108
-65994
25545
-17066
53739
-30686
-25647
-75798
49433
34102
-11695
-23484
32115
-63020
7648
83617
14938
-7600
23186
9965
-18062
33933
-46967
-31578
-11522
60787
-25179
-85585
31591
84175
-23209
-8397
-30948
-26426
56019
-21964
99090
43639
-99805
-52433
-77140
53613
-96999
-45586
-35465
85053
-44003
-47830
-91956
35074
-85340
-55846
27032
-82189
68737
-41252
65849
74526
-43819
-91521
-61762
-83197
-15773
54955
88913
-67376
91198
98862
-50895
17908
30883
11619
-40553
-46559
-39261
1089
-71494
16227
-39943
36541
-54738
-59240
43898
79325
-23192
73035
-38230
22619
63772
58289
35882
44914
57287
-93697
49551
-6265
-18039
12838
-73905
15543
-73750
-8723
27285
-6343
-43267
-9943
-652
84336
-75295
11098
-30281
-34480
53860
87781
75095
-88854
11331
-72982
-3386
54357
-51123
-61567
85416
-20101
58021
32342
-63839
-68739
53798
-5794
-27575
16708
-77279
-96075
56380
1509
-51071
2070
-19441
34288
-25520
-36042
-43555
46806
-20398
59005
-3265
-17740
35727
65378
33945
29632
43055
71009
-74095
-15793
-86659
-5732
75739
-28608
34574
89548
26288
-40183
92539
-38878
79390
89756
1673
84414
-64456
-94411
-7766
-31285
49005
-41725
-69155
-61835
-53386
-66512
76464
22152
-69591
-51377
-37915
-51738
83307
87649
-51533
66276
71746
-71036
-37021
78147
4233
-64903
16411
83206
78524
-90992
31864
71732
-49229
81394
49684
-26580
-14548
-35957
32231
-40032
94401
4946
32009
-47632
760
52342
82965
-83933
18361
-218
-94742
-2236
66138
8765
75915
-52265
73175
61001
-38938
43447
40925
-53577
-60302
52685
77509
-44644
-77135
34543
66526
80802
-8555
-64302
3427
41485
76287
-5779
-44724
97321
-23902
98861
56768
14098
-29114
-52146
-99545
54751
55081
-35363
-18594
-21204
58496
31815
52292
-68029
78363
60764
-16463
-15641
-41946
58086
-7417
38140
-57141
-18336
50016
97110
2037
29973
17766
52508
-66512
66327
-38590
-46119
-28820
-7848
-88787
-33953
-31455
-45848
16162
-88616
34444
-24181
-41612
-98646
6999
65206
-85957
-44282
56918
53030
-48982
-58034
-63059
74077
-77956
63840
82384
89275
-48435
-25340
-54557
5685
-82619
-47506
-20736
-48908
-84113
97648
-20074
23564
-70424
86655
38510
83479
-59982
-22497
61193
50990
-59992
-76754
-52122
24451
70860
-71861
90208
55838
-75908
-2335
-76749
82034
708
-46893
-95905
-25893
79180
-59258
70629
26999
-83150
-70203
-61906
62686
-25165
-38443
-63925
-5697
4930
-27754
24983
68120
68603
41427
23865
-2799
29745
-15386
-84474
69750
-19933
83403
48451
-44528
-97394
33023
-24440
52959
65308
-78508
-88257
-12107
65082
5716
-65524
-94735
-89273
-44016
7559
21591
-57752
8452
38628
-95415
8376
86696
-97228
-73564
56989
-14187
43780
-21766
-59466
-48622
-36957
-80921
85104
-57349
97026
33106
-6984
-19699
-90444
32962
39946
-98480
57236
82394
-18200
-41567
-25147
-66445
-53337
-70373
4116
8468
-21788
-75998
-31237
-61296
-56237
91724
-55873
42173
56695
61931
94648
-26356
69614
31739
-73871
34762
31524
3429
81957
-78862
5096
35566
14954
4076
85147
72319
-52310
-90586
-98620
-55535
-71669
84686
87425
13301
-80080
-38231
63833
-40771
-48039
-31981
57196
-89078
-66842
-26413
54859
46643
64313
-39718
95396
48207
1720
-55143
-1322
22560
-46606
-99908
-54493
68636
-48103
1606
-83645
-90215
65837
-55350
-54827
-73260
31354
1347
99505
52765
-86280
-33135
56984
-96925
-86192
-53808
8589
18520
85310
-20393
-96451
-99328
28689
36106
-2215
-96420
-72688
-10979
76997
-88019
42999
23909
92584
99367
13791
-24164
-60892
54836
57339
21041
-83488
83553
-64386
-3766
40064
-22871
80410
-88553
-74570
-30052
-82524
-67692
-36046
42156
51923
15771
35445
69908
-49112
39267
-14141
-25306
34407
-58087
-11145
11183
-44477
-84775
59696
-58424
-2025
-61623
56681
97212
69329
-51566
-29465
-97391
-53335
71356
21643
-65355
49487
96870
-76025
46535
-83677
-71906
24557
-90050
-67874
41891
43491
-20934
43662
-55884
-48973
-8667
9086
-4524
62975
41221
-44172
-59619
12242
-8158
-65645
54334
-6127
-24434
31969
52691
-34800
46550
24483
-58017
-55487
22916
-22555
81961
67079
-60723
87766
24496
69672
56606
-63089
-53813
-23519
-34434
-93772
-8798
-57516
-45025
-26573
46083
88989
66247
-24598
99106
-13374
36886
64485
-62544
-88056
40115
-27964
45078
76258
5335
75387
-69874
55685
-51915
27700
97054
98647
51717
-55729
-24141
55557
71148
9033
-41898
41524
20170
44410
-7667
-36337
-1377
-41672
57168
-40129
5914
-39398
59366
20473
-27200
79511
-39843
-60368
-12106
-83252
-97566
73260
17323
83420
-66878
-93645
-53788
53297
41918
-17245
94437
75233
35716
-41759
81209
-10835
97360
-35220
-10017
17507
51679
-54325
-45103
-81181
57227
46053
-59471
-98754
-63480
25071
74195
-4230
11577
-93121
86817
-10382
-62288
-75712
26351
6042
-50751
-53186
8796
77537
-38719
72801
63969
85871
-68704
65911
36153
-90994
-81248
-62678
-21395
6373
-54735
60432
-35589
90782
84907
82529
3042
39913
-34329
-95100
39245
-88294
-389
92482
-14822
-38354
16207
88668
20101
18795
14496
34679
-20875
-99355
48081
49589
-49949
62364
96233
-87456
41251
-19581
87534
50688
-27695
3612
96411
-7028
-58727
-41858
96768
-65923
-27422
-57160
-55177
19261
87512
-23024
-47490
20031
28948
-60444
-93898
6632
81771
91314
7991
-49046
-22064
-8973
-17394
92274
-97754
49122
91156
-21448
-66586
57562
-23892
67443
1898
33757
36440
-69265
-80812
44977
43640
-3530
19293
50916
-7711
-53653
-68738
1329
97366
-33097
-74636
-44421
-54810
75802
-34060
-65930
71393
-81117
-17237
67301
87288
-34053
-61328
94525
-23376
75291
-86967
85353
87171
-84514
-46569
-5977
595
52272
14047
-60465
85771
-49626
4789
-5068
-5803
19048
-78969
91171
-75983
43657
-97661
-59767
-95239
51703
-19674
39281
29038
28430
-82205
-30998
-35331
99975
-89748
-94970
6228
-45171
15071
52671
-67364
-53136
-67120
33013
-21166
-40014
-15057
44691
-5819
-72705
-74218
-68785
-57810
56186
64818
-2289
-44569
-70797
-59445
23593
-37366
32949
-32463
-80253
5735
-90437
-85691
-84326
-27231
-97342
-46111
80030
95589
-81671
54309
-11015
-95992
-21483
-28193
-15120
88125
-42367
-96618
-8414
71792
8883
-27597
42734
91329
54106
25997
-55118
64608
-65677
51215
70126
-87423
-81669
-31224
21830
-3652
-45953
2703
52582
49797
91535
50321
-74240
39235
68497
-35143
-67983
30862
46321
-87750
44417
-18230
28086
-90308
-87991
1243
74096
-57888
22127
-82365
-43827
91186
9677
95519
48588
-26262
79664
-3909
-21047
42655
-94404
57677
84342
6857
88301
-36395
-5846
10609
63992
33871
-9517
16951
69008
12689
33032
41280
6660
90631
-79943
45882
-26747
-29367
-65784
-98227
53446
78422
67248
-481
76860
-82512
53731
-52156
-65083
51283
-72206
-71359
-24027
-35501
35558
-91205
45995
-5551
-52116
-22335
-85582
-97831
6892
-54349
-63485
-14372
-9158
9677
-47592
55749
-32475
78676
-46405
-18119
-79250
31067
47949
-94608
-96621
16562
2851
-15381
52808
23020
73867
-43823
61511
18892
-56852
13994
93374
-71349
-97013
-6601
78375
92105
-11542
23531
-22666
33166
45387
34890
83115
-34693
34066
-62499
-4345
88593
52424
-1713
25243
-12451
-44612
6888
-63877
35455
-33980
35299
25042
-44010
-34527
-99987
2768
-48949
14720
-3779
-91458
67958
44317
-81206
-99663
79664
65026
-93074
77661
-9930
79406
22229
-87807
15350
33552
93217
-58304
-42694
-7438
-1506
16528
62126
15731
-86691
81163
70671
34157
-57233
73251
-81678
-38347
-1409
-75341
83374
-77184
-17203
38704
9576
6626
44419
70654
-86727
-18766
-61771
7007
-41986
-23542
68474
50630
96891
50155
-17311
52106
32428
-4931
36690
14646
-98134
-38093
-73405
56765
21559
10381
-24109
-75318
-6234
-79881
2759
20342
54634
-65841
-61794
-99885
-16647
-13948
-19886
-14683
77724
-85798
-59538
-96976
8150
-98167
67271
31405
-98706
67013
82200
-95466
-69925
-47271
63038
-86432
-69044
76333
74508
96073
97937
-25562
-78388
36167
-76183
93804
-8365
15264
-4824
-30137
64064
-21353
92101
29346
47505
96580
75646
21682
90849
-74371
27752
29360
-23550
80432
-12777
86850
60531
44179
55397
68088
-28738
-45710
-44317
47473
97137
-48473
64538
76510
37110
-39192
28732
63198
62545
-64518
-39508
-58103
-1354
80068
90727
-98231
2949
-88898
48845
82338
-11421
53896
50512
88593
32246
-42153
-12744
52498
-58308
-20726
-37104
93436
-88887
24219
6448
22344
51355
41841
-40920
-97041
15387
72209
51142
56241
-81421
-44491
-8571
-4495
46790
-32651
-31278
72445
-5552
-47710
9276
-4244
56860
-95054
96247
-97439
55132
-61099
48012
48684
-27800
-32858
-88543
-42481
47702
-70595
90080
-48995
13746
2273
4423
43518
-26086
92955
-78324
32400
-40455
-7387
-53141
41768
86878
-35775
81229
-18890
-55240
-72345
10390
35270
-23248
-56874
-92276
-92957
21667
21324
90015
42390
-22213
32209
14105
-44084
62313
-37907
-27677
84885
75456
-75143
24561
78729
-6479
98771
-14901
-59067
-46369
22059
-12743
-59181
-77410
74554
56715
-55192
-99827
-98541
29442
81158
98253
-44655
-29218
82946
46749
-27472
-4475
-16608
-22060
-33864
26957
-47910
-32518
87636
20326
-1472
-30718
-78207
26407
11065
-16792
-56862
91955
16743
25123
-17424
94728
-54168
-51320
45710
-92252
35065
-77765
89594
22100
-14026
56082
-69856
60058
-61123
52039
36745
57914
-38480
-78054
91888
85729
27800
641
-73931
-76493
-37913
58509
-24597
66223
-12458
-12773
59340
25985
-4243
-89229
5132
76517
-48159
-94080
-65654
-54925
30551
21612
-58589
-21045
-10361
33048
-47583
-45027
-99844
-13003
-27503
52693
36471
51586
-71950
33698
56499
-23582
-12727
86690
44612
-73191
-36334
-74644
72409
-90269
30481
-97671
72480
66993
99846
-36241
-18680
8448
48126
6220
50146
-80168
-81978
50731
-73119
25951
-96133
20918
-34816
-34921
-37187
83561
-61438
38907
-90942
-61058
83989
-72143
68230
-13253
19984
40235
3168
11796
-79205
-31712
-96144
-9283
-65554
-13661
34229
-56623
-69582
-37411
-46533
26584
-56189
92332
-8719
-88200
19031
-76202
68057
78075
-34824
37355
-14056
21113
34029
-50953
-73939
54050
-86089
-42783
-90306
-87126
-69641
-76060
-46898
56977
-9107
87527
-85812
-89906
31323
38202
55237
82391
77576
-4625
-38024
-65584
-80224
-17261
29258
43150
71480
-42552
68048
-75770
-82704
14208
46218
-33450
43057
46232
-62352
82800
59350
86671
-14301
13599
-25048
-31327
9222
75063
-27967
-50556
7206
16669
12369
67006
50580
-94608
96767
1057
42260
16339
-32921
-39068
10158
7257
-19070
-71648
-90207
93323
80035
15268
33207
-99048
-7010
-49483
-10636
50458
-81533
40677
22376
88961
44296
-13938
19044
39646
83909
-76948
-33975
-46194
70936
-23404
-81220
-30911
1576
87957
-26059
83494
92039
42858
29687
-23563
50609
49816
-36134
-2600
-55439
47274
-84796
-80649
70179
-81081
21558
16031
17108
-12307
10114
96846
-7547
-94196
85531
-72867
93839
16129
45829
-41078
-53728
-80083
-90965
21793
88995
-86478
-69425
17863
25790
-94262
-69925
13667
33333
-3261
-85545
57961
38060
10587
35892
-17788
-64503
-43917
-79035
-45536
25784
4467
-755
-86959
-20216
24635
18867
16931
23154
79233
-63406
55359
-38726
40460
74541
6006
-5201
16332
-23552
-20819
24588
81491
39985
-65499
-8639
20532
94629
70950
18763
67255
4912
-48120
-15104
-73866
45476
-32098
-57945
77463
-22070
-87617
-76989
-59418
75247
38066
3441
-84659
-42155
2293
-55641
20851
-11637
49002
46556
-24529
85207
42271
42822
-24024
-87921
-78919
36479
-50677
81799
61244
-63999
-75481
65764
-60871
-75888
-19288
21263
52628
16119
-90130
-10363
63088
-53270
5193
51468
20218
-62902
56275
22720
-73585
22280
48042
22348
-66869
-3743
57161
15092
-13137
34887
-54205
19022
-51218
-18400
99355
-16751
-69292
-32409
63554
-81851
-88941
-11471
16558
30426
-58388
32074
-43885
-36267
-55689
-72898
19584
-63323
43022
-59981
54553
-54572
49948
99443
-89619
32921
34685
71880
-75597
-57974
-38574
10688
17062
-50066
11621
-26608
60666
84784
41331
-30955
-24391
78640
76570
-88331
-80897
97652
-38304
-39900
29774
-78404
60189
9667
35087
-5645
-34745
86307
-33050
80577
18264
4263
-92112
-7811
78686
-70330
53020
-31808
-83489
-82192
-93533
-24299
34086
-52792
-8283
67020
-65170
55504
44834
61166
-53846
78115
-41519
-17846
77039
-25957
68896
34670
51583
71570
30089
-62734
8755
-32762
-626
24878
-24636
-72874
-24751
-53429
58422
79977
5010
36343
-89119
53038
-14011
3826
59677
22909
82319
-93306
-92407
37660
-25187
-46637
-58440
-97570
-83103
-81592
-41991
-50841
-34134
34670
15938
-93814
-4897
-57698
-66824
33747
60376
99027
13662
-28448
-71974
74970
-4777
-75990
48556
-24474
81753
-44574
84890
-90880
-71376
19830
-70138
66523
-11604
77362
21733
16965
85673
-18557
62045
-25094
-48263
98776
26361
17491
12272
97889
-28857
-7076
38859
12281
-76785
75586
67965
-47968
95408
-49941
-9576
-50847
81688
52960
-4523
-46061
35295
67557
-73088
-7430
14145
51434
-14142
4813
-39818
-43558
-49780
13010
56048
-67056
-95650
-5338
17137
-92247
-41743
-8551
14214
-2508
-47353
83061
-81565
-22778
-98291
-16993
-8932
-40149
87081
-68841
50814
47799
-11354
-35686
5832
13178
40698
-39321
-82743
-1135
95344
-40610
-13801
28633
-52426
-55037
-92119
-41025
32261
-59358
63634
-82253
50600
64013
-43941
55035
-15252
-4351
-82245
-42076
89315
-51929
-19851
49171
-22124
68342
-40306
-36359
-68158
-40843
29866
-44507
7063
24286
-63486
64691
-78802
-11810
23748
16226
32698
10618
-55864
-25277
22357
-55797
-41046
44174
88617
63594
-9976
24207
117
9382
-40423
-3715
-69379
90226
-55320
73451
-8239
2780
16877
-38696
-99401
66616
86662
44385
-30729
63003
95575
-78762
62852
-7805
-47557
72809
-46590
-96044
-92827
81090
7544
-86467
-84776
-94608
79892
25977
-75841
-48005
58517
37810
-15639
60885
30425
24640
-68059
-14929
71363
-22514
20406
-15513
5960
27293
-63308
63646
35159
73954
87999
-95448
80739
6923
73312
39197
32014
-78624
-41027
-92148
56307
53892
-86343
34447
-47920
-38630
-93530
33146
-61042
-46140
5544
96685
2095
-62266
66215
76745
-37485
-15671
-52816
-23361
-4441
62204
-14743
64772
72875
-36779
20719
-9375
-29027
-74635
57166
-50330
41671
63210
72540
39358
-80222
-42098
55346
61598
37862
-86260
42056
60696
-86097
-76030
-23828
-32180
3277
-958
41631
-11395
-98264
-31437
12492
-63167
-63858
96149
64102
28627
92635
27810
-95524
2051
-77052
33423
9788
-7028
51904
97586
19810
-40186
53139
76157
37530
-75086
-78728
55912
-16870
-71565
-2198
-97747
-54699
43676
19087
12653
42493
34404
23490
39856
-51176
10678
70971
-90998
22846
-43739
27869
-25064
16300
-8003
71196
-214
5704
-55371
-64887
-96645
32370
-32064
-34436
-18469
43331
71810
45661
-13074
81125
-68896
50447
6861
-79409
-51920
55033
7882
-91045
29520
32561
-66480
-7995
-3694
16519
11625
42114
6933
57324
-32294
-37765
1903
-76610
-88599
-795
78214
-14799
52543
-55298
-51266
-26277
-40345
-54747
-18356
18139
-76490
-93546
-66967
-9753
21573
-55998
-49821
27378
48602
27271
33613
49014
58725
401
-9385
74467
52454
14604
696
3556
-80852
-45051
55559
97034
35831
-32100
90026
71639
64063
18664
56421
47081
-86706
13223
-65772
93634
80456
-9248
-19404
-51024
-8757
-84393
43675
-6883
-41999
-37908
-68088
-90763
-55054
35985
-55147
-73617
37095
35110
46089
-83717
98857
56435
-41654
-69370
-53160
-47103
35503
-1683
439
-32427
85364
-78788
-93067
48394
-11897
78625
-57913
19082
-98817
93489
26480
-20823
-50772
56982
-53726
93086
89353
4309
58110
-3938
15950
-65160
32888
63447
14690
-14116
-24426
8198
-33746
-43559
-32489
-78155
-38259
-34103
-83408
64149
-66849
46135
-68558
69299
47933
62630
29767
-70566
96454
87611
-34085
96454
-67560
33928
-44649
28608
-8805
74613
-68024
89307
45175
-15731
1118
-15991
13285
14626
33297
-16678
74147
-27234
-18914
55827
-16511
80040
-53201
61927
-6183
751
52569
26325
55900
-71018
-1601
91677
-18682
46716
14740
-480
71027
-35353
91517
41171
-99380
-99060
55380
16351
97114
99069
-83447
-53479
51259
15087
-70813
-5095
94641
-56345
-25756
58553
-80232
-62655
8267
-2516
45552
-26787
27827
20728
-68008
22246
23705
-79279
21660
7744
-99077
72660
-1691
-51442
42715
-99748
-61809
-10851
12963
9925
-38824
-76112
95138
-73477
5427
-75992
-7692
23229
-10116
52624
31232
-2444
-52089
-26493
-21861
-6614
-93679
91258
-54581
-69911
-87272
-76298
-15194
92657
-98041
-95418
50392
82836
22345
-4746
74306
-71566
70526
-41836
-13056
-66355
96011
41248
-34877
64456
-59636
-13937
-26403
4097
67621
62012
-43364
-73081
99446
-11348
34829
16250
-51220
49340
54626
-45762
12916
-21655
1710
-55013
-13941
65020
-17396
52149
30129
65104
-16288
-94558
-33348
12801
86133
-18963
90185
-58829
-15226
-1241
27021
89020
77848
95844
-60855
-40145
69124
55001
45212
78662
45331
-3632
26994
79851
-86271
-13627
-40357
63587
-6236
-86559
-72842
64600
36582
-35696
-73844
-82111
-22290
-4863
-73287
77360
-19042
49785
43332
3319
-37579
-99115
-82800
-13704
-27181
58906
-724
94408
27869
33018
47813
64832
-4233
19174
-22597
-34080
-72850
20490
-50608
-78113
-48456
31658
-35459
53267
-15278
-29033
-97633
50873
77257
92365
9166
-64350
1877
97068
-45297
64251
73631
32849
-81889
-91081
-44252
-6831
-32337
94107
36145
-87662
14896
-60507
57358
82757
50564
60826
90295
-96637
57427
-12565
-41403
-8253
-99457
89987
-71956
-69578
85487
-76688
47453
8319
68296
-84629
69324
97490
-1542
-74683
-12532
-38936
72182
71088
-2986
60892
23998
73640
-15384
90086
24020
-16452
34762
12977
-96300
6077
55468
-65126
98142
1025
48171
70855
-213
54228
-69774
-31518
72257
-92803
-91011
18673
75969
-55512
61241
-34540
28894
44533
13767
42266
64232
64668
91040
-41665
46662
-51014
55186
-11770
-59838
-25795
-11671
56303
-19009
-36631
56873
-42794
93189
-96892
-27401
-3992
-51203
99684
83415
19202
-41096
-74925
-5361
1832
15913
-96100
86187
44830
46387
-19659
26458
14182
82141
19400
-39882
77143
-21213
87648
9633
75031
-11418
69741
-97462
-76811
50755
70707
32975
15205
-47680
3605
33661
-87079
-83038
-27078
69234
-10888
16285
-25447
72292
-83843
23331
-1625
96442
42671
-63906
-63142
-86504
36536
-31880
59480
-66568
-35099
-88297
69953
-55245
-3399
49895
-53994
72608
-88850
51087
17796
-67757
23049
70853
14353
-8889
57497
-60099
-10782
94038
19980
27708
24294
-21980
43117
-80308
65827
-17316
39229
75400
-55141
-46638
46509
53975
-38182
-99128
84726
-73419
73375
73868
76438
-17299
-43739
-50178
-42584
2403
-64628
-30928
-61922
74573
75625
92902
10973
-95998
-51289
-76868
-52236
67115
49368
75623
-90950
31190
66204
-16172
-78972
-39255
87404
31596
-84224
72243
-71804
-86599
-37326
-65570
57899
-87262
-86776
-50943
88352
-13038
-65509
-53550
-14173
-2697
-65403
40312
-16036
89767
-20391
-38657
66028
-45796
-7229
23653
-52145
62432
2237
-37167
90923
-41596
-74645
-62237
42743
-31542
-25259
-82778
-81205
-23134
-41154
-79198
93568
40849
-72795
15247
94531
76398
12056
25316
58427
-57401
-23249
62924
-68844
-79584
43500
73594
96360
28443
43309
-43180
47370
3635
98955
-70198
-73938
-67166
-84909
-17206
88888
-56733
-71201
-67700
-20705
-44142
-3696
-43192
-30082
18287
-16983
74120
71927
-84095
-62325
-36585
-15548
-17513
-95479
-40871
41180
-6678
-91033
10868
-78018
-4898
-73228
81516
35996
27623
58241
-47347
-88665
92040
77501
41089
82163
84215
-24978
-1279
29831
96477
-48306
44712
27076
95033
12928
-7261
36400
39076
59309
-95227
-26147
36335
76992
47351
33146
-72024
81850
-80627
-7626
39804
73394
-31821
-61172
39734
29869
-29818
2416
-35290
-29162
28799
39636
79005
-78502
88714
36183
-21612
-9310
67573
53771
45356
61870
-30780
-72543
30607
68747
96289
78835
-43402
-22160
-66704
-74002
-58811
-22725
-7103
94490
-19631
-25661
67551
68488
-16511
21081
36485
-71849
22034
-97760
-38096
-10398
39732
24966
-22704
-30583
66322
-83106
-35176
23707
72239
-41892
76532
17437
10860
-4628
28442
-94726
-68570
-79377
-67974
-22970
956
-79981
49999
-41616
-91154
-54963
-54633
8772
-73760
-61386
67167
81435
-79938
-76929
-56328
-19808
57274
-74222
10374
42111
-58255
60359
16950
-22485
91564
-22656
-70641
-72436
14211
-49822
-81310
59524
-66533
-72912
-65124
-53283
12879
-251
-3142
6097
-56916
-74322
8155
80308
-9129
-36830
-65551
85506
714
96927
95441
24065
-64133
-35102
-82069
-10733
8605
90946
-66925
-26278
-86145
-57303
-76931
32455
-6125
5104
7112
39362
-81910
-85930
88497
69488
-39782
-17891
-8280
43043
59553
-49022
-47425
-16796
-44061
-94441
-85505
31701
-68304
17086
56661
61254
30817
5764
32810
-89001
74176
63511
8080
91333
41287
-986
72216
21202
-5631
79251
16256
6613
20429
-58729
-26231
2331
78914
-7949
-22553
-77575
-73300
-98545
28946
-40080
-29773
-8911
45306
13435
-39588
75099
19543
59127
30441
26049
89758
1263
-88420
92133
93647
38660
-49894
-67759
-30421
-74059
68778
-47119
-76924
-98927
86236
34058
81772
-57290
12614
84443
80719
-31420
-44118
95502
-45027
-28188
71923
-50277
-42017
-46162
16414
97914
31595
-79428
32758
82370
54515
-71991
24631
-71773
97719
77188
2452
-33988
57435
-66569
-6379
77466
51411
92111
-6888
91343
-98950
33287
-40905
39146
-11198
66549
90186
27544
-75962
6257
24387
-77610
58044
23390
-81416
57170
97990
-85034
54654
73182
-20249
-48330
-20368
-26353
1555
-52989
7887
54328
-51873
46007
-88509
-96514
89047
-79892
-48768
-39528
2606
-4508
-32572
1126
-3440
28915
85820
53802
83732
-57079
74759
8999
-6067
74528
-72430
31188
13055
68030
49314
-75907
-82705
-79065
36336
26423
-10220
-95069
44334
96510
-67351
-8537
-6488
68077
-36060
-27101
-35194
26648
-20224
-76953
55918
39113
-1673
31923
34310
16854
69772
78425
-91241
-77412
76548
46801
-29043
41114
-48140
54105
-96166
51500
75318
-6905
16315
-3743
-15115
-43923
-10925
61180
-46936
92647
-48717
-60220
-52708
97923
47739
-66488
-67479
-54258
-27175
-49933
-1594
70135
72112
78663
-91399
-29662
-41131
29177
29415
45708
90355
-49367
59913
35926
38734
93309
66175
-70032
-23516
-87847
-28481
-54173
-11280
-23363
-68762
-97606
-7736
-37766
-87633
-77554
-81690
-43630
50369
78445
88195
76459
10658
35367
-85473
36464
7818
69556
79838
45573
23954
54661
-92084
-87324
1803
-56603
15297
-72871
8939
-16372
-98400
90710
18531
57665
-72135
78004
11084
-28952
42766
54023
53951
-92369
-51661
24476
131
54417
49038
-13359
-35679
24326
62206
-2799
-5932
90888
90841
-25172
-43491
28033
49549
-96753
33842
18262
34855
91236
-76906
-3382
-16974
54025
74756
7760
79224
-73563
37829
-84750
46372
-20563
-45599
17175
-71865
-80654
9906
-6028
-36935
79395
90708
15442
43608
-86233
2360
44407
-54932
-50481
-73704
54708
-91093
97660
67077
59083
74008
54349
76316
-1542
-77627
53570
-73065
-31576
-3718
-33230
-28609
-66581
74606
48485
69055
-66892
44786
70351
-90476
47128
-70291
86442
65505
60667
-95294
98670
18207
74971
99278
11760
72626
-6346
-75315
-13035
28950
81881
20060
-88783
-24456
-46841
25753
62976
-96991
5058
-39450
-87105
-95475
31737
49741
15784
-85158
-7731
3837
70025
26332
-30271
93875
-79040
8205
-14146
97076
-10475
75234
-88319
-27594
-47500
-25032
84578
50271
-89147
-80979
29442
-28955
49002
-58356
94223
-13996
-57068
-96224
-15178
-99538
-45118
-67671
45031
31980
-80296
78381
75966
3747
-5608
-83163
-76973
41218
32575
84120
35231
94135
79422
3270
-34359
3442
-98285
-6406
-44276
-54142
41860
-6013
-14137
-97893
-76808
99708
61346
91000
89202
-29882
-62505
-92131
63402
58903
-97948
65014
-41334
-81748
-85172
17051
12034
80538
-55612
-32331
65544
-90430
53185
1210
-15504
45859
42844
48020
-51805
56970
33822
-30305
52927
-68956
59950
-66671
45131
-75340
86996
-76043
40661
89119
-1943
-69872
11050
-38747
18717
-89628
11954
-4182
-14171
71378
-75739
-34894
94271
55066
-29074
-28052
42723
56511
-71206
-66139
-35064
-88506
66109
-10147
-37809
98716
-71646
94903
-4912
53207
-5204
-32119
7168
-44843
461
15892
-95108
42305
36002
-5363
-66444
35380
91818
-86374
27382
92279
16610
17496
-31594
-70169
34110
-33063
33912
32433
3909
-40341
76154
28605
42953
-65965
-61888
-78104
-74430
75033
-70115
1065
-51001
-39619
43354
-3947
4776
52487
-76505
-85123
99050
95100
-93284
-27339
-27296
-94612
-34774
-50576
-80094
-6039
52578
-15481
-55059
53266
92130
-43176
31447
-74099
47768
-43253
-21203
46419
48628
-16336
4395
-55516
-80082
-95612
47190
-74212
7537
29395
58874
-6050
94307
-41865
-92932
-59348
-72239
-73922
32027
-60519
-11844
-49238
86023
-38699
-22278
1297
-69602
29800
-18613
92261
31039
-8710
-69319
-71474
-49267
40398
-9750
-85453
-1150
-71217
-98426
-6632
-16339
66819
73151
53025
-23031
-56868
88065
55157
20348
-39251
-15048
22718
-99159
-15878
21496
85324
-18446
-29912
98574
-82215
74765
12179
-57503
72679
-46143
57534
15683
-86138
45438
4965
-50790
28978
67415
-5137
44517
-17320
-8611
8256
-54099
-81543
91033
-69654
85899
-21144
30885
88899
79568
-38931
74919
-7727
78484
-66164
-13973
-12702
27870
-12384
-36836
73721
-34003
98208
89439
-9182
-18655
-64253
-67571
-53593
44361
42816
-93365
95579
-25974
29231
-62969
-10221
83176
93003
-14896
66421
21684
-6568
96402
63912
-91118
-31711
23405
-28245
11942
-32677
-19214
83138
5851
19430
-21766
-98870
-59505
-6671
-10206
-99410
80414
-49284
-57626
-56462
-3702
15033
-44071
72492
46660
-41908
-57090
49555
82138
17202
41991
-90704
50428
47101
40295
-7887
85420
-46019
56342
44316
66434
57339
22817
-36767
-31719
-46241
15339
-87800
2842
40113
-16188
-2487
-59166
-27332
-37597
-18502
50643
-60018
-85053
-3165
90036
1757
-98088
-12947
-78202
-54972
-47635
-38343
164
26794
-87396
92046
64277
-94716
28841
3626
-91406
17840
-95173
-9671
79214
-47742
-28425
-19548
84231
-40932
-91846
-79936
62024
-18826
36147
-66073
-42760
54462
-5028
-11036
10979
-60071
-70957
72648
92162
14023
31321
-97831
39881
29348
-69147
-67414
37454
17354
-86234
30790
70353
37972
-91436
58566
-63764
43582
-23694
93378
-42408
34600
-77790
-50460
78361
2681
7460
45208
-92601
47072
-43475
-76257
-82245
-99146
-95456
85699
12690
-91584
-6421
64805
45025
46800
-10943
49778
-73163
59658
-94545
-99468
-49915
23236
65053
46917
-93449
61767
5540
-87266
53835
-89293
-52346
-51059
-25304
89726
95886
-39099
19137
-6820
11525
-96881
35748
-68485
81806
-94689
-6625
2854
21727
-81535
-64561
84169
-22244
66354
4102
-45868
86034
24843
-37992
46520
18252
10072
-89406
-57394
4886
-90681
13496
-66601
43532
-48452
-2550
95454
77469
-10238
-33294
-25862
28130
-10341
42748
-77585
42453
-15624
-44590
75636
63279
-95804
-21853
76624
11682
-83942
-80400
-26850
-61712
-42984
92979
-54481
73254
3723
-35156
7310
-31495
37641
2569
91614
25147
70558
42289
-15328
-10566
69278
-46419
-22575
50742
8154
-48141
-51664
74812
-4883
-98671
-10658
39203
20278
36018
34589
-1054
-21792
20432
7803
-16307
74780
-65545
54920
4970
-57872
-18574
9282
-24332
67625
-34668
-52078
32043
-30676
40676
53807
-27562
-78293
69926
50337
24151
22131
-74622
-95584
-59991
-81887
43604
-74917
45176
94709
48143
43284
-35812
-55170
-22258
-93720
54260
34165
41145
87020
40219
62630
46224
91443
40202
9929
52183
-63763
-79926
36335
-59362
41770
-4205
-63784
54828
45884
-45306
44833
-36792
42809
69636
12826
59875
62943
-93527
-92106
52837
-22445
56553
16924
68818
-9726
62853
88474
24217
-10904
20521
-85575
86265
58799
10469
17515
-7024
87535
-4218
30305
-13502
-99628
59025
33529
78530
-37475
-20837
21781
-1664
-10943
82888
55431
-98321
