4900
-25931
-48845
-73861
67194
-81339
89998
-54911
-64314
-76641
-55811
-39025
84844
81702
-50408
-24967
-46073
-99225
-98135
92126
3258
-39973
42879
-70415
85085
36233
-68941
-5387
-97983
-13176
13109
-46521
64290
79586
-11311
90965
-22296
-79019
-83836
30765
67546
48883
15925
85360
-10656
48169
70098
53605
-65613
-25764
43976
81321
-17181
64687
-45218
-10044
-66236
-13151
31855
71064
99446
-79340
-59838
27571
84880
-11928
-34040
-87357
-82199
-94330
34865
20841
-126
55737
86827
-29018
46739
40758
-35144
81586
8368
-56004
2986
10027
56920
82838
-38978
-28630
-3046
-92098
-91309
7858
90277
-66084
55621
55682
30954
24235
-10838
61514
-62992
-31363
-38296
3834
-99596
-62059
71410
17269
-12486
-54734
-62435
-93788
-6860
-70613
-11101
-97560
-31346
-81163
19315
85287
39444
99970
27890
37831
-76095
56772
13714
33209
25701
-73328
92557
-25043
51441
-21987
8063
-32157
84962
39531
-21666
-16734
-81912
-34752
-61609
-65151
39410
-23923
-23035
95394
24953
65008
3600
78399
82917
-21293
-75104
73244
20479
-53583
19005
11356
-13644
-86535
-77627
85872
-11614
-66357
61000
37226
29954
-49249
32452
91632
-77069
31941
11320
-75829
-81057
-890
99303
61023
84364
5610
50603
-14923
-16063
30035
89970
3444
-55214
-95225
12698
-12881
-73974
-25397
-84699
-4904
-27467
-18198
22809
-89135
93127
-13355
-84105
-44573
20204
-54876
-68715
-8057
85165
41915
38490
44258
-11780
16135
-32234
-80369
64092
-72536
-72516
-77292
55535
-40279
-51460
-15115
99422
-1558
98945
-77977
81247
52767
48260
25629
44838
65969
-24309
58815
-52630
15682
-34686
87545
99538
-61618
-89740
85936
97148
19885
29926
13710
-84118
91700
21840
-86274
33482
-44612
-63367
-63116
54433
55802
52270
19299
-93101
88205
-71074
-96814
-23215
52375
-45803
78793
27359
-44542
5203
-67739
-67199
39972
31817
6027
-59839
-40003
8431
91641
93472
99805
-24891
-53192
34007
-39325
-90460
2414
11272
38240
-93761
82064
-48250
58713
-59397
7540
-15235
-16661
-1367
-71868
-15168
-94711
-88356
22095
-33426
-17631
11948
-70919
34495
43229
-33019
43731
11888
2054
16684
14597
38665
-15038
36176
-63128
9096
3006
-62839
33840
-99028
87527
-96785
-65018
-69217
92177
-21031
-44300
-7936
-75205
-39311
-19782
-68531
-21206
94065
-33987
-80086
48241
-22660
-80737
-65136
84562
-44261
51690
96597
-89857
-72814
66853
-63213
-11463
223
-21943
9976
62490
-59698
-70770
-39062
-16786
-31428
-66594
-18732
85755
-65626
-9813
-65134
-43359
-11668
-63780
-54475
-90596
16232
-49822
83699
-56601
-65371
-91991
44782
-84613
57278
-52245
-39841
-30666
39381
58910
53535
23382
-36436
81806
4562
-61596
98595
-64891
-27920
96429
15567
-86618
-11279
20779
-28813
-48295
-96235
77699
-17891
-87328
-16179
-60952
26975
-31288
5577
34589
91625
60156
84255
-34985
19200
-14028
-29035
-46144
42525
-26038
94539
-12200
-90268
85805
-21944
-88778
-73025
-98322
27039
40045
77719
-96840
-81219
-24630
-37713
84893
88978
74937
87644
-33781
-69606
90182
-87131
6941
97607
-42047
-63181
-31858
40397
-36804
33845
69256
68873
-1106
59475
-15462
-67889
89530
37900
94345
-42034
47817
23086
26301
47394
45907
99825
-90148
-29833
74557
10929
2292
65940
-58595
-94969
-18094
80523
-89639
-82494
31472
-65348
-58131
-89785
-1398
28033
-4789
61314
-35119
-78215
-45604
2568
79353
-12684
31205
20555
-11603
-98248
94021
-70983
-61918
-50514
-15462
-39247
-19511
19436
-40124
-47518
88158
66400
59137
-38590
91614
-79339
-44040
-83799
-87659
71653
-40815
-20536
-68971
-54660
67649
97032
-62973
-37756
65123
-20477
-14133
-15437
75650
-38439
-59085
18861
74419
74480
-34995
15574
-96737
30412
11655
48824
-20641
21063
-37028
-59506
31744
-92691
41133
-8981
-66523
-11786
-37718
10378
57676
-61407
29866
-17421
-12183
61801
-70629
27782
25134
6758
-78253
18151
-72212
-79485
15301
65030
99923
-75176
79119
-76535
70805
-18972
-59281
35929
-4503
32360
91158
77382
-11668
-29534
93141
-13992
-91038
71077
62132
54323
-44135
-11055
-90846
29413
14190
91445
-36666
47184
1193
-17666
-16397
-75281
97028
-70439
-12549
-89658
-1335
-97107
-69797
-76182
-78311
-33618
48147
16874
-79928
64544
-36327
30233
40742
-20183
49123
-43911
-81383
5968
27746
-73530
-64538
34072
-26929
-44580
-80306
-89229
49821
-26619
19669
72869
-17074
12771
59166
-64074
-94174
27574
69105
3155
-86166
-629
-49761
-84413
-70854
40066
14717
-74687
7164
49594
77771
97978
14818
-84901
48697
-17948
-66509
-50817
-90625
53688
8647
9726
-53718
-13618
-55410
-47084
11959
13204
80842
44977
-76520
-3605
-61347
-82274
39507
93471
-80196
25927
-88246
90240
-14013
37673
-53739
-38687
42083
-58535
67851
-80403
-3978
7342
-33504
70241
6643
-1396
-92376
-12695
-78787
-19506
-9734
-88485
72022
-93297
29936
-35638
-16912
13653
67658
15304
61796
-44069
90482
75964
-43588
62586
10522
-74276
4010
21555
-54591
91654
83740
-32613
-21931
-10175
-19417
-9309
-79693
86667
52320
-60157
-38582
-19618
29962
52931
-17123
-42428
-24727
61158
-88026
-34733
84725
95539
-68776
-69368
73130
-77087
-91586
20348
-1412
-82722
-2369
63749
-11672
52668
99202
53740
84134
-42503
-86930
94406
26427
-73495
-69430
67569
7658
-33918
20164
-61011
-15350
-50556
-8307
55508
-15309
96963
-5471
94071
-58158
-71150
75940
52375
-93411
-60402
-7576
-87619
-45984
-97276
12683
38006
95669
-18368
83838
83247
-91119
-45005
43872
99241
-83269
90816
58376
61912
-30119
-14877
-70878
84382
45027
53118
-34960
5087
47032
57858
-21198
-86848
-43569
-92042
-54559
55105
10438
26535
12629
-26635
-3818
64300
84102
346
-45912
-38635
-96017
-63527
-45376
75568
-82098
-72357
62936
-71497
91272
-35323
10632
83097
-22742
-21614
-85088
17891
-56437
-33844
-16232
-10421
-70259
58343
25183
-88295
54018
95482
81167
37107
19627
84890
-27134
20739
50459
90197
99326
1351
-98310
73544
-72565
32820
48165
-12450
85414
-85112
-91597
-23387
-61106
43691
42835
11470
29499
-43327
91793
52161
3374
-76145
91703
28827
93539
72839
-41648
4549
65956
81393
-82104
-40334
60600
99384
69487
-61003
67640
97423
13532
38204
54401
36094
38702
33773
89285
-68531
-56402
30235
32508
-21749
-17072
-91675
8825
90875
54488
47915
86743
53404
-10790
45038
98194
15700
-4583
12995
-32079
88696
-39919
65524
-53727
44026
34897
-54605
90590
70832
-4865
57404
52810
-54979
78719
7494
42592
-72034
-70161
-29403
-2366
81171
57738
74111
-54610
85799
-26324
18536
18703
67486
-56204
44061
60208
2555
-38139
-94374
20299
74219
-1241
-97192
39296
12049
26124
34983
-78239
-94481
-69332
18659
-20950
91950
-14063
86678
-75698
15818
47279
-68438
-65812
89692
-20949
76169
74592
1797
-16900
403
65078
-48780
98671
98491
18234
80853
50564
-95873
19947
10839
14390
-17407
14862
54615
89368
-56569
76766
29166
-60005
-76788
25696
23764
-12500
-94016
71701
-63185
69882
-11613
-12983
69308
-96619
7609
-52791
-40935
78450
89003
19058
-10260
-17397
-80838
21731
-11532
-66653
97824
-54124
-15126
-79641
76037
59712
27987
-10704
-35813
-87874
-67163
-21146
13526
66990
-7213
35838
-52341
-30194
-14281
62243
30116
58796
-65765
-6349
-84482
38070
9956
-46944
98143
67629
56348
-38217
-75881
-41480
92571
25341
-18830
85589
-48240
84533
14422
36266
-30799
-65985
37888
62842
-72899
-9701
20822
-5901
-70422
-59958
-38808
15715
32817
-86635
53511
65291
-72974
-30809
18946
-78644
5892
89237
17466
-39938
83357
-86978
-4703
-29280
62363
-42546
29843
85545
58029
-63716
-38832
-58115
27425
-10957
7382
95547
-81398
81966
83927
-13517
53645
14653
97180
29045
-95288
7364
97078
-37307
-22624
-53022
-91812
17450
-87130
-39537
57318
98661
83686
-77858
23909
-65857
85451
-28894
13917
39291
47474
-43859
-85216
94827
8201
95859
-5881
41503
-88732
-12658
-19440
91960
-15588
75163
16591
89370
-37788
82497
81426
-11392
-99671
21202
68246
92713
24869
-62967
17183
-96016
27137
-9229
-66632
3897
42853
-6549
72327
26119
-84323
-61186
-22196
-81109
-9495
-40211
83766
-91369
85601
-2224
-54238
-12655
33283
-78761
-96335
-49149
77083
-28948
78340
77807
-72883
95284
59287
-14657
-63742
-62219
59127
29434
-59539
-86318
-54303
29843
99321
-24143
32441
79516
44561
18237
-66524
81112
-23157
77319
-95486
78573
12466
91975
33355
-39304
38958
35265
-43899
98747
6738
59523
50591
64561
-81790
46667
-61075
-31229
-71425
-90107
73793
37011
-67631
-7183
-20766
80501
-25264
10659
-15252
-74883
-70386
-72668
18500
-64717
80676
-25994
79477
61731
-97256
-62987
-17172
-35695
-49304
37529
79692
96906
95542
-8104
751
69206
31439
-2392
55226
-49462
80921
83170
-17380
70650
4633
46082
-86557
-64053
-93793
31179
55739
88101
-76786
36936
42307
27656
64588
92652
63629
84150
-6078
4187
80754
-98994
94224
12354
-79408
23481
71825
40545
-59230
83581
9414
-45527
-20870
55279
19617
27455
-38947
-53115
-31184
90080
-66437
-95542
21412
71456
-30583
15018
29822
46539
-37891
-90387
32789
-66452
57574
321
-98106
-85397
42085
-92753
-18376
36369
93707
-68688
-77238
25128
80721
-84327
-84772
-87298
814
5553
-97417
62344
-88103
57059
-55014
-52702
-6117
-63346
-86110
18036
2447
-79878
-97900
-75663
-59911
-48410
-83382
89209
-61055
83197
-12167
84190
70603
-69466
-94757
42628
18292
-85702
-19971
-37854
27306
40849
-56537
61413
-65176
80885
5155
43955
-44979
-87880
-7316
-28276
-52008
13474
-93516
19213
11394
87618
-17902
-30641
94712
-55515
-6265
26540
2676
-79963
-5845
22945
28855
-78055
36473
-6001
37
15146
-61708
-91364
-72324
-97979
-73292
-42377
-82318
71532
62352
50744
74283
-9176
31657
84773
83540
30681
-19311
-97455
96351
-48147
53719
78750
52315
72431
50224
-70364
15599
46967
-85692
44458
-42317
52608
-92206
28497
60650
-75818
-49984
15505
4896
-47250
95683
-84902
-75747
-19888
42791
18012
-58045
85679
-19845
-33566
-40375
48409
-58595
-56487
64532
75785
-69922
8687
-48401
-46246
85777
54103
57383
16278
60021
-81303
-50298
-47507
13628
84581
34730
1025
-41097
94040
6912
-96738
62753
-51881
55010
-94201
87301
-2200
-68149
84459
29644
32961
46387
4983
-28185
-24344
-29108
-85883
-68523
38777
-86377
28594
6737
57030
71139
-92339
-29412
67608
48483
65770
-7646
-72940
90795
-1833
88396
-86215
-44025
-63962
22625
63750
99384
34473
82073
8633
-24052
-40772
-17344
-21327
-42088
2620
-17532
-94987
14997
58902
44699
37837
-64491
28346
34387
79118
-55008
-87635
-83017
-15628
-53457
-48258
-64229
-31449
86340
12880
1861
29664
17764
-8618
-65480
-72923
-15501
3742
56030
-69904
85930
53764
-86831
19118
-75785
-80185
-90938
-22045
-26703
12984
7702
-91350
-59147
14734
4714
94234
47778
-28585
90691
12613
78831
-39927
-61468
38618
-2460
87607
-39076
-41942
57595
-53217
-7372
-69625
-76972
14048
-24079
17032
-80497
65160
-26554
64810
59786
-81013
75353
-86959
-99721
-33263
-58064
-52116
37464
-48666
-62728
-12746
-79974
5973
18802
-65320
63691
-90226
-58310
-80917
-10758
-62780
-85578
-41316
72618
-74924
19031
18793
55730
11231
24015
-36664
39156
63032
96399
-69466
61944
3257
58747
64140
87140
-92176
26413
-40738
-98278
29687
33827
-2306
3438
3681
51142
-13683
-46974
46480
-99112
-75055
-7808
65060
-2567
69298
-49420
-22130
-21675
44895
55044
-15614
-23187
-77938
-51956
-74357
80257
95136
54362
95096
38615
-97438
51907
-69324
29675
-90640
54944
29556
-36236
87220
-51607
-96247
3726
54028
84972
-93099
99528
-1846
52073
36506
-72756
89493
-90739
-59858
-76953
-63764
55881
-63157
-3531
26315
-99697
-75197
-64214
71718
-12823
41616
-30529
74194
33461
-65399
46839
-28541
27393
68401
29068
-34064
2495
16426
-84293
-61485
-44955
59783
41769
-66100
-71132
-5697
30896
-82139
-35646
-86404
-94837
19440
-94442
-37933
91034
21709
12064
50255
-72431
-6200
98370
-89562
-44477
94367
-21665
-13555
18311
-13728
34575
50855
-56828
50545
-23044
-36328
68319
69162
-18468
-22855
16893
21916
-60661
39268
-63113
-53899
-72124
45486
-57958
-49605
-25605
-53708
-38633
61430
92251
87950
12430
-72277
-57257
609
-19919
-47294
-20625
-84335
12312
71177
-82751
-34349
52449
53201
-88183
1952
-13118
-10698
-27785
-79099
73069
-82947
-40020
65367
55134
-43562
98384
77253
67972
24320
-97390
-19450
-24822
-11253
5565
-19087
51648
-28167
64372
36139
82091
13758
-87478
-13702
54821
-76249
9408
52024
-1934
-88297
48092
37988
-55647
18411
-88926
98643
94684
-12801
-8014
47620
-50676
-97206
-69763
64848
35627
-60187
-66843
37760
46055
-15383
-48783
89209
11696
-51275
-81367
-49390
11935
-57265
-50796
-23994
7298
39970
-50932
89925
20168
-7259
73979
-63387
-62202
-32483
-84364
-25867
47715
24312
63856
-72014
61798
93786
37347
26643
-4006
-99530
5946
-84609
46492
83218
45236
-50913
3585
57324
65242
-46515
12838
-51077
3548
5995
-50411
94286
30410
-63343
79888
209
-76629
71774
-28482
-16529
8574
-98577
49455
55505
52683
-68434
83406
-60093
2148
-43582
-50590
52536
48061
-50524
32384
-42140
9061
34322
-68591
-3385
-29408
76060
-92100
89098
9187
81243
14448
-99710
-65492
-40575
-92337
98705
-42885
94092
-63494
-82069
37872
25621
63925
62198
-23102
-72315
28407
-85685
-60967
-68186
46481
-12966
-21622
82839
-62088
89066
-64275
89050
-40143
11069
49883
11848
89240
913
59465
77988
9868
-88701
80252
-69748
-89286
-20017
-73112
77579
95301
-12878
-69655
-38324
60303
-81936
-78563
61545
-64025
-52174
-37092
13986
89487
-60537
-39980
-22294
-4056
66635
-64250
4762
38588
-27099
56151
-66167
20776
-33366
-21740
3059
-58140
799
-95739
15509
-55695
14299
-67220
-13797
45278
-4341
-55205
-15951
9014
42575
-90449
95990
59401
65538
-59348
-45233
70869
-24744
48438
-96424
-44399
3424
40490
-32716
-60969
-31448
-19497
-69051
-68884
59327
58973
7479
81261
-10539
24416
-4361
21271
-56449
-33432
-60990
8882
78103
-11624
-83944
75419
1537
90120
-62833
-70483
-57784
-58942
-39165
-8565
35430
62102
79147
18381
15970
60762
-84729
81093
99412
84546
-37195
237
-48060
-62889
-83293
94574
-41359
-17385
-50977
57935
-12499
-54742
12555
696
59045
-5764
-3732
-64862
85439
-79557
-98207
-54562
-15524
83183
-32208
62654
49085
33392
-66564
-18780
33025
72201
17683
12389
92620
-71064
-61660
97625
-64956
-49986
93454
44418
-267
-77383
17427
-64490
-75564
23387
12459
35946
43681
42103
-98891
-17667
-67355
4296
40648
-96289
24987
77806
66024
33916
92523
48326
-5804
-33143
15121
-28508
-14852
77450
59805
60400
23824
-63875
60499
97626
-33036
59623
19634
-30277
72144
83000
6034
67210
-40381
-61603
16230
-70153
-63753
55139
-97118
82151
26703
28803
-40714
-74867
-29250
-93554
1783
82786
4017
-21386
-59425
-10688
95276
20598
13483
57696
-44493
-51681
99491
-9554
36382
-27968
71862
50502
81488
-27086
-76797
29518
-81215
3645
9652
97072
-57546
72170
57733
10098
66130
-10777
-64285
-34317
96199
-57648
-18705
63364
-23963
-29728
-61471
7904
-24237
45427
12489
-41206
-31717
-34505
-655
-95294
84126
92271
19039
2915
-14871
-43933
98679
-93220
20256
-66328
-6980
95881
-68777
75719
78583
-26323
26048
-68979
-62992
36110
-94338
52399
64665
35821
32856
-59177
98059
37473
81097
60559
33511
-4145
55668
-64311
49631
27592
-39308
24072
-61939
44799
-52270
97327
-64127
-90971
87056
-68892
-81064
14947
-20958
52385
87751
98099
78460
-36073
87223
37212
95942
-42241
81803
96264
46957
-66434
24765
64195
-67373
98995
-47578
26642
75046
-48095
75740
-22034
78350
29748
85685
-28132
-25728
-37838
10858
-48982
59952
92863
71447
30216
97699
94796
30879
51968
-7262
-8162
54509
13715
91722
97719
8661
30706
4993
-29021
15704
15894
-91837
92512
-65978
508
19802
18090
48062
-42240
77868
1891
-51439
-98987
-90514
-63844
-13179
-59745
-67017
63363
-68746
-55443
3247
30889
36502
-24170
83174
-60883
43476
74479
-72959
-41270
-57637
58086
-16305
14139
-35343
-1730
-44039
10759
21440
92263
32536
10732
498
-43143
-40799
-12948
-26443
91853
50299
51310
11486
25528
83825
-44589
-61655
-90203
74499
-19497
-90977
79374
-28073
7327
-18096
27479
-67123
71653
-99392
35591
-46224
-55812
18270
-3293
3272
25410
-73425
69481
-27828
47906
76938
-46874
-1932
57859
62908
54004
-60499
38161
41483
63764
55590
74278
12312
-62940
-91640
-7852
-69538
83324
-76286
22801
-809
99755
7553
86848
-57539
-4087
-4353
28120
-75923
80569
-94413
4083
-10264
17534
60198
-79243
-46604
-22538
75686
91607
28064
-12938
-58605
-27697
89060
52036
-64490
23774
-99034
-13525
-92046
78389
83801
-15553
46130
-61499
17728
-15315
41346
8674
3857
-74690
-75494
-74413
31412
95400
-96491
-78024
5226
23569
32736
96280
10571
23777
-93554
61447
-87960
84802
43783
-76368
-6001
22967
-81119
-71803
-55700
10646
15815
12096
75980
23843
80661
-34796
-2883
64331
57670
43061
-64622
-36806
-75131
-3327
67907
92825
65311
-86519
-56656
24999
87258
-11520
-22970
-33805
-49825
95871
55163
-76428
52306
-79053
-31309
90309
24322
-29084
76484
-21313
-28804
-286
10711
-98891
66106
92814
-10075
-36666
-62023
-58686
-88543
-13085
-28120
-8546
88629
39838
27132
68976
64804
80682
-27936
53631
2318
88437
-17974
16245
-84782
-74401
-57751
-17050
-31283
39829
40699
-66047
25601
-18609
-9734
-31086
-78190
-1758
65526
-76815
-52631
39746
85374
-7605
-73861
-58536
27192
3786
-4828
-28228
46672
-58460
-66323
-57713
60365
-40259
-98707
85496
83775
44986
4235
-84615
35285
1891
96673
94445
44555
93364
17148
89376
-79936
43777
70016
-84981
-84123
-88957
69992
64618
90770
-6014
57068
85564
-63885
47201
78715
60119
98463
62977
-34456
32421
-4151
91219
-76959
-57985
-39153
-68290
12057
-47452
19312
-22999
-65976
-18539
19163
50725
7496
-7983
-82014
48698
-87200
-18072
17421
-69299
-67426
47103
-36341
7019
-22883
-41953
37316
-95436
79398
-71879
-7991
-8282
76403
-67270
-80147
-95611
70159
77959
33965
65764
-98535
28054
-88694
-63661
-54233
-67608
44792
-88474
-43002
-13978
-4049
-49315
-70304
-68521
51934
-49931
49591
3708
62079
-76534
-35507
73225
-56251
-86617
-95962
-56448
-75021
-83732
-51099
64363
30342
10395
13908
89589
66898
-64385
94911
20709
-71573
-86663
-39233
-2120
-20230
-16856
90836
63963
55855
56436
47660
24514
72533
-19208
-3904
-92184
67457
39945
-19554
60579
57188
-28953
27265
-70557
-84736
-62144
-26340
61831
79991
94491
59510
2331
94399
6439
-14354
64626
-56974
-54047
93664
14876
1282
35356
-53728
-44411
-83062
-37264
75875
96618
-12865
-94591
-64258
-10440
-13819
71979
-84602
-56189
-3874
-35577
-34666
-99552
86077
-46051
71278
-6817
-62919
-72346
26040
28840
68125
31228
-52185
-7311
-65252
-84064
-84616
47193
47458
53928
-9317
-75740
-58235
68291
76458
65876
-1190
47274
18775
-34464
-3420
92261
61925
-22125
-94936
-28361
-94323
54148
63580
-5592
24065
-23378
50493
-6867
61964
-88277
42432
-56779
14232
64658
-46560
19218
93514
-39319
-18986
50242
-17272
81481
-24601
-24294
63770
69261
48855
-52338
60974
-34762
36795
-42529
13621
-93473
-37716
46817
-68308
-62953
83800
-9560
77813
-72736
-99662
70479
-64349
-83005
-81847
53988
34005
51086
29495
-68173
1657
-63956
41328
-9298
-62862
-86369
51706
70070
-13036
-66020
-69189
32264
-95540
-7998
-91026
88903
92829
44025
-41360
-70559
5253
-38365
59127
-61407
-61506
-45886
22561
42897
-87008
-23962
51946
45386
88163
35856
-19016
55706
7043
36009
-96879
93712
89212
-68392
39468
65766
5685
26500
48549
46860
-94599
33190
-1719
49037
91744
-36919
-90799
84384
-71796
-99743
-404
-27314
-80689
21638
-98571
92346
-76246
-50357
43332
1682
-92943
-12609
98656
94481
-24822
-73792
47186
70446
-4076
29366
-5803
37156
-29341
1203
2217
53343
11114
-58843
15046
72512
-5326
-64074
-75218
-64819
74310
-82048
-25893
41272
80881
-35024
80920
99402
-2081
92726
-79124
-3284
-29919
25062
68593
-56174
80076
64686
20418
71813
-12095
-81676
95954
-48117
99142
98444
-37478
38068
29075
-2221
4522
-50236
7658
-79765
59617
-33288
-98275
-301
58488
-4233
81587
-32223
96312
14422
11941
29343
-97332
-51640
68547
-58432
-8271
8097
-78028
83261
-44087
-32571
-36710
7953
9999
50865
67156
-85555
33445
-38427
59101
43928
81674
36077
37010
-36985
-68505
-47797
40208
97877
76232
32259
-74245
-86145
55784
37955
67804
8319
34277
-68372
-36702
84130
71378
-15871
4617
3208
-16725
25003
27864
-76168
69539
59174
76932
-92130
-63846
84492
66546
57122
43307
-22084
-58150
-30555
-84255
-44441
-3385
-26342
24521
42167
-24965
91135
-42398
-30565
62639
18039
50737
59507
-89929
-69626
76209
-80683
-25340
-39064
7272
-66630
-57596
-68722
1173
57801
63460
-6090
-75002
-14659
-74123
-34714
-37754
-32587
-27092
-2364
-23694
-4840
49540
39253
55788
-78046
58366
-85104
-53463
80528
-4664
-54242
62438
-69724
-5828
76209
-78664
-11819
41791
-28354
-88064
-40105
-10806
-80488
-33348
87618
-15995
96298
-72261
-45215
-13297
-7407
-40983
-77670
88218
-28780
91464
19317
94772
-27327
-7872
-32822
67104
24421
-56371
-42484
95651
75367
6486
-5140
13466
18305
-43362
-33685
-33208
-80676
36563
85567
-9810
-37624
64836
-92895
67731
-51243
-91600
-61007
96035
54672
-9991
-99641
98356
11357
-24648
34583
48483
-63826
-5654
192
58589
6109
91783
-1935
93562
-40404
-44621
-41480
68611
81814
92045
-1431
-90156
84305
64998
18471
61981
-91357
82572
39442
-24958
-59938
36740
68749
47011
-61638
52757
-97366
62197
8781
43457
-94155
-29681
33577
96207
63194
-30655
52882
-90813
-22733
29471
77402
-94544
-51534
-11301
46620
-41436
-37656
56464
91793
-3775
-34640
61211
11538
-84885
80634
64484
-65494
4637
-17609
91387
-37673
-682
82782
-4579
-88226
-6734
-22246
63893
71944
99347
-5232
-56577
-89412
-54658
40208
-9816
-3014
-30270
663
-89519
90161
65554
-86338
-40302
-10114
98868
49668
53020
-83133
-18478
-57293
-36393
-18273
15278
-49487
-15830
-39921
37107
92005
95768
-93727
54950
-77693
53255
-96496
74683
-73674
77853
21953
-92092
87465
-5053
-29671
-32636
-90765
64395
72761
19746
65308
24238
71255
36793
-46384
-83794
-8774
48012
-13601
-54502
3025
-73449
-68113
4592
-13199
72641
71231
-29220
-27158
-28435
37336
-86369
-55356
63087
-98734
67147
-55525
-40164
13312
74026
-27756
36346
41081
48063
-69253
38166
26308
-2524
68923
19701
26719
93586
66105
48866
34860
17024
47181
55526
-85191
-57310
18077
65046
-71318
-49838
-48360
-78778
-58875
-75380
17356
-13349
33242
-91116
9829
-35905
-50931
48946
-28989
30701
-70142
-48931
-71306
-55893
29347
-8330
-99751
-3944
-60208
-23253
60552
-15845
70756
-71044
86719
95355
-59232
-42790
5328
-49075
86071
-74709
-67136
88072
67894
-55765
25088
39029
-35763
-27028
86275
95041
55485
-96514
-90560
-12684
43680
69481
62342
59004
-32944
18647
64694
-5917
68277
75855
36386
54688
-53393
40284
-78079
-40759
65372
-47860
31179
82790
85254
-61292
7159
75424
27692
-99631
335
57176
72044
-50711
-51924
-74924
-59702
5200
-8300
77780
36319
-27610
60780
30787
-64224
-78338
39324
68681
-23926
27898
-66946
-81283
61351
98834
5505
54840
88512
50419
23584
75460
-29281
-20156
56315
28020
-67200
-24125
-89201
87629
64212
-86258
-8361
55330
-74511
41022
33214
82237
-12455
44142
16447
11321
-21276
-48935
29403
98157
-46131
-36575
-63306
27651
-38505
64428
-44401
98150
-7654
57385
90522
-74662
-97618
-83215
6204
-731
-17550
-51384
25250
-25493
47226
-38206
43071
21527
2195
-10238
-86176
56757
30515
-75874
6125
79134
-66174
-6178
-74434
-54966
-93633
38756
65367
-19703
-4207
10533
-13054
94669
87851
44565
25864
-61921
-95718
-71647
81675
-54222
-45970
-41642
-55485
-60267
28995
48479
94227
15489
-88213
85099
-95225
29010
-27207
-53011
54061
-29869
-43092
-20035
-66804
84018
45751
28060
83141
28947
73577
77717
-35131
-75008
-36930
27454
-10715
-23491
26305
-75746
-25186
-89159
4188
-9880
-32660
76641
-38146
2790
-6466
-42161
-21977
-87503
-37674
-6816
-65005
-95396
-20477
-38300
-64511
60529
-12423
34286
23774
25299
-64758
65738
87123
55426
68547
-30962
19816
-85891
79909
10441
-51949
-51774
-61185
32729
-76895
96241
23781
-19175
-61824
-99249
34511
-26377
35494
-37082
-10417
-50589
-27102
-16439
-82448
-85405
92605
78324
-2328
5763
-35124
69522
-37381
-41430
-83755
51673
19244
-33528
-50084
14545
-20257
92268
43465
-50126
10512
33842
70775
97450
55210
-76327
-33061
-18883
4613
-89549
10959
48327
63039
35061
83706
24349
-52234
-94674
-15394
73682
-74145
77973
98558
-7275
-81274
49275
-29590
-51720
13090
11359
19305
12043
89108
-56416
11329
-4697
19900
42637
-10203
65926
84920
-27240
-51908
-20657
38394
-13782
82698
-58447
-12091
-57968
-84355
69413
71812
-52078
-21482
-93291
-62457
8164
49906
28699
7963
-88778
-35979
87394
77700
16166
84050
46697
34265
78230
-56776
13222
-62403
34711
3740
90311
-54475
-5820
73695
-85869
73771
86380
47773
11119
-69890
-56985
83601
45949
34052
-69047
-69592
-93857
-29283
98357
-19423
-89255
-65867
82249
-65635
-10155
3989
2103
53064
26111
-16602
79219
31140
98192
4804
-17592
63407
96361
-57349
70150
-7759
7701
-51679
97686
-54876
33585
-89072
-31762
-47169
14632
11197
54303
14433
85846
67578
42379
10327
-2226
75076
14325
-6262
-28297
-79030
27313
92744
75473
66619
-38598
87341
63381
-81654
42274
-95507
50619
80705
26468
96705
-93611
26687
-4907
33132
95449
7696
60729
-9687
-65412
-4313
87090
-81613
35385
17466
80276
-50384
63664
-582
-21996
-83781
-5012
-76626
55454
72653
27005
-85781
72261
33927
20932
-56014
-54315
-93346
58061
-97178
39428
48419
86102
45160
45063
-3346
31214
-78191
-51966
-19098
35577
-73525
-58217
46640
-65584
-99188
24096
16882
49413
240
-95497
19587
-61756
96435
-29966
15473
-97323
23496
-21332
-79314
71997
-69992
-86850
-65385
69316
52122
-73139
4834
-73134
75979
60349
35300
68979
-85301
-51900
-67523
-66886
212
-94759
35297
14273
-66217
55882
21315
73102
-40139
22509
37279
-37359
-19050
78766
-77787
-10871
55466
93640
26813
71047
29114
2959
-98501
28299
74090
21481
-66911
67338
41869
-38883
94219
-23215
-29787
98563
53883
-50877
-74443
29275
67777
-94914
-15739
-69766
-68025
-16356
96242
-80481
19319
-54890
-48849
-24668
-70583
16642
90268
98768
41196
1533
91777
26633
98768
5923
-1305
-72409
91918
-1669
93843
70435
16117
-21264
-16416
55214
-93838
89914
84920
-26658
27675
82460
-58322
-48317
-67048
28102
-38789
-79336
-7506
-13030
-34412
42005
-40727
-41397
-8924
84322
86694
72290
97835
-56155
-88582
78491
-45325
92860
55555
26924
26218
54087
85385
42597
-91039
50524
-59185
97586
-89632
27422
-88196
-75842
-98653
-67929
-27359
-65422
14517
-97438
-60313
89371
76264
-5898
-67562
43114
84271
38429
51268
-25324
39064
57491
94744
-2342
-46232
37737
-26438
-9757
-55660
92600
96025
27077
-73894
42291
81112
63074
-82693
-94890
-20074
-2065
49237
-77893
26712
-90864
53408
86155
-46955
-97889
34565
-54639
-71073
35660
-69930
-62102
70313
43422
80622
53465
-91463
-48168
74534
83703
49451
-10953
21873
-55609
-65505
86423
-37419
55464
42048
24756
-76025
-41117
-24782
-99634
70049
72100
39895
44006
-69758
97222
-48130
43942
-22974
-19705
-70167
62621
91728
81435
-93062
-89944
-54101
24348
-38855
-4244
34425
77662
-20156
34303
-46521
57889
42004
-37402
-55266
-10464
-6104
-11527
56702
-40442
18704
21475
98042
41536
60823
-54138
-86609
44397
-47026
571
-80670
-74573
-46543
59191
-88458
-65173
70905
-15031
-79674
-42244
-10115
-80321
8805
24453
-98107
-25111
-34833
-41164
-5651
-90187
-564
-23948
32947
63673
11713
7811
21533
-25200
30130
40033
-57462
-34917
64184
-8412
-49453
-20375
75291
-64919
-98851
-84175
49708
32997
-91330
-62212
65026
-99623
9417
-95904
-13489
53732
-17800
64678
-67491
58546
-85451
17613
40555
-47406
-47803
62120
-22754
62950
-38191
-39902
-28378
9587
-68014
-46174
10286
12056
-82023
71049
8895
-20196
82873
63128
30770
-6496
-76782
64111
90832
-74701
-78662
-86544
58312
-14972
43401
-36990
61387
-48590
-15039
26738
-89848
40832
54360
1203
81023
23524
2276
78150
75780
-67266
86562
56373
-88429
81318
-7581
48825
-3318
-27682
69972
96123
82119
-32281
74792
-44105
-8866
-30161
74020
-963
86455
86951
-18681
66897
-37693
49587
-6189
-99853
-66087
45371
-9156
-4039
-38607
44639
80940
24536
-97541
-45049
95217
31809
-66339
-82281
-10492
51815
-8504
-36606
33207
-95521
-6346
-95178
-92358
90081
-34558
84149
10505
-20373
-90141
37956
-82058
96645
20870
58044
13838
-20577
29576
54717
-77269
29206
-26675
-65790
-14314
-81643
-33409
39568
18838
-41704
72039
32265
38170
-24500
-80991
-55907
-6914
-36717
74495
-93088
-49027
-81116
49981
36854
7220
42830
-11044
66538
-12785
98012
49053
-89826
-56558
-98412
47579
97565
-1786
48410
1861
-51124
58814
24818
-87561
-34497
25860
-94941
47477
-14423
73061
17910
79364
87275
-75946
63134
-48924
-37427
65922
-30415
49581
98698
-72719
-82540
-69756
-22203
-42538
-22922
17467
-15718
95477
87411
-55165
-56176
63343
18648
-61618
48938
-85397
50054
-54907
81692
-53341
2863
-16349
-52965
-36728
87038
2220
72013
64019
-63661
34318
17568
86186
-59860
-17518
92535
5803
-40929
13375
-93634
99799
-72253
89356
18718
-72418
78959
-54657
-81972
-85373
83290
-66778
59388
-61077
-79518
51185
-95372
83144
-39192
-81878
77179
-69284
48280
-46957
-10960
-70419
4806
-59493
82550
-2044
32820
-76164
-81459
-8863
-76624
82740
86780
98686
99866
41117
84330
-34626
20739
96427
-10547
41330
369
-51902
-78343
-63544
-46336
-25870
-37350
10641
73379
43408
-60931
76269
-55865
-36302
-65400
-42794
51032
86022
45962
-66363
-69732
26319
-41427
50948
38910
-31170
-51768
-8751
10214
35881
14225
-95380
66819
9962
52912
-49090
81322
14999
-90514
-13850
-75048
-4391
51724
-83487
56339
69995
-80464
11220
-99665
55857
-11781
34233
29101
67826
-47498
-80028
23614
3188
-18710
-27663
-96859
8243
-59058
-93684
74362
-24195
52379
39773
-9718
11949
42236
80526
-52196
-33406
-41311
-40390
63503
77147
-27405
-93773
59615
17809
33890
80752
-26106
49457
75417
-67950
34431
-52652
74707
-17391
53157
13853
58887
19655
-28486
-18225
-33601
-8103
20741
-43000
-33977
-7298
98834
82142
31232
23661
51293
-39595
-82540
80935
37321
-27590
-3324
95710
-29941
94942
-81059
57985
87652
52082
-36919
24869
65099
52156
75009
-28335
-67352
-11020
-17184
50214
-79235
-25219
-77037
98409
416
52291
-47059
-74321
-35421
1197
28759
-52316
66068
14399
49508
33143
-87009
52304
-37629
-50459
92818
50018
10510
-83167
-94599
-26397
55103
6429
-16536
-12673
49025
-77576
59223
-13920
-75804
30020
88231
-12797
-59797
61042
47939
54136
-59776
67933
-54622
6838
-56248
29487
-76632
-55208
-12464
-52492
-4372
32312
39270
43129
93717
4455
-18427
50080
-38115
-50106
15208
45572
-62857
90756
-47809
-58941
64589
-59148
-87361
83308
60322
-13239
54804
-50554
-76521
58417
28274
-57221
73801
73740
-16119
23328
-92073
54856
55447
-27102
23233
96987
55127
84750
-25556
-69413
-39081
-84484
-85822
-46659
-28633
83993
97142
-90136
27629
73360
85541
-46027
2326
90645
94552
51462
20903
31438
81382
82432
1969
-76834
43318
37862
-1117
92366
31395
-47405
-8966
-93990
86200
10452
-83949
-46058
-46374
-63073
-9248
17979
-62459
-58060
62905
-56494
15022
-71153
-84534
93820
-48632
-96057
77867
-93092
-8413
-11770
-55603
16609
90798
60389
8335
-27789
-69859
-93212
-71504
71033
-28442
-59901
12319
-25147
-53915
-72833
-79505
-62563
54687
30252
-32986
-69081
-57245
68140
-46731
11056
20684
63945
99265
36569
42532
92085
-94880
-37730
22947
82843
-74593
-35644
35605
-14815
-98112
-35169
-15847
12541
29121
-95043
709
-62735
62167
-60622
69671
-46108
-29574
24129
-47385
36063
-7975
24420
35784
-90784
99823
-90183
-61171
70750
-51923
92489
29560
31706
-49833
86389
93805
86815
-93141
-73601
71286
-51498
-59013
99762
2528
-15160
76572
-17361
-27390
-30288
-33609
-19242
97757
9916
-50755
75213
10015
-24608
99319
52528
-10558
-82537
-34949
36949
-99695
-40584
99066
-68358
-61493
-76047
95607
5518
-78112
63074
4690
-13479
68184
-82920
87234
4104
-75181
50212
70690
60057
5099
-72360
5794
-37921
47477
-59747
-38050
-48142
4199
28852
92939
-7561
-16237
2951
-50866
-96632
41298
38315
-65689
-2305
-55428
26613
15242
-17244
-66861
42358
-91442
21168
75583
56468
98302
-35074
-73420
35462
-36978
20877
3760
87595
86183
-83148
-62048
56648
-77149
86243
-88158
82972
2709
56337
-67803
90146
-77569
44360
-22675
-23837
-29273
-43895
-42573
-57163
-23037
-37732
-86679
89811
18961
98745
-39205
-38886
47107
8012
83825
-72866
-54568
-52503
60689
-25177
21446
140
16929
-16565
18323
95243
-40342
-41751
-60413
-74342
-5416
-80769
-79508
65403
91806
-8343
24933
32704
-99466
-21449
-66595
-4802
23302
17961
81096
-38256
57246
-91510
-51597
88645
-59298
-74010
-72263
22631
49013
8232
82254
-99351
4740
11029
-9224
20396
