500
-6741
-14650
83312
32129
-73104
27824
41828
-24691
-48559
-3042
2843
-40001
-18165
-75773
20633
-92489
-15110
-20122
-23174
31265
-3109
-84423
-51061
-56481
-8980
-42726
-59082
-57067
64752
92069
-38763
63120
-41202
-33933
-43545
-72365
-88487
-82828
-97888
-82688
48171
70053
57818
-79648
97386
-95251
1770
-19249
-50836
31002
83149
-47609
89911
43123
-46078
32839
-8927
-73479
-56527
-57441
-20522
58047
62664
18843
28984
-76573
32487
91850
97185
90792
9265
25706
-95100
-7375
-11453
-24847
20721
28764
45185
8186
92087
-87047
89100
17418
-49053
69414
47376
43647
49511
9992
-6407
54292
-12586
-56984
50053
14547
-41012
-23064
-42508
-58728
-80341
48096
20253
23549
2368
-88231
46363
40487
34883
13796
40356
8044
-67395
58264
-86023
35744
-54524
66215
-84743
-88069
-44958
17884
-12783
-83032
-52076
11700
31694
-16916
79982
-27626
-14061
30321
-79588
-5457
56870
27951
71811
76014
-15708
-19594
12037
5465
40149
56154
-41180
-64054
-11494
-30213
-4610
66698
40707
30127
49462
79753
-61315
-24625
-55053
-83593
-67031
27099
25026
-71999
46663
93002
-66921
-5269
273
-90573
95921
-42362
8292
529
-50789
-73137
30489
54774
-21874
70628
-76237
33807
7668
42851
90416
91600
-38521
75553
-32894
-56772
61016
79492
-28200
-92782
59052
14590
-37227
30871
87937
85990
15330
-15683
-21714
-66763
-2273
77805
95912
85849
-5772
80950
11552
40633
66566
-55471
61194
-34746
26886
73680
51001
-89670
37347
-88413
42982
84529
-68065
-92281
-63472
-61856
14463
-65588
-1731
94326
24604
14785
63390
-19251
38807
88381
-86448
61965
80234
15949
1151
26398
86937
-40267
-91995
-80249
81479
-51739
36528
43560
-13212
-10182
56002
-65648
63300
-91091
-87726
-74372
-31669
97884
66672
-3603
-53243
-25421
8741
-83483
27282
-61065
88376
29245
-96834
-64017
-58547
54182
88495
97583
-28951
-42566
-40969
80002
16657
-54210
23050
53619
-89009
19703
-85239
-42888
-69098
-90395
53372
-26756
-63235
49248
927
-12217
89319
52558
-99565
94221
-20028
46079
13877
-77616
13296
-60827
-85556
-1358
-31047
-16717
-20644
-98853
-41666
-69936
93015
-3326
31282
-63496
-38733
-60516
2112
-65872
-98409
81055
32137
33380
91887
69810
39689
-9890
40223
9971
-11305
13669
-34093
-21660
86987
-6928
-88907
15795
55546
10821
-94984
92196
95580
-93133
20945
-96163
60047
64680
47046
-76274
38260
-87632
-99297
9530
77175
-20085
-4232
-60505
-89811
51625
36536
92830
56790
16004
-29156
34271
-88511
59994
21549
81445
4623
-24442
-10352
39185
-88689
30202
66940
-72074
72329
-69797
-13306
-99264
45078
16185
-1128
7041
68652
-72534
41024
-17510
28088
16322
-43804
-81534
8548
-2384
33428
41526
91192
-61128
-48584
86269
-43364
27016
76072
29527
-86724
5562
-25382
-93694
78788
8549
69750
-55000
-10869
6752
-49530
-90072
-54452
97684
-75447
5887
89166
-7683
-60633
-23277
-95962
55549
-26370
38364
-84013
-36899
50202
82415
61575
48737
49540
-93784
76741
67014
-15567
95540
-33243
64218
-29669
-22087
-79691
76984
-33298
-85278
-72134
82271
-9640
-77878
-45740
61487
-189
71172
35647
-14529
-20577
-26555
-90251
-15075
-37160
52975
-65295
89571
-73689
64378
-86001
67122
-9084
-52287
-99696
48014
11193
-22233
-10695
-30378
-10990
-63388
4634
99614
-40271
46127
-23764
-91925
21758
82186
-98284
-92598
-51589
97829
50372
-64691
-3083
-97872
