5000
-2138
11051
-33122
-46451
43615
-30218
87372
-87909
-77056
64292
-13524
78781
45040
32780
-65479
-3965
-58473
92404
-61588
21804
-20262
32309
8138
6796
-57087
-37206
44631
-5350
-98566
1044
59176
81364
-59657
-88178
82262
49743
67058
-91225
-44978
3295
-36528
-61855
-22074
-63330
-21725
56773
76234
-1315
33482
-51807
40564
52709
-5964
-30304
-68166
-11736
-21503
-31868
18338
33545
-7479
-14142
51216
79109
-84939
-28359
-40000
-79044
8843
-25839
-44786
-87136
-6904
29740
-71886
-25991
-80794
40012
80522
49234
47613
45185
27856
40068
78662
-81203
-84117
-60068
95226
48726
34401
89195
-25511
-56442
94057
36843
55366
90115
44830
-94839
91535
38662
-94320
-87276
-7925
-17830
-40395
-83648
78300
52851
98749
-68586
13908
-15895
-58941
-84100
47348
-51441
87455
20508
22992
-85068
51096
-86796
77390
-78474
33335
61498
54541
-98819
59959
-77206
59810
-66789
55128
-32339
-85955
16126
-66222
45607
-43478
-8112
46759
65310
-70860
-54100
-69487
31618
-18268
69436
55643
-67427
24039
-7181
69324
77848
96909
83556
-73155
69095
-75410
12541
83724
83922
9767
-22236
31145
-6239
5250
79853
-69170
11812
64051
61621
15179
-996
16319
-74210
-24321
94985
-71624
79399
-45341
40657
-76637
-91674
-43136
-33654
42234
-51803
33281
13668
75468
73239
-5341
52406
-61822
-98443
-312
31651
79678
-42630
-66389
-53527
-38308
-71497
39342
-95098
8218
99091
25744
40647
-97004
-93213
-63174
27886
-70552
-68574
-89096
-27905
71864
17549
2565
82983
-78003
65950
8510
47242
-79208
55010
43385
-72665
73685
62329
24431
-93270
-33207
52714
-7340
48335
47722
49953
19464
-9490
-5347
-37114
6245
-21721
27417
74938
6329
30442
-27605
58480
56782
46243
-21484
-1498
52836
88321
-3891
-21633
-99520
62434
7467
-31873
157
-77027
-50852
26914
43393
-55509
-89647
99161
13483
60274
-70026
-41374
98472
-35088
42396
-42877
-17723
10368
23352
-91102
5407
-96820
81221
-1916
15318
93840
27268
43744
75424
10246
26020
27423
2170
-88140
-8580
-38093
63800
-10482
94580
11217
-93762
8648
2756
94540
20999
-34371
42580
82447
-1886
89653
-78653
-81801
-28738
66902
61764
55627
11418
73066
83874
-95143
22686
4745
-22236
-72082
-2680
-43677
-27765
-73551
-44481
-38292
85240
-46692
-82492
-16348
45354
34968
21510
15426
-1946
2485
60372
4412
75823
-3581
-34771
66358
-80395
-74288
31411
36165
-26998
-30787
87742
-97314
58191
-15297
22797
69215
13805
-16976
94616
11322
-68097
-72113
-49023
24186
16397
-97318
49640
-11725
-57164
98759
-97251
16715
-6943
83098
-97487
15262
-56260
-43483
-66203
-33326
-95391
63522
23172
-88519
-41527
5350
67533
-25124
37767
63299
-78200
-57494
18607
79165
43257
-21187
99473
-7642
13810
-86267
-54493
-41703
-11965
40211
-29892
39311
38733
-83004
-1411
60833
36341
-5304
-46710
-63974
25460
57358
93558
22392
81034
39758
-18243
-25856
-42030
-19918
-33238
54971
-38671
-20190
14361
39056
98856
6635
-2473
-10625
93898
203
91493
-58824
-87033
-96741
-55204
82518
6310
25
76458
-15237
-2159
70225
69818
-99576
-61110
20968
-90254
72249
-38852
-55227
27542
38748
90220
65244
57482
-30932
78734
-15592
44724
-35442
24372
-99227
84864
-32409
-23967
57751
-77699
89560
-37188
81402
92388
-57129
17504
-42121
64889
43307
66512
47519
85002
-43261
76040
47895
-10795
44468
-83730
-58143
38535
42254
71784
-55357
-96226
51097
-98553
-22699
46703
-63375
74784
75500
19268
-57541
-38020
37471
47389
36995
-87515
98802
-51049
-24012
-45855
37735
49387
-71501
-5829
-54563
61325
41432
-64772
95970
30004
7561
25657
46621
-63687
5109
-83066
90641
-5671
-80214
-90936
-12913
21525
58388
76008
-31429
12025
-97261
-40732
57016
16313
-24521
-4481
61939
-32842
16539
-64423
-90295
23008
-21541
54041
-23978
78262
35571
44806
-28645
-24662
-99723
49973
86539
-61152
21287
57245
56882
-55916
17975
-24826
21058
-2726
75099
6432
13628
91137
27401
-47632
28728
-6639
-25136
-89755
27665
-73996
-45678
3017
-73105
94833
96926
47635
-98062
-37933
5870
91993
-83145
64296
-81158
-40030
7819
28709
-3210
34522
15978
1639
-529
-80993
-10382
29012
-84675
-6472
98281
-46112
-91994
70309
51431
-97940
36624
-74671
-40606
76552
15904
15268
82388
-1383
-84365
4597
-8565
64214
-95945
-11171
89357
-90900
28776
-56474
-8667
10882
-43997
16163
-49266
7127
2984
-76583
-64389
-80698
38129
-80037
6273
-9428
-20247
24051
89762
-28704
71755
71868
78583
-88863
-10472
-47795
73529
-15602
66100
-28656
-77076
-96242
57886
-57680
-87640
-38577
-84790
-54032
-12731
79468
29149
87001
-25502
-95192
64324
52620
-14638
-35177
-96142
55733
-2012
39900
-73868
87392
-29490
-36659
-15310
-48731
42357
-46093
58628
88319
37724
-68819
87086
-75589
91622
-59980
78010
37132
-74999
-97608
82801
31419
88658
-1430
81717
-3269
87566
-13933
58430
30555
-13028
-52703
-87249
-18924
28365
-35838
46420
-23998
46389
-75863
9979
56432
-30447
-82
68396
-30260
78996
-1966
12421
-97735
80208
-9376
-27273
76803
-60994
67118
27351
36014
-29078
52419
30561
-40985
-52098
787
85840
-38180
-98264
9445
4755
-17433
-58005
12501
-99732
68709
-33665
-79050
-95254
-8603
28774
-48945
-27199
5565
-23347
96454
-40829
76470
-71846
-12773
31165
72935
-47080
-26293
37808
88863
22717
-86251
85547
-28804
45460
64920
81986
-61160
39179
-11237
-34579
20259
-26981
-52249
94783
-20020
53007
58511
19520
-70823
-77004
50192
83690
53591
-16164
87571
-84227
1195
-91762
-4145
47487
-44154
-25331
-28789
56467
-71241
-25085
-82175
-61515
-78310
81739
45854
-82864
59182
-27752
85862
-45124
12549
-64379
59701
84695
-46956
-11335
25696
39039
-89110
-21514
-46662
-16919
37822
62335
-1613
-1183
88225
55972
730
52318
-52718
56107
-26430
-19583
-78288
3677
33475
73450
69898
-61014
-69864
-83209
8274
-69127
67814
-77990
86257
-79984
99868
-57066
49524
14237
-10315
80534
76835
51679
90522
-64854
96178
-67404
47013
-88033
66641
-42113
-84607
38457
31838
-83723
41581
72527
-49158
1861
73375
71748
15993
24482
-26811
-11875
-71757
91438
-46426
15364
-73608
-55932
60712
-92968
-40864
10658
-66774
2543
-86913
73457
-31791
-98519
-9672
60979
-38111
-91598
41513
-59384
-4287
-70253
-91772
-50723
-91935
-13643
30205
79090
-11785
22644
61343
-7035
15588
-91172
91706
-78112
-7050
63875
76535
-5700
74310
96835
3468
47697
84994
96722
93450
88891
-45179
95487
65683
56266
-12254
78026
93226
-6810
-512
19681
-24541
-92195
-417
76019
-6663
-10677
-66503
-21389
-6082
76197
52483
79979
-42579
-92446
-74158
5946
-58981
-15546
-81381
48300
-21364
-49652
-57069
38836
15842
38831
32949
-48568
-79376
12245
19234
-91623
-17299
-66023
-68638
39790
82309
-68173
-79672
-63204
-18743
27142
-98956
-3420
92229
90502
42035
-13783
87922
24388
-50943
-12916
-9150
69016
97902
-78618
83865
2986
13405
86625
32796
34333
-855
-30669
84961
-90152
46243
-80903
-10554
56177
-73737
-19092
8989
43512
-88723
-55550
-16059
75550
50123
-49629
91412
-48063
94807
10182
-21776
22869
57145
-21848
-62915
99760
-35905
-17943
-22160
16753
80251
-58557
23235
-43954
75847
-72345
-96511
-30406
-44759
55350
4929
-54993
-39023
-68456
9455
-17699
34559
-77827
16197
-31633
12801
25710
-53606
-92682
35226
88143
-55599
-49868
-36417
42291
-99662
-3385
-36101
-42532
2517
-38159
-27150
-89458
-27014
3712
21122
71118
-8394
91614
51909
70332
-28600
37239
-72973
-46326
-3958
-38078
-47323
-20072
56963
-10257
60212
-850
-71911
-14292
98176
-18027
95332
8019
76108
-44974
-23715
-13901
-60665
-83520
-89803
9657
1574
76553
-13182
20154
-90516
-82560
75284
61920
44107
-25442
-49882
35120
82084
90328
86768
4148
95019
3481
-86055
74761
48934
13025
-76022
85831
66836
54138
-67938
88200
80746
69010
-44363
35223
95032
-82822
6120
-13833
54187
-63366
19095
-44851
1835
89614
-43107
63723
-33627
26498
-66843
-62791
-65373
-22555
7126
-79230
68502
58797
-3798
83416
-28490
21095
-14692
25061
1472
-78248
94144
-24944
-6370
-18827
-54420
-50808
57637
-93188
86228
74480
43320
-79122
-60044
29223
2953
-81047
-89114
21747
-95360
24549
-50029
48201
13492
-66805
-56058
-84677
42070
-17491
-89124
-54594
7789
25126
-66536
-60585
-57157
33935
-15277
48930
66623
-81253
52752
95359
-74988
70864
-6866
-35238
-8201
-22621
-3082
-94764
19365
-19410
-12716
-71917
68579
66896
79651
-40797
7575
94881
82785
-49849
19732
-4592
-49278
94048
66163
-61732
51488
-75207
46364
-46677
-83761
38765
-82076
-9782
72271
92789
27921
38722
-35045
-57902
90296
-92013
-98978
36115
-59385
-37936
-52731
-99068
-64865
-23082
98735
-84557
75865
-19222
85057
-97696
27434
-19985
40087
9984
-71775
12032
2453
74606
-65203
21168
-77477
-89233
31867
59291
2455
-91808
28700
-35415
14068
-76482
79046
-71265
56560
-75502
22289
50209
16715
50999
-38558
-6776
47195
56585
-92732
-69732
25468
50732
-61711
79918
46437
-8266
-96975
-38251
-27689
97530
-34278
49283
-15314
-55246
47669
-50877
65306
16648
-51903
66065
26279
24961
-42991
9941
39863
51911
94864
55678
-57518
-24431
-15579
-72521
-52972
50993
99569
-57335
51461
14777
-85515
-48883
-17082
22411
39953
56972
13030
88060
58279
-62475
90260
29349
-5538
92538
-89297
84422
56323
-32505
64378
87638
24969
98655
94507
-56405
98545
81685
-27422
9602
-84923
83301
-48713
51116
6654
-467
-73620
-59562
-12475
-8437
-22399
-40653
99799
-91564
-48985
-77688
-16895
53741
87820
38355
-74613
43210
93909
49881
-49871
21185
47594
-2421
-67636
-50422
80618
-748
-8176
-65067
6912
33730
84142
-47992
-9907
-13490
-38438
95700
67781
44233
-21529
30643
-59114
-92123
-91571
79104
-72894
-78690
-21171
-5454
98766
70339
99115
68534
-44590
74341
93466
-90327
-44431
19675
27446
-5137
-80797
32558
89771
-5261
-92178
-71384
53107
-92421
-9292
16052
-74116
-27546
56613
-49102
77351
99845
-46444
-15270
78765
-36396
90663
50186
-804
72340
46569
36269
17407
-67770
-94918
61834
-94948
-3387
25062
39718
65111
-1024
50130
-18345
79604
90964
3090
12199
-68678
-28926
-72936
-66719
-83213
81298
93192
79675
71567
-23613
27815
-9761
42472
-54099
-40015
-57064
15712
27253
2889
11734
1638
-23955
96907
57821
46104
-43258
-24195
49488
26178
34674
18277
56278
-22651
-76070
74868
30951
51155
-96135
94688
-22923
8599
41300
51919
16505
-64335
-31082
73583
84696
32607
-61813
-95326
-53006
-64457
93497
-10793
47688
29905
3031
59060
27591
-71295
-94485
-22417
-50379
33025
-39869
-63556
85303
-8274
85391
36257
69244
-54423
-44007
86309
24650
33694
-68829
88294
-90589
44769
1116
-59574
76819
47604
70142
-78962
-39079
-41435
97159
10426
-18896
-26796
-78383
-88651
-40455
15763
-20848
14965
-41850
41254
6888
-27826
78085
-3031
-75863
-62932
-16633
91281
32936
-63780
96684
20746
9403
-36540
-45395
52160
-56112
42163
-84474
-40518
-11286
-42925
-45442
51488
42746
-66565
75092
-70947
22486
-26527
44680
-4001
-71272
82797
24451
-34757
15126
-66712
60451
-40018
-94023
60435
-23833
39743
-17796
-91372
68532
72704
57731
-15797
38146
53619
97365
67780
20518
71496
66552
-41851
77756
52484
-20184
-37178
-30096
81278
-24397
-68480
-61207
76100
70196
41374
-94125
59866
-84822
-60912
-59448
-48158
54772
5311
-44261
80087
-32341
91547
2176
-32333
55260
-80945
-40101
87409
76384
-34922
12387
-77907
-24678
-77529
61363
47911
46541
-11252
83885
-74970
98647
34833
-93365
58233
-41266
61015
20868
34072
87094
-31224
-7401
-33686
99356
-24284
14262
64928
-83887
-92166
50386
-99202
91270
88243
-10561
46650
74049
14217
5317
87741
42746
33877
-48446
-59450
69524
-251
-15873
-58770
-32773
-3412
-8947
35078
-71082
-19085
-40485
-30052
73513
14893
45720
82013
-5813
85193
68287
1684
-63362
71392
71044
-65584
-47952
-51090
-22695
-57244
71437
71454
22429
48072
29887
19646
94114
78045
-47805
87378
-34343
-49778
3113
45572
-99940
20754
-34520
-92295
65176
31438
-66533
91326
12949
-41386
-64548
27489
55716
52052
17404
9628
39844
-50367
220
92653
63216
-69679
-83349
-7743
-61592
-93076
-82884
31054
61403
-80106
-87294
16896
-49138
-62161
98923
41355
-87636
95574
10519
75103
-35255
-47575
49012
98938
-53100
-22360
80568
-97577
83673
77880
71097
-16380
-9231
4739
-72276
72849
44551
50236
-92808
-49500
68231
87168
13430
57002
-14044
92312
-44408
63080
-23098
-48101
-85293
82159
-18033
-73679
-41702
91182
-65399
6002
-73480
-27295
-98450
-45652
-18630
-69912
-28205
1220
55894
6066
-26447
-32269
48588
92760
35153
690
97368
28294
-19052
94513
-28079
-17708
16348
-77696
-52382
27571
-54245
43153
-55966
3266
97334
42452
-51183
-56448
20053
-85950
-59471
19804
-26999
85750
29182
-3095
-20709
-77515
28364
95853
-69011
-41330
23869
16984
57039
-21539
795
-54766
-39007
-9815
-85672
53421
94880
93613
-92705
-49990
97039
3572
56534
-92937
82178
-13603
12275
-95258
-53110
-81026
32184
51961
-69448
-67803
51276
-16471
38160
43386
-7624
-8731
30412
76288
92858
52904
94409
5114
84809
56483
-73198
-2838
21543
83034
81736
22773
-26084
4939
-26518
93282
-69356
97608
-66617
-37439
-17065
30886
48253
-46680
80672
-2930
-47828
-44711
82653
-60240
-27715
55295
-57022
-46632
-30199
38935
14474
-2983
3047
-66260
59788
-67675
79253
-73606
-19786
41982
-21119
-53900
84904
-90105
-82763
69537
92655
15284
-58210
-84063
-72676
85857
16055
13710
51393
64702
-23785
48766
-27385
95591
-32493
31332
-81489
97809
-79151
-13546
-14109
34080
78570
16489
9528
-7402
-15109
-41608
47747
-92121
-35191
-30396
79125
-12184
-55794
24181
87764
-30427
-39516
-89985
98103
-82927
52429
80224
62877
-60584
-11683
1285
3467
-44847
58308
-83060
-80896
11791
-41156
58725
-27401
-79913
61579
71889
68473
10155
-83403
-23219
-20708
-69371
-24574
-8952
-2149
-6240
11559
-38065
69139
88367
-21548
14153
21592
59761
-26535
82590
-80078
41948
-16074
47924
17463
-9226
51325
-8559
56838
7171
-59098
96292
-39587
19481
-88017
71903
-82600
81167
-40978
-93955
68551
4180
55221
83873
81962
80731
-21344
69343
-33524
-25740
91261
59859
-92999
71798
-44007
63983
79708
69721
83555
-25581
-68038
68512
-41601
17173
22533
47091
98666
-76192
-11298
76491
-18491
-79112
35050
70
83776
94875
85648
-37286
39972
22211
78796
-32986
52284
8457
-25677
71588
-62687
3171
643
89211
-43551
42446
-18970
68785
-61556
-18873
20676
4030
-54630
-78158
-86847
87675
88828
98846
-89894
6201
-31746
-10272
-5545
-94737
60309
92892
-28754
-84341
-76085
-30494
73908
-34007
48836
-84108
-18496
75489
-12693
29414
-10082
-55237
30270
-34594
-98899
17662
37364
-5765
-9770
-59162
-40057
34962
-22231
-61709
-54431
-99436
23061
70622
-50521
-64245
-90044
-67225
22492
99907
95057
19529
73204
-34427
4455
-561
-14282
-99009
29495
-3520
51084
-56961
47317
49782
24298
-45858
-59920
-18931
-18855
-94663
46060
-94538
13279
-80293
-56098
79595
75405
-21897
50723
-87491
72101
17168
-34467
-42167
62629
62011
-32244
-43895
-22860
-27716
-58492
-83002
-85464
-34866
-43376
72619
69106
-48321
-88796
39350
33959
54583
70839
-75705
90091
-70631
-35579
17243
1212
-16575
-70625
-61294
8280
-60626
-42515
30124
47628
-12551
99522
30482
-36837
83139
-77158
-41455
-15481
55022
-27469
79137
-52673
-33790
-72700
-61405
-83548
77743
71326
-31958
-14151
-89166
24542
49649
47464
-88112
31756
16490
-35285
38207
34260
99958
17373
-79260
13919
67504
42014
-72393
-72052
-99229
-24036
19587
69584
-14180
-32379
-93494
45927
-42597
59910
58630
38837
-74461
-80962
93193
66878
26289
47172
1606
-62018
-69239
21201
-16664
-30745
-39189
48076
-76576
-1227
22629
49393
90108
-99537
10114
-29732
39731
65148
-81184
22584
53053
11038
98335
-70145
-64673
78672
99061
90924
14276
-25672
-865
42309
85511
-6519
-4558
18238
19982
54713
79952
4876
89296
43737
-26762
-69368
17526
26774
81137
57595
-87393
-54774
-72848
28044
-62850
-896
77429
-26621
3871
-98173
44582
61945
-95225
15009
21696
5790
27128
-12991
-1173
81959
-31341
80670
50792
10002
-13288
99871
41446
94807
32585
84181
-47372
61101
-65362
21008
10129
27253
-34063
73566
56608
83527
-98071
47969
30840
-66216
35508
-12724
17623
-95035
90044
-91718
-15050
33918
9053
74923
-75529
98898
-31843
65307
-91461
-81582
-98599
-39935
-76080
22629
58305
-51487
-42681
83560
98682
-63346
93540
75391
79714
-76352
-71761
97213
86000
-58739
63848
41516
-86280
-40248
-99753
60281
4302
11251
-19263
-41025
37955
-66847
-20809
-16146
89483
32941
78664
-33449
38783
-90224
-46314
19736
3581
-46941
68998
13855
81709
40946
98321
-28836
-54625
-86919
-60488
81927
51920
33534
10836
98571
89292
42186
29003
-41778
-63699
98181
82591
45406
22849
-75475
-25760
98041
-98487
28211
-90110
-3272
414
-78094
98953
-79654
3055
34893
-21536
93097
-18267
-11613
42250
80715
-64281
24241
32240
69352
-80519
20165
50584
70898
65087
-54117
8886
17493
-27808
48278
56861
-26179
-47546
58076
-38514
-93633
-3711
-93874
-77711
-87003
87563
-49501
-63647
-54119
45734
-21408
2978
30700
-80734
57910
15278
39940
-1797
77816
69228
45920
48286
65719
-82878
39497
91212
92475
75009
-74408
-25320
93665
-73985
-47458
-90870
6348
-41213
-23245
-99610
-26039
-82216
56094
-57338
73603
35332
16734
-39196
-75873
60755
33043
64500
41909
46476
3148
-51410
-57044
25669
-4498
-89303
-96463
-65070
-42179
51299
-80108
-5607
46346
-28323
-22273
91777
-391
93283
51731
-68471
61550
-44950
78304
-1931
85780
-93423
-12223
88418
36617
-4086
-89773
-78341
-43990
53202
13072
-91260
-71114
-96868
67403
56340
29025
-25268
29770
96544
-43016
-66082
-41413
4721
57003
93543
917
76600
64700
15540
-94580
-22344
323
28239
24112
-12447
54875
66144
-5213
-72323
-52435
-51409
-88907
42691
75350
74119
25758
-33591
-39752
82294
-47529
-29481
-7014
-35726
89173
-59433
60477
-79850
60387
-7896
42684
32201
70363
-16175
42718
-58881
49792
36306
47932
23321
-6597
-64937
-7223
-17368
61488
74758
59971
-99569
-7811
-85897
-76747
27206
-35377
87619
-77146
-30661
-70368
84213
3554
72659
-85039
-1442
23138
-34034
-8481
-20219
-13478
-1976
91717
69946
-7520
86683
62190
35339
-45644
-53470
-31338
-25712
-36368
33241
-51524
-44511
25101
12384
61254
62760
-75889
-42338
47985
51409
77519
96322
76658
76254
51235
71205
-56530
10902
-34069
-38005
-29933
52445
-34309
-36151
-1839
91039
-95328
-4928
80697
-9946
-50287
64327
-20816
73868
-25676
-11417
-39089
73674
91913
91263
90971
-86674
93239
56456
8220
87915
-44815
-5901
48348
-48245
50565
-96337
84541
95103
-64319
88390
-75337
-46057
25026
55847
-50066
57356
-36070
39230
-15508
-25349
54173
-15489
-15104
-85587
74184
32131
-22286
-50415
-37809
-63799
83553
-12533
4866
-67747
3772
31461
63643
-55146
51289
-70557
36838
8824
-29451
-48139
-78195
-94278
3273
76614
59839
-82973
29445
27634
-515
-31410
58091
-76908
-2879
-60020
23435
-66820
14347
92584
75991
-43264
99721
1157
48930
32106
-58014
26788
-93446
-23793
6431
-49278
-67938
94591
-87306
89118
92958
-23656
-20747
-22952
6030
69557
-19384
24437
31078
-37820
22886
1471
-79431
-5195
91614
7050
-83824
-89969
68026
29201
99939
29021
37517
-24514
-6285
54149
-28514
-22584
48582
79224
-1039
-96457
-77504
-3323
-88850
-9533
51803
88649
-80079
58010
21955
-61567
59309
25153
31697
4608
-52675
90514
61409
-87813
11785
-73181
-25710
4098
76945
-26489
-62823
66697
11417
-90642
-38910
-83483
-94095
26920
-81531
-75438
-98272
69638
8385
16624
-80915
36705
68760
-90033
87305
-97548
9062
78623
50204
1124
-98082
29898
79338
84193
-15421
-13475
66722
-52828
-2240
44769
-92605
-92520
64358
-10680
-56021
-57003
-69696
451
97662
-48505
-76077
53617
84399
-90835
12279
16625
40302
-32898
-8692
-58984
-83602
-85338
58459
12862
-65454
-24211
-29621
48307
66867
-58183
96701
83791
-67120
98858
-70716
66663
-80173
77731
-75004
56540
87676
-26839
-37274
2445
30189
38819
-41355
77356
50448
-12095
-7784
90862
-92376
60473
-28436
77404
-15501
58861
15741
-23737
48441
12585
-58718
-61223
-70987
-82680
17074
80710
86236
17398
91558
79328
59086
81615
38733
-49718
-19816
-45402
-60378
98308
65060
92643
19485
-73370
44798
-40892
47525
-51160
-8765
64324
-42322
-99299
1640
56088
66244
-53696
-26012
-66474
-71036
-6041
7420
70385
-74053
-94380
56425
55711
-74660
-7637
45159
-86501
-65570
47933
95260
8966
-83664
75202
18595
23593
92250
-40858
-45451
-51115
-23503
570
58356
37419
60470
-13685
-62701
87416
16973
-68784
-85852
8824
-59819
88125
-46849
-41540
38120
23220
84044
96678
42096
4443
67566
69136
16804
42120
-68148
47948
-43426
21593
47997
86726
79003
30689
-79920
92678
94990
-10947
75125
-59054
-37087
-85628
6922
55792
53833
-87268
-74554
-81975
79428
-33814
6716
-48023
-90318
75937
-74099
-50013
25741
4732
42669
8402
-32441
56966
-90352
57018
-34561
-74538
63792
-5876
-225
30873
45182
-1400
-99820
33031
16290
70589
93355
21880
20849
-89940
-15163
23247
-37845
-48245
-16009
-9004
-63443
42149
-22080
90080
-66311
2782
22183
82225
65888
-45355
-98127
24670
-30454
39906
78332
-39260
-84446
-31682
5692
-51234
-88800
-24190
-95409
-14189
32756
97672
-97474
-55062
99084
31726
-50030
43704
25346
52601
3601
-4294
-30491
84373
30548
34398
-35293
64058
-38138
-71429
60624
-75349
-81733
-71838
-10795
21017
49066
16972
-70089
51684
-8631
14514
33283
23681
5315
69628
-53420
-20298
-25639
-21679
19584
-90558
-41262
62477
-19739
84891
-58400
71441
-61749
38095
40849
87667
-10
-1844
-9426
-38058
-93877
41467
-35212
-2923
42588
21254
-65428
-98791
62930
29691
-64343
19339
50806
-65720
-78434
75554
-63268
-74842
-54695
-26019
-3156
80979
85664
-71603
76750
58167
72551
7306
95538
25064
-85910
50374
-35079
-89527
-36627
60222
5635
21069
86350
-9844
96854
40025
68803
95770
46183
88136
-43466
98609
-87543
-64952
-38342
75247
-67537
-30047
-38872
-2281
-993
30230
50779
-63998
-18250
-85596
21252
-80588
-99950
62055
98218
-98358
94879
-22820
12097
41423
-86783
-56447
-60250
-16211
37403
-51559
72693
4352
77242
-58676
-7928
81542
-69726
67050
-7348
64883
65074
-34096
-95807
-13151
-40778
33763
7246
65125
49545
-77126
-93954
52413
30501
33944
72987
3621
-88887
-96106
22949
-95800
44805
-63520
35823
-67500
-47707
48726
11863
-73370
-91720
-67950
49888
-13595
71036
46537
-74450
8042
76007
75082
-17635
14941
25556
92068
-64259
-71397
82697
39077
7214
-14509
26785
16572
24853
41264
-6693
28032
5816
43568
-71427
-57719
13436
33812
86694
-98948
-98760
-9552
-64977
72421
-62475
35554
-31299
-25731
-61435
-36705
-6361
-47606
34428
-36567
85438
-2139
-13616
-50083
64829
-83433
31113
37736
-46002
-52579
-7388
-67046
83383
-49077
49802
24531
-3809
-21555
64616
-295
65345
-19512
-1430
80460
59820
15135
70169
-33104
-94220
-58095
-12657
7658
45433
-67329
34131
6790
66065
-5557
-18923
-71819
-60011
38813
-64697
-4332
10885
-73793
-2859
-48345
-15015
19560
-25021
46052
-61915
-5674
-9374
47468
-48601
85268
-7569
63445
36528
-12261
35080
-66910
-6227
-37419
40012
-37100
-15278
-37124
-68466
-41959
5858
-61663
-13516
-65501
-24291
-96887
83890
-47916
90438
-93774
-83809
93013
3983
-88141
66993
-95546
54755
-14591
14234
19151
-17712
14926
6270
20693
-65328
-11701
-17201
-45687
6066
-48113
15047
26522
54186
58064
34241
98699
-54095
59597
-24651
93215
42202
45710
-14002
-6608
55731
90755
-83350
99550
85652
-94774
6765
-51227
72519
90252
15042
-51960
-65005
29894
-32720
33898
89703
-96474
-81644
-39493
11104
-78261
-21567
-30129
-18313
25519
-26128
-30454
-86454
29857
-58331
-72328
-38971
87850
1313
47481
61037
-29166
-69890
80793
62345
-64517
39338
16062
-56403
53482
70466
92283
33188
7846
8202
-67583
7033
94137
99335
-23500
56354
-26029
-94598
-55908
-44854
68558
-70279
42994
-49606
79949
27179
-5734
-38813
-73987
-80673
-4879
-42806
-22467
78473
-61317
86032
50714
99419
-98753
-67619
-56013
-8324
25455
-55319
-70532
-8728
-27969
-87130
29277
-9244
-60074
-57522
-53062
-71012
-63582
-23612
22286
-57765
-12346
-55639
48688
-55195
-77713
-84930
-64712
97204
57284
-78223
-25477
-70450
39611
27526
-73935
-74113
91849
39523
-86600
57784
27121
-61832
-30031
-29436
-90754
22025
77001
-5853
-75700
-59815
-77038
48133
73088
-24075
-46065
68580
17047
-49958
92431
-91202
48860
27779
-6928
48878
-40205
-72173
70533
78502
42131
12956
-26798
-42677
81681
22154
-78604
11181
-45545
-27024
-94307
-52830
25139
40492
51261
37630
-70004
-22728
-84099
5744
24303
-39472
41509
-35268
77255
-22788
-65442
86545
-15957
-94599
37521
68422
-88942
-91128
-32979
6710
-1503
34450
88584
2612
-7835
65846
-51747
50989
-93476
-57359
-50636
-16935
-15442
-94423
39775
-67235
54009
-4714
-38816
36225
23626
26317
-51672
-20023
-89497
-46741
8122
93810
-96375
-4390
90350
4298
-76185
71363
13330
-50004
-32659
-96112
79851
47447
-17973
15324
-7591
13931
9962
-13958
21848
66303
-51590
25951
-64221
13089
87015
-83411
-6669
-91925
65322
-72868
52005
-10690
68668
-75961
-40263
-40034
-99547
33169
-77514
58986
-69518
79666
-78293
64886
-25916
-92382
-98991
-3577
39621
9568
94221
23530
41910
-93665
-79407
-52751
-95580
32206
73698
-67765
95418
18626
-67148
-80321
-80145
-43453
31921
-71547
6111
-42832
-50471
-52607
-36936
10639
12546
-99299
4811
26357
-26815
36673
33282
-17074
37473
36594
-21327
-8886
-64944
-892
-46459
-43547
-32934
-14851
94681
-87791
20492
69896
98727
66625
-81542
65875
-59557
-68012
14621
1669
-33981
-6308
-19820
93663
-25181
-97141
46731
84078
5158
-24839
28921
97642
-26194
-62507
-98365
75759
42316
85285
-77954
83797
-31029
40827
88018
55342
54311
76662
-33414
-61349
6491
51314
-7577
-23989
31064
-63219
-36156
-94190
-50159
59991
-66155
-74399
39539
-79723
78968
41640
15923
53682
43406
88389
66687
-62013
-89933
-58841
-50986
74421
-46040
95748
-20749
33622
-64430
-24269
-40860
61436
-90532
-16538
-77766
44118
-83465
-26040
-30055
-45875
-97471
-68881
-82513
30614
-35325
76094
-54014
-6121
98453
-80230
84065
-75021
-37284
67527
11260
23412
38388
40030
-19248
-60716
8488
53101
11450
52008
-58146
2603
-23251
-7062
-19888
-78250
1151
97313
30261
-61205
-67107
82863
20606
-16831
44831
83703
-27204
-21757
-90249
-19992
1822
-60280
13954
44267
-35944
24081
-59263
34725
-53344
21598
75297
7913
93458
19629
-51210
82045
-96076
-89520
-43193
-76473
4435
91498
-33214
49365
-5812
99526
-4912
-55034
10151
-40109
43523
-99561
-16035
-9280
6572
-27379
93498
-71504
43530
-11588
48669
36186
-21859
84211
-56355
-77504
-29288
6533
85254
48586
79604
35124
27777
13247
-63455
-16197
-8943
-78625
-62697
63480
53050
29919
-15413
-99020
-11332
-16447
36222
45905
-45443
-14384
-21713
42319
-68028
-73355
-53199
95034
71713
-85895
-91881
51444
6123
38040
-39349
7834
-29471
20350
19710
-45930
33970
-80031
-15879
92673
51609
-67654
29523
57266
-11681
9377
-36101
680
38340
37444
56117
-76720
-77192
20675
49122
-92685
-96316
26604
50615
-70146
-9978
-65906
35536
-71185
-70503
-76484
-49187
29530
-37357
29472
-73222
49301
96360
49720
-43299
32070
78123
15090
75817
-22265
52917
8288
-63457
65203
-14946
73816
88180
99408
50280
-27029
94525
-43751
38652
-80064
-17146
74982
48332
-88180
45635
-4678
96215
-50960
32350
-89623
-81141
-92498
26415
40420
-44924
-8375
-44470
34595
14835
-69831
-80399
-3475
-80934
19080
-29270
-75449
-63565
12300
-4116
64311
90480
82113
83379
-10189
-88034
-52222
-87053
-24213
22179
99044
37097
87728
63526
-4240
71244
13695
-77619
73530
-67102
14830
-87263
-20830
-87312
38514
56015
41639
26314
55563
-96248
7075
46216
-21748
-95417
-50073
-16423
-63093
2290
7795
79217
-51551
13338
-92142
26782
1886
43613
86480
-3528
-30068
26539
-17127
-71561
-22370
59749
53872
79391
1526
-14239
4040
18838
16144
-46454
75907
55062
75726
-95323
82756
-31171
17440
95278
19251
31617
-98289
-97952
36428
14978
-48153
37588
-99100
-58184
-67841
54465
86330
-74549
-52314
-14750
-57290
-51390
90220
12917
-36223
25171
-86454
-673
20032
71640
-28433
-86163
-40274
-28189
-4824
35701
75668
57640
-534
69915
17064
8345
65919
-99537
-94848
-81393
-96117
-71308
-39887
-31644
-40070
-21060
84360
-63523
28745
64686
-89436
57156
-44051
72426
-36497
27733
62307
-70717
-53769
61646
-10859
-30357
-18771
55849
-94234
-7124
11768
68006
32090
82834
4983
-26303
76261
-70105
-97326
7043
75535
-87338
-46469
44917
56512
75953
24903
48751
52974
-42802
-65565
54286
-44960
-73780
13748
64452
-28003
-96332
-24753
-9591
50998
-98246
-62382
10735
-54035
50402
56221
98003
-93119
99263
-77456
34735
74519
-56554
3299
27725
-5114
26146
76476
-78826
-46273
-38863
-41936
68297
42583
32556
89337
82887
52403
-9037
65872
-83254
72591
81831
-22904
87990
-51093
91073
-96761
-40120
-67886
21023
8545
53611
54216
10655
-32558
-23319
-62705
20644
-23464
-37762
-33898
-85450
-76437
37193
79359
-1914
89242
48988
-69621
93198
-19773
-47118
-17243
-46697
-46417
53824
-45176
8084
84104
15844
-97971
-33428
-12297
-98758
53397
87317
-15266
29902
57423
-59684
-64465
-14421
-19098
39745
-15321
-24878
34378
-96258
47595
37638
-96038
32872
-43523
-61756
-23829
9007
-89957
79825
83512
-82944
-16140
-51989
-53018
84169
-97976
-44255
98609
18012
-47589
-1666
40825
19245
-90667
-14175
-39133
-70346
-55175
-81368
-18579
81658
-1600
35339
30610
27045
-14959
-81979
15638
-16046
87456
-42964
48047
-5529
32480
-37470
15824
-64229
56614
32548
-21933
-52584
-51236
-85505
1921
-60357
-83938
6371
18177
50681
-24012
-63856
-17316
38811
-14675
429
-25495
40489
8084
-62985
39450
45669
55506
-55082
16033
-33426
-77985
-72692
65920
-87866
84774
80006
-13204
-46355
-45899
-31467
-22755
-28692
-56546
-78666
-61387
85805
78701
-3315
-92278
-70137
-7931
-72335
-75054
87512
51801
-93792
-35030
34572
-58876
-41773
6659
94970
64646
43693
-60759
27757
19036
-35251
-18895
-80577
-28357
93570
-1601
-18911
-91416
-53538
10545
67320
68279
76195
13164
-86558
-68642
40731
-83007
6039
-64780
-6716
-20677
-23894
27532
935
81735
-9939
-42648
-97271
55680
-56844
-39076
-78725
22551
26290
-51327
-86772
-87652
17729
59026
64223
-95637
69949
-94106
-29737
75957
-76977
56394
-65618
23210
-23416
42618
24229
11840
75619
-46980
-80170
3363
-97043
-81702
-40987
28921
54400
-90502
25877
14865
-29717
-18725
32759
46823
-33299
-42770
75964
20246
-26528
-76785
-88276
36443
-56717
-67170
-17104
-85055
-17328
-76610
56073
-26513
17692
43754
23395
34634
45212
78895
58308
-2360
-12043
-29622
3999
-69614
-17588
50142
59653
88469
-52276
-71662
88379
35430
-28731
-11899
61990
-23281
46322
11183
79907
94715
-34797
6485
26099
-69127
64569
13608
-12333
76144
70688
67707
-2774
-88032
-33418
21663
90844
-72432
21562
-7202
87996
75290
-17728
-14448
-93090
39951
-69871
-65060
39946
59784
-15698
98127
-42868
79882
34613
-57710
74088
-69099
-39075
-16437
74538
10953
-292
62611
-77796
-46474
-70424
-86833
-39982
76223
74073
21357
-26081
99945
-28947
4477
16298
-48250
81510
-82199
59162
-43208
25614
60947
-92562
42980
-4774
22602
-8022
-11083
-13203
-84697
22572
36298
43699
-28726
40413
-89283
-10514
38893
58243
24785
3725
62241
78578
10999
6904
44205
49826
-10563
-54167
42688
-82852
-1388
49332
-56561
50319
-14916
-90841
-84529
-6273
462
-85044
-50095
-98787
-65435
-15285
12597
39153
-97942
61420
24588
55283
38843
-18629
-60466
-81414
-25928
48580
-53708
45708
57130
-62722
-40908
94804
80911
-69628
53335
67121
-66874
-78530
27192
-85525
45459
36574
58843
84672
208
-79161
-75417
-15523
40305
94216
-44159
16296
69106
-4219
63943
14778
2015
79030
98726
43114
52352
19849
-87591
-59388
13662
66595
-8002
-52135
70262
44996
-57322
-37392
-16710
22153
-65319
-76198
-10434
72138
75060
-89949
44614
-23901
23136
74917
-13143
24016
16352
-49674
-11615
-40846
63319
-3839
20594
11246
-44349
-2254
56885
33077
22938
-75829
-26175
-62754
31359
-47916
-90508
18031
-38623
39535
90147
-69510
82481
1609
7964
23972
-96322
94189
-49260
72321
-97618
-38222
81010
64155
66203
-34091
-17993
3410
40263
34145
-84728
-76387
-35650
-4470
-31911
-13970
76743
-79654
99576
61812
-77626
-89469
32947
-28166
4977
38931
-50905
-20115
29357
93637
75623
-43590
-12924
-97037
42501
51862
-66491
8297
73920
12631
-53895
80918
-62710
55871
-26691
-74660
86516
-9062
24321
-75386
-32712
49725
-11685
35225
-77661
-69458
-11447
-64701
-65827
-74270
93378
-15696
-3690
-47711
-52233
-39940
63439
-22842
-22421
-74365
45378
33762
94315
-26285
56815
-68927
-47892
81219
-51195
98820
4097
-56099
59049
-9811
79030
-95562
-23707
32442
-79988
-18337
-17040
-43928
21008
-82892
67926
4696
90714
74130
17220
72975
-75425
15909
-81550
87512
97460
-64866
55597
37188
78944
-3964
-87168
55250
49436
-58846
-20802
-92567
35945
64734
-15825
-38975
-79218
-11734
-37035
67298
-82643
88211
79385
-63099
-93951
-19785
65687
77398
76279
-85420
70723
-44517
76197
12923
66358
-56850
-35477
-12317
-25895
-57306
-69211
-19815
85996
35092
66890
25045
23924
-86871
-56412
169
-1089
37621
10092
77842
-80107
54602
-17279
-97039
55485
60031
-82939
-78381
-68247
42897
62292
90028
-83137
-14365
27362
15907
-74364
-16282
-1680
-46329
49255
-78509
88747
86751
-52248
53205
-37151
-57058
-93341
-40123
-30816
27893
5693
16589
-3667
-47549
-18454
30957
-48738
86440
67992
-38244
-13611
66807
-19973
46854
47833
-49271
-18314
