5100
-66481
40980
63163
-28417
21676
50032
25609
66255
37517
74212
-46458
48296
-64325
-88587
358
6663
-60439
-40561
32137
19268
93501
-43363
72138
-35969
-62289
-82691
70325
87529
62794
66980
-6059
-74196
39312
55694
46058
-40712
-52805
-43681
-59079
89451
-22691
-72869
-75138
-90979
39657
-5249
-68355
-60091
-80182
-13510
-39178
-63093
22385
-98997
64759
71146
-82836
-47816
45323
-80639
2418
28072
15888
99447
65083
-61154
-5529
67081
-9972
-59438
-88508
-51790
37392
-12370
-65883
-3467
59298
-62878
86047
27146
7784
-11996
-74541
-82205
64537
-71609
-88320
-8551
-32610
93431
27826
42232
-29610
1167
52697
10468
94580
33687
32884
-30746
195
-78755
-81940
23
52298
-65554
48829
-91545
-12661
-36623
-46641
-27894
68709
-47455
4963
79681
16857
-34075
95529
10753
-44567
-67506
-4114
-54015
-1252
41196
-61838
14821
1055
-36979
47575
84482
-68794
-55533
3766
32077
-27856
47281
-13748
-48219
-41529
76418
23250
-92166
33446
73542
-38998
61080
-68650
-6023
47669
63508
9009
-81966
-6847
10385
8360
-16811
-17696
15216
58144
46421
56596
-13486
78262
-28790
28454
-23606
67684
95627
47446
-73820
-25797
3560
-66196
461
88144
6566
27117
-7267
99188
-38633
14313
69384
41691
35094
-30991
-65636
6493
-41955
60135
84087
-19685
91203
-66643
99209
10938
-364
-74561
99842
-72565
-94322
-35683
-5288
-75061
55222
19617
68662
48069
-79658
-41169
-55548
-32554
92051
55753
84815
28489
59054
-48382
17942
-96544
73303
-7094
-8592
-87308
15337
-61144
17757
-6924
-1145
86215
-58329
14473
-41519
52391
85044
-28774
88706
59764
-17365
53611
-65752
43188
-32831
-33184
-9471
-31655
40287
-8096
2287
-53322
-34318
90133
69912
29070
81038
3279
58589
7497
-49281
68232
46901
47616
60526
-82814
47909
-43593
-58387
-79667
-62882
80042
93215
-65947
80371
-81664
75783
86455
87797
23260
-78485
22020
99117
-16429
44708
67294
-1291
-14984
-64443
-89904
90995
88722
71910
-87781
94643
-9425
12620
72282
-48352
50706
46646
9159
-93089
67655
26055
9878
-13367
-80169
-34421
25215
86018
75160
56487
21529
-12742
-61860
-35742
86754
-14528
-96247
87754
17755
-21250
96969
-6908
67536
17557
-25961
55732
3766
16726
17978
-77051
53548
-41191
-27121
-61355
79204
51774
36990
-17984
93787
9150
58703
79112
37636
-8915
-78891
-57506
7811
1230
-12152
55183
94612
80146
-53647
26382
-69556
60719
13182
730
63096
52377
82805
-29045
-79710
73696
26949
91455
42737
-44122
28665
75035
-59600
70523
-32442
64128
-15705
19607
6659
94860
85669
-27917
-33352
-29558
41120
64324
-53490
54903
68979
-28331
-38042
21618
70853
-91456
38022
22143
-5558
18248
-71313
16503
98403
48278
-83638
-25968
60129
-2673
-25920
54981
-66905
17230
-22423
93346
-24851
90499
72348
-79954
-23135
-5337
64933
-6860
-40984
10139
-29228
49584
26881
92508
-37646
77651
-26869
-86235
78159
32755
21661
-96286
36791
96403
-3053
-97140
-4989
64842
81897
-90907
47051
63634
62591
-13742
-98695
-41105
-28356
69584
52345
825
-46833
27412
-564
70856
1809
5763
-54660
-87684
-10746
84619
-84438
9894
48195
-44132
71747
-21353
45737
-49721
52561
-78461
37391
-97039
-90387
4112
-66818
-68429
14995
-97471
46037
-26734
-1906
75834
-81331
-10154
21586
-71313
35415
-64631
85288
12973
90594
-2674
-27453
9733
13368
-86373
-97166
-60848
10568
47764
26799
-69084
95550
-48891
70612
57234
-84466
22204
-39187
45912
-31151
-94207
17768
-3158
-30266
-42445
-31959
61848
-38343
98241
186
-32292
85312
-22655
79712
12482
6626
-90576
-36343
-71052
99411
84231
72609
-12127
17755
66870
-95165
-28086
-71020
90880
-32884
88937
-28782
-45966
21772
12285
-76387
38081
-71082
-70986
26073
-25473
-94025
-28870
-75385
-1734
-15357
-13934
-66396
26545
-88822
68853
42415
-68940
-55702
73134
-46136
88599
59070
50988
73524
466
-11083
43174
-58755
58296
12349
-19031
51126
-88430
43741
-77505
-68259
24728
-6686
-37634
-79015
85195
-55631
-94294
11426
42162
-67076
-29176
26495
-33874
-66160
-89728
-84309
43580
-96054
20525
-77487
-83385
46057
76165
88119
54312
-69249
-61152
81719
65531
-33342
-35929
-93465
66975
55359
-98918
67098
5001
12014
-32515
-97472
51206
-26656
94752
71720
65739
69589
63178
-93786
28538
-59606
6209
-23792
-7116
-87953
71545
-33374
9109
83799
37591
70273
19344
-96696
-38752
35421
-49368
79443
54211
-42385
54409
28669
-29569
-94
-79551
-25988
60530
93198
-15714
22974
8256
39455
24676
12002
-8676
-172
90027
-71926
-91530
-75996
-47661
-97656
-25279
-30597
21861
-75339
-25441
-69599
-91704
42592
-11988
48124
-46819
62308
-9308
52780
92599
54995
-91854
-31724
67194
-84082
-54826
97848
-39857
-99082
54769
89794
34817
18621
-92176
37983
-36873
60886
93651
-52858
55118
16075
49049
-69095
-46829
99885
-25398
-54108
-1318
-15387
56928
-78334
-15875
-89943
-68717
38302
39029
97867
-13888
-90793
-9330
-70357
54197
-8259
458
-18675
99612
11769
74388
-99835
11777
-91767
-66849
21519
-28735
-56280
-92325
96763
67345
-9397
-37996
43909
-13016
-71416
85927
-78973
-6454
37714
37473
41783
98034
85087
45877
-31612
38236
44842
-24422
11134
2412
-72492
-71105
-76518
16574
-53658
33964
90308
39499
-55823
-42698
-42160
23412
-67690
78175
92360
-43409
-30622
6792
-41053
65355
-47983
89747
27991
-92895
73076
-89895
-93819
56665
-36564
-96123
595
-88554
-61546
52811
97880
-42945
-69311
-4215
-64592
-69397
-97574
86648
-4114
-35608
-16983
-91250
-88847
80296
-48012
-31244
-48433
61705
-27711
-12257
-56785
88832
21433
99725
51443
-34911
-89624
65182
-41902
98701
5153
-64307
29059
-64072
-23553
32009
-24043
-41963
87302
-6476
-98916
65825
-99929
18615
22661
-90039
33314
45248
68427
35193
-21434
52761
-45118
38594
-5868
-37594
94417
-23385
91330
72443
-34243
-82107
-66149
87703
90208
97116
-85053
-44286
-57672
-53378
60697
30526
64923
-98862
-25995
55980
98696
90757
-87152
87615
-54758
-82929
-47549
98965
31446
-39395
78120
85431
97187
-57376
40797
-2450
-10151
76210
-20953
-9280
-40847
-480
-54222
26630
34589
-36072
16822
-55189
-62799
83696
33718
32131
-9666
22161
-24158
-9339
20224
50046
20509
71975
72557
19013
-24423
-70251
63789
-19456
61789
62157
67369
7112
79080
44889
-25156
-33992
92464
24042
-27577
-47975
-20733
78030
-53407
-40529
-94833
-64818
55723
25503
60541
46567
-21119
32635
23095
-48413
-82036
60268
88394
52946
-29388
45179
91815
71786
-58637
79100
55876
-45639
36741
4183
-80096
40258
67643
-67788
26595
29884
-25553
-16638
36451
78179
7570
47333
-8701
-74760
59809
57146
34102
27740
64374
12103
54945
-89211
78779
-32828
71583
-13990
-76679
-61760
-32162
-55055
-94705
51442
8230
67298
-11843
-6243
22906
-18168
-91488
80734
96535
-84204
40376
-43243
84825
55629
-47387
42862
-12099
-71960
-33295
86475
11777
-54209
-78714
16784
23656
9905
55296
-98870
-27814
-62697
-85475
42748
19239
6046
60881
-60728
-19284
88198
80695
5175
1998
42550
-53471
-6939
73252
84409
7760
-71732
-59151
98393
57983
-53461
89358
-61994
4826
210
1126
25347
-35508
85389
-41317
35710
-34442
69995
86535
-566
-50245
63145
26909
-94581
-11464
19840
-78803
12445
-4207
-94584
83974
-97071
-45081
93063
-25419
-81148
-28123
-93477
-14420
-87970
-60806
99455
-72001
59940
-47839
-78595
-70713
-96837
-82213
-39695
67433
-11910
54462
70261
66417
74218
-19417
54894
-93544
-78115
-65524
13938
50788
86120
64044
-46315
97390
-90946
-46937
30223
-26689
33258
12202
44747
-90412
-6104
7682
-31090
94465
88545
79250
33346
82098
26498
-97504
-53985
85452
-90888
11017
21237
-16463
14026
17173
-73640
-14429
63186
-64923
-74904
56576
81433
1033
-3013
98283
2510
-22290
95913
-45236
39139
-26700
31157
-15379
-10811
7198
-57005
81733
-47563
29219
-69862
83282
-64824
23585
-28600
72927
46391
23601
-23956
-71579
2148
-4203
86900
-83826
53226
-30962
15379
65748
-353
70923
90895
80776
56361
34043
-58780
-5457
63610
-39293
14360
-45049
-34007
-50613
78300
94503
88750
-60621
12956
-49852
98170
89764
50212
74704
77105
93697
-49682
76476
-28347
-3525
53388
48286
9200
18564
-13138
-2769
11597
9243
-37743
-89749
-236
-20154
97861
-20453
63728
-48738
-90727
-11089
10687
-60668
-98204
37892
38885
95281
-60493
-33914
-19827
97900
45834
-6481
16126
63700
69145
33326
84309
-18019
82941
-74526
85221
52888
59887
-65723
13352
49578
53261
-20250
33376
-68770
-11069
-52594
87182
34199
24406
37189
-46898
61278
-89523
72941
1677
27802
44412
-8693
-20951
29341
38062
91814
-80285
-28774
37422
44296
-10365
-80907
-95118
-73951
87177
57523
-81947
-73013
99915
18321
69007
-70039
-13072
63856
9059
74024
12039
-11923
-602
26279
-12283
-91889
33975
39411
-78247
73690
-1281
-31637
97646
14080
-33419
-78013
-78852
-10761
-84722
28131
-59445
-14490
-97984
46127
-64058
6520
28082
19618
7480
-1453
-59518
-82285
-667
-27357
-38286
-60838
15047
-67632
78512
56012
98340
-91762
80704
61729
46536
10514
-29304
7415
4197
82466
-22153
34607
70595
-54075
-79149
52661
-62107
9690
32735
-88610
-78278
-79611
-11035
82026
18301
78404
-38939
28584
77930
-76065
16090
-38151
-85604
23998
-19867
-91476
-65720
58452
-7399
42057
20688
89465
27234
50986
-39995
51862
-29550
-24766
-82500
-43014
35530
-10239
-68341
-23991
75649
-34672
2401
-60461
-53388
43191
-75009
-98301
-27798
-74977
73751
40558
-30045
-26383
59839
-98549
34268
-68964
13458
-39294
53506
-89290
-10525
81117
22001
-43718
26399
27227
-37657
71216
-26754
-45277
86858
-28374
-76442
-2474
-29998
-59478
-91940
26877
13908
-43295
61991
75681
74284
78354
-2365
58362
-24889
65941
25791
99711
-83574
-69640
-68940
24924
77859
78272
-89566
-7038
79914
66189
-6040
-60264
4467
-45733
21919
39439
55987
90213
64660
-43565
50123
79460
-36703
-49763
61174
-31820
22055
96933
31948
26776
-84950
92533
-44560
-21932
-68343
-53095
-37283
-3016
-84648
1587
-74297
40637
83292
21355
-94543
-39352
-1118
-78653
30923
-11637
12476
-7928
90949
50251
-423
-37276
97524
34428
99200
-61551
35167
33800
-97623
13352
-91736
91310
-6152
-73257
75538
-83257
89495
66161
32435
-68379
74094
46752
-89801
-71468
-84798
4149
72270
68930
-6169
21344
69491
-13125
72099
-68165
-24742
-57204
46177
69824
-2506
11209
-87153
44251
-76700
-57493
63189
30427
44087
-74479
-96719
-57662
80353
26023
47795
13499
14394
-284
1426
-36181
95792
-42899
81194
-47520
-60916
47191
-94701
96038
-69540
-34934
-76961
-42184
-50109
-97407
51695
-92396
62425
90477
-38094
48871
23872
68217
-85252
-15832
-35708
78825
-38593
19777
22574
-25381
-73752
-20505
2150
52400
85528
24971
-48766
-82556
76733
-24472
-82577
3032
6733
-98499
-97222
-20015
-78049
-52779
-14980
75929
63654
-53247
-85856
99940
39306
-97624
66450
-38195
25572
7413
-85690
-5090
-92010
-75090
-9886
92143
-43515
-33307
-27510
47717
-81611
-39609
28486
-88100
66879
-15023
56145
-28001
8945
51043
85888
-78956
-18046
79725
22092
10165
-89168
65030
15039
-84679
40888
10651
93751
-98351
33074
43332
31066
37070
52742
4786
-32425
-1633
-48689
-4283
48660
-47624
88970
-76934
-28550
36495
-57286
-24575
65369
73088
14172
-12755
7608
74065
-51134
-30139
48637
-65713
-16625
-34953
90101
6999
-62258
-76052
93761
75697
-95825
-73161
88734
86422
42526
-58009
-76657
-57774
66689
-94661
-76759
-33212
-23665
-70795
-46661
-80573
-98936
-78905
43543
78491
84436
-90070
-53695
-28299
-51780
54798
-7628
72276
-88769
92588
79435
-81861
-39470
46775
-86893
88237
-2824
-18512
-53654
-49012
74361
13017
63507
-23005
40258
6529
81754
95615
90904
51390
-41570
89592
75642
-58247
-83776
-90931
-71789
38435
65895
-82195
-5095
56710
74477
70290
-66171
17270
53609
-55992
-79889
-16410
75481
79692
59461
88918
49388
4559
-34584
-87830
45674
-86054
86499
-93609
41857
-88565
12680
-51338
17389
64509
-2391
-21637
4994
39110
4720
15679
-35623
-13222
-90980
-67591
-82155
-12276
-20008
-65653
-64239
-1803
64313
-37960
14440
-8083
45844
-60620
-89056
-29386
-70534
-12076
-33101
71801
-1838
72037
19708
13032
-69295
97816
123
69378
98712
21530
-71227
-32203
-53527
-21246
73227
-24803
-38905
-60572
66500
36714
-64854
-9405
25274
85345
6556
54691
61294
22393
83763
-8325
26153
-2907
-48533
5065
66337
-51727
-21344
27200
-93436
52038
-99484
-93091
83300
32840
-27133
38296
11070
23070
-33327
25909
74280
16721
93035
28857
-23913
-56243
9043
-66630
26698
74630
42018
-98800
-82473
30772
82729
21671
-90992
-29122
-53592
-73098
31378
-44171
51562
-67318
-44631
76663
-3397
10876
-83101
62260
-57272
52033
44272
-14899
-91439
-7648
88690
52120
-87027
-61698
-85337
40640
10970
17621
76336
26442
-17954
-66621
-90882
-30734
42368
32191
18136
69171
-11523
31654
66507
31078
58791
-27852
-76626
-99518
-79360
-71602
-91632
7810
-76113
32379
32193
10212
40925
82227
-24390
92301
39855
-16816
-10135
-84726
-10976
-51359
-86307
-89295
-19014
-74466
66251
37030
94448
-42507
-62085
61817
28891
28995
-99758
-80659
-3441
-49122
38972
62996
60314
10767
48181
-94123
50264
31517
87541
18512
-41290
89540
-72586
66328
-4223
92805
-70173
41119
7146
-19945
-97185
56943
-87720
-86597
-99282
69332
84970
-211
28804
78616
-35768
95926
32296
-20826
55012
-19810
-2555
-81648
42643
-4801
72909
74860
-73086
96245
34570
-11495
32150
32434
-42365
-39393
38884
97710
-16633
23221
98698
86011
78489
24668
85800
-44362
98936
-63128
-17281
38298
33673
21918
68772
-67986
-89693
38777
93216
88223
36663
4679
9895
-84248
-7974
-62031
47923
74733
-61967
-57705
84733
69544
-67400
8281
-28840
-75590
-90962
-88845
82282
4707
-96799
48448
64839
-79539
-96687
9247
90219
-97469
-25148
-66637
-44140
96319
1894
-77628
-70406
-71264
24154
23811
-86292
22266
-90015
61482
26569
-38521
28453
-20414
14167
59004
20259
82942
-83069
2935
-60940
60421
-97610
77140
-43210
75533
9167
-38817
79707
-39773
-48381
-66653
35854
-35641
-69489
96737
86589
-2829
-50347
2781
-1081
98940
62618
-92270
9796
17234
-21925
81861
81707
80290
-19065
-59465
-75484
65818
-58978
-26829
44075
-35892
86436
-42808
-70691
30764
449
63761
69795
53236
-67912
21488
-10888
-10458
58370
-12967
-54568
21809
79495
46090
-21561
69037
53752
-84072
6459
43457
77515
-75931
-61786
-23068
-69740
-30546
25316
19328
-56259
64513
-39106
20914
36194
-29620
60121
-17618
65867
-96561
-4354
87360
-83513
-49101
-98361
56877
88161
42613
90146
-26440
21506
-19653
30597
34304
20835
16071
-92434
-12409
53996
-50615
-69546
38157
33710
-12914
19506
-5733
15802
-12713
14436
10011
48028
-3963
-73147
19300
21367
-78289
-64889
6868
21630
-56298
9163
-66793
46924
28272
-6082
-76220
97825
-13408
-64208
-46362
85178
71495
-19021
-25961
-20980
-88524
16492
11528
93532
25207
85945
-26338
71294
75539
-60161
47159
-50712
3473
-3314
24522
-7182
-655
64307
44589
-3732
78908
-3621
-45585
29084
-45003
-4769
80613
-9838
-13651
-31504
-52542
-41046
17910
-68448
31712
-43298
65775
85579
-31141
-2363
6590
28704
-12324
97708
-44515
65040
-50188
-82097
97419
-45871
-8482
67957
-43358
-60593
32231
90789
-52535
-24080
96937
55368
-89537
-75646
-54733
-85860
91544
45444
-83964
28306
28165
-35634
93494
84806
-58421
82077
19704
-91815
-2986
38783
-15180
83500
-96281
-60841
-4721
-74630
91688
93902
79182
-27822
90016
67734
-51242
96304
66369
-39460
92108
-66697
-9761
18122
-21733
27406
73787
77046
40019
-29740
95614
14314
-10385
-77567
-67327
-12912
-82705
-73510
-88823
12154
47652
14928
-6768
69452
-34038
26742
-13570
79559
-66865
25374
-56777
74610
-91278
90895
-85555
81191
99399
-50780
32406
-16777
-93802
32324
-40935
86395
-97949
-30023
71138
-33928
63625
92271
45749
-40786
-20800
-52
67743
-73411
-80194
-24666
80744
-24332
83705
-83483
-7260
71160
44233
99446
-51928
6606
39724
35689
66330
48005
68132
-5719
-48862
-99517
57979
-11051
97277
-57238
95078
-76097
97840
13350
65031
45184
-6567
57558
14541
-98891
-60768
-98028
-88969
-22309
47565
98275
78965
81987
-31244
-39244
-48273
-1551
-27637
-19819
71839
7575
9116
16887
-36391
-90711
21269
-31526
67115
-39523
77693
-84713
14879
-77183
-43775
-8119
33757
16504
33325
25689
50157
38418
69302
-48539
-82405
71751
-36301
-36275
86579
-33136
-78164
-33895
89004
57827
-28533
-6262
-98911
-27127
81135
8828
62778
-31715
29024
-29516
64169
12515
9181
-11316
34449
85570
5520
-51464
-93759
-54817
22755
-58380
34589
-98856
-52373
1228
3357
-46118
56642
79495
38447
53728
-5260
20145
-46280
-69495
5904
8708
-91656
-4333
-66082
-75918
53196
-73286
93423
-46190
-83508
3879
58255
-30172
62100
-95401
-18281
65091
62816
-80119
68063
-54490
88209
97891
-29487
-98606
-59060
85922
98906
33696
-88830
43132
-69703
28326
-13302
-35563
-91335
3141
72681
11737
-86660
92751
-23756
-82564
72941
21202
98317
-14644
-93737
-47802
-2039
98607
98260
-74865
92594
-79489
-33571
81454
-78488
85118
-71743
16970
-21726
-58312
73841
97879
86482
-2444
-43721
9505
-37145
8726
-39289
-27977
65964
11732
-82642
83958
-90163
-50285
-79257
19761
-68358
-71011
-49843
-96262
-83932
-86783
-37206
94928
45093
-29688
8045
94756
61948
-39665
35002
12490
-14538
68934
-18980
12665
-2840
-9596
91222
83646
-80872
61828
-98537
-89276
67835
11072
-85749
2104
33049
-54232
-43250
-55844
22605
5311
59387
6378
36136
-40237
-30493
93922
98165
-38953
-1191
9266
-46696
73118
21227
42306
70416
-11530
64363
50777
67099
16095
-11157
98927
27129
-27993
-27386
-48561
-89784
8803
10971
-5912
3342
26123
39509
29106
-41386
-27917
48614
-12360
-10255
-70302
-69422
17349
-98850
31569
-70297
31791
16900
67905
-44149
52795
38043
-8071
-94354
-15061
48043
37467
34718
67691
34285
-25630
-78855
44564
38285
-49541
58940
-57766
-63407
-24388
-10310
-15975
82323
-34619
-37015
44791
87082
-11982
39703
-53131
-94169
37178
-33862
-57513
12603
-94873
-78492
53550
43702
-56974
-52331
-2305
27050
93754
-9750
57106
-44626
-79967
-41484
52568
-19522
-73980
40996
84665
-65216
-42412
-63454
-65350
86626
73109
-88836
59656
-20642
-9101
-84101
15395
96415
9340
62546
88234
-87170
38143
-6544
-3457
-17435
1086
-53643
12758
39444
33682
98112
97759
6658
-64164
-48601
-14322
97051
89315
-66560
57923
-984
39887
44316
-35557
-32051
-42431
72212
-45101
-85205
40269
-72837
51220
26918
-28075
-50958
-41697
95424
-55165
78619
68181
-81564
-71966
-58714
94244
-4481
-33190
-71801
15946
80457
78982
-67960
26631
-30558
-13196
-89990
84067
1111
-74952
-36409
62169
-92093
-17491
54051
6239
-11566
50249
-29215
43475
-73119
-75108
91746
-72061
68673
-73051
85224
75545
73691
19601
28744
17889
-82771
80977
-61570
-5319
81650
35222
45530
52692
-90016
-43348
56537
29162
-66357
92080
74767
36480
27047
-8400
8511
41231
-22357
40605
16973
43988
-68016
83311
4874
-71820
-94280
-88298
-3153
9
-32724
74072
-63259
-39347
-51714
41612
16193
58337
74317
19569
-62707
47419
-32793
-91093
65665
5227
-67703
23452
-39727
12040
47553
-55589
-93088
-70533
-68235
87700
56850
81447
-26500
72828
82047
30068
8426
93998
18371
-25289
-59223
-81049
27954
7103
14146
34715
-59351
-92929
-87813
-24078
-42624
-4653
42523
79266
11483
32369
69257
55465
-64032
-82067
53715
-61400
-31422
-86936
16074
59351
-12676
16406
10441
52009
-88230
-67029
80471
-43651
-45135
50914
-8734
-59203
-50641
-66454
71852
-37417
-45683
-92179
-47998
99542
60001
-82115
45094
-70180
4751
18653
41870
-40642
-49248
41386
-10107
86204
50603
82725
94384
-16869
-6993
57758
52971
45985
-33405
-81283
-30126
-20179
7908
49072
99228
62320
-86354
22765
-42015
84428
-56154
-82078
90684
74247
29939
2881
-26229
-56020
-21331
-66527
-75949
-20290
-45298
-38189
37377
76634
96902
-85630
-28853
-37016
-61910
-21499
-41931
-21443
55948
86341
11184
-20079
87078
54086
-39459
-15016
-77841
53844
65391
-17985
-94576
33354
-14483
20740
49712
-98366
-71337
-4942
52843
-17260
-800
-27336
5154
15629
39322
-32923
44844
-97234
-11600
-97597
76075
26973
8332
-94579
51065
13805
-32295
-90483
-8512
-22267
-72286
-20394
-47319
26671
45145
-93733
-45012
95679
-36364
7531
-93754
62558
45234
92042
22473
-69774
-81028
6253
-63475
-69781
-37082
-78447
-20476
26733
46356
-67336
-47317
-95403
-30214
-93055
-28323
-55830
59323
-20957
85826
-73822
-44237
-71610
-85468
-47154
-86576
-17154
-28126
-61405
72987
61156
-53955
-24923
-4395
-74157
-1905
32817
39164
18748
37020
-16216
-19539
60583
92929
40244
4515
94150
-89271
-50504
-85987
41143
-46689
-96040
7006
24983
24797
94369
36622
72190
69570
-92841
-83266
90138
-62525
98906
96201
-69461
-10696
28084
-86635
54616
84023
-95614
24761
6445
58430
-23940
-12423
-72334
-38839
2402
-81044
-6551
96196
-20988
92735
42403
2395
25006
70610
4607
46509
86511
-75072
-37504
-77346
-3003
9724
70090
-93749
-21465
-24618
11065
85593
84591
-29667
-45346
-56601
99937
-11297
4887
4258
-19748
49932
-39030
-55306
77083
-75783
-88194
60257
17576
-85184
16662
-95324
671
50308
94378
61396
86363
87122
72259
-15155
23807
-86301
59571
24709
71139
-49090
81039
32574
51608
-14278
75019
33237
-5286
11681
-84880
35064
-42351
-72208
74108
-25611
-83196
-34756
83222
64045
-10597
41710
-12948
10407
10191
-49937
72427
-88127
96112
-40545
87386
-96959
85522
-32770
96339
76297
-81131
82413
12256
66089
99728
23055
55598
13839
15258
85194
-17168
-62247
22516
13162
-81773
-67829
88086
-65884
18201
-60324
-80940
-73673
21269
61611
35693
-55954
-12990
-69425
-52623
-73661
67071
12107
-39860
-61091
-84949
-66336
21362
7290
75865
76861
-99159
-86936
-60752
4754
16046
-55890
-25310
78658
-80699
76871
8199
-6857
-49376
8398
36245
5455
91499
97653
-18434
-23244
-8142
-95057
-46298
-41655
24112
-3282
-79552
-67968
-53643
70726
76036
50376
-19086
32305
38095
-48220
45860
-82580
32918
17943
-33125
-12802
8840
-64517
82279
-6568
20480
-69263
-80034
61336
33572
61427
71883
62312
-71907
-94778
-57098
18179
-91981
-35445
-12724
-78760
-36860
52211
16747
-57978
-19808
-67886
89100
-35704
71620
-72243
-18226
-3414
-49295
-40466
-46629
44537
-29271
99862
-96391
-76294
-77690
-41774
-31185
-41008
-93641
12486
-94063
-63103
53463
-66235
66091
-24878
-86741
-19453
1542
-31154
-22600
30562
90585
48166
-7361
77800
3151
-44814
-54313
-54766
89329
-86699
-29019
-65023
65841
-12481
37305
1299
-42798
-5747
93704
37261
-58058
-28341
71810
-60684
45446
83545
-78960
-82629
46520
-62805
26348
59606
-7808
-56406
-55076
41261
42069
59896
99084
-33364
15454
-77999
-8505
-24329
-25223
-57396
7698
8251
-91224
63809
64805
33888
98009
-97723
26631
23834
45649
67601
94725
72095
-87564
14913
-27378
8115
27123
79352
54958
-96034
67794
27872
9573
-69697
38037
-43889
89827
-3205
25030
-13051
-3229
-11826
-49498
-63726
-45727
53121
-7826
-74731
79801
77692
-27136
72926
-77794
94579
-97425
-54731
60083
-53956
-99225
98164
-29111
-31039
-12421
-60977
-21258
61777
-19446
12724
86478
-18927
75788
-27635
83329
-19633
32958
-48221
-35567
44151
81320
-44900
-76370
-61154
69512
-1691
-1041
-24516
-45987
21610
-9233
83575
87441
13314
-88766
-72102
-38269
-55960
-26093
58020
56369
46692
71451
-97219
15935
-21815
-8128
-67133
96166
21079
-49528
6915
-32004
-94720
696
69828
-76965
60232
43341
32381
-25999
-49723
-82922
-99290
64548
-48890
98348
11499
-18657
-42224
-95729
87933
60030
-78268
-43489
-66493
52754
-72228
-24972
-59409
-83183
63188
-40614
-34517
73501
-3227
60780
-35599
64175
-1300
-91636
3322
-10912
19690
42684
16846
-39148
71973
27292
-62342
28483
-85
97536
-57504
-50203
-75338
-94483
8040
11322
-65045
44784
25172
-47053
-38275
93468
-44750
-50112
31790
3614
94890
-56265
69942
-21058
4151
-93346
-56772
94068
47155
-21355
44673
-47835
-8566
33635
-79012
20665
-36207
-40549
68256
43162
12335
-75222
89497
57866
-74631
84480
-7499
25697
16732
-60007
11264
-94110
91059
44135
94856
-99783
-35655
-8930
40992
-2988
-70248
-90213
80959
-57573
-50144
1138
44872
74061
-39853
72403
-24540
12856
47965
49751
92619
-68331
-40031
2157
67938
94398
54126
61915
99455
21516
-89392
-12301
-3768
-25007
-40701
50389
44409
-41681
43459
94939
57923
73043
-57602
44453
94738
-57518
-85397
90496
-15065
74654
-30412
-92747
-21275
-85660
86799
8684
-59865
13318
96683
41532
-16818
-1168
55685
-2032
75352
74009
-15335
54007
-91093
36120
43510
58375
18994
35552
-14806
58607
49950
-31590
65053
65112
85134
-78499
-33798
-328
72713
69069
-49400
-62541
82408
-71731
-55017
49325
-21807
34594
64661
55856
-59106
-82779
-1792
46391
-19749
97188
-61194
36949
93486
13783
-28952
18821
-7918
-81350
-7827
-77041
-42884
35532
-53774
-65005
-82850
12514
-7600
79733
-99447
89192
-96330
21733
-51603
30453
2757
27081
-19012
16970
-83717
-61046
-63763
81064
54406
-99016
27485
49675
-1414
-50981
-89201
-77562
46302
35927
-5036
-88260
-15391
-38278
-52410
67448
-1302
47590
4334
36074
-71987
-94954
19397
-44609
-92199
-17458
-47016
-58789
81614
67171
82052
51190
-15380
2020
-30239
-28144
22630
83812
-68420
-66414
33078
22117
82108
-11005
-91638
9123
43429
-79517
-87844
-20038
23163
-83352
-4705
-87244
-95106
-11374
-30571
-26381
98132
24173
-67139
91256
39237
-47133
-52310
-85619
-65568
-133
-3473
67669
-9286
-83022
19767
72686
14422
-67916
74929
7360
-93216
-91529
82088
-17435
2132
99701
20848
40053
-1540
72260
-52932
-79444
-40490
95187
29133
62074
2771
-27325
-50683
-49240
16764
-74401
66522
78370
12016
10042
-97755
58917
97480
-62556
56282
-54330
-50405
-88120
9171
-70884
40349
72997
-1083
-4469
-27486
77095
-78637
50094
-93375
22241
-3583
-53024
-73645
41194
96833
8103
38555
-62319
25385
24126
-83649
70206
74438
-34882
52213
-28314
17738
-58776
12537
-57750
-51808
-89071
44218
-32371
-93600
18986
62805
43600
-31970
-66389
14200
-42644
72349
-28196
-91479
-48340
-12383
-81664
-6177
-75036
-80030
79454
-19954
19345
-90659
54573
33088
70287
-99388
-84773
21087
71217
-64171
33338
53839
-47488
45896
72
-23560
-62061
-20383
74521
-35999
-86968
-70490
-9885
-93064
-76196
-31701
96678
-6738
-13524
-85751
62006
95295
-44023
-24787
-24218
85519
99890
66892
46995
26224
-30032
-21644
60490
-79168
-46573
86206
3159
99887
13956
-37472
92395
-99169
7815
-23073
-599
-95516
-85552
-19231
62093
-74645
71422
26400
82745
-85962
-4744
12411
67166
-84219
31715
96806
82435
14993
22973
-84670
-11275
90097
-23207
58504
89291
50656
94007
31006
27413
-88426
57407
56460
-64543
-47406
-41190
-51832
22633
-52935
62126
70445
-83044
20888
62260
49162
-96057
-48890
45879
33943
-26656
-28891
84842
-76925
-15313
-16057
-60249
-15447
-70118
92460
-31680
-7264
-60341
58409
-12284
-29775
82944
66341
58576
31332
-52626
-72322
15950
-62669
-13037
48009
-1393
-9440
10775
94070
77633
-2270
69214
-58095
-2995
46970
-78803
-91612
-76785
75045
33846
-87686
15091
64106
61441
35070
26153
82771
43961
80450
-52156
-94920
-78511
20317
-15244
98806
-21743
-86612
51294
-2561
81985
-61832
81941
10764
7152
-15752
96568
-26451
-5791
-74643
-17816
43648
-19053
-55253
-93597
60736
11756
93624
12994
23477
-58943
8013
9611
-73015
-95740
-78791
62516
-51141
-49013
33765
42165
73068
-83399
-13454
-63800
44439
-78389
36927
15808
-70498
-33535
32582
58883
27647
-11290
39718
83942
-96795
98366
-38405
25571
45467
-54452
90921
84601
5851
86589
-12552
-26015
88069
4980
82969
-25688
-43925
46515
-27833
28590
28489
17635
53769
-71431
38738
81536
25748
89655
53221
-81757
-53171
87822
96159
12845
29611
-59230
-97014
22029
-94149
-2078
28082
36975
-70083
-6577
74456
-47294
-13460
-70197
-62464
61219
46491
37401
-4827
-52437
-85829
50807
6349
84434
68345
29141
-23497
-73794
23108
36977
20720
31468
78444
41168
-65660
-34502
-23578
10778
-45166
-7730
-71764
18835
-78983
80359
-69055
91762
49710
-39746
33170
43168
38320
-30504
78008
-62898
9682
-87381
-74470
53747
-63433
61354
-90064
31841
-46883
60015
43874
43139
-71281
-94396
91855
-42699
-43074
-59314
37225
96384
74218
18775
23549
-11407
-35525
34935
19408
82708
7020
7325
-18523
67794
-83673
46399
-25124
31460
-35925
-12900
-50124
6707
96617
31594
-28111
-13170
-15889
19874
-17255
-93561
-63109
-66780
-31784
-85206
88242
-32121
3651
29851
45161
75905
95993
68683
79583
92528
97446
13847
43790
-8637
-86175
-47299
-10730
15944
-45579
-11973
-78566
17554
-57475
13510
65446
-71482
34152
76260
41613
1794
9053
15334
34898
45419
-97608
17094
42684
-53550
16753
34713
90381
-23293
53086
92336
-37557
-74135
-57841
-70575
71037
4513
-70121
53325
52530
-43175
20522
-93314
-97094
-65307
75938
4127
-88840
73118
71772
8264
-45425
-57929
51839
91652
94138
81630
24924
47888
-81288
38474
-6223
32371
-61724
76775
-24248
6197
-76573
91292
-13123
-5827
14454
32949
-10916
-50485
-93201
11762
-77015
38478
49024
-27093
-8455
35682
-40786
68126
-51395
42922
-34331
-17897
-19297
10375
-67546
-86086
4292
-35662
4443
60272
69938
-96964
81484
15084
40715
65311
-75927
83993
26808
703
-42809
-65886
-3551
53763
-85912
-6883
-75624
-57269
-52621
2773
26389
71821
-2174
55794
-60644
95695
-8166
-44025
-38213
74307
-94666
38328
-60433
-95174
-68164
-11258
29927
-45818
7633
-37959
-79456
-47887
42824
-41239
76655
83219
-80459
98600
10525
-6700
-14176
-77617
-62228
-70785
29781
68708
99704
77886
-41063
-69979
-55815
-40264
69431
-32716
70437
-81020
80696
73758
9330
136
304
92873
-98695
84723
58421
-51398
-48522
94931
-3093
13121
-81556
-54957
33979
29505
61285
76821
-75870
-9248
-617
-10328
-98075
91143
-13277
-66010
87394
-83178
-36105
57645
-27838
-57176
8466
88760
82635
-18562
1639
-69799
83986
93642
-65253
85717
74574
-69670
-58135
68891
-79545
58975
-35099
-60573
-78484
7322
15070
-90016
-82428
-69662
44828
86881
-97411
30100
-78136
57353
-90655
-93225
-82645
75753
-45786
-60470
-47601
-60361
22500
-20467
-7295
81838
66721
-48727
-91784
95169
98952
72157
80336
30525
-4167
52934
-21329
98746
-13126
37033
-43895
71997
41418
19680
95870
59693
-8810
-48480
53984
-12176
-24955
-95453
-17261
-54686
-62162
50294
56845
10354
27689
30497
-61698
-63080
99587
26414
-66231
52918
-77109
-20200
-21649
6283
63433
-5998
55821
-80754
86926
6512
-3396
40109
88615
-15370
57238
69473
-90453
-50372
-87656
80558
-34444
-32582
-477
-71756
-15958
-31178
-11619
5237
-69317
47175
-96268
3556
-50329
-67900
93763
33766
-74249
-58546
-88371
-58520
61389
-25417
81957
34204
-16489
-89842
-69264
-29679
-7011
-31479
44995
56173
91194
50573
90278
67466
-67928
59996
7034
3691
-56716
79003
-31882
-44774
-41200
38847
-83891
-64417
647
-26476
-8340
80798
1227
56042
56543
-2290
48938
-17700
77523
-65070
11231
66302
19766
47797
3333
-21790
67771
8839
-87001
-95865
-41927
-85234
-41294
86431
-54349
93419
-64500
94204
35122
85323
30461
-32554
-46257
18118
-60981
64699
-66675
9239
73957
-67437
-81630
27513
73973
-56945
-99945
-45734
28632
-62930
-56635
-11778
-15574
56811
-72577
47155
-53766
-31609
-73522
11820
27869
-43602
-70889
52861
-88610
48905
-62823
-95822
81619
23519
-11501
-24116
80587
95912
17282
-73575
66723
34352
85640
1519
57975
-84763
-16152
-54011
-24842
77629
74030
9645
-54385
-10298
-2772
12018
-2936
54219
36382
63306
-6163
-77216
35375
2872
-73819
42379
64021
-34751
1760
-56881
-89257
-42680
-21972
-24490
-39313
-82488
-27161
-6854
62282
-7570
30607
-16
-94997
29521
88757
-92079
71536
98319
38800
-42617
-68371
-18491
-13394
3600
44020
-58454
88645
8050
43255
7625
-81304
-38853
-75964
74073
25557
73588
1262
-63686
-86293
-36318
-30260
-81650
-72903
65720
89115
44722
-31887
-15460
15039
-92392
63931
72724
65447
11139
90406
-35827
22797
-75427
88377
6216
96285
-28232
42920
23394
-75987
-99617
86370
-60354
-17685
-12328
44935
15632
95189
-45702
27703
30025
-19936
78885
2374
-24806
43132
-98399
84939
73447
-56593
-95146
98712
18570
45214
48229
27011
21121
43627
45411
-62429
-41099
-53641
31728
-70185
55784
-3000
-47753
81792
77050
-82810
-43260
-94898
-17833
96352
-64580
-32904
36928
45900
-22210
-91323
-14987
-99029
38101
15368
52221
49418
51798
41705
3729
24197
9501
21725
11435
-95418
-67426
52727
8102
40875
-50518
-20648
-39662
45510
61121
24194
-96234
-92867
43662
-44661
32706
69458
-75453
-61203
36785
-31107
-56943
39546
-26281
58870
-15548
-63764
-51667
99919
44218
77531
28342
60925
28542
-82745
-14740
-42505
-39675
99925
47116
-74506
-5436
-24617
-24389
94813
-26900
-64060
-32557
-42829
-17660
-21241
39503
-51061
73505
-38221
-71729
53061
39171
15443
-62329
11757
16143
-76001
8458
77120
-24411
-23477
-24337
83471
31645
-90374
-25187
59645
-60893
14801
22009
21730
-16660
43686
-44120
81874
-5612
17494
-57021
81976
15382
-32395
67415
-39077
-42841
86817
14741
76163
-51857
-88144
-52899
-42123
-24923
-35449
66721
22233
62662
-46516
81273
41021
-61775
-59277
-63612
40882
-74206
-53003
38325
-96620
-1975
-20833
86913
-22680
-75514
99463
-70557
67805
-55420
79897
23114
29173
-33361
-84145
36321
-87427
47635
-36673
-44680
-68296
-88558
-91250
83796
-45222
35650
95170
95376
10736
46497
2230
-20819
-99363
-74379
-46298
-66178
14334
28100
57002
59753
47023
-36435
80000
-27942
80103
-99230
-99006
-66678
-75842
-10621
-18698
-54105
-41072
97879
84036
-51103
-77639
-24279
14274
70481
-62273
9853
30763
11461
63759
7854
78831
58604
74464
-27995
-89628
74587
4980
952
67162
-62535
94653
42588
-82996
-66802
50716
-33208
-76495
10658
-44092
8489
14898
80149
50302
3323
-76041
11899
-28091
70667
2843
98673
-24815
72070
1022
71169
-3535
-37764
-33608
66605
48977
42103
234
-10532
38555
-26382
34033
71454
-12934
-71432
44148
-48098
-43142
-18661
-47587
-85021
70732
39821
-50204
-37374
-69723
-81954
93255
-90012
-14715
-71470
53334
64880
92885
54110
78506
35605
54121
-6465
-91914
-96971
-82074
-94728
59445
22065
42685
-42010
-27389
77389
38549
96577
15496
3072
-64441
-41423
-78769
-38949
42435
-81462
-58123
-72749
-55600
-2970
30396
-5715
-93904
17758
80703
-22587
