5200
-16275
-79256
-55618
60887
26187
44074
51446
61720
45920
-37750
-37665
33091
-89122
96736
-38961
-83396
52500
95765
-86728
-39181
62131
-11455
-24582
34191
-21587
-17243
33427
26934
15865
94786
-50191
82619
8051
-1772
5672
-81307
-79775
-47698
39423
42136
-67887
-93709
28901
-68957
74718
-85522
59713
78757
-44527
-26801
-99929
26588
71331
11203
-25626
-180
-3488
97326
-59714
58120
-83928
67464
24943
85536
-29744
15697
73388
5735
-47899
-90702
97327
93727
-93360
-89038
95846
-49533
46101
23505
-53877
12337
-37450
39109
-15855
77939
-18316
46542
-83078
-10135
-14731
-70856
-5691
212
76609
58541
-80763
30785
11622
68980
-34611
86096
-59844
-79798
-14968
37855
-56253
37147
81893
-4840
90600
-46307
85551
-14315
1575
-97718
68474
-80021
-31542
-78984
-52231
-49062
44431
-51754
94445
81615
-87129
56261
-13896
70739
78491
-880
82256
32276
-46775
30922
38159
-51634
96717
44739
90150
-2410
-89733
-75098
-29134
1987
3784
-64014
-67993
86265
-91192
-65581
87209
-66029
29585
70620
67257
74988
-16193
15652
14988
-98357
-32367
96634
-88136
-46871
87473
93830
-97081
17183
-43631
-19779
-64018
-12240
78897
70912
-9321
-49231
-59267
53266
67995
-27055
-68334
82612
54028
-53175
96353
-27233
62637
-77087
10732
60829
-31163
30683
-42514
23237
18696
-33791
-73320
10321
49846
36614
98165
75358
13312
20251
14446
48319
24420
-97583
-16598
-84099
77978
-57050
9421
64495
-76250
-40082
2210
-51982
75214
23455
93523
-2106
-40346
-59335
-51179
38149
-74873
87184
-33824
-73343
-24482
-94408
-89316
-6856
-28000
42763
70680
12470
30043
-28775
96371
6280
10408
-18323
16861
43992
-61763
90360
13432
-95062
96799
-53603
-76136
-39886
-87244
-54952
45993
5391
30262
83788
-57744
-75096
44804
-14681
45418
-66078
50003
-42572
-19568
62011
-59583
19580
37820
81990
-24950
20826
-19035
-87357
-12909
55450
16838
-92518
-52636
45837
97758
-18060
50867
20460
-21552
58487
86171
61286
5098
16220
72044
-37495
29698
-9362
-99749
23625
32572
-18720
-65894
-83793
-74583
-8565
-47037
-66144
-2038
74500
22189
-60728
-14286
-95593
16929
-49372
76041
36130
1511
-33942
46445
60623
-88327
-71147
-68238
-21713
-53479
27408
35530
-72208
-94978
86270
-93760
87803
84010
86500
77214
-7700
-19625
14068
43119
-35665
27663
-22281
-29345
87859
2331
20374
7678
-98418
40595
-96124
41635
56813
12565
-49717
66349
-68426
91216
28658
-21147
-37636
-98624
-87096
16767
93982
-70540
78545
65600
78205
44490
7946
-72327
55447
90301
-8807
-24591
-46203
-74027
-88042
-46111
-87475
93885
91568
-60968
-78491
57649
-46403
-67073
-44027
-81322
-24414
40119
33831
45027
72603
20766
-78946
26173
43240
-911
-24496
-46815
-34283
-65973
-82862
-76485
-15196
8588
-55586
-21613
-73896
73173
-50893
70887
-40223
-83345
30922
28499
-69345
-24373
97200
73004
80852
-84700
76165
1645
-76309
193
80079
1417
-20833
82582
-15237
36767
28938
99978
-89166
11852
10699
85780
-58540
-88038
17298
-72706
33236
44053
-90933
-53428
47152
-95106
-57180
55158
50059
-36711
70717
-93552
29864
-7071
8683
5579
37893
-60132
36841
-78188
19410
-31095
-15652
-40806
-13171
-78347
-96446
25773
-91141
-76115
-99914
42498
-5244
-90547
-64734
-39213
61612
93175
-67007
-11165
-23254
36000
2895
-42849
-13209
-29884
-38192
60000
-68140
89145
-55686
-42803
-5272
5153
-74175
-47266
-29387
68730
-60163
29883
84326
-44336
84153
79106
-57129
-9135
10586
-25944
-33391
41217
29226
14326
89440
73412
64640
29429
78803
-23143
-96370
24101
-93936
-2074
55687
-9050
-4207
-92051
-88469
-88710
-17473
-49698
53872
55394
-10519
20231
-96114
-59996
11681
27239
96935
32494
-32013
-21920
34578
-70379
15107
12746
82179
90934
-86334
53988
-19048
-12739
76173
71845
19074
-72764
-40734
-12688
96462
-93421
77823
52199
65103
55750
87065
39959
33322
51020
56246
52625
-5122
82635
-37593
-10664
-71314
40353
-75418
-8650
-7860
-72762
-63480
-99031
30307
3469
-15074
45627
-77791
38281
-76562
-70097
45727
-55476
-27127
-30633
40143
-3381
-59703
-69501
-44671
-99683
-42647
26771
10322
-97246
-31743
86254
-29967
16065
-36004
-54709
24335
-68279
-24905
-660
-64221
87929
-48295
-76053
-80873
-36325
2826
92845
-11374
23819
-73615
67059
-79261
7893
-78771
64719
-14650
-86788
-86704
74547
-59497
52759
57683
-91227
-55472
37463
-69638
19534
-69824
36899
26854
19890
-75125
38244
29072
5819
-29032
-37348
18441
-14098
53467
-29135
19339
24511
50046
-55736
-15238
80575
-48722
55181
-12483
43315
73921
-30002
58612
-10367
47487
38151
-34155
-86716
38804
-27591
-90266
-20738
27920
87411
-12007
-7827
-48488
-78414
34367
-97930
-58707
40100
59114
35646
-35178
45257
-22812
-32808
-8595
86642
-91323
-40
-17468
-32724
55989
19590
-88078
66294
16319
-46737
60733
-979
-92339
-17835
24549
-4151
-89978
93318
30347
-36480
-17279
1930
67773
-58360
49636
55797
-77601
-25094
-73251
15005
77687
-90542
-4227
49638
-10476
27731
-67796
-28103
70236
-22777
-44211
-46893
-19151
-30684
65199
40057
-13569
40650
-42772
41610
-91803
-23575
-70494
-17107
-92482
-34880
-99829
-7128
-26549
26304
68732
76818
-95745
19919
-13385
-91359
29350
-83608
37548
-19299
-5070
45983
-59501
33398
-28125
46146
54943
64752
41682
29404
-69153
-19908
9755
30931
-22090
-34269
-26139
50993
67445
-73701
20496
69311
67026
-27204
-94983
-48435
71240
31692
-45588
55887
1738
-41418
-74457
8930
-32731
-37606
-39289
49644
-69455
-97986
-64494
11232
-53965
-23519
30560
-36063
-1966
82352
-31642
5182
40180
1234
40416
1500
24949
-22562
50971
-11983
79620
-4756
-20708
71660
-91815
88137
-45520
10803
-25898
-95420
29713
11076
-63878
-41691
-5710
26876
-10308
-84994
74088
-46410
-93366
84633
82100
-55156
-83299
5264
-41871
-61511
-78536
64956
-92585
-28705
-89218
-15739
-42839
13923
-74322
-49191
99073
-37386
28668
42744
92854
38895
66701
-67029
-30425
90580
-1842
93460
26535
-74440
-73871
18017
66757
73022
79685
-48805
-17610
42107
54896
3931
27489
-23622
-87540
84059
44679
-16295
-97188
78826
3597
-78640
-57302
91513
-80600
24338
19646
92563
71012
-54388
50684
-67286
38161
-49334
44571
-51124
6474
-68423
-17794
40437
-36189
-28409
79344
43069
16302
-2394
36737
-55182
78954
-95184
70775
97216
-27190
-82971
-40205
80653
-227
26511
-4766
72674
60958
646
79004
-73981
-74022
-75248
-97956
76767
-71302
84896
74332
-47390
-21460
-27393
-86003
46248
65970
54152
-86480
65613
-20537
-52915
-91116
-63904
35433
63064
-83668
33590
93512
13388
73740
14362
-80183
21545
16576
31586
-649
-94674
12617
-19683
-4281
-1768
-86027
-18840
-33146
54729
-52966
69600
-85919
5444
16367
-83471
29329
95509
-34362
-97779
-38815
1549
-40598
-18887
84829
-99477
-60207
-895
93145
-94121
-41730
-58548
90587
-84025
30966
66250
55270
95876
-83620
-39415
33891
-58681
-40405
-12121
36590
-97987
29776
-97694
94139
-43798
-70046
-81077
2084
-19094
-76609
19354
-28784
-90798
34180
-14310
73025
-70796
-40280
-42875
-75207
-28927
85366
86634
-13686
97609
-13979
25226
52473
-41185
-19179
-22653
-52210
-70056
-43992
-57948
-43397
39090
21435
-58337
-78106
50064
-89216
55772
-40363
40547
-96135
27370
95797
74085
-32749
-40240
-72569
-13505
39005
-28158
-47064
87819
-27357
57775
-20997
61939
-89877
759
3893
-58312
78091
57786
-76668
-20721
-99995
-39796
84445
-12954
84417
-87996
-38815
3652
-6075
-27276
25003
30862
-81709
38067
7608
12517
86847
-97195
24500
-10067
9708
-30660
38749
34793
56066
97928
95446
-19518
-39538
-17174
-23606
35175
-90955
-56298
-2629
93069
27478
67542
76966
92375
-27716
83260
99733
62930
-60356
-91152
-75647
-105
-72015
48039
49185
46483
-57582
-61580
89619
-74012
75181
60152
-25818
89241
-47038
-90186
-82878
-27556
37887
-64063
12853
88364
-99501
76630
-81062
-69374
-19984
51078
17256
12949
-32798
78924
-69484
55417
8135
-12867
-4316
86243
-45526
12253
-42798
26951
41856
12109
39769
47650
-63746
-94238
54686
28500
21589
46290
83774
55269
-66612
58696
99952
-80856
47160
13143
15639
89916
-89319
-65718
3431
30639
-62380
-48166
-84431
-6786
-13687
-16583
79116
-32072
89232
-87797
91810
77376
68693
-78540
-98604
-39055
-61939
-60084
-21237
-98724
-38380
29295
-4772
-67476
1381
85746
-25705
-39317
-7371
86960
-3411
-98019
-71444
-46398
-44421
50122
-98879
47052
-61129
-42854
-22608
22004
-90954
-40872
76507
-15762
63703
-56167
-72005
89075
83472
-46986
50305
-29999
-25069
-31308
-76083
62875
-52772
26117
32458
-52736
32794
14824
-90588
26873
8823
107
-41305
67932
-23674
86736
50805
32526
26504
15950
25315
14037
-41829
-70354
-35022
-39860
13568
-13482
-55835
-42961
86151
48611
-32445
-19946
63257
-49233
2859
-93441
98
-62798
-43121
9732
-67751
-68028
37071
57067
-14227
65472
72114
24988
-41907
-73403
-12221
-89747
-11436
-89962
93702
8922
-4272
35617
38102
61584
60718
-739
52700
-19544
77187
42572
98542
-7439
5561
42912
56065
-25114
17492
-50950
78348
-21697
-23840
36493
30716
-97117
31609
-27551
76237
10938
-70346
-4876
-96116
95329
42099
7675
42854
-91209
70522
57926
27371
-88108
55246
86081
44645
-28326
33683
38806
61647
-52893
-931
-3792
35124
15385
82451
36315
-8794
44069
-79872
45319
-97705
-28160
41334
53164
90519
8229
-70753
8263
3946
73895
-24031
72322
21637
-61346
-92307
-72399
84773
-28995
-41115
-29448
85452
85439
-87833
88715
70042
30656
-57093
-93874
69444
-8536
-79595
41627
19635
36034
73095
37985
-70277
-92245
3270
40489
-71690
6245
-96298
-8780
80445
-75509
59477
-53439
55874
-1633
50082
23531
37837
71999
87784
-86290
74193
-93769
-58038
95306
30250
94575
-6931
31936
77430
21509
-88612
-72263
77389
-89482
-14372
13254
69854
-27851
19341
34562
-88985
59358
51706
9620
62864
-50748
11069
-48751
9957
-52698
33938
-82818
-41233
-25087
-48266
-82765
78126
-43073
-50181
67802
-43020
33933
-27925
-99561
65184
-3958
27159
22274
-46474
9307
29499
66639
6744
-77285
-6257
-52529
-10845
28144
-21588
15247
-55575
35833
-65895
-36450
-40122
-33693
8306
79085
91617
38107
67828
-68721
705
13725
68455
69919
-47927
-31317
-22744
-37952
-76270
16410
9618
-45569
-81629
-71033
-50103
-85610
-29553
56806
-10269
-94646
-20436
1786
35506
-68301
4075
-8287
-66190
63900
-73191
-62201
22220
38080
42609
-24389
2373
25845
58715
-91938
-634
-29659
-48635
54327
48520
-23818
36253
-45276
42140
33995
-91800
29612
-23212
356
31106
-74129
32593
50913
68786
-35650
46122
23140
51881
-41657
23734
14227
47448
-19415
-77897
-47619
39147
-88538
-45533
-25324
-89499
-17546
-35952
-86760
87193
82808
-28933
80597
-53630
-44156
94388
-70845
-83328
-51237
78762
53131
-80209
-61760
94223
1385
69030
-54496
27303
-2580
35017
-46804
-51405
49051
-48308
-79032
28980
-45006
-31612
8539
-44450
79562
-61397
-35449
85595
-36906
2288
-32717
-25928
-62263
-67847
-97085
-24976
50645
61878
-99351
-49645
-77553
80035
7765
-3245
-57298
-88742
-37944
1195
46579
34450
28102
32557
-11806
92280
20842
-21594
-85650
22888
-39533
-63697
-57422
93512
-21828
-35437
-94308
-10879
23594
1368
-17052
-35365
-65858
29740
-74118
-42571
81130
-46994
67326
-29987
-54336
-20843
-73175
47314
-71386
71105
-38327
-46765
1062
-82980
-51159
-18269
-31582
83180
56271
-77412
-73179
97017
-78626
-97747
33812
-71147
-32996
3314
28419
77773
79374
44846
56100
-15957
-59840
68904
-94758
4260
3105
67615
73003
75237
68746
-2326
-78508
-83659
99743
97905
-35273
-71482
20430
-44094
-63120
-64866
70133
-27631
-73275
37917
-30496
89295
51067
-60502
-74833
-73499
-31611
67326
51798
-11571
37208
22988
-79041
-31347
-51046
-30644
-45174
64978
-29896
64675
71412
81573
14551
44465
-74859
91276
60258
70198
32131
3135
70978
-64351
-82859
-49787
95148
63863
-12094
76780
97107
-62371
-65113
36257
-96257
-97470
37543
53745
-24138
-52885
96428
-92579
-20010
96668
19276
-57773
60612
-59808
-90040
56079
56063
13558
46062
-37554
-55666
95640
-74914
-49366
-43240
19176
47337
-2793
46802
-28934
30549
16504
-42542
-15560
-64067
-96033
451
-96138
-52715
-13024
66609
65811
52812
18896
50372
54536
13194
-5857
34826
-80432
-55911
95695
-56915
-86860
-65440
27792
-61501
30770
23369
98938
-12092
-56503
-29564
25958
38743
-49628
19941
-342
-13755
-10079
51881
10926
87631
-93700
3542
-93329
74266
-40676
49216
-35056
22408
91514
-61785
47256
19747
-66262
32126
589
30067
27976
-90361
54378
62831
-92992
-9575
51775
59920
-54535
-39805
39270
2240
-24417
-59445
9757
77874
77003
94223
79877
-8565
-48302
30477
31542
-29059
95975
81662
-13315
-72651
-20883
94429
44595
69483
29661
35781
14459
81238
57105
7096
43287
43842
46507
2492
-69913
92857
-66844
42975
-31680
-60450
-68747
-90468
-72091
33818
-8293
-33386
-4571
74989
-85109
8705
-5936
-20570
97266
-81568
-41449
44974
24615
94568
25855
3006
-31056
11396
3522
69425
-44946
-87054
-21822
43315
-36570
-31286
3050
56665
-31252
-30177
-83356
-69557
28910
-60930
36464
-83492
4186
-13996
-4632
12858
28013
-43028
44045
93825
-78694
97749
30220
-9750
56979
41441
20243
-13920
-48330
-32822
33867
44531
-73385
-15824
74225
99301
60454
68030
17236
61026
-27651
-61654
32429
-84979
55497
-23014
-21034
-49994
89234
-60188
93033
-88920
-72920
31342
16182
-3938
-14612
21557
-65056
35093
24184
27241
-44
-44676
64876
13236
-57625
35720
-58858
13403
93196
97060
53309
93117
-16337
24838
-99062
-18759
-41616
-83427
-68780
-81747
-40385
-46682
-54202
21401
528
9758
-61585
31393
35003
39890
42598
11633
-17100
9426
-21608
-20485
45282
-83900
74928
3804
34717
-80620
-5023
-54372
84617
35593
-97261
56148
-49206
-59469
28071
78890
68578
-82304
-93207
-66184
-70546
-81297
55953
-75061
63674
37852
89782
-12345
21180
-58183
45840
39656
-13580
-1315
72104
88483
22366
92406
-57826
-15637
-99504
-61925
16727
46223
3638
-95172
37249
46336
75496
-45573
10372
66353
59941
26643
-5562
-56873
-77585
11830
-12133
-77744
-45246
-94859
45576
27424
42098
-3367
93426
-24234
-14816
-68785
-67416
-93363
-27432
-8513
-88246
27406
523
-49603
-38444
-63149
-16284
81560
-44405
9318
-22456
-25839
24066
-18008
-39761
-16666
-66743
-61138
61018
-74421
90419
-80378
80048
-30854
-8765
47575
-11847
-42015
-24782
40358
-34954
-9414
-55264
-24587
-33830
-67079
-86123
39302
-9111
-30306
-82702
-85187
-40276
-18966
-68808
-83933
67982
-63762
-7244
-32697
-8425
-51202
-4154
80127
-85054
-52219
-12915
-62900
-33092
67635
-74894
-57125
-28548
19793
-44851
-65432
-82055
-88332
-82953
-58627
79821
-85488
72685
-98087
77476
-43868
-26595
-4437
-91360
-65133
39121
-2179
-37043
86995
41653
9390
24444
90686
-30138
11416
-44674
50118
-5863
-55472
27966
17862
53509
25163
34684
59379
-42577
86877
4258
40881
-39184
19485
24260
49346
-58331
677
25593
76377
-15790
62774
80848
12621
39987
-44296
18481
-9751
-18655
-48162
27666
40160
25438
-65304
40978
51549
-39875
-15998
-31690
4217
22641
11018
51709
14918
89776
-22353
17825
34568
75139
33205
-69715
99139
-97491
55124
67318
51312
25781
64640
36407
57737
53074
-95356
68173
68931
73075
-23800
-82165
-164
3240
30897
-90757
11018
-57872
-29721
-64206
-12397
45919
-93966
29327
-65286
64812
50813
71568
-87145
81173
-9027
-60208
50432
-30097
22955
97377
-73245
48910
-19539
87938
-34826
94348
13139
-55491
8773
52986
13628
-74592
74474
15585
39577
14677
93531
32563
-39415
16160
-20323
26195
-12316
49909
82775
-86722
10772
-92492
-63871
34836
58909
11266
2875
-57465
58620
34629
56378
-38113
72493
-29765
95261
31079
-19257
91512
88094
-10505
-17981
71738
35940
-5601
-39078
34922
39028
80941
68748
29618
68360
-64164
6332
5237
9528
49305
-79304
10159
46549
67955
20055
69611
-17067
39262
75516
86235
37800
-94621
83767
22743
-93143
7144
36874
7861
88496
87703
90696
41729
-12348
71022
8409
97817
52526
23587
84635
42600
-68568
-89038
-25181
56701
36788
-31548
-78367
-33145
50698
29245
-89823
27759
45097
60195
-60050
-84910
-96113
73958
273
-5926
-63804
70864
-73353
-96520
-72112
-85430
-95248
17663
-45748
-35960
79444
-7456
31702
-75630
-80960
40318
-48226
22320
31742
81133
-88995
50
-50109
88460
-66330
2393
-93807
26556
-48364
-19995
53053
19452
-99677
22460
69003
31075
97435
14388
-14475
99385
35559
-95363
77707
-6479
70660
34350
80692
-51577
-38955
81514
21778
23538
77203
-17681
-90621
74439
46817
-40389
-956
-55126
-1027
-98661
-49487
-16975
49683
-2095
-19544
74518
-2708
38945
45835
-3623
55363
-4360
-20701
92720
59768
-74566
96866
-5332
-28898
54374
-93695
-13846
88751
-70360
19784
86962
82591
97916
-74132
-2001
-10867
62266
-40686
-19061
-67626
-55550
91890
21735
41924
54148
-58601
-64524
-29468
-25684
-77502
-98895
-47435
34921
45358
71233
47996
-66023
-31953
-7704
42677
-48301
39028
-55134
15972
-37616
41963
160
-77367
7286
-94653
-11425
41009
-8765
87757
-73433
43945
-15790
38908
-25826
-67122
-22451
-75445
7750
27584
-15120
59389
56282
76981
-62155
-99264
-4096
-92823
56226
97771
-98966
42611
-59093
40870
-59313
13875
-15100
1449
-98558
84008
12168
87133
-43156
-95330
99391
-78050
73771
15108
44815
71650
55045
-94948
22082
-25165
-67126
-86389
-4816
-95912
-9850
-81072
51017
96978
35040
53265
16321
83202
-89709
21649
75672
-28376
-25210
-60609
-68859
-42746
57161
-42584
69310
54051
-84178
-98101
16871
-76053
5890
-24307
-2987
93939
24679
8387
7101
-72549
-2097
-55699
-30787
-58932
-12969
78851
-43769
76897
35518
26150
-87962
-63133
-79872
98297
34670
71788
11603
-36151
61380
46316
87357
73447
8455
88266
24592
-85737
85402
-98334
14211
71905
25424
-65235
-12241
11716
-94414
57278
51427
47946
-56017
-87639
97828
63543
-53855
30206
-83196
-59941
-9608
34291
88477
83207
51973
-48608
5611
92508
-6939
-30621
80579
34111
-71288
43811
-24012
-37400
-46435
16306
-77127
69530
92444
-16692
-35305
35053
29103
-34628
15577
39751
-76098
60766
-68570
31593
76758
-51713
-27588
58085
-49995
41888
62475
-5394
-5580
92698
-1488
46600
-64623
28827
57612
-17698
-34024
56334
51713
2482
-97106
-42471
-85431
-15186
-97478
-26880
-7630
83546
-42000
-16857
-47622
7399
82107
-67596
89154
-59608
-15801
84307
28594
-98144
-75352
1811
49450
94262
-64406
38573
12256
-56571
-52234
29285
-68389
4496
61021
75594
-18293
-22061
25860
-7529
59138
48052
72556
88764
-86125
92120
-50467
36854
-94842
-13293
-46289
32027
-10251
74551
-54539
-87054
-76986
54221
-21370
-20866
26245
-3166
-12503
-28004
43292
93688
95772
71618
82674
24030
-16383
-17689
-29986
33306
48614
-15679
4359
-65470
-6992
-82454
52570
-59030
55011
75420
77478
15287
-58544
-4773
4119
-99118
-83621
-39310
81677
-56136
10279
13397
40088
85615
-30943
-72603
-36398
94227
-94234
2707
88153
-91825
-76974
23004
-37464
18663
-60826
46130
-72878
-48015
-89515
82107
48346
-69020
83755
-61326
-34703
-46648
82266
13676
-83955
-3507
-59869
-17867
86242
6840
78366
-93799
-53889
66296
33381
1662
-21816
-81257
39139
93870
41356
-79028
74996
-53133
13314
-67027
53177
-5669
75685
47425
7612
-84709
49129
33075
-80070
84944
-50408
-47517
-8047
57184
-35506
-33257
4679
-47041
3789
-25073
99956
-61170
-62338
-53002
67214
-74338
43333
42740
6607
-1646
-84801
-15136
31493
12705
-60965
-20141
-21514
-37509
62482
73496
41837
4803
24132
84031
-41819
-91013
-43599
36945
31121
-19330
27408
90845
-56826
45862
-34033
-9423
42054
-80179
23784
-76891
-79766
47601
81757
-36463
2731
-91855
7824
-76642
-29811
-73100
46401
21690
-93144
17705
-21212
12517
-95084
-79960
-60898
39913
-25808
-25865
-95652
72422
-20465
-45463
61520
-27317
-76800
-54878
9
-23583
58105
-76427
-96722
-89215
62943
-65362
-24425
33830
-13771
-89621
-58551
42973
-61538
-69019
-13749
92953
52048
26829
58601
-40349
-28713
-34543
-82427
62446
11331
81661
83476
-41400
70448
28798
40956
-73491
59952
28483
69640
-21706
83863
-97092
2822
-22097
-59614
-54396
-5890
-80635
260
12763
93263
35486
8143
45004
84903
79811
27964
74030
42462
-8008
78231
-20155
94576
-79379
-41719
-37880
-66091
83597
54083
93949
-16769
883
-15739
73153
-22160
-93892
-37752
57508
93237
-20041
79438
-8400
19714
87545
-43388
12106
41771
-23410
-60272
87474
-83971
43914
92157
-54939
3063
-94211
38337
96802
64360
1732
64999
457
-49882
-73732
42973
74078
-79320
-5038
65756
-13011
29313
61622
21871
-96632
31162
2094
-17821
97196
20234
89991
-91830
56130
-81548
90726
51371
-42623
49277
72188
11849
26928
-47223
-24936
-80370
-56567
-90479
-36714
-88235
59257
3139
-34827
-59183
49541
18359
52550
64476
25414
-64631
82881
46752
48149
66711
-35662
-39460
-73407
-40296
44944
-16876
-37891
-4905
-6546
-88232
94423
-57076
85771
-13522
-2781
90581
52036
88094
38838
-4330
48617
89691
-41970
-84054
62380
-17271
-76593
-15036
-82315
-10769
85736
87591
-12717
-81605
25300
-86914
45454
-10580
33213
-96680
-37352
-5152
45435
8708
-11102
46074
25657
58373
-63862
-28625
-53320
-51533
-68559
71982
-5139
-56978
-21077
2730
-98234
6015
-47920
-90683
19019
28428
77935
-48550
-37089
4792
-39902
-51609
-6555
-92651
19069
-50923
12159
-83641
-85728
30822
-45903
-61834
-75796
59002
-29724
81263
66066
61694
-66169
-61672
98631
95730
17744
-3762
71316
-10284
25760
-79459
8073
62254
21445
-69733
40657
20665
18649
-29215
-94751
-45523
41799
21479
-74549
59686
10029
25147
86127
46004
95965
23646
6480
43711
-23234
71675
-70780
-97387
80848
-79803
37190
-46702
-29491
67627
58022
-91093
-19542
-69637
75807
80535
80573
-17391
-71351
-20646
5688
-65991
75621
-90449
70419
-89239
87638
13521
-32120
-66732
-87569
-26714
-11080
-18068
15079
91785
52395
-29641
-66967
-23118
-63243
-67507
-65464
38468
91379
59691
-19888
-51661
6517
-52041
73656
-70064
-46346
-25327
38771
65075
-69498
74386
-5723
-79100
96777
11748
11507
-90458
-47080
-71298
-83405
30656
-38779
76090
-34429
-61912
-70533
83924
27125
94894
-25468
29249
15592
-66813
46693
-38358
-83598
49925
12068
-89980
70521
-27480
-88022
75277
-68127
70274
48002
98468
95519
-22606
66753
34117
16044
-44050
84928
-70559
-45226
-81175
28165
-76458
24496
-13283
31616
-71344
49322
60538
40177
77243
87995
93547
103
31780
11514
-11583
90786
-88277
29005
56510
-20646
33127
-90632
-96512
78553
87382
40919
75849
83779
-24769
35303
9127
73910
-10842
-79618
94660
46284
-81109
-25573
-8116
-13315
9920
-88360
-4298
18594
49413
38716
81266
-66540
78594
-31187
24237
-41933
55936
-76734
-52156
18242
90372
13815
36355
32816
1577
-41478
-65064
90482
-74471
-20510
24536
34763
-9816
68991
61997
20717
205
35340
-740
-93831
6845
88193
79023
-46941
-73306
-93563
93891
-5007
-1403
48385
-74128
45858
-15772
21648
35856
-62549
-7180
24338
51630
75933
27842
-9056
47245
84578
90393
-63399
62994
24230
-70283
71195
-36913
-44590
-2081
-21362
-14036
71795
-97750
-22438
-21516
-25735
-54392
84920
58809
-19620
-3127
44134
-77851
-99879
-82510
-70028
45151
22682
-96458
34684
-46762
57780
-99692
31983
40301
70602
30604
-67831
80067
27087
22399
-8090
45342
86888
22818
56239
-99789
67439
-1058
62637
49108
14420
40712
67006
86710
86750
-86728
66788
49822
64591
-9464
66171
-89560
2406
-53269
19203
-62668
-38146
-55001
40859
-46163
-42860
-75664
99599
6007
-22298
611
38408
-65739
-58762
-97637
33954
-99404
-43410
-68748
-10917
-91273
24157
39706
-18778
-60833
30559
-57204
83231
-48905
42907
13427
-85030
4890
29862
14681
86676
-78015
-20026
-96312
-565
-68947
32465
-48704
72810
34221
-15629
-1965
39388
29005
77965
70369
14081
61787
-29765
-8596
69310
727
26990
-58473
92975
-17802
11512
-26496
-84552
88211
96231
-46538
87737
-43789
-39160
-6055
-85921
65139
-67379
-35315
-13225
33744
95241
-22630
60126
-64493
2583
-96668
68980
-29673
58459
33729
-48337
67512
12320
-28164
-41044
72026
-55903
17766
8160
-52077
-71133
-3053
-31540
37878
44543
-3336
-241
-58051
5822
82911
-93419
-1006
-78564
-68540
-89746
-80326
2031
73168
-9223
-2081
-30111
29807
31103
-68424
-87015
90384
70428
-23401
98745
-95496
-20009
58638
-8192
-12156
-60013
-34753
94990
-3527
33631
81151
-94264
2121
-43672
55463
-56238
-87899
-18482
71799
-33223
-87687
56147
-51162
77619
57289
98032
17994
637
-39578
69826
29664
89764
-9204
-33119
-93127
-90016
-61349
98194
65026
52954
-63248
-56302
63854
24015
50848
-77550
49218
26508
25105
-21309
57468
32537
2676
-69561
3361
-15886
-18142
-48826
-62814
-72848
-87598
20578
-98454
93447
-49355
79490
-98809
-60184
28014
-8181
55730
-31673
41201
-47955
59196
-52681
-75401
7449
-66537
-67599
-82149
-59823
94079
-269
54741
-91369
-66365
-97915
38736
51591
32244
71831
-48151
-14015
88808
1990
-9018
-14978
-51029
-92419
-41903
-10044
80772
-67656
8656
44276
-34081
-51612
97123
51137
-79652
85538
-98983
67451
86899
-75669
69550
-24375
98561
38925
-29083
39221
22836
26260
27390
-39006
25616
85636
-78187
19736
41627
4546
-50601
-31296
-73941
658
-73247
-16917
-78582
85690
71543
-89716
78211
-68282
-22883
-29434
95436
69093
56213
42144
43151
-4239
8118
-66346
91287
-4852
-1114
-32119
24020
50149
-10380
53846
77514
-70246
74580
-17277
-58084
1912
6008
853
58481
20765
89927
-28800
-7808
-85953
56060
-26570
2750
58885
14046
-32735
73121
-80877
-48489
-67989
18063
51171
-54412
-48006
-33240
67918
66808
-43718
-41299
-73941
80669
74194
-36021
53518
47208
-98184
94920
-53966
53800
67872
-97015
45937
12107
53391
-99395
-3601
4828
-94385
-2518
48983
33756
-10821
-77038
69309
-25604
-71174
-65343
-89949
-46539
-90040
-9162
61911
55941
26416
-57812
75513
49351
75926
-10877
30299
-53523
85872
10832
-16959
91356
-61291
-2306
65607
-63133
-9746
35679
37666
-13287
46089
-56877
68031
-79021
-72628
15443
95495
35135
94214
40539
57348
10337
29665
-35022
84573
67239
-92172
97687
72829
37418
22773
21194
-74734
-21116
7627
-11021
95602
-91640
-55998
-60109
-51241
-53918
-25064
29318
-20981
-34548
86708
14482
-55073
2026
-80394
-36850
-76971
38916
-46679
9810
-34019
-26851
10133
-41289
-8516
6644
97842
-89622
-65911
16407
-87369
-33646
12178
29854
-28273
30939
-24037
51147
-31315
-19041
-8954
-26372
-51145
-34831
18958
-57590
58845
-77371
41581
-33854
-18803
-60161
72926
-95362
73791
-98922
39549
61855
-12565
-70939
98186
28648
-11941
8654
49804
-30470
-66086
67595
-59950
-85848
-14132
-15085
38741
72950
-80681
6629
90041
64755
-31553
-54669
29298
-81488
-44976
74094
-88701
-67236
-93708
-8022
-96222
-35075
91428
-90578
63416
53069
-82501
-72549
51332
14063
33894
62199
-39521
50188
35896
3732
-69094
-17073
-54054
28385
37059
-42375
-29984
-48563
-57977
-31
11958
-25133
-21135
30924
68729
-73241
80209
14629
27234
-4293
43832
74521
-15459
-56850
-39201
-49583
70008
13330
-47705
-5043
-80329
-59368
-74374
16730
41540
-52262
-60975
63791
54979
-96059
-91440
91946
64836
70241
-59124
-66718
20818
28095
-97748
87784
-30680
92862
-2963
81503
99651
-32199
54911
-53131
1427
-98864
-4211
-2499
-69173
-98926
61274
19051
-4137
-9404
54983
-56917
-63635
-33903
10161
58078
-74499
13965
61943
10162
13826
-1817
-59111
91356
16314
-94101
15163
-87115
10418
-50958
83977
-10450
9723
83367
18869
-97295
-24199
96502
32412
26070
-83047
66642
-44153
-3393
20258
63843
20238
-10159
-92635
80459
7062
-36145
-10417
67668
28218
50964
-76259
-19016
-68857
4205
-79378
89931
67874
-16367
-71180
-64183
-84283
-56642
54532
-35208
7142
94385
5198
-80966
-6600
-67455
56998
1969
-9846
56920
16320
27982
66190
-73073
96571
46649
34869
-4123
-55788
71831
-30475
81052
78203
13562
1452
42737
50562
13611
-36322
16310
29170
-19956
72987
-64307
-21256
1133
19324
-41277
-33219
-10962
29835
-19770
90067
98828
-55806
82821
26571
5129
-96532
65954
-50397
-95940
-99992
-19050
-64420
-83854
-17715
61218
65962
-95936
90919
75758
33285
-4569
-95906
4096
29789
-25054
-93193
-68774
6634
-18546
-36620
-21136
-55967
4022
29079
99652
-13374
-28101
86917
76704
13518
-47716
-15419
55024
13463
-47704
-68505
-92615
33007
-83267
60545
-44102
38274
-55429
28053
36317
-84160
-26933
-41330
19098
64626
50757
-96599
-60311
-54418
-20349
58289
-73439
91558
48384
-40926
-6286
-26150
-3093
9135
-14405
6190
92430
-48608
99593
61910
50582
-10861
-23890
-5139
25022
77538
-82503
-50843
-19556
-49243
84823
44505
-91576
27406
-26555
96703
-8795
59507
-51471
-26439
-44595
-86103
-51155
55626
-91875
-22133
63438
-13210
8602
-54630
-13081
-38494
63742
-3778
81181
-6582
22051
59819
43303
-31663
30603
-58273
68325
10275
31882
7495
99161
-4073
27792
-23038
38342
-2112
78551
-97603
78371
92194
-19291
41213
-17156
71810
-98370
56379
78118
-29609
53098
-26327
-90659
54108
-67234
43795
11388
95495
5322
-59871
86743
24979
-48194
96825
-56008
-76806
13562
-46015
-14731
59135
30096
76290
73963
-29785
59512
17384
-5543
-46841
7600
-65051
93403
96377
-45298
86070
-37376
66664
46884
64894
-9077
39115
63246
-65906
-47805
25519
71450
-54522
-75785
54892
5205
50132
-15598
38329
76846
-14181
-80874
-90532
66697
-48784
-89480
-77574
92835
-90562
29912
28108
-64227
-27255
39644
29170
-72153
14799
-62168
51682
-7926
94667
-92804
-84423
98193
-39469
23401
20082
-58731
97
22833
-14092
-31836
84270
7674
31877
68750
-67974
-81169
27613
64715
-97815
-31756
-65131
-74228
-35577
3395
-32706
-33060
14444
91880
80142
36851
61883
-72875
90806
76312
13764
-64605
-82289
-71505
21641
57318
-16270
-90202
33822
29419
-34650
-36552
46889
-52784
-41164
-98211
80585
74432
-45097
-11889
-63852
95115
68880
5048
-42632
46494
-10603
-97219
-64702
91299
-50583
9953
6141
4472
-8633
-87337
83571
23364
53112
-91031
23759
-13060
-95868
-60674
-54238
4017
-2747
-16629
54084
59346
-6057
12697
-76141
-49530
-31829
-90834
16215
-77538
-86789
34139
-52730
-13509
-81320
91106
81827
13948
-63905
-80831
-60928
-15135
-98358
-69345
86245
-16639
34786
-95854
40137
36388
-74350
73035
-8387
70014
88343
20191
-88152
41673
-89196
-30606
-43923
45181
-74686
67714
-42967
-53649
-16827
-31283
856
55620
91673
12704
84503
82448
-11029
-76738
-77436
86479
22468
71401
-35519
-86338
6048
68880
99416
-81769
49501
48724
-52616
-39704
-47921
65144
-72674
-74225
-9232
13285
45775
90580
-20107
19032
73921
-86941
-48389
92073
-14566
-43036
-37792
-93575
65296
-83271
44591
46646
-96081
95827
96947
54861
52025
57457
-76180
56110
62695
-26825
-33184
84533
47054
-35993
84680
-93254
99805
-50946
93227
9910
59586
93037
-88567
4112
93549
-64782
75693
-2621
49069
46099
99238
39150
-15306
-89289
92303
86201
-30845
-15583
79241
-64674
40472
51721
63562
98523
-56351
-46823
93071
41203
-76362
34753
51373
-84581
5376
-94601
96197
45576
-36491
43663
-34090
12051
-2881
66162
-51603
75269
-18182
32638
81911
79621
11164
-14790
-88905
-68965
-82448
76212
57554
-95392
-26373
-42247
-35256
-45628
-87745
-27279
-26435
8060
-83299
5524
96501
96710
-2859
-66611
-72865
-9766
-12502
-45527
15816
35247
38561
35196
-68368
99302
87719
8017
58170
-16169
-64110
95243
97084
-60297
-96512
76636
78007
-6045
2332
-95135
16864
-98741
89791
36185
-1827
-38979
-32526
98497
-76021
-53555
67794
26445
86972
59039
-13236
-3580
54206
16849
-98616
94776
-82026
-73529
-88413
29345
36044
-19180
-89004
95510
7456
72001
15344
54567
-42598
18558
-47672
33881
-94017
71331
53744
-41409
6559
-40671
-19685
-32655
83788
40969
-88286
-36372
-51035
-65735
2531
-24058
-40368
-90273
-46906
58700
-43898
-83157
51483
39290
-94393
-2731
28703
-14635
-43281
-52344
-97314
47145
59169
67434
92722
49115
-72033
-62328
-45975
49770
19452
-37405
-63931
34182
15784
-37295
-17060
-77683
66795
25490
-86176
58782
35053
-62992
80057
-80676
-78927
47505
73358
-35263
58786
-95203
89571
72156
91910
56390
20892
-91480
-35633
92280
-58464
-34165
-19184
96159
62809
-71384
-80307
-35761
-53865
-7327
-5461
32469
-89708
3756
33990
26968
18706
-8624
-4895
-80278
77665
58429
24952
14833
-89603
-65082
-30734
46316
67539
-57540
-44365
33508
20964
-38808
-90867
78962
-93565
34404
66198
67623
-87368
-76010
41812
-26533
25607
-69622
-3947
81557
-18805
-6101
11036
83924
50299
13534
15925
-61896
-4658
54268
-1110
-6384
-94021
17514
-4210
-25343
-73510
-67178
-46346
-7089
-51418
87375
74440
-71157
40291
64641
-64021
-2855
92956
40716
-36002
-42147
59206
82625
23973
20482
-86783
53881
-71971
94758
77436
2385
-59791
41957
53815
79109
31397
-53439
-88924
46888
12879
-85013
96359
-90691
-38938
-16079
12285
70326
-16141
56899
-33672
-20154
58404
43043
98984
-25627
10687
6249
71766
96864
9204
-15056
-47894
-2918
-32629
91041
-48532
19107
87740
-53031
-29401
69426
-89699
-94406
-63831
-67774
-8906
60939
-14552
-77177
-99728
-4019
5823
1420
-90708
50011
73813
74603
95985
-81092
34847
-29976
45629
91977
-30085
-92054
64252
-10187
85949
65686
-25961
-95106
-32569
-1143
59683
-66769
-11631
-53838
54010
35279
-20791
13387
88615
40554
-69932
-88014
48379
91257
45106
-55000
19388
-75344
-93185
77988
97277
63141
-64875
45205
-57591
45016
11151
41139
-99911
-20253
-84567
-68543
-16923
40831
20931
-31775
-42249
-3088
53828
65299
13403
-33586
17819
15756
-28910
-70414
-62431
56687
-5338
49529
27547
-47190
51256
-75592
-62565
58672
38261
34044
-19323
40078
33575
-44676
29807
43116
-85400
11934
-14046
-35933
-86671
6178
31102
88373
43088
88111
29497
23661
-8072
-38152
-46073
14292
75058
-82293
37078
91149
-57678
-45450
-24911
23182
18756
-81322
-6460
-24453
56229
-27651
40255
69473
28014
-5121
-21293
-36405
-77077
63513
-28327
38021
50250
5375
23186
28267
-30417
-24319
32649
-32468
78693
-26535
51925
89313
-43410
62355
9274
1412
13435
81369
1455
65678
27959
-95078
-65605
-42959
80893
-71273
-64135
90735
-59669
85898
-92614
-10091
-34290
22899
-22007
28504
61884
-11648
83593
60938
1409
70104
65979
65145
20657
-45948
-73764
22117
24157
7674
-70997
-66469
-52064
39048
-2807
23410
-52007
43545
58168
38369
51251
-37337
86854
70140
-40801
90942
42691
-32567
44835
62377
15725
85571
77196
58875
34157
61418
-42433
-61573
32570
-60475
28526
-21331
91868
-50634
56358
-33863
33483
-24136
-75964
78779
37686
93815
44168
83430
-95009
82763
-48063
41301
75363
87123
-83800
17712
-28329
-12886
-77687
-36873
60494
52425
-59236
-77842
72696
-91847
57202
-8731
-26779
55282
51403
94947
50023
-95531
-84284
41391
-23212
-77949
-68115
98234
11178
78360
10489
-77908
-6130
83976
44943
69769
-56339
92308
-40323
83264
-83837
-16984
-95796
10128
-53190
18644
1390
23127
-16278
61221
-4076
91065
-28417
17248
-84324
-99671
93496
-49574
-48920
-86697
-94836
34423
-62070
-51978
-19161
24573
-45733
33193
76178
24468
-18325
-11191
-97808
-72804
-87918
-89579
