5300
-21225
-20206
-72241
4526
47023
6961
21118
37569
55619
46282
-13552
64717
13738
98514
-44515
26810
-1288
43364
-93951
-45091
-60649
31101
13776
-39995
82128
88849
90151
-36955
-87831
11976
99230
79897
-32599
22040
-73319
-38953
-37641
-48001
-37634
86323
44961
11166
-6592
50638
-10376
21869
24346
31068
-29609
52319
-69672
27985
6469
32083
-39025
46376
-91216
96883
98989
-4208
19866
-20179
-10133
51955
-52656
-94132
-77217
-95261
-30060
72946
-92755
-28573
-90084
-31308
56094
-51120
-89549
-28142
46537
-82133
-35522
-52975
67821
-63484
-77863
34935
85281
42883
-85024
-55389
68706
-58666
-2294
-43898
90444
26803
-79569
-51582
71012
-696
13802
61981
-72175
8711
-94247
-91486
-16405
44999
-9471
-95724
-92052
-98599
59919
-8944
-81532
1128
24889
-93442
-69368
19403
-65277
26227
86346
22635
63262
-34905
-63356
-10228
-30549
-53170
43821
76858
-5539
-73131
67886
-63536
-73669
-6
34286
31592
-94779
34760
-22391
23130
-18002
60654
-74528
84467
92040
-72453
-13046
46708
-44418
21881
94633
75267
63290
-19997
-63785
-79309
65191
2819
-19842
96619
40656
4972
-72121
41333
-24409
13585
58538
18789
-7582
-57407
77988
56036
-43904
-25472
-99513
-82216
36202
-4157
-85269
-76431
-69004
29255
94018
38035
96002
72334
-21623
35483
89800
-14089
55003
-17904
681
-19015
-86368
-66904
72577
-23620
79202
-1356
-7298
95764
-41728
-8343
85161
20634
-6917
-39413
-42301
-80535
38829
-88905
-1014
18482
-59174
-97010
37275
-84931
86303
73914
-65359
97276
-83065
-72354
73099
68429
28989
30302
-31700
-61747
26523
-72761
84476
-57772
-93216
7709
-43764
32464
-19071
-17664
-90825
78529
71638
-71302
30755
86798
-65739
-31448
-14425
-87741
65180
62722
32711
39528
48135
-79992
42586
9343
-2398
-7094
-52915
-46055
12697
-59436
3072
-46763
-46197
83893
32334
29622
84124
79083
-31062
60000
-43607
37165
-61532
28975
83159
50133
-21877
-19468
22277
41255
-34451
-80179
39584
-74558
22458
88672
63252
84001
-76601
-75212
8031
-62834
-57746
-28756
13506
51109
-90158
-90208
85778
30401
22720
25241
-9237
52549
-54351
-56023
-23933
-38839
91180
40677
35420
-21154
2824
-92031
-11309
-57216
16783
-14906
-29738
13143
-27778
74610
-74061
83882
5098
55148
96203
-31263
26684
-80542
45925
-61579
-76643
-11327
-49505
79862
45677
8336
255
67960
-53844
-6167
-22873
-94373
-47109
78806
-35033
89398
-43523
-83580
-14035
54048
-96040
-31066
-6825
99034
-31912
66601
96169
-28196
54258
8719
99674
58106
-59355
-90901
-37495
-55117
-53188
-34376
-86899
64087
50801
76949
3497
2386
58603
27809
45278
36696
-45016
-25745
-9317
14959
-57930
33766
8784
-72108
49308
-82824
-1184
9739
-78123
84989
52469
-39418
7356
59435
-3731
43889
34243
-46284
60530
-61352
95261
66364
-37721
34678
-75780
67190
-48258
27611
23476
-14054
38694
-32968
-5697
-65979
-42526
-88054
51482
76716
-52875
-75807
41356
-85698
8633
36749
55430
41814
-66417
44324
-83226
44378
2545
43953
46742
27955
-79580
15164
-79727
-51927
-24439
43634
85510
-1510
-42223
21617
41108
-46570
-70064
66802
80182
40666
-7189
-97900
-83080
-27545
-35668
50305
60903
-17025
-74188
-33089
-20152
73468
80144
-93803
-95298
-80819
43492
75607
1295
46797
-12861
4753
-97856
89729
99617
140
-78564
-16850
-6176
-44225
404
58581
92294
-85035
-99456
-88947
-35376
-34345
-97085
7739
-84961
71543
-47859
81583
-90543
41144
18171
-51618
88939
83452
52441
-75528
99442
-48340
49351
-63898
63385
-10626
50169
-22750
-42796
-98970
-80744
-11086
1867
-48357
-12666
-44862
-54934
-25724
25791
-41827
71637
-9985
-5158
-71032
-99079
7182
96303
22459
26046
2655
16275
38077
13848
-55497
85759
89435
-95235
3770
-85297
-48508
49969
12441
76198
80388
-98692
-28072
-29202
-15077
35517
-4037
49789
-41863
-18727
44300
-75373
55449
-47156
30668
-33408
-95369
-35937
-84556
97507
-29905
8570
42022
5388
93940
81681
13045
-9405
99945
46778
1165
53730
97887
-97761
2689
-45475
-3732
97551
-54160
-80478
-9180
-721
-17262
39195
-3593
-26227
7012
73489
-96025
-58347
53742
-52118
-70172
56732
-82642
70035
14149
-27110
33443
32568
36645
-26635
-90953
-98704
7640
-67912
-63415
-8970
-52855
44194
-58345
-17198
5297
-96485
-3899
94743
-39882
8193
1100
44805
-70242
10017
-57534
-85426
56878
-16766
19649
86390
82915
-70501
64119
21075
-12212
72612
-38902
26804
-58494
4681
58853
-90274
99205
54907
-21276
-7310
83253
12705
6296
85994
-86038
-37907
76279
96642
-6096
6281
3427
97651
-40158
-92113
-64171
-68006
-3166
-31464
-65626
-35912
-21838
-78708
-4550
-31341
33138
99160
25737
6649
61686
-88738
94219
87140
-94205
-43898
-1536
10873
-53530
62674
-10023
-79445
27314
-73776
1926
-92484
10004
-25496
69277
78756
-35564
-51499
36260
-92726
33514
-44367
20155
51759
20667
-58136
87337
-76694
46767
-92273
64513
-89906
76656
-7731
-21456
23271
87296
-49353
-33050
63971
-22985
48890
-9569
82382
-82600
-19279
-15923
-56714
-67377
-63977
-21276
-84242
-41078
12950
45569
-75987
-78735
-3458
96696
-49194
-89085
-98607
-22599
77458
14670
-24581
-11299
-33319
-95093
8543
55507
-76336
-99180
46092
-57887
-63475
258
-69746
-86695
89526
-81305
40033
-54629
27783
34981
34945
25345
27761
-47895
-75172
-54933
-22176
58632
20457
-48154
49941
756
41938
97275
-85837
78554
5261
12306
46933
95644
-21623
-16638
35868
31142
67651
20342
21702
87919
-13897
75645
85625
-59058
34228
-72275
-99232
-73034
55048
1653
-56276
-86064
-73893
1790
-81924
-5837
24344
50366
74711
-52029
-92538
86489
-99434
1315
-11531
-18445
71647
-70696
-29933
38678
15116
-67077
-59938
-35907
83689
75546
-75596
-55621
44828
81005
-13306
77643
70112
-11152
35051
-87115
-89558
7010
54608
28761
-28628
19096
-58226
-2213
27383
-90882
-96812
99115
-38597
29739
19651
-84305
86314
67808
6361
1296
44795
24926
46084
-35874
93131
-14367
72408
-70687
81181
-14980
62748
-38595
46786
58770
76671
-17152
65620
33070
74792
-84148
-78500
-37824
12715
-46244
97107
-1547
67543
-34252
-82554
25969
-6036
-69015
-19054
-73684
72810
2442
-91249
-86426
82820
-30934
-15734
59656
76340
-33781
99882
-23527
31976
72873
-8141
23961
-56102
-50080
91177
40446
-8963
-73222
-77492
-10168
45779
31001
-79998
-14781
71451
67070
531
-21159
63848
26675
83790
-11631
-83827
-51749
75656
-57176
50037
-2604
51332
-25142
5135
40006
-96402
5165
53030
-94901
91330
57675
-53426
26619
72074
-66118
-47430
16978
-30908
-52439
-26709
-73152
30817
35641
45955
71630
-63062
20533
-90952
15208
-97154
-17424
-605
-98485
-64010
45754
-8328
-4660
25961
-53570
55761
-62
-74613
-24325
79395
-12143
39152
69341
-14511
-84268
-86417
-33609
-53729
-43162
3233
55648
25663
-30899
-41143
95463
75527
75908
37581
26996
-32892
-65436
2339
14844
25896
-42066
25543
-5984
-13026
-33033
-66840
-71325
-65986
-78288
93155
82758
-50084
25745
-14298
-40830
-54789
74786
-25929
-75870
-36769
-68698
-91187
11514
60032
49956
-78308
-49593
-63269
76947
-73106
-28827
47202
47265
66477
-65689
94419
-1824
51837
-98538
-6618
85646
52998
-84535
48095
73919
-78897
-18018
38020
-95703
-63098
96402
-37335
50124
-8164
22658
-10329
-54468
7373
16511
-16533
-60276
-26499
-17720
-55254
2713
51134
31398
-93710
40752
24622
-35223
-80612
-42723
-35715
27450
74270
-51247
80269
42397
-23619
-7057
6898
-69562
70559
50291
36185
-19628
-10690
-90433
-80700
34734
-65351
-47036
-54989
98425
-77692
-57015
96095
75379
80448
-47781
84383
31791
65382
-92719
-69138
23469
-89444
55739
-54204
-7531
22954
-44313
-19488
6160
-58042
-8945
34983
-70844
43339
-66654
-88794
4458
99976
47213
-87436
-92147
-74827
-78234
-21709
22880
-92095
24085
54133
73725
20743
78496
-98950
-41930
-72994
98417
-62633
-11046
13391
1798
63283
-33658
-99422
21780
22764
3172
58513
-66663
46167
-47547
46046
-19395
68068
50327
-45504
3172
16415
62787
77816
99475
86034
-96283
60163
-19652
-93624
17321
49704
16231
2604
70143
74865
70719
-23216
-1094
-54090
20663
-36661
92874
-32172
-14441
85818
90900
-10307
-73625
88870
30763
43690
-99274
-81274
8750
-85013
22791
-15461
-45570
90398
-26855
-75847
-4199
-34242
-19246
9254
48984
12115
35079
15451
69761
89287
36394
92711
27210
6553
37073
-96717
-96789
-11542
26143
-7072
89246
-95947
5329
-46451
65974
-996
-47449
51700
93081
3613
-99604
57972
84892
-36381
-69532
80553
71865
-17287
-21934
17143
98927
-93991
-5277
-28570
60407
61987
-14534
74215
15838
-21207
-83815
-93835
-94268
-32985
23913
-48425
59375
33872
89894
83906
-75443
44547
-72663
7451
5380
-6051
18643
-35367
-69832
-25560
-43821
98057
-14696
78064
-39211
-58965
59877
-8394
-11704
89658
-53055
29630
-96887
-14263
-20625
30211
39793
-52791
-47635
-64245
-49864
7143
-46037
49685
29380
-74926
-32281
-19730
61394
12506
33702
88226
18112
68660
-72432
7632
-35532
-40870
45865
-97641
5933
-38513
-38808
-36180
32676
-9920
24310
-1714
71134
84422
59716
36624
86481
-70904
51721
-16107
17584
27710
27543
70299
-50219
-57072
38809
88621
-72758
50461
-57237
86588
83380
-12393
-51434
49288
-94819
71691
-35097
89273
-28515
37566
72746
92938
-18077
12595
-48952
40613
-75931
98954
-40134
83657
-51358
-4798
-80215
35175
-17776
30303
3748
94413
-27032
35431
95485
33017
-96630
6662
37120
-10352
-65331
-73199
74641
-65561
-69081
44647
96417
-38531
21878
-2188
-17011
45324
-22999
47567
39251
-69516
6478
-10941
625
74776
-42824
79467
2524
71364
-16244
82742
77594
-76021
69352
69387
45948
11056
73585
-76538
44412
-88262
-57672
21791
33455
-80021
89929
22252
1830
-18743
-57009
20861
-65945
-36389
15527
11045
6403
40112
4351
41752
-72364
-55016
107
58160
47573
-10378
-47996
98506
-59746
15149
-80515
-46259
64378
65208
-47612
-20278
49958
58582
92048
-961
-52183
87266
31949
-39114
66507
90177
-72478
63627
243
-40076
-74725
-310
-30495
-99059
61816
76151
-63228
38142
15505
36263
-86536
38796
85924
86987
-65440
-2973
-28355
-73843
-21923
-82236
37120
26130
-43032
98457
88534
-56352
-2030
83754
-60046
83033
37525
2599
6975
11238
88597
91045
22440
-64401
-35655
27622
86659
-8826
-92511
-16367
795
26019
46531
-19840
61464
76618
83109
-89608
-20019
-26103
-49927
22964
32286
84701
-99888
98586
71692
41461
51772
-75953
-87713
53454
91271
86630
-52753
7293
55561
-33165
-89394
-98549
95722
48574
-98091
-62022
-96395
-19309
72266
-48026
-40044
-19721
33323
-8377
-44306
16693
-93798
-365
45274
-27818
-98908
21888
92094
-81810
-76817
94887
36681
-4013
69184
-34044
-51319
-37079
55079
97178
74409
21593
98695
45043
-67317
19104
-63482
57349
-92354
39107
-20403
-34063
47388
75872
-36996
48677
90563
-25568
-85906
-87008
-18962
4361
-19164
-16235
61871
-92816
95632
90409
-60213
63436
-15104
11863
49457
-27419
45605
4275
52825
4778
98560
51532
18742
7202
82600
65450
36951
45819
90682
38070
97503
46975
14813
58425
-90465
-924
-4944
46653
86989
27650
-75885
-24433
50788
16351
19599
58150
-35689
74662
20003
-83490
-31821
-72329
-2708
-7907
-89648
50904
-50001
37335
79987
328
43014
-79956
-40125
-92684
93286
9838
66726
-40701
-2359
70209
-57544
-61556
-76740
-56613
17128
-12057
-22329
-26964
-74834
41057
-10252
-61161
-66004
-58551
-81602
56541
-95391
38247
79192
55515
70212
-33780
60310
51434
-47357
-76923
-91460
1572
-44073
-91799
-82078
-71994
-27516
-29550
-24448
-97871
98666
96744
-30692
-43829
98059
-58663
38093
60738
-54886
-83611
-64086
-24335
36284
9493
54100
4443
80670
54987
-39459
32659
56370
69237
61524
12734
-18041
36187
85871
-60495
-23101
-64488
67091
-95436
-6080
-58138
61314
-53144
37889
84178
-21727
-50812
-96816
-28850
70501
-28165
-28491
80421
58010
-99974
26388
-78647
53392
-10995
-99164
-42616
65122
-99999
-93624
13341
-79068
-60508
395
59363
39144
-16567
79357
81957
21357
-22233
23908
-22384
-41883
92033
49761
56074
-11998
27744
59297
62363
-46308
-90339
39356
-54711
77537
-98565
84141
-88509
89561
34160
6767
-4621
-15115
-51131
56304
-97802
35764
-59437
31924
2920
-14703
-67219
41609
6744
87053
-73316
98274
-51941
63764
27397
90387
-66756
97807
-6937
17768
61073
-24699
8641
-70750
-33367
-46034
-58032
20303
-22495
-81450
21302
-18555
33877
66027
-70410
45819
-58124
-10589
-228
87427
39853
-95924
-49286
31848
64262
-78159
27532
90784
-29365
-44698
-54019
-14290
-28573
-76751
44163
-67625
99774
-57643
-31899
-23106
19754
-39236
40285
43742
-37819
44096
72216
-69404
97997
-43498
7385
-76377
82835
86359
50494
32709
87374
74541
-16933
-46565
-93108
-2858
-22718
-56544
-5757
36632
13925
30559
-52986
-32319
-24878
-34353
56723
-99750
26652
95376
81097
-8920
-95462
72708
30455
12318
78793
-47800
-68785
-55902
-6515
44750
-73927
378
21205
24729
-39228
-85613
-27429
62803
-87369
-8594
37771
-53362
87494
58408
63547
5397
-53920
-8476
-36199
-52114
72165
-95978
89635
27440
97909
59631
-1650
-60997
-13212
10720
-6710
82135
21641
38733
-63139
-89108
58422
-47920
44012
38427
39297
-6937
66009
-83079
32001
-72261
-19131
1382
32277
23822
-84874
-74483
13278
15616
58324
21434
-2292
-19267
62542
9682
86358
-82554
-16358
7540
-79421
-55077
83929
-95381
-36442
-76989
-69800
2508
33319
41015
96435
-16333
-90949
32689
99732
-77676
50933
84876
91865
87680
-81482
37400
-80044
-26953
99456
79356
80299
77604
-35735
-36792
-16608
-12743
62571
90903
-93909
-66521
15256
24925
-81276
9850
426
41683
95293
84752
-60679
-69764
-63989
78132
-18875
95954
49637
731
3699
-86190
-18748
5050
-74539
-45215
86539
59970
-7582
85273
21377
85114
67141
-59147
16313
-89673
73041
-11435
-68653
-44551
76497
35373
4251
89893
76733
90640
17806
54491
-27063
-27435
-66499
26035
-96936
6883
-64821
-59431
11087
11615
92496
-41406
-78588
92526
-15008
-19574
-66220
45353
93862
74668
4179
-87203
19305
44317
29151
35387
69553
37829
52366
26083
-3773
-4773
-97211
58311
-17465
-9956
-10326
-8193
-22005
-6745
46577
-63702
61856
-52872
48211
-16901
-22302
-40641
-22755
-42393
-810
-16804
94629
63273
68395
42810
77143
-15312
86115
-83707
-65939
-39897
88843
25225
40509
86302
72230
90792
-32916
-64038
-40152
73400
-23232
27574
-7138
39287
-80492
-42637
-65173
-35093
39844
31780
26476
58586
-48760
74543
16061
85987
-75906
-46272
-32427
-87880
41696
-75056
15884
-91463
-37580
42637
10750
33581
81058
34087
-85497
37343
55232
-8201
11757
-36461
10697
97035
-51683
51108
75373
63506
-33522
38395
-54142
64737
-89022
-71890
64728
26911
-19669
-46798
-40086
3476
-14550
-25922
-96785
26632
91250
35775
-15664
-51045
55308
54705
52533
-73247
-17101
33249
24185
27063
-84833
48700
24508
63463
-52705
33170
-16618
-42509
15455
-47059
-65624
-6270
19913
87880
-93489
-66396
55112
80302
-56846
64068
-81816
-70031
6971
88041
1242
-66621
-13790
-15192
68563
27060
-36699
7146
-86957
82184
43604
87574
-67389
48180
11720
-36389
55991
92597
-65228
12187
67668
21582
-52653
-48393
58891
14748
99457
-68365
-48701
-31017
10534
-48890
69205
96935
55821
-73535
-12815
79200
-58093
-44903
-34978
220
-69382
32979
-20386
16244
-78883
-82869
-21713
-93798
33918
-2976
57070
58198
-80261
-30977
-23977
12443
16543
-47349
-90841
-56314
-50219
35814
-87262
87090
-67592
22431
86704
45434
20549
-12744
98787
-26228
-33934
-91118
-41836
-54874
54552
11383
-98645
-32911
-74101
41860
-79620
49654
-66806
39409
-14770
-36095
-35758
-46977
-25992
-11823
50893
-91459
-23963
34936
-81560
89462
-47178
-84587
-7230
54266
-88698
73004
34752
40455
-90487
41439
5629
18389
77965
-8437
-49697
68027
-6045
48322
-21371
71233
7959
3616
16604
-11517
-9254
97804
64465
-46594
-3711
-11955
98656
-70534
-87770
-1210
-30965
10260
78892
-35248
-84633
-5209
19105
98162
-5168
6358
-80388
-69057
-32195
-56199
22149
-79539
-99538
67106
2516
-91763
-28606
-33333
96177
50892
84133
35549
70363
75525
-24154
-79393
5348
8672
-27546
-88006
38201
-47733
98028
43685
-91200
-72140
49622
78897
27802
66784
-51798
91955
-98361
26027
-75637
74569
34601
-92004
35719
73163
-2911
25060
-43699
-8368
-48426
30836
-88004
-93990
-11372
-1288
66710
-30369
12560
-46221
-77485
79284
63306
-42376
79250
59480
6219
36674
30954
4187
-41074
26801
17055
12265
-86789
-26782
99505
-42185
60366
35497
-9906
-30775
-1769
97837
94631
-78115
71770
-96799
-16801
7352
-56170
-60325
91616
-68022
92387
-97582
-28344
-86016
46516
67001
14529
-7065
33660
-53582
67183
95096
-48018
-16783
-6654
8644
99100
2414
58411
26109
13889
47430
-66325
55966
-31846
94319
-25274
77496
2350
-91498
72471
28570
39855
87575
17789
-30563
29561
99800
-49037
-66295
-86601
-92222
47294
80040
30501
82909
-33089
-93851
-39953
3976
97320
29407
-56839
-22575
-78133
29008
29240
7799
88526
-15468
-48579
-60167
91259
-67431
66706
60378
-27532
-12830
29245
-40716
-30781
95735
39585
53174
-17584
78253
-69884
9212
53612
-40434
-98580
93002
-50615
-87260
-42654
55716
9356
88359
59480
-61428
-36037
-37440
-91866
98521
81297
-73351
79152
54576
79153
-84156
-13532
-34718
54711
-7899
-35040
-54430
81513
-8388
-77456
70561
-46068
-21773
73909
84680
52499
18752
-69791
-69679
70770
-91753
51678
86594
35090
95344
-59506
70536
-8227
58992
-87442
78572
-86984
47926
-14316
66228
57617
74757
16791
-231
-40818
-55543
-54451
27039
-13212
-60664
-22417
38871
90889
97766
19929
64493
24833
-12332
13550
89006
39637
-26473
-37223
97371
-1053
-33615
-70546
1826
-63026
23342
-4050
22847
90069
-38388
42345
45679
-45183
8967
49662
78348
14264
-60095
-98114
29770
26224
75467
-27985
26124
93629
69459
67564
-62940
81930
28970
48938
-74330
45286
-38800
6165
36007
-87498
-61539
-79784
-74153
68489
24879
47612
23352
72841
-74260
-15192
64954
63308
-51117
43399
28405
87114
29539
-16889
-68862
-1943
-26681
-37891
-20617
-44939
4380
-72091
-9987
81067
76897
-52025
-54834
-13068
47546
76406
80656
12079
46049
-85517
89993
71335
-67543
-47698
-88321
22692
-11280
6700
72493
58845
80609
81988
92131
60235
-48093
66627
-42821
31448
-67230
64239
-90957
-82442
-69768
-70615
17964
2829
24247
30123
-6530
-29876
50389
11185
-6666
-42719
56949
2421
-13651
-79421
37262
15698
14534
29612
44986
-44918
-58877
74789
-22755
47267
13188
96313
55984
-97620
-83362
-68277
-10839
-55331
38100
-46972
-86327
15772
-75659
-61852
-28414
-31396
42513
-71686
-99902
-39136
97113
26415
24480
-40994
8210
22524
-31006
9342
-64458
-94661
48296
12033
30695
-83173
-34375
16447
-44527
66158
-91607
32584
-88869
86685
-6429
91052
76169
35579
95897
95127
-40207
-97162
17733
-50156
-75049
-15638
65882
11186
89384
14927
-76788
57604
-57905
13395
79801
99970
11704
-96765
-15054
85260
-61665
-17566
37930
96911
27860
81116
27963
-40256
30605
-25836
-8817
26566
-4825
49498
-91279
-74508
43899
-47176
74416
-28300
11737
-40149
45613
95999
-47068
65263
-2174
41736
-80246
7539
-8625
-56072
90077
-10452
50210
17492
-83181
-19002
11650
98940
23639
-63051
-6567
-69043
41993
-62295
-16197
-26587
-92711
-6241
59991
-52986
-55685
82196
11897
34707
-36665
-44972
-70855
62328
-19855
44977
-91068
42471
-77280
-5040
20100
-79363
29548
-98530
41775
52675
17145
46112
-87255
-18865
-2837
-14361
-92073
-30389
-39931
-48287
21953
1357
74657
38668
-45277
-46554
47118
-14586
-82543
6135
8321
-45055
77764
79100
91194
63442
92677
60140
-46667
84136
-54348
-86343
-59064
12441
-33995
65842
20511
-34216
-40200
36041
-21230
-86525
-85276
-2194
-79008
-94695
-91744
-85927
26251
17545
49789
73319
-18801
-82587
28163
-72036
-99520
-1482
-28841
-58681
87551
47784
-29754
69507
83608
-48346
-89232
19545
75260
-28543
-6125
26947
90390
-6071
39091
58956
33675
-3970
-29212
43219
76563
-54112
-94028
58414
-46993
41507
62519
-62230
-8506
15359
-25617
19185
-70752
-71517
93336
24517
86590
69769
20302
72552
32979
-24539
5084
-92066
51619
631
-27934
-29238
27703
72320
-58270
8501
-61638
-43439
-43353
238
28532
-39490
-92846
26763
-5280
-32910
81730
-58483
26091
-71140
98207
-34206
-47604
-51961
12676
19843
-42182
67976
-71290
-81346
-76657
57296
24293
53134
-68489
-95967
-6961
-53466
81364
-38242
-68469
-47731
-31694
-84613
-89528
97634
31778
-31789
12995
82433
-14283
-94184
-82801
-78722
-74729
-55900
71940
79374
-8315
-66257
43014
60934
-27220
-24806
-98575
-44549
66848
-47833
-35938
-80889
-88971
-98804
19861
66221
-17986
-87972
88975
-16620
50143
98469
15846
6384
3409
-45159
-75685
-17730
33202
80100
-96764
65325
455
77660
-40176
17690
3599
81559
-23304
57204
1540
21014
-72700
86591
-41871
-31266
-57033
57716
-97109
-51225
-43943
62149
-12435
23982
799
-32067
-37484
78053
63992
-67706
36915
43275
14582
-29052
21140
-12202
-22377
84703
80972
-87733
-65232
-10209
-6918
32240
24757
93104
-53796
40602
55271
-94716
-31411
-31392
82330
3031
71519
-17552
-30686
62094
-30447
-81985
92442
5881
7533
26332
-65520
48120
-97215
46814
30160
82233
99063
63420
92172
79775
-25709
-17157
40613
-45506
-41399
-54846
-97064
-17597
-16967
-34743
34952
-19151
-51640
-67216
-94236
61382
-68772
26220
7988
-44420
60275
-3364
-45691
-38101
82913
49978
-38929
-7925
-85468
-78356
56320
728
80741
-22150
-49849
70670
46926
-33061
-3522
84500
84738
97640
-96811
-10827
12925
72626
46167
48713
78730
77231
26683
81586
-83173
-31281
-77110
-56318
8648
-30291
41191
80122
-81305
-79392
-4288
73581
-97980
-87694
99344
42564
59197
-91352
37262
12890
12477
89024
-66187
55047
-64877
83769
76209
75386
86766
21260
12323
-95808
74679
-6984
67729
-46047
89611
-91525
1197
24233
-6060
29084
-20480
-86076
-74301
-55643
-53773
49987
76715
38319
59834
-19269
75517
-78059
36382
35596
37916
-3573
7909
-3329
-27428
-3129
-46369
96969
-78500
96989
-33456
-11092
48317
51048
52213
29501
90558
-89500
62965
11456
-94858
17625
-83419
44783
-16787
45362
60856
-38566
75926
14060
31042
32680
-62291
32362
-32665
63291
-93975
-17883
-71452
-20878
-78113
22336
-36295
51400
20595
70521
-43662
14233
89723
66876
-23343
1669
20018
-39790
3162
75949
-4459
96310
27515
11931
-2915
-91960
68117
-94210
36122
-49509
93675
10642
50665
-26903
-18906
21406
82
-30682
-81278
-68841
-84864
-15375
52441
48738
54173
86951
-56502
-10185
91466
-54446
32070
-53599
61240
-67905
-63817
32737
-86554
-23059
55628
72179
-74889
-65119
69477
-30680
13935
35543
-31016
-8910
78730
35282
83294
-70786
94137
47573
15518
68604
44922
-70358
-67757
-32902
-71662
-33569
87132
-34770
13866
36113
34208
73938
1091
58080
7643
-82198
-91112
-29246
-74230
-28511
-20721
-69005
-39697
30609
-19109
9354
95937
-19102
-54223
41255
36724
55242
-37852
93449
-59488
-4494
-24737
-12868
-49519
68089
97087
40047
-9942
-89327
82123
-46621
-64842
-86265
-26224
-51584
-88947
-34015
-50659
34242
-86497
22432
18904
28624
-14944
2917
-7748
-59667
-30320
-94608
-98832
21191
-85531
33923
-61052
6893
21272
-83291
32074
478
-22455
62658
-75441
-25475
-7600
63536
-41483
-64928
71649
-7220
-30866
-7353
-42597
-61437
15703
-74903
42413
20781
-8465
38314
17573
22611
-67406
-89174
-22185
16529
-94378
38007
14118
-69929
-15519
15138
-69710
-98551
-44059
5551
96478
-49594
-63975
90918
44988
-68410
-8874
-57850
-27240
76253
-37973
-35047
86814
40412
-76259
65763
66409
-38762
30270
88628
-47832
23424
-18008
75037
-13393
80242
-59881
8063
28376
34442
99744
-40705
86099
-80912
50322
-75819
76817
31859
25960
32452
90185
12946
-61209
-19548
-1818
49176
73114
-30501
9997
-25890
74344
10474
-31474
-31052
-38065
47907
81126
-12837
-34241
90872
-12049
-88791
11029
34927
55525
90255
77490
-31565
91605
78520
-17736
25220
71396
29191
9953
28749
60089
8259
-41861
51222
-27960
85711
2116
-25456
-66372
84114
-14114
31502
10240
-7435
96878
38227
-49685
4682
49367
-30650
9350
-75894
-89010
-48318
-67846
-93577
-44390
19722
90459
32544
96875
-44071
70795
-54461
-57196
-32872
69004
28812
15781
-7063
-57882
-68804
54889
-44512
-41743
85669
-9607
-24110
75840
14673
18299
89669
-56534
-96125
-79941
89607
52406
70677
-87773
15002
-48798
-28544
88602
-75572
30032
21562
-20361
-98586
70094
59386
7137
-72454
23488
-71209
-26171
-76513
91756
36942
87986
-82438
68194
82722
-8876
43186
-55034
-35234
97867
48581
15932
-54474
-47321
-65927
-99154
-71860
-99070
45674
-38404
59534
-35270
4546
81665
53244
20938
-84344
20351
96455
98373
-54961
-62746
89301
97262
26894
-62010
-58142
37814
-89776
-12594
61056
86547
3906
43840
62782
35705
4778
98035
-80345
-75785
-9417
28036
-31454
-4431
85299
-20326
95415
-83018
96276
85141
55089
-88899
62450
33235
-62754
81601
81108
-37858
95923
56502
-19997
10421
78604
71846
84160
-78794
64338
-67027
31601
44389
79862
-85683
-58250
-69797
81753
-64785
69434
-86259
-48754
-74441
-42971
20728
-51209
84994
90446
-48794
-71156
-99457
59790
68192
-80646
-64985
-57936
-21647
-63513
71002
41604
18322
-58604
11288
-26797
-64137
80412
10648
54316
-33803
67673
50376
-55139
79374
48486
30562
98109
43227
-10242
-74840
-49306
-27116
75779
-90180
33409
28799
66395
53470
-26566
-27725
81205
-40574
-73070
-45880
-75734
96653
-32494
79518
-49154
-20884
-25123
77062
-25339
-95151
73439
-23728
-77150
13259
2338
39665
41003
-83839
-13569
-96303
-15640
-71733
97137
-16913
84410
558
-75003
61042
71897
6961
-75347
90765
22390
45664
22261
-39091
-62273
29341
21901
-958
15809
-58659
-43452
-65208
25511
-39802
87702
11377
-79776
29348
68188
-24880
-70817
-33726
33313
-17372
-8644
45355
-98283
9504
60024
83773
-76325
70419
-50467
-48410
-10371
-4871
60996
-37570
-77697
35293
87024
89729
-83631
-85975
45016
-22937
82333
-53172
94338
-13278
-98367
50630
94923
17332
-27945
82515
17091
41066
-35921
92786
-43723
-71368
-16930
-82224
-82556
-25870
-26448
-71530
43952
-78043
42232
-11124
-43656
-41968
-85431
80616
20058
-29566
16573
80183
-72138
84817
57330
-28569
-20975
-86988
31445
-41041
-36428
18878
-82282
2459
-89804
-98696
-16005
-777
61837
36569
35600
-76265
9640
75492
-25988
27778
73852
20894
21296
-2439
-76720
68203
35576
62951
52766
73221
68020
52966
-1004
26583
68448
-981
45236
-40964
-73842
7824
-21093
-17137
-8714
82365
6046
-53394
68196
45233
63440
19472
-62577
60274
-16352
-27456
-47606
22671
97567
-44938
-3693
-78641
12320
-35824
33353
-75016
-77768
3570
13179
-42883
-55515
-9609
-2724
23557
72075
-41774
19410
-13228
-44903
-15418
-66387
-5288
-74293
-89154
82421
-52014
21832
-39095
-8484
-97441
14315
-65930
-45742
75875
-42785
-74231
41208
34961
35043
24599
30252
14488
-30611
-125
-78205
52589
-63061
-69739
-8236
98609
94756
-33676
-47887
97920
21693
-8768
-8271
-43690
-63336
-13810
-34007
-89123
-46633
66817
30777
-35305
-49730
-42879
-19902
47908
-62026
-86565
-5707
52593
-93650
15733
89287
98877
5084
34348
2433
-54327
55586
-44852
-42253
-43428
83147
-96725
-64184
-4624
-74444
46050
-47115
94652
-31545
-91159
-95285
-88865
7075
-50930
-50067
-39514
58328
-22702
-21925
-48518
58638
73632
-43796
40937
-22587
-17365
-43174
3599
96438
-16925
1399
-63520
25433
32211
58558
83925
-71168
30746
-22843
-14991
-91104
87171
-13426
-70417
10608
24964
-66948
-59574
25451
-60464
54818
-68952
81775
52761
71287
-75676
19911
59685
-19802
75063
-28794
-95156
-94846
-46206
-27190
25164
-15529
98042
38432
62984
68955
48688
94086
25955
-1276
-75588
-38197
85173
-20045
84037
46867
-24343
-21490
84528
-31689
45747
22187
-36061
64905
13232
37735
71221
31349
-40741
-66921
79156
-30078
84713
-94314
-86126
32568
38723
-50498
87596
-6692
-85794
19890
60152
38679
13496
-64809
15371
45301
37936
-21598
75013
65928
14914
74060
1754
-40403
65503
-91933
82493
44390
30629
25914
25515
12519
-94400
72257
86161
-25620
96284
-91217
-90022
41991
-98490
88539
-71591
-41288
87262
-34646
68880
80180
17979
49763
-30501
26696
98715
92895
-45764
65367
1413
33756
-3132
-68161
3070
72304
2906
98970
69347
-84966
-50325
1952
35497
42676
18798
30570
-93073
70532
64018
29649
-48771
59955
30087
31925
-67556
42453
39718
-61286
-42671
-53658
82494
-77396
42743
23318
29564
-42333
29368
74747
-26762
-39231
34856
69990
42004
-83079
-51202
-63408
55387
11562
19375
-1742
-21929
56392
-23063
-51149
-38363
68828
77545
-8964
-52326
76322
-35335
54696
37652
86416
68362
-49641
-83429
-65674
92713
-62367
-77005
-11328
15841
86056
-97920
48089
85998
53831
74774
81130
31321
96039
-27107
-12736
-97803
43504
52765
60364
43188
-84325
-148
43395
39526
37606
59761
71270
-81456
85985
81172
46620
50277
99046
-82300
99451
90724
99814
-82908
-53659
47373
39645
78163
-23025
58305
91495
-60714
12573
41589
-70611
70501
24041
59410
-4617
51535
55331
61549
-23642
21130
-27822
63582
-22599
-80933
93113
86015
50060
76190
-67116
-637
-39006
-65549
-96383
94064
-37289
42501
52604
-86214
93048
-27784
6339
-59394
82222
1582
16792
-95657
-24427
98038
32357
-63007
4586
-13293
-56135
-61752
-72925
56484
79985
63563
-295
-7948
-76046
-96941
-56927
-63392
-27630
70442
6904
-58207
16982
35226
44572
81334
67478
-97309
98871
63407
-70915
60823
-62730
-51241
78701
-81514
16441
-79233
-98241
91490
36323
-25949
14184
51870
60112
42172
17847
49640
35494
95393
-60102
58255
-85051
14555
-33088
96307
-28648
-94524
-10310
-72776
72205
87450
72635
-49114
-70431
-48347
5791
-39839
52244
45251
88519
85632
-1476
54605
-85566
-63541
-22666
40552
-15929
52758
39223
92970
-29538
-37132
49664
23014
-15201
39578
57904
5654
-52845
-14190
80627
39012
1655
69848
-3560
-10155
-5858
21077
34305
75218
-75978
-58379
-63373
65941
76259
54375
-68594
-49684
-34169
76273
-7018
4077
-44893
-70611
-7377
-74249
80087
-4765
33448
-88928
-11195
-90492
-14930
-39616
-68524
-38207
-27551
-75111
48336
-6650
31171
22305
-97361
-95145
95948
31022
-67153
45573
-99684
-30082
-84070
-3636
53768
-89697
-92757
72652
40277
91137
-71221
-30622
36419
-5418
21364
98019
-41088
-84253
-60233
-50635
-32834
28519
-60264
-57911
72030
46372
97879
-79432
79371
16782
90058
44345
93220
-38833
67941
-62083
57105
-73419
-97572
-42777
23031
-57543
72991
-32533
-42298
50221
-21052
90754
78191
94081
12291
3079
-14221
28337
58650
20978
38615
-63217
23121
29806
-98636
63208
-93672
-58088
-5270
-61098
-7988
-76778
-50187
-22046
16728
5714
21784
-41709
53176
-43566
91829
-99816
-16679
57974
40958
44621
-8611
12109
-8762
76589
23418
-2221
-9103
-23531
-96510
9547
-11830
-89103
-87875
50677
-1421
-35899
20530
-57875
-83017
-47910
-30971
-59232
-43524
90115
47546
-39893
19732
-12470
58007
37458
-85774
-42244
85352
31065
51641
-34418
46108
-75326
72176
-44245
-26995
-1180
-54126
87131
76189
90597
85058
-64879
-57924
-79980
32412
5841
-16059
71717
39399
572
-35704
44234
-84186
-99783
14819
11370
-88050
-92606
44041
95552
-56367
15240
73380
-14189
95129
-53052
8023
-12787
23696
41372
27676
-37253
-14052
98734
-18419
5408
-94872
-39877
9598
65846
16862
-81037
-42617
-48830
-98959
-6567
47071
-93357
-68586
-24750
15523
28183
26578
90960
311
-81383
-9106
32470
79043
89371
-54840
-62617
-93153
-56885
44164
-42609
-85815
6246
-70753
1677
-557
-35674
-40733
-82597
24026
5929
-26825
12444
-75856
72032
73486
-30687
-65637
-37584
-27264
-22760
92087
-16600
-24395
-57198
-50506
-38241
20029
-21585
-10104
-1814
11838
-85463
-106
-86856
-51835
-43207
-29081
-51830
72253
-61207
80485
-7983
99389
31992
-52550
78693
-31557
-77661
23637
27936
66334
48918
96905
37525
59826
-2961
-23468
60144
-12363
-25429
58684
-64788
-24178
-209
-13483
87723
-92387
68149
30048
65205
-92819
-89135
35918
29455
-99514
76063
-96030
95543
-96096
-62645
-36812
33723
-55823
14525
64849
27059
10023
4191
11648
86497
75570
90380
60960
59811
-29320
81238
96941
-80430
-80724
81972
16289
-89157
25401
-38905
75318
55288
32088
39751
-33270
-40790
-23423
-55986
37020
-54636
-62147
-28287
-7437
30167
-30694
-49257
50462
-72442
-57416
1863
82774
68261
-62655
-75118
-97089
50243
15158
85482
-82931
98801
-54492
-96770
-92156
-57250
41077
-43101
-7144
94864
75042
-12512
-85774
-3455
90182
54934
-77036
1620
-18866
-1974
-15789
15538
98509
-64303
-6845
-54778
85612
-26089
-31310
-50479
79807
54667
55434
20202
-22926
-26262
9754
-97194
53602
-11929
-16978
-79040
39176
-73676
9050
9237
38672
27888
5334
72830
88648
-83219
-34173
31419
26611
15964
-13492
-1959
16766
91480
93799
-43185
-61302
35980
-25605
10875
-11672
-76479
47196
26228
18211
-96633
58609
-95157
68854
-2561
-74569
-51933
-55714
64452
75870
47338
35082
-70348
-38639
-20557
70384
60318
62675
78258
53817
8842
-5179
74835
-91876
5663
14532
-94857
-74295
24949
-22737
-8308
-66629
-30792
-36218
-68793
-43536
-60875
-21202
-32959
-83851
45444
16849
-28053
92634
60050
-33054
4208
51718
32778
-13506
41574
62691
67808
18990
-18769
-15111
-4294
90185
99698
1945
85115
-20170
-71119
95535
-88276
52559
-9400
52347
-567
2338
-7679
-67495
-7066
-32943
70614
74172
-45636
-72551
80836
-81095
-35820
39727
60424
-53569
3151
-52218
90617
-51547
13776
38766
51137
3356
-58298
16726
441
-17468
-13991
-46350
-33696
-44070
-50256
16055
-90056
10446
2141
96387
84798
-75662
94182
84187
-72380
-84657
96561
-2228
-75924
1426
52043
97714
81731
66404
48021
-13097
-47241
29143
30475
-11021
87991
-42501
5618
146
-62490
-45743
-96162
45715
93371
-99177
78173
31692
-88841
24322
-85437
13643
79172
-43958
-75885
66039
-55833
26527
-96569
27478
64290
-51143
-36035
71464
77737
-97267
86334
-45904
-72194
-93733
26987
-63022
-917
4452
40262
-79081
85020
68410
4954
-22386
13014
-3857
-54967
40526
10968
-56913
80112
12182
11276
94186
-7304
76885
90858
6185
86268
97541
17898
47874
32338
-91279
-45661
29863
-56840
-86632
-67771
-20072
28317
-60566
-51536
29945
-48311
8815
-38162
-30338
-23255
-90873
-88172
23490
-65157
-65908
42480
9079
-98350
28499
-26193
-64456
58118
-1518
-43826
36731
35004
-19621
-57541
72354
99726
-50746
38920
-74064
95702
45230
62026
42840
-41316
-44719
50644
-54671
-35046
98203
38603
51399
53992
-19652
96294
28747
85576
84725
32837
14506
83600
-50765
16426
2746
-85136
-29870
88344
-49007
5599
-76798
63686
80752
28711
-94521
-86144
-62691
15433
59034
92123
59918
-56818
8621
-30253
76353
-60885
37260
-55997
-95575
7503
65695
-19713
23490
-68659
-49076
65169
74566
90593
67833
-9009
21688
-3167
-85841
-73642
87965
-18623
-66022
-61595
-35446
-32893
-59731
1240
-41319
21753
-89118
73790
-65995
75704
-68129
-40678
67541
-98597
-91852
-95693
4230
4785
-447
-92968
74720
78404
-96139
90612
99610
-4729
17521
11337
76282
86363
64458
-45619
-80796
-41410
-14163
-4706
-27628
-1968
-67299
-39646
33959
-20285
-41831
-51905
1811
55199
-98535
22516
-65544
39152
-23114
81170
75854
4877
-26583
22107
-37699
-96123
-1301
-1355
-55093
-78041
-13316
-86709
-49233
-38354
-36480
-83199
-13755
3847
-7997
47953
97243
-81023
13597
45383
81128
-59056
39153
-1067
-26788
-98498
60047
36948
17939
97071
95418
58136
26147
-33905
-33725
37038
-83564
31770
16084
78388
-23633
90567
-57719
-48171
26479
26258
49848
92321
72660
-97755
-72047
3525
-94377
83042
-88735
-15765
33080
-18992
-15887
8689
1267
-50401
-86837
-63554
-29231
-41895
39260
58887
-17254
-81241
-24779
34333
-64664
-21058
71019
-92368
26006
18340
76063
-44572
-44392
88419
