5400
72321
-26350
-46133
77251
-86715
-66218
-92073
-32801
-61946
28126
4691
33473
-24511
-99092
-98353
-99183
-39200
46646
-70491
-26242
-10888
47738
77574
45931
-59412
-1032
-36882
90807
-42706
-41583
-66695
-83609
-90714
-26374
-44016
-56206
57259
-55331
-91140
99881
-83922
-28084
-1573
-9854
-48842
81058
34287
-20928
81733
-61640
-46317
-47744
-8678
-74367
-26678
6497
38480
53379
-47888
-33199
7972
-57742
39442
74289
-58412
-37077
-88487
-26716
74850
32522
61089
-73671
-42953
43048
-90648
13554
-71835
73780
80097
-75727
34693
-64915
69992
-4994
10111
-10823
-3823
-51529
28776
-97307
26841
61653
35142
-81798
-80770
99734
70510
2872
-19990
21133
-87538
32754
-18806
-60990
21895
-1915
64510
90119
-18830
45494
-3159
-75048
-91772
-79193
85927
90158
-12724
49974
-43874
-18592
23001
50675
98350
37494
20024
49531
-90558
-79540
88794
50421
4232
-58464
-77291
-70359
43773
-50824
-66239
-67016
-88415
-80462
643
-8836
-88438
-11606
-22362
86653
-60779
-75903
-2523
-61172
39159
61712
20933
-97472
-18639
-89686
-72865
-23670
-11358
77446
53755
-63689
-330
-9135
85656
-24061
91900
46991
-29303
70164
89302
33898
-57159
30490
9034
-27559
68111
-81344
97909
-75730
-49556
20943
-50146
42172
-23215
17504
25640
-77406
-5218
-51268
-15326
21881
79670
34066
86137
54486
9214
68371
98253
-86020
4291
53934
-75616
52065
61691
-44509
-77333
-9701
33827
63622
73355
14567
-93240
-38189
10136
53526
-70622
-95704
-20586
-57707
-41766
49763
-80955
-27625
69869
-96232
-33261
-91999
32232
8239
16818
36529
93331
-60519
-37693
94860
93290
-10451
-95695
32035
-90682
-42973
20763
-58527
18203
27115
-15063
-3628
-58086
-98965
-75200
38773
-34377
2452
1104
27094
-77179
44895
-49206
-47129
19325
-76438
54447
20772
52317
57513
26500
37407
-28627
-82038
-89054
-73627
-45220
-85463
67114
98320
-34679
-83027
31317
85225
54815
-16387
-71063
-98569
-6184
-68061
-69817
3432
4962
5691
91425
-46245
76638
-78377
-85238
-42424
93253
-23757
-55962
-30579
95397
-90161
-60480
86486
-22582
-32657
-22470
-65241
-82312
17835
76383
-64375
-2797
7667
-36651
6351
-28511
9955
43758
-85629
68584
19839
81565
82930
42994
70347
29189
74449
42287
-64758
-83859
-89077
78649
78801
9424
61480
-53262
44742
18
64347
-23095
-62214
-99572
66920
82524
-37471
-57208
21872
-12296
-76502
57224
92506
69179
65087
64641
50080
-65318
28315
62245
88499
62335
-88766
6110
-13172
67211
4194
-72298
71889
-34247
67844
-20557
8287
-43230
77743
-49248
35514
8093
7897
-377
-19569
73086
-6837
20763
-71263
-74049
81872
-10799
-93544
-67075
-80039
32878
56995
19737
-11536
-62533
-12219
87999
-45353
-79786
-63613
-9149
-93123
68131
4585
-51929
-99492
-59425
-34444
6073
-91982
-93419
38367
66521
-69863
-88791
95117
50969
-84219
-89071
14287
-9603
-75174
-20764
52883
69473
62888
93194
8106
84026
-58684
-41965
95092
-12556
-34044
40293
-81238
-30405
21270
47821
91848
278
95741
-61130
52949
72685
75561
-38857
18832
35947
-63629
20358
79865
49598
-37070
-91318
17785
69947
32700
43407
-13649
80607
36989
-46381
-4841
34289
31469
-66115
85401
69187
61361
-50067
-30612
-85609
-14960
-82642
-1691
52253
49616
92168
32800
74970
77933
68915
64457
43813
94197
3813
21704
34572
-11901
88588
24839
2323
12309
84888
-12575
-99940
-52084
-85457
-28632
-52510
-25599
-94268
-72173
84127
-50113
40130
-88830
-44210
-88096
-52958
83056
14027
-57849
4316
57012
11798
14007
48313
-96012
60086
91150
47623
8038
90106
85026
-29145
50756
99419
91959
16000
-15668
-70147
-82535
58838
7025
39060
-37732
95157
-37087
55715
47918
44231
-87244
81760
-11882
4293
64942
46004
-20853
43402
51825
58974
18419
-51197
-65470
52727
-13641
-24829
31222
-29616
88383
37171
19320
9975
45583
53543
6714
53785
-81411
-87733
-87626
-79935
-43890
84156
-84448
-83777
67885
-47629
42794
34403
62599
58588
43635
70504
-73594
-5435
35213
65583
42279
30386
21545
-15968
-57478
-51571
-31198
-23691
69494
-44102
-99102
36050
-76682
28937
95669
39052
69844
25029
-47000
-57974
16672
-37079
-40867
-44023
75198
-57806
80942
-42375
-16487
-87152
48508
89413
-97272
88246
73619
-26384
14587
36304
-14725
93850
16609
21844
97182
86115
-91814
46322
-64879
89638
18324
77669
74049
-11226
-62332
13675
35899
-81145
-5885
-68399
66903
-1165
-44349
-14040
-30782
87261
-45076
-76588
36839
-36702
-73193
77506
-23430
68683
-59226
68665
-88223
-10705
-2050
13578
68862
-30730
38754
-97374
45725
-70920
90541
27518
22199
-66109
-87061
72317
-57503
-17732
-8939
-21359
5332
8540
-33624
14159
9369
32668
-73055
98535
-80943
-50324
2519
93485
42270
81628
-10316
4309
-36942
20446
-9007
-55490
-28558
41506
-5330
98213
-6586
-67231
80331
-44998
-18048
63926
-90267
-5425
4710
-26778
-20720
-88915
-66530
13568
39341
-35391
-14667
-3424
47177
47924
85003
66957
-68525
-78696
-36961
-77438
10871
-82306
55091
25802
-49445
-5660
-98916
5188
92981
94027
552
-6458
-24313
-15065
75243
55838
-99976
-70032
-79896
-24460
-47792
-27562
93593
38091
18896
-60335
-47908
-94746
-36308
-41194
59770
7303
13158
29221
-16428
8467
-93240
-90945
-2836
44113
-22850
23990
19789
35409
90190
97948
74904
69609
-74380
34525
52205
-60197
92446
-44055
67698
10834
-58304
-91575
34947
85067
-74923
78611
48054
26833
33204
-79623
22409
-46560
-245
55355
-23637
46571
-40902
-78595
41123
93305
67854
98739
62561
-64086
47000
-22088
-17376
-32616
22249
43006
88116
2713
34541
28832
30965
-98208
-91166
23572
29000
-21757
87411
-40068
-51961
77591
53749
-60133
76492
-10185
-43203
-73884
991
-36892
-66341
99374
441
31878
40184
-20603
76149
-91503
-45944
-5670
-97390
-2685
-39253
4058
-65049
-28983
12454
-18596
89764
-55679
54136
-23821
-59648
-45029
-46564
-66909
-37692
-8039
-57701
24369
63348
-94155
-97142
-11885
-15339
28961
-83929
81799
-17312
-73943
-78132
-90304
-90431
57333
-21298
-46342
93708
45802
88501
18607
-54211
45297
-28457
71458
32042
76815
42131
81688
51015
-64589
-54489
78758
-41130
13839
98159
38054
43753
40478
25403
-25085
-31019
98691
38219
65396
-27851
52370
8681
92166
25368
69032
74659
62801
-76152
-62284
-91292
-73588
81720
-34279
94703
-11715
90441
58412
8503
19849
-69127
50136
-17507
33193
-32856
-74463
-24826
-67587
-67576
-38587
72920
2682
-33311
-50306
-97134
32704
18239
64293
73798
-75641
93113
57008
-29965
52151
5726
-87140
-33149
-19498
26045
-45338
-84195
21147
-21167
44531
-67160
-80798
32455
-94321
61854
83897
-12114
27666
1096
82007
14778
45599
13211
68780
61685
-54522
-55889
15508
-30269
-39991
87384
-31387
-33584
36668
66339
-19801
-46696
-4219
93487
-51677
-11502
64771
-92379
59028
97338
-33141
3477
29371
-8646
99982
7598
-97266
49588
-7594
46170
11920
-29010
63023
-7884
-25860
85787
-76254
14695
-72933
51842
80925
67876
65717
-88243
-5458
98687
60964
-87568
-88338
-42969
13187
22836
-73029
53952
94534
14559
-23523
-8481
6884
47618
-62838
-82847
7470
15327
-47484
92072
3331
-68236
47968
-89677
-22948
-18903
65123
68185
14211
-86511
-29179
-5726
-44127
-13792
-79849
63426
4788
-87766
5056
63411
-75297
-90732
15139
-87378
-68005
12953
-49700
-60987
40844
-82309
89130
-91744
-84434
47044
28391
-81902
-87954
-70025
12593
-98921
-30315
-88616
96685
66796
-40865
27733
37154
-11829
-54294
81424
88768
77378
-47734
40778
57476
70575
-37511
59629
35187
-22438
-79956
-70987
-24765
-41873
74432
-65155
-31719
74454
-25965
-79326
-40147
-9167
11248
-96298
-26869
-72335
47138
23171
52530
30294
63849
-24423
-63777
-41919
-77109
-27274
-88156
-57545
-17023
46513
-70479
-73356
50514
56003
-82508
47529
-57090
23315
93469
94165
22352
11677
94650
-48901
28822
-86978
-77566
-60603
49069
-87650
59629
-88267
-93962
-11590
94336
-700
58789
26765
-18329
36697
-39112
-89702
-97926
-35289
35332
93977
-62878
-85917
-70870
-97989
3797
67681
-91415
51676
44412
-12470
-35506
46789
26614
-87492
25542
-4646
-65610
25342
-21548
-92378
67912
28766
66269
-93887
-52303
-11030
224
34652
90355
14599
-81340
35433
-95761
-12111
-30454
88169
50021
18831
-15070
-13485
-59433
-70414
12249
-29410
65165
-76310
81519
-32468
-57871
-63483
-22841
-53421
70618
-81435
78455
-71416
-66522
88957
-44545
-68054
-13568
68456
36311
28905
-78271
-50267
-88543
-66223
-58510
57779
-97730
93687
560
33349
-16643
-71554
35368
-60765
-62867
-35002
-33342
4189
88915
-95950
-89637
37804
93239
25365
73962
-63514
-48871
-16839
-38204
83165
-90431
15435
-52358
-62570
51188
47974
13856
-38367
-94782
71738
-81559
-4710
48380
-27943
33518
10682
34692
-81570
-2099
69914
-30531
-24390
-74258
25862
-86303
29148
-18207
92090
-87440
-98948
56739
57276
-35642
-84667
52672
80469
-15802
74717
14994
15725
53362
-26414
60583
71618
8349
-73630
71552
-58875
-14665
33703
41846
-2863
2823
-41507
-63240
75208
-67208
-35502
-48721
-26740
-66934
87977
-5694
92887
28265
-23798
-32907
-29768
98267
-46935
-71060
35371
-78766
27442
-35698
-56813
77153
-6962
21893
-25322
-99060
-33643
56289
-34027
-23624
28240
13916
-46969
53249
9321
-5320
-18383
5098
-83022
73221
-40828
63599
-63346
-57345
-43374
76727
-49024
-96429
-71826
-8219
-14706
59842
-34144
-54066
24785
-4193
72962
-65147
86428
-7438
-83717
-64879
-94969
98047
48789
-46400
-43305
81568
-95300
2389
-78005
1743
-93739
-81444
-81403
89472
12984
-89825
-3821
-49109
-28596
-71439
-91942
-50009
68286
-96025
23198
-48142
-87138
5991
-75472
30349
-39274
-50152
60981
67460
-57657
-45191
-30194
-40436
-29311
-90355
-84887
46980
78879
-5708
69796
78814
45629
71062
-19431
-34473
-2792
6840
82058
-10846
-30208
-56528
52714
36003
-8580
33653
-44538
-1642
826
2768
66190
-24048
48945
33071
98884
-36322
39381
-27560
92800
-78646
16822
-88133
-83235
19004
-79242
94880
-85500
-65924
60197
92607
-82541
-8875
-88965
73646
98153
35413
84721
2869
-4207
-91790
76540
-85827
8456
68935
-80601
-32217
76780
72443
-52021
90874
3780
53698
-30354
-82892
67942
-51843
85046
40577
-98231
11709
-56312
-5047
-87385
-47323
21122
14948
-94258
33133
-8111
-41303
40836
-42173
-99409
73956
37269
-44020
31548
82853
-7109
69000
11384
-48331
-94104
-53421
-18149
63332
-56462
49095
-27247
-56898
80859
-94017
50197
-33636
69564
54903
30249
18966
14862
23631
58863
-67050
-747
-21138
31976
65096
-54998
-56765
-28474
-40339
-88861
-83737
91759
73231
35553
-49058
43217
33871
92149
-67971
-11684
43290
-93009
-86555
-18463
-38086
-93755
80365
4293
39496
-8483
45534
-20255
79744
-34825
37271
-71430
-79059
-91142
38609
-10024
8771
-80870
4349
-42811
50763
80610
-3830
42339
77049
13923
90371
57194
-41063
80313
77908
66686
93544
3510
75308
57641
25535
70766
-88258
47098
-38294
-77473
30755
-26503
27287
826
69658
46149
78698
19474
-89809
75020
1773
35040
-66311
50727
-37275
3185
-44868
72336
-46656
-17811
1519
-35199
28778
32516
27673
18794
-1858
29814
20245
-18291
-20390
-64065
2868
68026
-7157
-39714
-13183
63458
-40089
-82303
80351
-36517
77050
71503
-11185
79279
-65064
-14959
57038
7009
24914
92222
79387
15997
-66429
84193
-28074
-89317
20298
41129
96900
91184
-83822
-7923
21295
8912
-71988
32730
83115
36420
5758
5146
-39373
-25789
4725
-69726
-57487
-1967
-30250
-65031
5468
-44047
-3885
29728
-49476
34568
-7687
-88189
62537
16464
95909
-29318
-46479
-39179
-56553
25724
-41671
-47600
77598
56673
46395
-32707
66867
-45167
-2099
69531
-81950
9742
-29566
26399
29219
-23972
54986
-22507
56199
92297
-56587
13493
-58866
-8036
5076
-25506
-52651
23518
-25856
-28559
9708
14463
-84620
29965
-21818
-85209
95317
-94942
26122
57563
-96749
-53004
96134
71367
11879
-78738
-63101
-6354
41532
-70624
70579
-32149
-65878
-8489
7303
-17694
23261
11608
5789
85385
-45036
-32264
20823
58125
-46522
-69413
-48825
-83102
-99297
-22393
79814
-21462
-41625
5860
10404
-84607
46980
-64430
49465
-57501
73494
7463
9370
27450
82688
-19452
32999
15944
1863
-96301
-3582
91566
68690
-97377
55834
-25961
64017
-77809
-93915
16324
-96773
-4544
-78740
-51404
63151
-84482
-87040
-30865
20156
9375
-82806
-8913
21372
59901
-90112
-55572
-65125
70158
70580
-94845
-52683
-23518
34566
95554
797
-51528
89530
48082
-52613
86780
-87836
-96575
-48947
66913
15872
-5844
26510
54807
-51106
-19387
-62797
-54167
-26758
-45369
-15662
4150
60202
57779
49374
-87542
-74256
-14459
89613
-35623
36847
30328
-8038
-15657
18491
97779
-66266
-70665
29321
19919
-47942
-69954
-82939
20037
-30489
55170
43203
-26183
77838
-96700
11789
67549
67964
-13209
29211
94595
8621
-34163
-5792
69508
-28942
44173
57665
-63226
5229
19282
59488
11308
-92168
-17837
-92585
64800
-37659
-67414
-60991
10870
-68512
-18028
13554
-25283
-87311
25220
-54074
62503
8030
-70172
37911
40530
-30483
-48151
-73848
54642
27271
94097
-77506
-68131
97464
-44868
431
-5197
77971
-96860
-53294
39336
52851
-20421
1078
-59920
-73252
-82208
-11537
-62714
-46017
-35907
85226
-98408
21852
52479
-73758
-1774
1538
-12749
-99477
-74939
-16014
-72326
92204
-35852
-51742
34472
-5270
-2565
-83747
49279
8447
16349
99719
-74813
98281
59112
37055
20346
69566
-65401
-56611
81602
45886
50596
36506
-71474
61121
-86089
95567
-85249
-54641
-57744
15254
18395
16590
7037
11341
50092
-64746
-53320
8313
27831
-80671
-20623
-14586
-96680
-56610
-18349
-63572
11319
99300
84533
6254
59177
64195
5375
-707
-11675
-10889
91959
-25415
90656
-48394
-54745
52055
-84472
-8088
90413
-60195
68506
-24521
-42401
-74614
-91743
27964
8152
-80172
-17716
67800
78884
-97335
-89110
87140
60676
12183
-37308
-61184
-5986
-56921
-29161
-2424
-77116
80739
87596
31077
-76065
85017
-63722
71167
86391
15607
-84984
99408
21474
-77834
77136
-63020
-37112
59604
60148
-91491
-46578
42937
-33305
-36734
-65945
-18117
-9432
-70793
61939
54013
-12360
-44936
-95022
-39502
72374
-97504
-246
64703
-18216
-5290
-33967
-45249
74696
63846
-15177
89696
-46055
-61906
82162
-87190
484
41263
-55608
60832
-4221
99587
51027
2239
-25879
-98898
-12492
94115
71517
-41716
-22505
-24759
-2991
-11030
97886
-83857
11235
93745
10284
-32296
-45073
-35715
-43183
-98644
-35761
22797
97869
9147
-9424
-51118
-45437
-35486
73810
-1558
92923
-77754
8475
-59290
-88620
-24706
-15783
25607
45572
-69939
64915
74376
77709
99980
-43830
-7851
26431
57127
-54383
-12391
-25628
97534
79366
-54923
96459
2667
-56212
-68020
79732
36451
-17434
-69573
88213
37045
72210
-49434
61767
-46352
94336
-35538
53200
-8478
-69618
-92354
-30835
-46726
31266
52229
2428
-39857
-9982
-99010
-53404
-36615
-8429
-89302
-70047
-39843
-13972
-41376
-54320
-37497
41174
1530
-11821
-10704
-22430
-82127
-20991
26142
48935
-82045
44141
-58133
-81513
-19568
2065
-37539
45053
51525
-69736
-24908
58902
-17681
-77691
-72957
-60727
-16079
24195
31094
73795
-9007
90761
-32142
-20749
60588
-19351
91354
7519
-6582
68726
-48659
-55774
-81908
25616
-59572
-36158
-96382
-76978
95833
59954
50713
52742
-18116
-21279
86833
18683
-30849
22460
73613
-81372
-31335
-38265
61668
-38251
-248
-75373
-69612
-32755
-4393
-32995
42998
-62053
-449
93763
71052
48877
83114
71652
-75497
-7242
6546
56018
-38266
97531
99656
32310
35144
-39621
-47151
-86463
-83326
21561
-341
83531
-67427
20711
15149
51210
64630
-90512
40332
-9745
13177
74274
-3782
12064
94344
-5577
-76184
-73458
-26348
-16385
7725
71028
-92977
32747
68863
-68181
-11592
-22088
-34915
-90773
59093
64245
29071
18786
-63745
61363
-33851
76010
-38761
73033
5341
42155
82135
60865
-3392
10189
6147
-7645
-89748
60183
70653
57435
34444
13481
-37384
-59383
70658
94994
-51323
-36314
-39865
79823
1609
-33330
11818
69473
28752
25774
90356
-52854
1530
93578
63277
44835
-22317
-65557
86455
-40419
-15231
-89116
28887
17618
-71274
-3520
65236
-11577
-27771
-81654
-92808
-88063
42610
41977
32691
-76992
59362
24181
4447
-24804
46802
-89590
29791
31931
63971
2536
-77536
-3539
62130
-41004
10113
-84956
74630
98223
98895
-5037
-85533
96481
43049
-42207
32635
-23070
-68221
-52086
79428
-39899
44101
2451
-32091
-97951
89619
-94680
23818
88893
58536
-53101
43670
78167
-67301
49819
67960
62641
63044
-75785
-50217
76280
-22920
-36755
6439
-70926
-75089
99148
-931
-83772
-74489
-12414
-20353
28126
74402
-61861
-94892
34500
9514
-97513
77499
-24967
37044
4262
66584
5514
-50110
34050
51305
-26188
-90077
-52887
91255
-28621
26293
-38282
61735
-66328
12811
-82853
-72656
-49179
-25303
-53891
-74777
-87527
31276
79596
-56971
49939
-91513
90430
72555
69876
75175
31111
74860
76278
-72840
99702
10696
16851
81537
-23345
3690
27603
-21525
26368
63143
-4939
96927
67875
-96714
10233
-25396
25423
-52225
-21944
1160
3803
-88052
-50303
-882
-1424
55068
98081
38246
-23862
23254
35854
3170
76107
-72613
76096
84740
3836
60276
-55411
-87875
-75615
-42069
-84145
14672
84983
-42059
-10061
-29483
-99060
38220
69857
4442
73979
-32677
29315
-62492
32707
-87085
77365
12755
-63740
-87909
64647
-54173
-80619
16228
4913
-12593
-16124
74394
94164
89808
87339
-90058
78441
3843
-93909
-26128
94984
-74904
69768
-72814
71959
-38010
-60575
-53144
87949
-74259
-17462
-43116
-2590
47827
-47480
2366
-40619
-88544
87208
-49048
32153
-30715
-69316
-67745
63325
77383
33971
-23987
-34697
6170
64532
-28436
-83860
-62488
-32297
88725
-57506
98481
67296
-34890
-37933
50636
-95720
-72158
60766
56331
-35734
-38269
99628
61244
-46697
-81750
-916
13260
-89609
64839
-7588
-25785
-88179
-51468
-65747
-53254
30405
41643
82322
-92870
-25204
-87079
93354
-42947
-21044
67402
-1784
4389
76611
91907
-30309
42653
12479
80046
28799
-26980
-29320
-92112
-89889
-88441
32394
86487
-44028
-42189
-93555
36783
55807
-68856
20755
-11980
-70801
-34687
58877
-98207
-56080
50767
34618
1127
50080
74205
98909
-5639
-75953
-11729
15834
48516
-45053
-38748
19870
-30020
-67804
30618
88520
36306
73418
70256
-59449
30785
-12766
-28762
38929
16840
60407
-99167
93180
19634
19555
-41908
-59203
64593
80017
-71720
91836
-14775
-69459
-34141
-14768
4616
66027
-3850
22300
6419
-77455
-9111
-28539
700
-6814
90145
22479
-45136
-58552
6714
52243
-78100
8605
-10113
40863
-2544
24118
22486
-77590
-75764
37709
23609
29490
-80073
59497
92959
-76364
-19138
-85972
-91015
-24889
27577
70393
-61992
94166
11673
-24128
9835
-17288
3710
74343
-24602
78702
46693
72790
-67713
17400
-8129
10079
-20334
-33260
-25252
-9527
57317
-48108
82566
41912
-67579
29787
-53589
-19142
98383
32883
-20366
56368
-5685
2958
-12114
67223
-67214
-85544
51824
-94670
-86128
-16907
77494
-79146
10500
85276
34562
-30191
72613
-67953
-99706
-18376
-91009
-54474
33339
68748
81467
41943
5329
-68664
-91620
10805
-97407
85706
-29082
42562
35134
-82725
59865
96577
-56439
-14755
52187
-3395
13092
70288
-26893
75615
-51234
-10111
25073
29936
47821
-92209
-57108
-79444
-88742
94043
91172
49023
71350
44171
-78075
159
40683
-40837
9165
98501
58765
9474
-6140
-91959
-57905
81116
77226
43929
-52686
-51399
39215
76693
-74473
63073
55644
-78582
-67722
22402
81039
-29430
79271
-59752
39971
-41884
30110
50167
75182
-41914
3572
17784
31716
89515
66336
52286
34840
-26238
75332
44771
70051
81309
64676
-33532
78237
65746
17905
95974
99400
1202
-13373
61892
-25459
16419
24678
41974
-93218
-3299
32587
13823
40122
24125
76192
-74637
-26033
6537
84090
-88381
-89927
-32639
-93843
-89113
-2583
38302
63294
21543
92385
73066
7536
39813
-13541
-35141
-17862
-5686
-39735
61517
-16294
-73428
-71048
5819
-29629
22168
42382
-72614
48562
73826
57778
-65614
80031
-76025
94794
96282
-33074
31707
-24609
-76689
-27324
29459
27358
-41423
-58025
67825
-4616
15162
20511
-9336
97512
411
-11319
-70677
-21932
-50284
2250
-83018
-34355
7920
26927
-24648
63793
-81861
-84717
34044
32944
-72543
50987
-9741
-94613
-1755
53499
-96257
-67080
-97542
-53717
-26146
-3774
-19775
83700
22385
91918
71520
57589
31016
4248
-16261
-86430
66956
73052
4818
30299
-2455
-23120
-85897
-28773
80342
50638
95338
4935
-49757
31344
98707
4838
-4387
-46444
57307
-14736
54080
1119
92839
-62657
45114
-16994
-85903
53410
32024
-87257
-61307
-44143
-82161
98782
47830
-27910
99817
-67949
-98181
88570
-47541
-15927
15881
90471
-15585
-47022
-56563
20682
33634
-98283
16230
-16406
42635
90034
-38531
24579
-75049
-15620
-32541
-95914
77678
-21787
-87483
90266
66163
-25096
15694
-78512
94573
-66497
80665
-54284
16461
-63356
50194
97935
90587
11125
-79896
55785
21377
93856
42480
-85156
10228
-74146
2457
66308
52859
87565
9032
-5869
7581
22134
-19696
-23295
41771
26509
75983
-46304
-53913
88598
-56152
-47155
59088
81316
92376
14979
33291
92668
27639
6217
-30480
-96359
45838
99340
-79570
-89975
-66929
48071
17947
36725
-81675
29470
70683
80702
77049
-51445
32172
-63294
-69970
-36433
-56755
-64899
-46663
-83894
-48951
57612
21489
-54970
76836
62285
62223
-2642
-79456
43363
-10286
-49220
-69268
-68714
5618
-50161
-49366
48791
77822
-89605
31580
17632
-84908
-16005
17578
-71046
72061
17153
-42862
14168
-24157
17518
-18068
68577
28655
64541
74841
-73653
-25725
-75046
-28600
-70173
-71343
-82767
85860
34857
-10154
-39456
-57058
71767
-47369
59502
-8366
27458
-74762
81173
43992
2906
51537
81114
-56406
-12468
54327
-49474
8557
-64122
8295
62733
18462
41882
-94424
48915
57946
-54276
-43553
-12754
53961
52006
-74672
-29889
-28631
53851
-27532
92346
-96781
32775
65266
44445
59819
-45115
-83010
-22530
-4023
65851
-77685
36668
46015
-47008
24494
38359
-91609
-7714
95504
7452
-29941
50899
-77040
-75079
-61296
84657
25907
-39313
13247
19908
90504
92132
-1231
-75181
19421
9048
39575
928
30359
79728
-44509
-33205
86450
28718
-95145
-99693
41494
-4670
-16344
38907
34706
36793
-71474
-59957
-25801
-31788
-29269
66733
52243
28212
83925
-8520
-86263
59824
-58110
-54837
-69302
-74103
-96177
-48241
62834
-63755
-38931
-33954
37377
-17641
1769
91010
-5260
93456
-56618
57621
-79425
58415
25304
15688
28394
5252
85712
45952
18181
52242
49183
77659
-57079
-78878
49881
-38319
-57651
68468
-55544
-93323
77538
-15983
3930
78041
-22069
-69316
20200
-90287
46172
-57
-9245
51281
-7122
22785
-7139
93168
60796
50381
3761
76941
19933
-54834
-8815
13264
-66914
-94914
67242
71178
-95109
-81954
-88394
-16970
26426
55111
87133
31521
-22235
88864
-8375
-32603
59938
79657
-46395
-20143
7664
-61133
36880
-97371
-93696
30898
28164
-48840
-88338
-50325
84254
16956
-50854
32455
-22103
-9382
41383
-49078
-77748
80951
35920
-22691
-57364
3736
-67294
-65401
77695
98146
62362
-99398
41647
82810
71195
72714
-1946
-95221
-12853
4344
58044
-29146
-96116
-66131
42427
-37949
-10734
-93566
-97013
47973
-3546
-24964
48703
-32676
-46090
-69099
506
-61212
63126
98613
-26945
-9557
42455
-3584
-64939
-11664
95810
-80760
-22765
42055
-74318
-62557
-24947
61689
-38901
24
-76005
34568
-45733
-99405
-13565
-23857
25355
-67912
-38526
-55928
-12607
16052
-47876
-62808
-81066
-18129
-41923
-92571
-67089
-4995
22315
-37993
-64070
92148
-12213
97852
82247
-15241
-25172
9302
-96000
90993
-59469
38575
86663
-38178
17028
-46339
35946
-1853
-49846
-29728
19717
78206
45412
-21369
90869
99192
8749
-5453
66228
-14026
-30683
91348
-57770
85135
9665
27663
-72801
59832
-76597
5601
-23681
-38789
-6025
86877
53867
61318
85444
-31407
-65768
-79200
67851
52231
47382
60406
43240
-29337
10184
98644
-98238
57914
29564
-80401
-74760
64521
79595
53150
48681
-18077
-76466
73321
-76192
-84802
-14566
-72902
47131
-42763
50074
-4751
-51146
-54416
-9880
51027
-62727
-98142
-99768
79074
30203
-22229
72865
27463
-19472
-37219
92825
48364
-78698
-2469
48780
-18714
48441
64285
58152
-20016
93150
69841
38440
-32397
91410
-35236
-21206
-50207
77647
-54850
26863
-53791
-39737
48532
-86097
-71420
31632
-9162
-16937
-13674
-50899
55552
-48160
47216
-57291
-93521
4557
73707
11235
-14623
-32639
9007
15289
-82434
-46150
-65047
46097
-96394
-98770
-67814
-73919
24224
59648
16908
-58198
33730
-99873
40097
80989
-86546
-58820
48388
90539
85769
30309
-23616
77192
79271
-24317
61039
539
84690
12908
56010
-97883
-3926
68774
50144
40395
2918
99897
64290
19649
-59976
59760
97627
52053
-53425
-28820
22076
-16874
-27722
-50716
-98731
51551
-62822
27644
-7904
-67069
8744
-67711
-50184
21654
44181
32127
-29017
34198
-17161
19839
-40420
8757
32016
8097
29563
99076
-37652
-32110
24847
82749
71072
80425
-14181
-55827
9650
59299
-31730
-68548
58775
11129
96084
20507
-76649
-92068
86601
-67000
24717
-73971
-90232
8129
47434
-62182
25506
-14653
-5350
-96328
-53909
-17091
-38114
-83334
-28242
-74730
74264
96876
-96384
28120
98374
76878
-12878
53751
86693
19376
-14176
-14014
-51562
-52953
-37722
-48091
-91298
-31319
-270
-71336
712
99658
-40651
64616
-35099
86868
43956
-672
-40204
18684
12283
-53164
44444
79495
-62480
14601
42517
-46663
2565
78532
67943
42805
59911
91694
32395
-5514
-79660
-74336
-34450
-45464
-83863
58513
62547
59620
-41959
39001
46807
87879
85018
89377
-17776
-54482
-63878
-48086
15567
89295
-86737
-83914
14853
567
-20021
44630
89474
-99044
-61362
64465
-67688
10462
-16682
-21202
-93026
52575
-9039
49375
-42735
-78533
-16749
92042
-69676
-74202
-12957
-51403
-34600
25057
-5009
-41908
58070
48345
-49664
81810
80313
-2212
-32567
-80094
94618
-56008
27129
56993
51939
-8910
-31248
27523
-34860
29216
-18547
-75018
-52252
24356
41702
48494
-83713
-86395
41169
83470
-56338
-4757
67167
59056
-89387
1975
55465
-9967
23381
-17091
-52030
-67748
-95150
87519
-10100
13137
-28145
83527
6950
52178
44276
79936
73027
81866
11698
67889
8406
47162
72317
63608
-66263
77346
22648
-91169
36877
83784
-43793
-70210
68460
81768
61501
55853
87482
74104
-7538
2403
67978
-39210
-19009
39408
-69955
36816
76898
11411
7317
-23280
72925
69113
36519
-29278
-25935
-8237
92271
22115
6489
61842
-58946
-38903
-24247
94466
-75698
97289
95125
-68096
21878
71337
-54029
5209
78520
-25886
49433
97473
-67976
-49551
89984
-33043
26312
-4998
-72373
24077
-24482
47321
-4352
36905
-62297
-26169
35316
-10601
29044
94886
78662
-13481
-16046
-47766
-72575
23371
-5447
-23389
-99099
70933
34970
67114
71744
-64689
-52773
97320
39285
-97502
94495
-8322
-61730
-31357
8702
-70700
-65522
-23024
-70060
-25918
-82961
85251
-71947
30228
43594
-58544
-85890
54845
-12058
5857
-72505
-56548
12359
-20948
-81100
87395
67927
17581
34411
-43990
37219
38533
86112
-37745
26236
-88849
-17333
56263
50686
-50533
14011
-71994
-65171
-60375
-82236
46535
-80070
-79805
35668
-91912
58598
-72681
-53532
6533
13118
-83536
6986
39360
-65212
49840
13866
-12438
69038
44396
-84147
36897
-4409
-86620
-25654
-2843
-57164
-20451
-2080
-64504
-54894
-66531
59750
-27598
90298
-56382
53849
54798
20006
-45440
-43819
-55403
93357
60917
29535
-3083
-41302
90475
-75425
85277
-35781
2281
52907
70248
-91547
76086
-68226
76707
-96363
-69333
-21753
57021
-77695
-99916
-76514
47626
-57107
-7709
-73775
-59596
138
-39376
33053
-17730
33209
-25839
-79368
-27338
-88531
55666
-14645
91639
-23762
1682
-72515
88920
89593
-57990
50539
-19147
-69820
99290
-84301
85464
-24096
-22271
14320
-11325
-97032
-90632
-40448
53276
77878
-50372
6336
-25483
-41147
91927
32537
78455
-26959
-19430
-89356
-43092
17578
95353
4361
-50842
-17369
-65725
78677
-4402
-87706
-55300
-43478
87180
79634
-4968
30752
-65968
-71170
1367
11817
99004
54350
89784
2114
-53650
16822
-78245
39814
13549
88217
-42826
93789
-86097
99347
71219
-175
-27708
-62638
95909
-28287
75811
42719
81190
-26962
-54705
91195
-83442
41906
-7002
46884
93074
-7727
-16890
30071
67510
12136
-52132
-11793
-44112
42306
36555
48331
-55269
-51254
79989
99086
-32428
96474
4840
12192
-33355
-76686
82024
-27310
-60116
-51836
-91307
-83137
-48009
-54741
-56455
-48818
29374
-20740
31472
-84717
-1204
-25419
-15308
53781
8364
-56621
3332
94378
-59492
-33537
-8399
27519
-10256
54248
-45499
78772
58950
-50132
43408
-94300
23778
62703
41360
-98814
-74522
-24625
-51908
42014
-99601
-62098
-31763
-86585
-22002
94126
9002
-64501
-16479
23227
-27634
41306
8654
-19391
96792
9033
-15461
-15297
-59889
-47566
-45011
83379
76176
69368
17948
-6091
30262
92392
61423
60192
-83548
-34501
26169
-75222
94961
-62280
-63281
12309
4209
68790
3300
-45250
72284
7423
80068
82579
-66850
12049
50729
86946
-6406
-69506
-29891
-99956
91675
92787
42029
-50472
-77511
34773
-24282
-69788
25060
72071
-15313
5046
96433
19272
-30941
78832
-65986
34874
64073
-65374
56995
-98563
50642
-6982
96438
23930
-78226
83286
30587
-61892
37259
75386
-54553
45624
-42133
47709
-91633
36781
-61856
-26658
-4046
8678
-51417
74772
33247
-71971
-29281
-24958
28484
60346
84964
20458
-44331
-56456
79437
-15496
25429
12265
88382
-70881
56708
78224
56042
56833
-24026
99052
-64216
28616
15595
-52140
38321
-8302
99328
-82691
-3980
46665
73649
-61927
-73770
23888
-94407
-26982
24073
-16871
-91544
64276
3464
-4653
64879
-87551
75052
-6399
-12213
62046
66478
-51610
-52084
-2510
-40326
-47844
96513
80174
88236
-8507
17730
98032
68521
90072
30362
-77726
-57251
-86307
-2930
-73089
-3124
-34764
-1074
2806
-47593
25358
-73544
-16601
-30962
-38273
-72253
-11126
-32724
43564
72462
-80529
8947
19871
83013
2591
46565
-12551
15597
9186
-17060
67079
-28722
-27110
-49786
46765
5946
34445
48065
7550
72253
-84288
-54641
-77266
74979
-24898
-5514
-76449
-92384
57400
26103
-44073
46624
51206
26472
70355
28908
-33012
95920
-25099
54069
-45897
-44257
92056
-34047
86183
-70168
-60
-95121
98599
-56196
28733
-35416
-63849
-43325
-45194
36
-19349
-50311
3043
-66858
-39028
36260
-20308
-63050
-87204
97965
49789
-45463
-47913
-74462
-65350
43854
-15147
17927
-65520
7847
-27029
-89195
-8281
-1118
19569
-84464
-94221
5571
43487
11016
-62806
-5327
-99887
-26836
6800
9882
-69334
-36539
15213
-85117
15380
17367
68577
-70225
59749
-67697
-81906
61611
-23843
25896
-54797
39668
-99508
26209
-69479
-5754
-29423
-8493
44197
-71677
32380
-34255
59406
84860
86997
-23391
63337
58654
-21322
-77327
91808
-79812
-45421
-34441
-28542
-73420
-38502
-38198
-12876
-30207
83637
-8105
29764
-31075
23725
6304
350
66449
-21016
-87465
-20265
-31142
43283
-26541
-11033
-32071
43035
53869
13044
-71400
87636
95994
-46391
59668
67581
87652
-77339
40747
-4389
84071
48752
83651
-27775
65125
90441
-46123
-80911
-54553
64058
-33036
-7075
-29903
-46515
27710
-7610
-4607
-44360
50846
77318
22180
57907
82363
4008
46004
-4438
17600
93813
-63567
-77234
-98551
-49078
-57925
24390
41703
-87452
79593
-15484
97936
54782
91978
18482
-52698
-93935
-22282
85834
49954
28410
-52209
77701
64733
-88134
59545
27307
-6661
-91753
-62541
25993
66868
-18977
65330
-73855
-48128
97420
69465
-64133
-43938
94659
54518
34938
79874
30775
93467
-119
85465
-19541
15608
91091
34682
74324
99154
72082
44650
4380
-27486
-12768
588
89027
38092
48489
26403
-3168
-65286
-30014
-20731
-92666
-69867
-59438
35423
64449
43232
71662
25183
71808
-18703
-73213
98818
-85044
-44212
5420
-86150
-22282
31261
53732
20219
-98928
76434
32853
10402
-87535
11411
19407
-31614
69340
18655
38484
-61875
-78886
-40252
-18608
84124
75523
18298
94566
-35813
24636
-3875
-8731
10324
42523
15174
40985
-88490
11526
36613
2494
71490
37497
-10244
-26416
-13647
9894
-64229
57406
71749
-86922
43251
40508
37195
-63378
-1735
73335
-56950
10925
39706
99748
65899
73681
-139
-94158
46468
56762
-81926
-30242
-96765
-12890
46941
-95260
77427
-30533
-75530
1491
85998
-53852
86520
-36806
10976
71443
-76469
85950
17779
-5852
-79351
-82611
90268
89506
73746
-90835
54849
-6366
-2291
-35794
43270
1933
39483
47998
74163
81276
-38343
60635
98819
23036
-58478
-31453
55244
4528
91582
-26937
87430
9878
-84420
-73506
-34951
-31710
62343
-96106
-2041
-72314
-68552
98245
91091
40595
61175
57629
-83315
6649
-9505
23230
28188
75626
-56146
98854
-99034
17949
33189
-83581
191
-96785
-84478
-75479
48811
-27293
20056
98847
-5742
21066
57416
-58604
67327
-68866
53918
-73169
-68716
41800
-53302
-76604
55566
-49758
31673
30946
-8015
62678
65295
58825
96336
-84155
-11325
62265
-16069
-37053
39064
4773
197
-87264
-21068
-91513
51760
-3518
-12193
93133
-80201
-38035
-29927
-64591
18360
11301
-70313
47014
29949
54571
66908
39214
-24154
95138
49777
13128
26996
72725
-29695
-79289
-13644
53330
77779
60350
-29498
46126
-7196
-11176
-92727
43628
98080
-11900
66213
-82375
-49667
42765
-27596
-54002
68788
-87161
72845
41208
28765
52197
90991
-32652
71143
-93528
-2169
-2060
72945
-99918
34206
92286
-18233
24185
35938
-83468
-81156
-33705
-37169
-55250
50208
72445
-35014
-14717
49054
10824
6330
96679
-63499
-4116
-6285
-402
44305
25100
-74432
-5393
-55995
-65172
-30339
55811
92135
16574
-51154
40493
-23607
-12520
33487
66260
15
46151
-48904
24683
31282
-95363
58285
26161
26576
76325
95616
-78700
-89171
-3624
79907
-63055
43338
7207
11726
37238
38304
93976
-33335
84457
-88071
-15441
78743
-34687
-17876
21729
96767
-16014
-41421
-4626
-47752
48902
15722
-94585
-35536
49831
-56346
33322
54585
29625
-81168
84687
33552
-48348
96221
-3654
-66868
38895
-97077
-51919
-70752
-38968
-18694
-95288
49676
-32992
-42812
-56360
32870
-24141
10170
6030
81985
-49883
-35939
-99425
-35145
-79672
35510
-99239
83097
-91782
6611
25493
-5457
77804
45022
-15031
-43731
31613
64091
-65030
81205
-83132
-36867
-67954
-49405
58093
90406
-82369
-60166
80442
-30790
43180
-69176
12651
27167
-95926
14136
50361
-76333
88055
88980
-61317
44841
39343
97076
-50580
64225
-27625
-79577
-68796
81891
76983
-43203
31746
-95592
90821
-48336
-47861
-86939
48412
10349
-92948
93125
-28660
78274
1724
17858
-87798
26789
-87139
-74352
80328
11678
79905
28038
-52768
32402
-96952
-52486
15721
-97618
-29528
-87625
-7956
-72340
-38298
-6499
-32527
-5563
-74144
-55402
94770
30835
48749
-61967
16433
-96414
99580
-24612
-83931
-94606
6041
-64830
72592
-78357
90702
-57921
-45524
43262
2022
40444
61635
52404
39116
748
-53218
87734
-4973
-41182
85013
95991
-93041
-22516
-26555
-67838
-10208
-68784
39008
56923
-97137
-39167
-38369
-89579
-98800
-83458
39954
-28112
-63385
-90905
-20777
73580
11624
33789
89577
-24018
94166
-25515
-92016
41806
10989
-98375
-77258
74235
-1156
73884
67866
-756
34921
24247
-24354
-71005
12376
61700
97210
73728
64167
-63146
-61485
-23776
86160
-33965
-92314
-97329
-82062
68176
13790
-98671
26153
85767
36102
-86295
64857
-44169
50137
54468
67530
-27432
61556
37957
-34195
-67910
95404
10030
65853
-70663
30204
-31961
-11583
12383
-39465
21422
5678
-10218
8476
-67172
-57111
33992
97000
25360
97705
72085
93445
-72710
57403
29104
-61249
99014
81759
-94249
23575
-2846
-95152
-67283
-48495
46
-55135
92853
-8600
87424
72899
-41811
36642
-93936
12835
-45947
8254
-89529
-78800
-68358
-55287
30943
-96710
13332
79951
25334
34486
-25288
-9809
-51083
-70178
-57494
4168
-70249
-28427
1763
86415
-56935
28520
53003
-26109
85629
58704
70164
-7689
96954
77781
81907
-40818
-30141
-73620
92475
-61690
-68302
-98624
-72809
-1877
57425
69231
-75421
-27093
56005
-57621
44008
-1206
-52712
-20927
-88526
-69716
-40223
-47882
-47408
-20401
-94702
10445
-73368
16796
-36834
99302
50164
-32302
-91515
87552
-85219
-82078
-46531
35039
91826
45530
-74114
-11255
-12347
93305
10667
-93526
-23838
4129
77080
-7785
-18963
-96278
-28548
-71057
-34793
91346
85172
42014
-28548
-60845
-6927
63227
52957
82381
68672
73553
71157
38691
-38412
-42309
-60422
5666
82482
21801
95025
42971
-5415
69183
-80402
-4719
61900
89436
-63513
12046
-75811
-55688
38452
83344
88983
66918
67622
-52447
56296
24889
-64575
24900
18153
-97533
-48937
58571
-93428
81848
-1918
-21050
-67807
-80014
-77059
11029
-39995
-47410
67871
93087
-35865
-28173
-6922
-54245
-64776
-69005
39164
61003
-53073
-19575
65080
-84343
-2314
