5500
96079
52288
23189
-5603
43342
-63673
-57600
-39751
-53523
32474
95514
-96099
56463
-14240
-73913
11194
-4573
-9496
-42399
-86123
-33592
85479
78512
44175
-52600
-40820
-78729
-18352
-59771
-15806
-77973
83344
-73678
-63359
-17921
30530
-49928
-76143
36378
72349
9016
-30307
57834
-6648
-86480
79728
-23662
96097
43639
-37554
-83713
80041
-67038
56177
41176
-89712
8457
17247
-28396
20825
62756
-67804
-44699
37226
60366
35826
-49134
-49549
-58324
-79215
13410
-67208
-44249
46212
32052
76988
-64556
38906
31596
-92852
-99979
-26066
80456
1061
-57383
-25636
-68208
84995
94
38751
27820
-48825
-58153
1132
83983
-5693
67592
70885
85457
98854
52366
94363
8475
24447
45212
-99165
27131
-70673
-25504
4819
13784
-46736
57987
32986
-16321
44987
-4209
26361
88475
65499
-2580
-74526
33476
-88116
-7741
-98261
-14802
97231
2564
-34449
-26494
29837
26754
-80255
-29495
78565
-74181
8590
28229
6740
15478
-66226
9562
-82048
-87355
69671
80617
61793
-24854
-46562
50046
-61811
-30762
31802
98655
10974
-70516
75575
-24763
-97151
95141
-14236
45927
23070
-41300
40666
-21583
65247
11177
-99559
24404
84192
-23941
9024
-64009
77105
-9954
-34136
19915
72266
-67571
-98401
58492
-948
-2687
-51140
-95101
-81936
-62633
-29533
-69672
-8754
-49457
36951
4485
-55284
-25808
-63433
-67242
-48095
-86646
-45481
22445
-51387
29972
36668
-95311
-21577
-79181
-19021
98406
78250
2844
65102
58905
92877
97488
76348
47026
53878
73542
-65852
-41429
9194
-45977
-69922
-21664
45899
-48973
36142
66684
69663
-79999
13278
-95021
43576
42723
-18409
-46641
58886
-92440
17371
-99263
-2315
49146
-83518
-10343
-95740
-19288
-3122
24753
-20060
14271
-30227
-86077
89864
14417
38156
-88901
-72049
-15593
-28077
-83800
-13876
92978
-46080
-92597
-98578
32077
-29213
-91502
-57903
20255
-34637
-10529
-50080
-66739
-57140
68160
36580
-67732
5318
58628
21486
69796
-35661
57571
37789
-272
-60236
58652
-5747
20161
-53320
7836
87964
-21886
4883
-42662
-87782
86327
22263
33728
55436
32639
-32175
-55869
-97699
-86152
-27454
-14893
89954
-67199
69560
-29778
-44024
40987
-39255
-71344
-44515
93352
85740
-46075
-98441
-31530
59124
-74274
-86715
56597
-53591
-68990
-36176
12995
-60572
23772
-3731
-26006
19079
-61838
34338
-88353
91576
-7595
-87310
-22581
-17224
68404
231
-6330
867
-52084
57339
-92257
-30778
13243
79683
36152
90456
26930
30265
36430
24471
-9593
-68636
-74793
-87168
2282
97830
69060
-18517
10096
12194
27814
-20544
66891
-82872
73069
81690
-96357
-2242
27083
99702
-5795
70444
38838
35223
-88447
-80156
70285
-98822
-31142
36653
20114
-83919
19119
78059
9429
40223
65326
-19348
-90254
-16497
-39936
78865
-19023
24177
4216
85335
15755
87153
-8092
21057
58124
-64203
-49594
22692
39572
93556
97309
31374
-43145
-45842
5084
65300
-69372
22411
-42820
-201
96291
-46060
61421
52722
51416
90184
-12312
-25181
-31644
34396
-33504
6483
-37622
-71021
-77034
-58588
83375
-90763
-79668
-11114
37914
-92241
10833
65205
-38436
98887
89467
79715
-70007
-99271
67315
-2562
-1692
13811
66282
-23059
-46439
85930
89898
5132
-92765
-32617
80263
55026
84302
56594
9332
79067
75158
-51383
-35919
2103
-91409
65373
9634
5710
-74338
31065
-33093
93902
-23996
20367
49240
-50574
-83909
-39791
14249
40145
-18471
46025
18379
-62911
86034
21430
4529
15014
80954
72323
64897
-77222
86183
67333
57211
-7750
67317
9746
-71980
14859
-94173
97016
-43935
14920
77210
-7903
-45457
37321
-72178
81665
20655
-30703
18045
71417
-90482
-2892
46677
23884
-69085
63459
40562
14010
7874
9622
6469
72638
66478
-8235
-61168
-43039
-70806
-22558
-98227
9914
86000
75142
31343
5187
-86853
-57289
-34560
24408
28159
-30622
52137
12238
26809
10715
40080
1901
-60576
-32865
62811
-39732
-2821
-38398
-71148
-30712
33036
81081
293
-98656
-8342
-70586
60610
-13072
88300
3580
-68827
54216
78593
-84754
37621
-79767
13213
41144
28800
-96357
-89650
78313
-50585
1645
-64659
-63476
-55015
-63989
-10641
31569
-521
-14859
-11429
70429
-25449
77154
37142
56491
34340
-77904
30554
-92963
19235
24518
35845
90083
-5808
68872
98254
-50490
25127
-75018
-81326
-24238
19198
53730
39884
9566
30031
-77621
-69148
-30535
44180
-57701
46174
-27661
-95541
-76678
92851
-24123
-65767
-56371
-63875
35614
-6389
14543
93323
47499
-1033
-75766
5780
28417
-61887
-63311
-4087
-58294
-17031
52509
-85181
12683
34466
54370
3484
67054
-3826
64654
-92199
6704
93413
-44675
-53819
-11768
-30844
-44004
-38375
61811
-35519
-79368
-13481
3672
-19507
35138
36405
-163
-2957
-8542
-15881
55110
84221
-47308
-59178
98756
-63691
17187
54364
57570
-67639
32865
28241
83975
90440
74688
-68145
59945
29833
86576
-86478
58447
57962
-43179
18668
61888
74870
38980
90677
76429
-8672
-9573
-28385
50488
-56916
-40326
93319
11456
-18771
-16862
31847
91978
78249
6568
46601
-80978
10712
-18155
48022
12123
44491
-21283
85965
41127
23530
-13894
-56177
91126
-22698
-55515
-72554
-15994
-48147
44465
-42426
-58410
-85
-28220
57628
-37007
10349
-34510
53059
-80805
-43950
46839
59845
55830
49658
-85935
990
-76463
-6992
-39560
-27667
93166
88740
-78661
-29372
-14801
20305
-1799
-64802
-52484
-66691
-33992
-47376
-88301
88287
-67419
59800
19980
8154
94633
12082
95752
-472
-61404
-58166
-7946
99794
-98808
99051
71105
-23909
8597
47062
69530
-51651
21228
61326
83869
-21109
94802
-9136
80482
-15371
98692
-22559
-67485
68522
86066
-16065
-31867
-93352
42009
-31239
97541
-55282
60416
-73573
-73024
44803
30094
-26943
51614
30384
-80506
-58676
54300
4504
55969
13107
17910
16872
65479
-4879
21613
-99720
44841
13724
16954
74289
-43651
88854
-96689
89482
21079
63708
93702
7531
76321
50556
96745
54450
-5769
95139
26525
-23405
-88543
85204
-24853
72153
98798
38453
-43604
-39860
30249
80708
58513
-36565
-3845
20455
-68660
85145
48477
80416
-47649
7060
66871
-87969
8127
66144
-30694
43121
-85212
7682
-49961
77015
78832
-66328
-17094
-23567
91449
934
-92698
95129
92405
63899
79310
31821
-36031
-82830
-37747
-28284
25166
79428
92003
63073
-83544
22427
74317
21381
-7836
-49582
-66688
77631
-2394
-65192
62209
97246
-56051
15059
484
-29656
90363
-33952
-36641
-55901
-87292
-31495
47242
-27248
72178
94832
-95691
21431
-94221
80408
85542
32606
99104
-68350
86253
-89261
-33302
-31195
-25754
-33111
-477
53271
-47989
-22721
52646
72760
11891
8955
1829
-26258
99051
44502
7757
-61430
-12689
-30511
31064
-36023
-84410
93446
-71250
99127
18679
-68263
70969
-95697
-63573
-99315
77316
73085
16609
-25741
96334
87908
1799
99005
-1039
78203
-78532
-45072
92586
-98831
3232
-23432
-36220
3250
36756
53397
-38170
-7006
37907
31220
49525
68615
-19604
-87656
-49817
-3453
-90533
631
-64794
-19266
-44349
-2207
96156
3042
-84597
58523
-65375
77952
55890
-98870
44543
-49136
44880
-18549
-52002
96149
65802
19487
-68911
-17761
-71247
70980
-7365
-5078
-7976
76895
-42017
80548
-76847
-59500
-28860
33228
62307
-43528
31873
-97290
47273
26846
39402
-93653
-5494
-2354
28503
-22035
-73840
-18156
-60531
16535
66727
-33100
-75444
-12957
80693
78267
47605
30342
44944
-71632
2261
33910
-21408
-86166
91538
44683
-48109
-17989
64432
-75517
74934
-87798
19841
7584
-12105
-43713
62247
24492
-13132
35863
-77753
-79011
28543
-4265
-44660
50515
-79631
-30436
15125
98045
11879
-2479
38397
-21860
81758
28859
-86972
-11680
-94425
45487
16798
-80338
69126
14819
14744
-21757
59309
7137
63971
97458
-94128
-95593
-10433
69065
17125
13388
-28091
99282
81786
-47955
30865
53365
-4366
-86779
-7414
42555
-68963
93004
-31729
-94035
-77069
-94122
-79361
-72933
-38035
14124
-19995
88440
43393
-52936
-60865
88610
68408
-97255
-73303
-82368
-77267
-51817
64171
-85563
57316
79216
23195
-83375
-44796
-815
7728
-88202
-87374
-65696
-77019
37143
58060
-88330
-89978
-35987
-23681
99370
80155
21539
-92218
58505
82798
50593
-51392
-87263
-44231
3815
-48660
36028
-57807
-22001
4739
90090
48553
57077
-1743
-35272
73829
-3086
-21710
-41859
62332
40387
-11322
73426
7720
80072
-81392
-98143
42926
43433
-53423
-98026
-4764
-83373
-56581
17651
75620
89184
-38667
-30912
58316
-63275
-17046
-97377
-41170
81092
-81714
70974
-88229
-89838
-89169
-75483
57735
48595
-80269
22127
-86759
95313
-61516
-33195
-97710
41324
-12491
62502
-21545
78491
32447
-73453
79964
78096
-37732
95462
1903
-84358
-70737
-31341
-35361
56996
-81746
74727
74311
75963
75710
-90275
17466
-48787
18089
-59633
97932
-67860
-37378
-5878
-59013
-77103
-92538
57210
18937
55198
27550
-95100
-62121
33756
-39114
-64397
-26033
-12701
-87515
17737
-51154
58616
-57562
66039
-81316
63824
-6925
23145
68618
-5901
-18244
77432
18166
82556
-51772
55299
-47650
-13123
92505
-10728
-38017
-45441
48366
65867
-31032
62758
67286
-35799
65248
7091
43999
47943
39505
81956
27465
79667
-54513
-22474
-22302
71948
73833
71626
-8897
-46418
-29813
36326
-40296
-89979
17965
72210
57217
68675
-44068
-7262
-67135
94828
-88349
50196
-687
-25778
46870
51471
-15245
21967
-16006
58572
47083
87646
-56236
9680
-674
-80692
-87923
52823
45574
-66253
44798
95501
-33072
80660
-60770
56629
8531
-87937
-73659
-62483
-53204
-61653
-57252
-85816
-87494
-57114
51876
-39397
-9933
-77210
-82849
64084
-40223
96573
-50466
-9085
-36227
-13269
75944
68925
96870
6797
7364
29717
-2498
62964
-47964
39499
52514
40209
98030
13313
24387
61003
33575
9064
-4442
94259
30974
-72710
1332
52943
46963
37856
-19074
44243
-36638
86195
61586
49902
-65104
-15969
-65102
97727
-53167
37988
-54793
94632
-39245
55798
62018
-92613
48970
93445
89690
95570
-8071
-17385
93223
-52549
84698
63312
-73526
-8497
-83990
-69485
-40297
15460
-85932
85763
-62544
-68520
-84968
23395
37503
-94450
-37352
49371
-67569
-60043
-79233
-96676
-63672
91908
62990
-27622
14853
-18814
95301
98296
25556
-38591
-11990
-24446
50953
-23573
-84936
13587
29567
-73612
97831
-73129
-3604
-65425
-73452
57771
-59744
-9539
57166
64737
-38502
-47521
-23235
-7777
-9145
-10387
-3922
-42073
-46632
94880
86078
76913
83646
-67383
71203
-15052
-31675
-18908
-60270
16964
-85558
-39225
-71152
75541
-73125
-59531
93273
-42019
-15511
-82480
98662
70104
-10836
51818
98655
2085
-64940
64764
59741
59789
-53273
-49041
96346
-94812
-7236
-10600
-19336
75337
-24046
-20287
-35349
28488
-91507
89186
67267
-42658
15439
65263
-55655
-45412
-29073
67851
-79338
89188
-99303
-86886
-79589
45008
67842
-79756
-16624
-77
55109
-51531
18316
80119
48223
-79119
-91490
66917
92164
92485
44406
86788
9692
-74360
-24973
-68136
-9123
-4767
42570
6155
-26682
91890
-53424
-21398
-1675
-45710
80292
-61882
-40731
96217
93691
-49925
-38520
50036
84233
85645
53245
4440
54921
-98642
36654
-47693
-51671
38108
-3831
-81794
-34667
-69337
27161
-17010
42207
34256
-40448
59082
63240
-41523
83603
48503
-54226
-50646
80594
33391
56785
58441
99714
-40271
-57149
-11254
29545
-32175
-91604
-81211
32358
-99696
-76105
-48204
70826
7814
29085
-26514
28759
-12228
-85748
68942
19955
86102
70707
-96014
-94903
23725
21613
-16481
26268
-49733
-44473
56322
-60215
32304
-18128
53394
-4680
96929
-8580
17553
3262
-62496
-91499
50736
-82093
-11674
56830
-84718
38251
76525
-46011
28265
-95053
-22117
-827
70397
36457
-98024
30037
-42037
-54120
52288
76753
-822
29679
-85836
-89534
4744
-47555
49291
42285
-34445
62860
-11034
18869
-17804
58647
-14238
-96915
-44874
60904
-96282
21438
40965
-11885
45275
67570
99153
-51256
38267
-64293
-10415
69977
-97853
-31646
-43132
45321
-66046
20463
-23406
-95411
93140
11378
-85486
-70622
22184
27213
72805
-79222
71484
-88418
-60545
-53852
-82645
-3220
-47738
-65113
-78948
25645
39250
98683
72156
46577
-32299
96756
42118
-59217
23828
29931
6623
-88598
98387
51835
19454
42688
51343
-66475
-71128
-23345
87461
21569
-70854
-62396
30992
82226
43711
54209
-41649
-50557
-98398
72298
96805
-21548
-57475
-24115
87290
54396
-40689
52908
-92641
74089
21708
57768
-42065
85403
-18545
4363
-53231
-32519
-4373
-49295
41561
-33393
19103
-41708
37390
67877
-50777
63347
38470
25341
86959
22815
-29010
14120
-52317
43554
88230
-8443
84705
76876
21385
87127
-7728
40091
9354
4162
54282
-28218
63098
44642
36085
18470
-50138
64008
367
-48894
3676
48146
-18905
-52555
-33394
-7386
79241
-31298
-67376
58315
54225
-24796
3964
-23772
4289
30980
-41675
-59959
59118
-47176
71176
85955
-74124
-74906
57326
51556
13833
13794
94062
-34943
-19153
76609
-15457
-27506
15875
16315
-60981
52244
-51405
88316
5488
-68463
14733
-43065
96032
57324
20338
-43065
33736
52563
-13527
10676
35085
-4813
-30321
31966
-91182
41427
57644
75674
63510
-25010
-58526
92934
43963
-79189
74175
-45830
93985
-27494
-46223
-49908
24881
8653
-94695
53120
3702
-65359
73848
-32949
-74587
-1080
29318
76994
-15043
26981
85025
46692
-23095
-61949
-14301
4352
-23741
-9791
-91252
-5308
-63469
68094
-25826
-28508
18421
-45555
-51512
-69917
31608
-95019
-99142
63617
-7966
-26680
49815
-17023
32433
-24002
59465
12630
39100
-57683
72174
-72790
83064
14023
-43281
-86710
-72041
-28944
97394
-51023
48843
15131
67621
55215
-6103
-69696
-53893
-59659
8616
-47172
-27852
-5056
15048
10308
94612
97184
-67569
24775
-71307
44964
90222
1376
-32520
66596
-76989
-53323
-6377
64107
2872
-9937
19670
88510
55304
59734
98264
19405
47778
94600
-70066
-8267
22246
-65771
89738
-29136
-35252
90874
-65550
7770
-73884
77689
10767
-79072
64824
-26607
-97467
-21049
-63923
-68065
70557
-90025
94472
99409
-2498
52834
19502
-49662
-71685
72500
92804
-99145
25606
12888
-28459
-50571
76737
4101
62290
44285
-63243
-73052
58003
93862
-55972
18559
-50500
28373
39768
-51193
39099
-75045
54215
27650
-42643
-22358
-75090
-13361
57184
-38091
-49134
-51433
-44557
43812
-95451
-45486
7578
25201
41438
11251
-59330
91426
88993
79218
79105
89443
3806
57011
85727
88959
79222
-17896
32048
4091
73943
-94880
50506
57231
18792
67898
95747
39746
-95072
-26646
9043
89057
62193
51735
-53608
29979
-10462
70574
84020
73340
73211
-79625
-48751
-64316
-59175
-53134
-84795
78627
92705
40813
-62640
-18220
-17391
-83995
11842
82323
48946
45974
-70086
14652
27370
76130
-53303
37186
-21842
4506
-99020
88584
-34668
39339
5592
-19105
-76538
-13529
-23000
-64227
34963
24431
-6318
-68074
31007
-71813
-90879
4154
-22917
-79354
-24901
67467
-7089
73048
90282
-15879
72884
-59919
-8393
-46373
53086
14159
23250
42124
-92938
-18659
-61042
68896
77062
-60296
-96086
-26814
98638
-6370
88043
35627
-59724
90357
-22172
44737
-39593
82870
-49320
-33590
2756
14708
22518
19595
38145
62029
-87422
-67007
9223
90860
-18603
-76165
-52402
52087
78587
-26798
-5760
29788
36154
-99577
8143
80819
-58126
60855
-32222
-47792
-20512
56061
63594
33577
48828
-90844
-54252
-80738
64963
-14969
52119
16105
-86513
59912
67628
-84701
49121
-72727
-3426
81583
68225
-20406
-28361
6984
-24836
84799
-44326
2851
26188
-86451
44143
-30400
3926
33602
-58184
-84589
-33203
-83602
42499
-33783
-12172
99777
25272
-2183
7744
75458
7378
-28696
28379
-56726
33258
-72647
-8507
26459
-10385
-7889
-87019
63808
94706
78880
56734
-91390
71326
-67783
-52435
-98845
81157
-43992
-48978
-50501
93461
-59222
76078
-52659
10217
-31695
-64070
-47354
15868
83633
-66969
-28975
-35464
-56697
24747
95705
69741
-45178
-27159
19164
-28515
-81056
-70838
76840
-45645
-82642
47046
75830
-87532
-8484
-74813
-96736
2894
20212
-36780
-73409
4910
97221
-49822
79397
21102
59375
-6552
32500
11850
18830
57560
-98983
18931
97921
-13925
80553
797
-19818
6326
-35242
22451
43412
19208
40013
-13269
16804
-74001
50608
25779
-30116
-27701
50731
71050
-26903
-40038
-82123
84268
69145
-14461
91813
-5915
-98941
-38994
-82834
14599
46163
-65456
80761
95159
-24074
88836
65309
24737
-27618
-65259
-76226
88332
-95822
-47976
48255
79495
51158
-10442
86821
-25085
75858
42760
-81527
-9349
-20959
-53861
-1927
41293
-79975
-60077
37485
-74515
-87822
-58069
-59487
36399
-43788
-94950
43348
-48191
-16831
-21935
-22117
-70021
14204
-75999
-23902
-90737
22613
49082
94016
-89317
-44813
83406
81206
97053
-24772
16597
-68731
-79290
-53948
49321
41577
77287
-18673
-65647
-62603
-46520
8452
15130
90124
97304
-9871
89953
-73543
-2
25973
-76370
-76884
-96114
2190
-51781
69650
80791
99968
80210
-31985
-36903
4702
3540
53403
-24620
1016
78421
-10698
1147
-42655
31589
-79159
-93753
-6949
-78038
39835
43433
-16671
34729
6444
-59689
-75119
-74397
-62222
63368
-10059
-76964
-24211
-92166
48173
-24009
78825
75504
25018
67837
-82608
-88454
36393
-37636
25001
8684
-5798
-76020
80369
77296
52012
94253
-50220
90296
-84026
-20852
-44088
80587
60805
-71772
-24057
2369
-31939
-27199
8231
85258
57006
10592
-99497
36136
88453
65331
8248
78525
63307
34496
93525
-28098
-13138
81833
23425
-79289
50602
94598
57036
23625
60692
-53202
-27167
-49762
47427
89877
-19457
54589
-36581
77199
78674
30665
-41225
-89101
46638
-91580
16883
15771
-52313
66529
49363
-48377
-53617
42230
1107
63073
57421
-84848
-22453
56219
-15722
75361
-19713
86068
-79221
44692
48321
-66790
-59473
-88895
-61
62570
73923
-76804
64445
-63085
-27904
64008
27447
-78376
-38159
-21271
-97932
92532
45226
-76521
-56005
-40937
-33112
-71474
-74558
46415
20231
-75453
-79814
9858
-11238
-8463
-30414
71575
1706
-36592
-48152
77237
59086
45415
34675
-16413
14884
20537
-32826
-1265
77801
-44133
51745
84202
-77253
-28635
71514
51248
74728
-49465
-17468
44101
-99790
7411
11577
-80069
67169
-32840
57481
-80463
18501
-56081
-51585
83157
-73017
-21554
-85108
-14135
-74645
45017
14739
-55709
52453
7801
70096
-53425
40916
10469
75238
-26736
-99553
-79556
35523
-75805
28587
-66827
30834
17476
57718
62318
53565
-23478
77715
-77856
83324
40301
-59390
79604
21502
-16728
57323
82927
23891
-89031
11895
-36984
-42571
-16762
51916
28698
35089
18457
-46557
57332
18357
19596
99463
59982
-44841
-3584
1388
-98025
67391
-58233
30505
-34391
-91758
56418
-12781
17054
-7875
292
-84296
67388
-582
-96075
-42251
45195
80002
-91086
-3340
-10808
-48881
-32654
54086
85554
90252
24612
-55207
-56127
-45604
77652
24022
28534
61444
-44788
-40103
-10866
-38154
94935
-89010
70608
-62085
-79135
-88667
-42170
83964
-14150
82161
80328
8748
-62663
-14110
87027
-22122
-52099
91741
93497
-60418
-91313
-37515
13266
-2697
-12317
81673
4753
-99199
69693
-41606
-14767
3164
-64335
-9978
-95986
-58323
66115
76102
-77744
-38964
-80660
18880
65
-39064
73214
618
21472
-64105
44703
-56708
-43250
-81090
-10191
55600
134
-55078
81938
-90855
-83478
-17688
81791
-75235
93816
94839
-59181
-42671
-45669
25352
-74067
50672
16286
48735
-99024
33846
59259
41321
99173
62559
14930
-8823
24571
-4105
45493
-10495
-83666
2462
47648
-76167
77892
99098
9798
-36881
41140
-12711
52998
74364
-28062
17089
-56260
63295
81221
32502
24052
95208
-67286
68200
-35782
86243
97617
-79851
-36211
-35362
33077
-71646
92530
64313
-24214
35986
-43740
70153
-52642
-30112
-90839
-84151
56769
11583
-45377
75231
-447
-27796
-93451
-35066
14574
47404
-40617
-16932
52285
26471
-66622
23562
20392
57377
1365
-8693
83634
-34095
65672
-76069
79369
39456
-42794
69758
-94012
-54273
-7466
19627
29067
87717
97256
-62061
-70827
45220
-43126
-62191
24204
-22361
99914
-68241
910
25994
-14954
-62574
-57587
-18282
-21713
-41468
55830
26328
47932
18460
-93841
16924
-40965
36556
-74536
92875
-23534
92231
27828
-18210
-52348
67149
-65534
79742
55167
67156
-53565
70138
26770
-54636
66368
11620
8507
-53009
42980
-44983
-30562
-87812
-66492
-46070
-41454
5871
6656
96411
1430
-96666
-71551
-64552
90273
-58286
-286
68671
28631
15168
-91349
-66674
-37417
45059
-4104
11962
33649
-25280
28792
19081
-39691
73622
-88687
-98420
32935
41896
-29663
-53251
63566
-89144
15072
25969
-97813
34305
69729
92665
-19129
-55295
67063
47451
50022
-88415
-42316
-32792
-85673
48851
-179
-12230
-58515
55783
-48999
61516
-72440
56634
-42248
-40778
-55284
15995
-53936
89859
-58252
-96165
90163
-66639
-23105
-17071
-12451
97604
71880
91335
-91047
50631
67891
33700
91522
-3296
62595
-49161
-68185
57359
-19383
-1219
53320
72195
-14408
88335
-50819
91161
3411
-2581
62838
45425
11079
16796
61021
80495
17173
-44919
-95336
-82741
-48473
-59496
-66390
56150
17668
-93251
26361
69258
-12449
-86237
21482
93196
-70518
-15563
65640
84864
86152
50441
53892
57225
-7425
9321
-45770
48860
41420
-88000
-45758
16063
-72847
-66146
-16778
90596
-83286
27304
-34224
42204
10141
14111
68604
-96838
-69265
81099
-65414
41797
37171
-19837
-34146
-82536
-41795
-97508
90545
96858
96853
61484
-36747
32790
-23161
-45191
-57594
-48138
83927
-72061
-34148
-97503
-54126
-88405
-74579
77614
84992
-97281
7919
-93245
-56330
-45021
92603
79695
-95608
-89507
-88115
31840
-44389
18812
53864
36833
-89896
-2458
2263
-81228
-4996
23037
-9714
75688
39884
96110
48558
70039
60710
96982
54119
5919
76275
-3440
26616
21819
-41095
-65633
95506
71229
46413
-83339
7258
42090
-49883
-86050
29965
-38286
62860
-31604
30911
-28598
-54546
-30529
-95876
-32216
98067
46224
-21809
-80614
-50583
-9061
34657
46788
-97287
-9081
50808
82036
-38212
-73612
69473
92003
-3833
35839
-52311
35403
-43231
-83340
86533
-90977
58101
91857
-367
40300
21155
-77197
31477
37514
14960
10336
-3804
-41346
-35682
84400
-43586
60336
86295
20120
-31146
-55293
-31677
-34924
34189
54166
9465
2225
64733
90583
51793
97780
83442
-7425
93656
54826
11186
9773
-56483
37965
62238
-16285
23464
77968
72336
-11433
79114
88840
-26012
-24073
95696
-8457
91571
90365
-67311
-45771
-23173
44522
26727
-30339
35994
-41887
41146
-20655
-68807
85091
-23433
-61813
-19578
-96349
-52000
-60414
80217
-63098
-63874
72789
-29768
9081
53233
-88937
80758
-46930
85288
-26985
10550
-40844
64619
3210
-87091
-49999
341
-29417
-25851
-11137
-62112
-51457
31422
-71007
-92263
64104
46704
52513
-84110
94724
-65845
-54713
-16970
50978
2879
-99721
24983
-14511
22871
-27800
91683
-67988
51072
-26627
11029
50375
-95192
28674
-19576
49333
-17470
-92028
73862
-12493
48870
39180
-59713
33332
-17324
-22278
-42411
46025
-9895
40763
64532
46765
34442
80999
9919
-25046
95469
-60679
-57787
30124
-76872
45804
-90861
-69600
-16527
51758
-15549
95305
-41292
70083
-63438
-77601
36499
1273
42799
-11293
24855
-62140
-25201
10628
-43931
-49419
-28643
-11289
-93380
72539
-88338
-18153
-37029
-92042
-95405
80009
-51200
57876
-41431
-52534
60490
23883
39754
1415
-22784
76114
-10650
71993
51818
-5444
-14676
-87957
-84963
-69679
-60383
33833
18837
-61942
19540
77639
96826
-72471
5224
-6837
-20155
-21517
-49584
-20360
55036
92811
46682
74104
-56615
-74707
42594
-8412
40393
-26749
2407
52019
32016
-56921
48506
-30786
14473
49654
-29230
-4052
-95989
-12915
20029
37183
29864
-21661
-1807
-47751
66255
-52541
72385
76332
91857
49252
23723
88605
-91456
97702
-6130
-46572
-9868
12715
-51208
-10301
25703
-39344
-11810
-45935
-87488
2951
94053
-26111
33773
-80557
12189
-90364
25193
83358
66317
-937
84189
-12806
51881
2394
-47581
50162
85920
-25425
42789
-64243
-36014
-41845
-12252
-38177
-72417
83356
79701
-77877
-13350
-5033
6117
-32488
-18339
-96867
-79587
-96913
-49802
8073
-55135
94702
-34945
35225
4947
-91987
80268
11638
-68907
-55221
-60803
4321
95403
-43277
52594
-46980
-45250
-95375
37662
52083
6332
77546
99573
-3323
10333
-63619
-24257
-1805
-7807
-23115
51470
60931
-53771
-59864
-33524
-73231
89685
46959
12270
71155
36235
38529
-63739
-28185
29621
92142
12083
88156
-83675
-3146
-8838
14138
-34494
-54460
-66960
-40689
-62261
6154
25423
36982
-57604
-48134
-51095
14758
51657
-59107
-11528
78868
97799
-71468
7699
-15226
-26326
36138
12541
25846
33641
-27822
-86888
37919
87486
44033
-67721
91879
-3511
96682
-49135
50856
-42092
87251
-59247
87324
-78607
-74863
-62135
14949
19264
78308
263
-49865
57421
97137
-12992
90019
-17002
-23784
-37207
-1984
-99734
-66191
-56923
51000
-3476
-35288
10201
56108
-49993
-49358
33947
87621
-88613
40107
25544
-66152
37446
-76850
45236
-75467
52671
-67184
85628
-93811
-70837
-60199
60728
19453
31986
48224
-18035
87547
-50277
39970
-37025
-19428
81940
-35714
55523
-81025
49902
30704
-21230
-78950
52741
81000
-20039
-56737
-95714
41286
58605
20938
-57431
33397
98781
92682
-33435
-17503
38144
2825
9123
80790
30381
-79206
51938
51446
62601
28734
-36839
73815
-69094
64403
-10284
-51657
19002
32474
62582
-66084
-3544
-86365
-59171
-72756
-22471
-49065
-36318
97638
-69204
18658
53439
-59748
-90150
-17349
-89268
32526
30476
-83375
-73438
13507
74151
67219
-98912
-33274
50626
-72932
-39284
26971
-11880
-85894
-56623
33821
9113
49498
5094
-21003
24923
-89263
3536
35065
81262
90185
86974
8158
42252
5190
-57455
70556
-14033
-71596
-57537
-88355
-13955
-25713
63245
-92192
-43873
-42033
-21639
41265
-529
10798
-84934
-7683
52687
66230
-52449
35604
-3113
-50324
-69740
37312
-90330
54323
-62268
-24644
80538
24863
-35048
15059
1754
-40873
-5027
72855
-19440
82470
-3005
-85318
46004
-75938
-41535
93772
-28860
98985
74326
82001
-6704
38509
62187
830
41841
4699
-73195
17104
42970
-6635
-42698
27082
98182
-19718
1731
8009
58961
33039
-66465
-11131
4387
-77621
74662
15078
-56249
76287
-57273
-91008
2841
40864
10249
-67731
85150
-54670
9838
-25914
90670
-98157
45940
83133
-89972
14946
26360
20634
83862
-76022
-38346
13328
21527
27822
81579
15740
46650
-2509
63067
18489
70874
-50268
-27921
13794
77492
8454
12598
29349
-21186
-40902
53708
-67584
-47343
-42296
48024
47388
-33151
-27698
-64081
-48702
-55923
-81916
56278
-40514
85362
-38614
92324
48207
51738
4049
-36922
-81785
-91279
-62141
43997
-82939
-17895
86673
87426
-8691
61171
-52361
36329
-80191
-72162
17069
-89501
-64321
-16708
65933
-58307
-78890
-36689
34651
-71290
-39323
55268
20982
-5074
-31470
70405
-19942
42762
22244
61906
44176
-16972
95806
73482
-24781
99856
121
-40509
-97954
83177
-63396
-31207
-62281
71097
-87622
85955
42707
-64697
-14999
-9407
42053
-19541
-52262
-99087
50694
27501
51866
96642
84930
56908
30884
97855
91581
97178
27680
92173
55008
87748
-42244
60848
97572
15024
-12826
-8441
60442
40895
-57053
11608
39892
72242
81551
-14522
90355
-74392
97778
-44961
61135
46021
826
26450
-26372
-41745
-87589
-30274
76479
96562
-86400
-76891
55309
73604
-69844
32127
-23428
54242
60402
-45781
-37303
67417
37965
-14016
30405
-85216
-75235
10562
21148
-24222
-97537
23408
-67901
14426
-67193
18747
70654
-19368
74524
99089
82443
30624
32305
-60906
30702
76273
-62756
-15692
-82662
-94749
-15212
66377
-53447
-79574
16716
-88769
43800
-66441
-19546
12346
25394
1469
-12138
24426
-11625
59921
-36204
-21825
16505
28266
-19011
-92612
4051
87624
-51449
21797
-24777
-91662
59743
-9838
8626
-85545
67297
-84634
90141
91286
1331
-72231
72131
-75943
-98241
-16784
5610
95260
-12598
53071
33920
56652
-22346
40037
-80348
-61110
-81200
-58235
77453
-85426
22423
16533
80923
-63192
-24310
46239
55352
546
90476
-21947
-93653
67842
85208
55889
-30215
47212
-30598
-19030
-44744
89380
68273
-58205
-24463
39984
-55296
-55570
-4559
20315
-25941
-34002
-7828
97558
37684
50090
-86513
29498
82930
86365
12001
86313
-92214
92778
26644
-13614
-57331
-10260
-12754
35858
56494
-41620
-4721
93368
-89058
-19668
6814
-47071
91206
77920
24980
-26622
-74336
-19588
-92251
-37500
-36045
78568
50502
35786
-50583
24977
-3745
-37554
-49970
-93799
-24177
28329
-99673
-76114
-86698
-91087
12525
-29576
5860
22588
72933
99756
-3973
52099
14365
-28290
55683
-89629
-52284
54067
-82966
70908
-9242
51092
87733
63740
-83196
1022
-22488
38390
-55540
-7145
59278
-89684
-50310
15899
-28698
33196
73803
-59372
-15510
-24235
9497
62632
52541
-66757
-46120
34636
-49296
72416
-2965
-95849
83504
-65821
91620
-31055
57104
77173
97239
-50198
31151
92485
-4071
-83097
2822
-15554
-65958
63287
40208
-5146
-23268
-78589
17494
-11097
-41585
19300
46230
-52885
-60149
-24625
-85361
-55776
42089
22251
-9364
-56997
96511
-6717
-70965
41880
-58314
62807
-15960
90912
48009
54029
-58453
-33469
47643
-48955
-6774
-83451
64821
-86454
90460
5525
-49124
-78812
72700
34936
-37365
-75126
-11754
35077
93394
78644
14353
27913
-7541
84751
93785
6282
-31244
-93686
76743
-92183
36974
-1074
-89744
56225
-25391
62602
-53241
-30228
62058
12332
50479
-45884
35538
-1621
38818
5127
55532
51777
-37193
71667
60858
-57354
-41517
-46831
-67492
4248
94447
-72529
-4121
93383
-52223
77765
-86818
-12372
-694
70713
56464
-87670
45179
-1666
76493
98413
3525
-37993
-73210
61502
-75140
-3078
79296
-93000
-30810
-8241
41525
-4555
-19418
43672
-25273
-85214
-97536
-44438
98274
83794
-63544
20441
-15763
-61842
-20692
-47950
15724
57801
3098
-81247
-64395
-13871
-52721
7283
-46388
-15775
68862
-266
37726
-36812
-48039
33341
5334
77237
80766
-58560
27680
-73742
-67775
59680
-60552
2798
-8558
93895
45678
36821
-92405
55342
-59144
66314
67097
-80776
68211
-14308
-8060
-60164
-3848
28312
11228
10336
29655
-14792
-69246
24608
9395
-7751
95376
-1106
-23110
-89526
30886
43060
-72386
71456
-4014
21941
-17483
95655
-80101
10577
12810
12114
-46806
-19225
85469
2771
-20010
60564
90206
47399
-71158
31322
30145
-91895
-45739
2141
93918
15366
-44466
-185
-84119
40880
3490
5450
9033
-9620
84412
66437
-78185
-60825
-61617
-85632
-41676
93285
-79869
84434
75719
4729
28538
65954
-96942
16977
-7043
70922
-40976
-50135
-82424
-53737
23021
7584
-14866
-82899
-38015
17000
-50198
-9144
21867
47638
40708
71837
-70937
-41511
63004
62622
-38837
81223
-32553
-95907
96516
24275
-96669
-30968
-39129
61339
-65176
-81326
94966
13406
43212
95539
88946
-1525
59939
30917
-27049
17332
71026
31631
72505
34785
-78946
-90657
-50055
-36095
46518
-52272
16484
-44804
53018
-29076
31464
27876
68166
-28758
96499
53897
87935
38808
9642
72427
-76392
29396
-16830
10186
42593
69172
33855
86042
-64595
-18298
-15033
-98477
60351
22257
-53150
-93212
-77999
94778
-38639
34887
68096
39843
-53881
23472
-88745
55981
99784
-81761
34230
-25921
98333
97429
-89058
9759
-25679
17635
78748
90140
-6132
-21091
97360
-39410
74665
18478
51738
87285
19125
30725
-24352
13247
64807
18157
-99011
-76250
37622
14715
-32887
2229
-11716
-17568
10561
-34582
-2075
67486
3027
-72713
40403
-2600
-67383
20131
56978
79553
26447
70222
64435
-54089
59170
-51887
-89465
-75352
10455
-95933
57466
-3342
72710
21017
-61879
96393
64465
72677
-21407
85009
21012
67583
66774
-30644
40043
-60671
56892
-36243
38362
67883
-10138
7627
-75555
20647
-97095
75953
70285
61160
38827
56210
-81300
-1492
-24483
78554
43021
-96800
59091
10847
-97629
99938
-1780
-47562
-6876
95073
-15358
-84957
-31591
61536
4544
-37400
-96507
-5990
-85477
60798
66735
-18624
-71090
-990
-15794
-51810
-22090
-7354
28945
-45669
-24922
-10904
-5880
-51169
24040
12864
-62094
79
61585
26387
87140
-19597
32768
17765
95378
-14215
-14093
48715
79037
-59181
-27195
-29282
-19143
-7429
54600
-23604
86810
-6186
-21509
65416
-85318
47286
44456
-88990
44458
55674
40221
97457
65587
-64816
37508
97068
34695
-33573
61281
-68328
-54647
33519
76008
-11748
-49098
80697
70009
38064
69486
96188
-21767
-95564
44579
17142
24974
38685
6429
-78239
-47690
19082
-56025
46229
-88443
1524
59290
-82293
99065
51780
95939
-25476
-99717
19135
23284
-46361
-36491
13724
-54812
79602
61450
-32905
52355
99944
62839
64670
-44897
-11679
47172
76295
69228
-12289
-37146
87268
-47693
-95468
55988
66511
-92198
31137
95748
47776
-52020
-44102
-72542
98142
12484
4869
-35604
-63086
-45317
-57375
-115
-69769
1644
-58909
30100
-45171
14272
-80773
-80784
90573
47132
42165
-63990
-38922
-92797
-13925
11199
60486
29224
-5639
-24711
65732
57172
-61127
46633
-66374
32368
49964
-61278
-5823
-35152
41961
7637
-71628
-36388
50320
21989
18502
72828
99048
27750
-75792
-74080
2406
-56329
80450
32521
95503
-98631
-87845
91575
73140
-35733
36596
-68208
-60836
70052
-91114
61418
-192
12588
-30228
-66315
61552
-70281
35955
57352
82771
-93442
-79027
-23098
-63285
12859
-49547
79149
-34377
38210
35214
1851
2834
-80649
84180
-65731
-64711
-56336
3763
-39563
35337
-19224
-93642
85479
-28761
-58468
51608
-81728
-28711
-57531
72567
76132
-1775
71603
29414
-67501
31882
78275
18977
-54986
31179
2493
-57892
39820
27465
-95540
29492
-89748
-77846
34138
-97977
-54730
-60061
64200
88607
-68582
27458
6215
-20535
91652
38024
59542
75652
-66845
42990
-39400
-33707
3029
-63608
-60271
-27145
92209
12871
23229
83312
97264
27993
-60531
-51457
-5576
45547
30975
-24398
57479
-82418
3352
-96876
-43080
-37001
-79423
78466
6389
-35743
-21061
32479
75322
62733
31105
-29091
-20159
-88407
26233
92988
-1648
15695
7446
-66160
45851
74276
72141
-50310
-18090
-49951
59441
-1479
-97956
67886
-22099
1817
43893
-74006
-95010
-84151
46599
-20024
-74485
16970
-7652
-32045
88129
-65852
36748
-42095
35855
48243
97287
69894
-10405
-80386
99393
45456
-42144
-71256
99770
18991
32645
61087
37417
-30169
-25894
-11918
-86587
81214
-64591
75680
-55121
-54176
34519
65675
-55169
97699
-76370
-46068
-42455
-76124
79016
-96160
-24565
94928
18274
11583
18135
41023
-89573
62349
61400
-5126
46159
97066
55458
76509
-50572
27620
60635
-5928
-71408
95244
-97825
60367
65205
58598
-48811
-82334
80027
-79495
-85172
-94265
59928
71943
-79344
37074
-84674
-98537
41615
1494
23057
93486
-83869
-5594
-57565
-41252
18172
34805
95502
-98702
-35925
8219
-82226
13713
92685
11384
55480
-75299
62738
-48845
87131
-32303
87209
-8164
-74574
-79507
85578
6128
96322
-19190
88159
-6918
64790
59725
57872
70678
-89899
-32710
-65430
75601
-835
-74464
78379
-8724
-86530
17074
18860
80319
88373
-16906
-51413
-39237
-75005
-45994
-88524
46664
72074
-46828
-29268
65613
-1980
-14629
13754
51021
79807
-84496
-36462
-80978
-12359
58119
-71072
59734
21972
27314
17805
-74898
-27019
-17227
-64912
-7352
-449
-89228
99476
-88035
72744
-37491
-26846
-91089
-95692
18691
71211
7629
-65514
-59121
57684
54197
13152
-17317
-44065
31891
-12510
19849
34706
96360
46951
72237
-73018
13254
-44984
-17764
-42035
-64136
-83221
46044
-91263
89342
-12900
-89542
-17051
-7371
-52922
91195
10427
97557
-7091
-58582
-88926
-41579
72011
22160
-52632
-53527
18854
-86206
10676
-1173
-29109
-85484
-26807
-97832
83017
-33236
55928
-91087
53004
16625
23141
92801
-18636
-51231
-92045
-10113
80593
43522
4687
-80247
74429
98416
74070
-22640
-35625
57685
7716
57683
52951
-67721
-68230
-87036
18579
49068
-75957
66694
8077
-50328
-85213
71960
15030
-78345
-80075
-78965
-98620
32838
3199
-27281
-23253
93467
80284
44044
25594
-48859
3238
71180
4053
82349
11333
7542
68747
8620
89561
-64299
-30125
-98121
50432
11255
-50264
66134
-4796
74769
85950
5682
-28060
-32320
52895
3372
34429
-36118
57639
-22518
39637
40387
96600
51596
78404
-31636
-5029
-64483
-87808
7221
55572
-3291
63683
84099
-45984
-44805
-19685
-15603
-63634
-85192
18894
91072
-13321
-98969
37095
39299
24027
-45096
-49695
92436
92250
44563
-38289
-81903
-58901
10922
10662
44307
-32644
-35672
94088
885
7
53221
-13458
76722
11470
-52549
92241
-7380
72499
-4589
28533
9545
-54154
64024
84978
-34056
-55349
45134
11232
32594
60503
63099
-64866
44059
-38969
98179
-28289
-85145
38477
-31790
-83630
-19559
-23176
-94222
33677
79879
-78865
-95748
12502
11258
-28853
24299
-58195
-83695
-2162
12300
86136
-79036
88067
-36975
51244
12934
91954
96965
-56170
52804
-43456
24539
-86588
72139
27169
15391
-94190
-10746
-92164
-76275
16212
98916
93210
-54016
-31587
-7272
-34103
-82941
17514
68602
-94445
-11324
174
82443
-53930
15719
14779
21462
71872
61878
-51126
53809
-93527
76085
55847
-15581
62093
-10413
20092
47839
43044
42173
-62665
-65617
-17888
93773
8731
-40724
-46589
45345
-75359
90857
31450
-6586
-57144
18352
-55591
-71086
59200
-47900
-45356
-16304
-73361
-89466
-80680
-18922
53021
38227
-92700
-89421
95811
81097
7815
70405
-47253
-82166
77655
-17113
18563
-45286
-86197
62599
-68988
-3517
29494
-55083
-42310
64280
31649
-86761
30319
-20266
42691
86041
-82376
85861
-66977
-37694
-58469
28158
-67526
50370
33499
-97880
-42120
39080
-10526
96155
67219
-21744
-86005
51717
32502
54970
91145
-662
1788
-45899
60855
10406
43008
-21319
89212
72910
9184
16341
64282
-40715
-65709
87421
50516
-78326
84132
74181
-98246
34015
63883
-53717
5138
