5600
-15811
83400
-11303
-9960
-13859
66398
83536
17597
83719
91726
-88936
-27407
9514
-3930
-19259
88756
-52733
47428
-72175
29552
-39849
-31632
-52496
74658
-7332
66710
38850
-19998
-33160
-48994
-64734
25552
-15839
-94230
53339
36317
-87581
-69524
-45317
-32525
99648
15841
-95361
-69246
40561
59693
-46483
93353
32907
67604
98689
56189
-50499
32018
33535
-70536
-52682
-15655
-26393
69505
54499
-31259
-62201
-27373
96406
97853
-3734
-43507
55234
64583
41838
76503
-73629
84296
59764
21739
33530
-44872
60400
74375
-13770
-46594
-85088
-72338
39022
59533
48473
51861
29387
-2598
-62788
-48975
-22077
29113
78792
60762
18304
46099
-65271
76764
26911
-73210
-44817
36315
12627
-64039
-8519
-42464
-20182
40859
80720
4676
95976
76695
-6544
75191
-11377
-70987
88897
65198
80768
-92560
57348
32231
43835
29871
96297
96538
-3645
-71997
-30083
-4482
10589
-72324
7616
-14796
-18250
-95960
5780
-55596
-43356
-57623
66258
92115
-35707
-9358
-24393
-67186
62532
48734
-42308
7477
1274
95725
99075
64086
-29072
-98661
79917
-19579
-6269
-52386
-33208
-98266
80545
-48131
-98074
15255
-92049
18824
69577
24380
-2035
-27848
62842
43752
-73743
49379
-55303
-10140
52272
-31077
-22002
65952
21979
13221
35710
-18508
-42426
-92847
-48615
61585
-35484
-83397
-52944
-75640
-32946
-93476
70501
97206
73122
-19571
50650
-95092
-5560
84634
32523
55863
-51120
25855
7736
90608
33335
-75902
-40454
14818
-88247
-1108
-31881
30002
82208
16357
16625
-77840
-38006
-77333
11256
61402
-43319
67503
89280
59207
-57805
83596
17165
-87241
80634
79204
-27125
35124
-63034
-57319
95354
90212
62782
-68571
-20666
-4050
7846
-17385
14132
77063
80099
-23893
-32391
-52776
-57063
-38268
-97051
1614
18869
5320
93308
77629
-50170
-91304
-11099
87026
18566
18027
87804
61972
-99785
97414
92930
70389
72169
-82214
-16140
-66437
-71272
65465
48249
-56091
-30862
-9674
24884
91516
-30539
-95335
40378
-1127
20791
25148
-49827
76493
91200
33990
97127
80048
-47855
59137
68067
19721
-21880
49881
-9963
78679
50459
-48141
-63479
-24454
-23614
-15385
62408
5633
1073
48028
93416
46353
4995
-37633
-78981
-48274
48370
-31648
67751
-77399
-10493
99625
83606
62822
-92993
-26373
92483
80329
-41189
-75930
-89867
96637
-72071
-25851
-78839
-96672
90055
-60748
-26713
-39026
-87291
-26064
-39017
-76599
-37467
-96375
-6356
-97086
66507
-86394
-21922
-41786
-14156
-12779
18934
-59768
61235
92525
-75614
-76793
-93355
-80766
-41432
95132
95334
-18908
74423
33826
71181
68405
-29223
52034
18898
-52987
-24698
-46887
59584
83916
-96750
45961
71014
-95037
-95419
35097
87543
71327
-68917
-98422
63377
3179
41346
79863
83739
-64448
-63631
2215
-8633
-27548
23321
57203
-40201
53309
-21597
24782
-27205
72112
-18056
-67274
10937
81691
-61904
-1098
-5786
12203
21794
31381
-61136
-78950
2330
66463
-13250
28168
-37976
26061
45647
59957
35861
78227
27263
-79847
-81103
-33273
16744
-57248
22216
70313
66021
-60347
90035
-41901
-71886
-39926
31370
3326
-14097
-47279
98423
88046
-15229
55323
-7258
47739
-54499
53722
-59112
-69378
-34410
35700
-63337
-300
45107
34967
-57596
73490
6342
1075
-55668
70405
-18381
1945
47801
-98652
71120
-49490
99556
8789
-68378
45707
83848
-35304
6101
46453
32051
-88300
-16556
-95820
-60074
-26244
-85419
2770
69051
-49506
29638
87345
22037
15112
33972
77257
6707
13143
35978
21182
-1265
-89315
59704
-16166
-31869
46062
29935
76908
-89317
74695
15112
-86212
-63803
37084
-91708
-97559
55653
-63491
6574
76770
-60667
-90844
-46243
91517
91370
-52579
-13994
-50505
94274
-7278
-10098
-62135
11129
52274
-81332
-95069
99370
85758
72429
62983
-42894
-36496
-12159
47429
63329
-79608
45843
-92721
37578
6900
-20601
-19592
-20806
37851
-71525
-21683
-92603
97414
-9968
-27376
69947
-20693
83234
-62067
6458
-76648
99058
69404
-88739
-75848
-31739
-40846
-74734
95301
7781
22051
-58358
83787
74149
56760
43721
-55403
91650
48040
-99555
-77770
53861
-52361
-7957
-49867
44741
35624
-52763
24022
53098
-4960
-22505
62081
35276
-56039
-39839
-34926
-46822
-82625
30399
-66244
-51754
-40981
-65212
74586
61277
68409
91366
-72300
40901
13640
61170
94634
-62049
-74035
2464
-54112
-46245
36436
83905
66694
77579
-21163
56213
-75101
-74752
-49553
85625
14526
-7856
4163
-77635
-50680
27706
58480
50196
54761
-82336
96422
-73372
-27483
-38606
-93591
20926
55403
-46868
-78236
57511
-39558
43573
-63961
-10539
-53968
19368
-99969
-63179
-55759
82992
-68175
66153
-94032
-31667
-14701
66960
51485
42163
-32826
-51523
-70805
-17135
-36141
-79927
71933
-22353
82657
-12797
-468
25904
16784
42054
81079
-94409
78902
55588
-38392
-56090
92532
97662
55647
12354
65588
-61003
-79907
-50638
53825
-56709
-34193
-31386
-69310
-2365
-85099
26901
50004
17623
-60530
55774
-23997
-79865
-78686
-3184
-93851
67455
-1652
-30587
-9196
-48654
23809
39401
-2234
98355
-80287
-48743
9803
-71006
2553
-61978
-26014
35523
35891
-56328
-36809
91882
67227
73423
3645
-82477
-48178
-58459
5860
63054
89729
99312
-23753
77207
-59157
34819
46806
-11517
-15472
25748
86091
-77033
64364
42776
16714
-23949
8888
-48821
-13303
73388
-80805
-15668
89018
-80969
-73104
48164
27874
-82944
86384
47079
-64937
11162
-43460
-60429
29530
59666
80394
-48619
63758
-44708
10537
81740
64021
-85201
23858
71077
97222
6252
-34355
-67771
-36340
-85767
42397
-87163
48926
-91155
76873
-12425
23510
-80092
35240
75271
-46927
24305
-19576
-70147
-71134
53107
11099
56735
-87981
33152
-80641
-51404
-83335
-57281
-89303
-23005
-36398
63250
56813
-55431
72062
63152
-49428
-74423
-38153
58896
-96294
87213
-26769
-3071
99690
-58133
41029
-85673
69337
-28108
-74717
-5633
80532
-70202
-93578
-65548
-60409
31600
-94837
24522
53444
87541
-52989
-9176
77387
-70582
-10189
96275
-20548
-66630
-32358
-20251
-490
-75222
31487
-8804
-36885
-48394
80615
52622
-10142
-53383
-43792
25210
31272
-64660
45389
6842
51957
59878
-673
98198
52983
-74943
38508
-13582
44957
10077
-37826
38503
76225
94846
-72742
-84242
-31566
-4143
87836
7288
-93987
-44276
59244
-40164
-74408
-33486
-45857
56744
-90932
65270
29292
-77608
71164
-1033
28808
-66139
-970
32170
-11487
73140
13012
15254
-38220
33711
41519
4856
1996
-14799
12130
35014
90776
-18661
-78602
14417
-79065
-38972
53487
19843
-84862
-37363
-16782
58696
-69274
-30446
-91503
1418
22300
44540
43445
23572
-33737
46515
42279
10456
20842
45489
50747
25036
90179
-87630
-69607
-66770
73928
711
-80471
-93912
29868
8522
-79846
-4272
61358
77548
-51952
98566
-43377
-88214
-24792
93824
83502
35742
-84439
20899
-93375
70514
20936
1287
52274
54127
-32297
87645
-38828
44403
-80948
-20947
26368
53505
298
-91145
94096
-80717
54350
-69957
57783
-42934
71192
-12907
-68548
34534
50292
-28928
-50543
-27887
-74876
99963
20692
79157
79340
44808
-58847
-64914
-66247
8849
-87790
31162
19503
92326
-65516
-86771
80365
-54815
-61593
-70974
22847
3243
-73230
28395
22976
50583
-62336
-95863
70826
6892
56731
15575
-70724
51904
59139
-85183
-30010
-85441
-74933
62642
-65196
71499
-44719
-13941
27125
-3907
-33896
-99537
-26521
82442
2756
64635
46368
-59262
-30415
659
-63749
86577
-71825
-30185
-27778
-42840
-26402
-35787
99716
7638
-78877
72089
-59893
-59057
81284
-99329
43868
-46161
79654
-57368
-93933
-80552
-57504
-67478
25546
-87082
-26501
94946
-42970
30628
80136
-15802
12733
-57720
-71202
59349
-83549
28569
-78161
95343
-80688
59873
66886
-25407
-95953
23517
99040
-85160
55877
11361
40676
28567
-89924
-30632
87231
-19068
82764
89769
-12640
52668
-4283
-37770
-32435
2183
10747
-32002
-38239
34182
21134
-76318
46307
76617
-82732
64773
28739
93821
-8026
-83252
42291
-11710
-49084
86341
-73889
-50085
42406
-82845
-53429
-81217
-14432
-90265
-93432
-14388
-12560
31003
7507
-90661
-36889
-98119
28362
-29074
58354
-14040
-73076
-18682
80901
-42458
71019
66322
31075
4033
34064
-88447
-68533
70527
-82068
-72648
-90814
-80739
-82473
59551
42810
820
-37049
42582
91228
-68424
63854
-93242
41847
29659
-89169
69586
-62012
-31665
-77889
4395
20437
-68696
-98731
-12477
86682
-69281
94797
74073
-28272
-69901
-74017
-75597
57159
-45399
16630
82026
-946
-8651
7792
25055
-75779
-31887
-89743
-38069
71262
26634
612
-9932
62648
54586
1807
49980
-18502
97199
-69614
2004
52289
23499
36860
-86387
57286
65541
20874
-21361
6759
28972
89085
-47646
33040
-17908
-69353
-28374
13126
99945
69297
39344
53264
5480
-72388
-37413
-67454
2381
-53486
-64003
-25881
73183
49400
5001
99466
52456
80371
-29
-12191
2969
-43005
43088
-44905
-71350
91329
61132
-1675
-65634
-83376
-24453
85292
-9915
-97661
-94537
-91647
-84517
19659
42696
-28971
55469
86875
70257
84048
-95012
6170
-25049
-56022
-85925
56004
-21539
84565
67539
72734
43194
35914
-40667
64916
-24148
95087
-4209
58160
67734
3490
-27352
-32007
-70171
61541
63941
-91802
-56000
-32666
97662
9277
-89058
-15767
-18805
-68595
46193
4500
-12281
-34428
-5120
-51625
-95337
19182
47762
-12170
-67612
-34421
-24314
67764
21891
34187
67456
-74147
-78730
78440
38526
-21455
-61940
84320
62664
41896
88547
-99890
47622
10342
-50354
82852
-16213
-22467
49553
-88633
49423
67673
-78327
-68537
-60901
-89652
20073
1850
99742
66551
-44513
82164
-68804
-43311
54677
28132
-67067
-71337
-50989
33742
-22300
76048
75585
23328
66670
-28932
-41206
-97676
31194
-11431
-9251
66913
32080
-86511
-95667
-58882
26074
-55485
-7336
28853
46839
52972
67333
1023
-32690
-75662
-7706
34817
46400
-83827
-39875
-96125
48726
31570
22523
-94135
55449
89757
34980
11024
-58175
43099
-23218
-1754
-65851
33586
73927
-61338
-39855
-56755
-42730
-82929
54166
18375
69018
14273
-29125
-33741
-34736
85651
-37583
-96186
71856
-31917
-99804
-79838
46902
-96485
-61939
-21057
-66306
99468
99812
-48008
-36152
-53270
94067
-17424
35548
87892
-5690
-2913
-88761
27230
-74433
-71747
-58173
-52339
-15930
-93431
-75340
46574
39901
37494
-45617
54739
90513
26291
-28011
74667
53644
-2859
61373
21117
10184
-39516
34352
-57727
-64290
87679
-83986
41307
-40516
-97492
-68146
-56203
-8459
32320
-49566
34295
64179
91751
-42055
-21338
99975
-33135
-75586
57110
16673
-67206
40637
52749
78811
-26861
-12474
-66570
-23633
-35886
-88470
-20034
39113
-87917
-72414
92815
85688
16425
46031
12711
69822
31238
23517
-67564
-39226
37058
68032
13966
83381
-87605
49504
-75599
50969
-18390
59921
-89835
61822
43374
92795
57100
81695
79223
-92391
-89225
89210
92320
19421
-19387
-59332
71498
-30992
-76727
19292
-38078
21078
-94665
-17724
-21746
60592
23868
-59543
-37095
14811
17271
51579
-80968
-12426
68119
-31816
-74024
-58046
-33646
74588
-28537
-50782
-40834
22387
69467
-59647
-74544
27790
43074
43154
-73040
-18092
70312
99507
-51659
-61008
52287
-38741
46914
73512
-76626
-66286
9916
50510
63512
-79728
-16537
-47537
-77625
76477
-51620
-60504
47669
-76248
93161
-65287
-20105
22131
71941
86898
-88506
-74341
-15954
17961
-80916
-18410
-42079
-8114
-67640
71893
-90827
-24714
87549
88169
-6891
68243
-11203
-94526
-67624
-7547
-77139
-86190
42879
73417
46006
15567
17546
-12017
90792
72088
-53065
-29206
-73014
-7313
-5672
94753
-80702
-43035
19024
94178
-38883
-72173
-79574
41814
-2692
-38012
-79979
-94256
-37668
53232
69184
49567
41600
803
85326
31810
20285
-84035
-45898
44731
-59486
55442
70074
57404
-84798
30769
43074
-65986
60511
-96126
-69419
40561
-65548
57673
28275
-55090
94111
3847
38545
77640
66281
24383
-68943
9824
37363
-91562
44830
-54504
-30272
88403
77697
82815
-37927
68807
68835
88491
-8991
37126
80128
-34427
-84235
59603
16644
40062
-31041
-39526
933
-71904
-61032
-98538
15452
-91713
92055
-32237
-29311
30926
29115
-57650
-16062
56013
-31440
-92488
-93313
73568
-6783
37913
-76347
-74180
-72613
63825
94118
56122
63290
-6022
12146
-85234
38259
-78102
82388
47697
-42788
-50987
65290
-49222
15579
99215
-32446
-60885
48266
-32402
-3314
-41561
-62716
-44786
-50812
39522
51407
-60754
19509
-15183
-20250
50743
-25464
-59551
-2463
47901
-85838
-94173
-61757
-39650
76243
-95324
53664
13160
69232
-12933
-70295
96919
-34743
-84228
-45034
96412
-82345
-73814
81070
-96775
70948
92041
-19082
-72344
47686
69328
38324
-97636
32441
-1155
56926
-6817
-92200
68867
92260
-2342
3832
1503
-47401
72179
-17695
-16248
-42636
40401
54762
-49851
-78127
-11717
-56144
45144
35235
-43554
-15501
48536
-53398
57069
59277
83868
-36999
-10141
-89073
-30317
-57179
-9884
10425
98673
-65718
94273
56406
-57404
-93771
55578
-34830
-21979
72817
-52386
-47111
61705
-19919
49518
-41554
29815
-34729
31776
-41980
62292
18015
-9184
70748
-20326
-917
-8656
52316
55335
87915
82703
55912
-60494
-86232
7160
19712
-23848
62574
-26815
-46666
86549
19988
70180
73866
-5746
19945
-89445
69156
-53110
86525
79588
85741
50113
98313
-15068
21258
61901
-89924
-85976
89718
65149
81250
-92026
44410
-26231
13107
77602
-3572
-71393
85494
42829
-49086
62811
37008
74119
-54799
43222
35821
2725
-49562
-77290
-94262
-73842
86848
-85661
27164
79327
-34328
46969
-45088
-210
46255
53657
-6400
-57044
-47742
58
-80545
-38172
15436
-68579
-16831
-5088
-89111
-59138
-52966
44138
54978
-96218
58418
45488
-21687
74525
-81295
58753
-13934
13629
-18740
49332
-97011
-2590
18700
96359
-94180
-7938
-40520
-81435
74709
87689
-7201
-93983
-28331
38613
72388
-28193
92735
13055
87974
-95758
21456
88578
47402
-32288
-9056
-58011
58727
-72095
24632
-55531
77774
8518
54922
-40307
35060
64695
27985
36849
59518
-83563
-7674
-81285
-93336
-52226
5628
40396
34930
87790
-95335
-22108
41191
98371
-20367
46189
89867
-27879
56384
26097
70368
47059
81860
55085
-88107
8379
-34571
-7875
-52468
-49919
97954
82614
26758
18208
37481
42898
-35090
-54370
-73965
-3514
-6594
71218
88650
87216
-84526
36415
24695
2028
57159
66495
15100
-22586
33999
74811
47243
-64503
-69995
-8842
83105
81270
-4729
-10518
73507
10129
67781
74218
-29933
85589
-6940
422
25007
1991
-4449
-22067
91942
-20121
29978
98381
-80392
-34621
36756
72630
80617
59047
48362
90748
-64159
25519
-30334
-31525
99107
48445
86874
98901
99688
36869
9645
68055
18711
17605
-76033
57530
-12700
22034
99718
23396
65026
49358
-11083
7695
-38522
-24778
36965
18402
-50470
26200
31202
-22213
-13094
13345
67920
7822
80526
-73516
-50567
80679
-81404
-88169
-71052
-93813
-87030
-87384
56114
31804
-44411
24365
-61976
20636
-55823
-51224
-15851
-41111
79350
28553
99375
22055
35043
-3171
59694
74203
54857
3045
-61708
8371
14007
-69631
49367
45379
-18483
45515
88461
50602
-49793
-33471
71667
-53933
75368
82586
62458
2327
-54008
26105
-59538
16320
-94756
-83329
4260
-69335
57049
4283
14464
19585
85380
39933
32480
33710
93872
-72952
-46103
-97330
-41963
-46619
-44116
-5224
53450
37076
-36364
-3935
93984
93726
-64082
95867
-39014
49606
-42059
-81800
94860
74781
-52742
-69300
-87665
-73419
61517
-45872
222
4845
85194
88611
-66928
-49941
-84766
48555
27378
81641
97477
-35591
27456
78118
-11799
-91126
-40576
15484
73530
-79062
93756
-1967
95134
-84812
21530
-60441
59939
-54540
-69735
-55153
56008
57133
-67478
-2885
80165
48950
-92055
17136
-20937
-92865
-15050
81114
-78900
28785
74932
-87623
-59385
60468
-46882
-49478
-73007
-80054
69505
20961
16605
50776
-98406
-29023
-14699
92037
-9652
98510
-99738
-37253
5437
39273
62821
68363
-61617
-62117
64796
68717
33014
-1987
75894
22436
78267
98900
60034
-58560
-10228
-45798
86503
61885
-31107
49399
-4251
-58359
-37793
-50609
46211
-78621
29051
-99532
-12837
9247
10348
70460
-40322
7238
-30890
-40978
21061
-19430
-17209
25366
86901
-28233
90472
69752
-94898
43540
36767
67361
-72400
97321
80197
9240
18475
32491
22335
-81356
54305
85171
73915
-1913
-96550
-16196
46601
76024
44388
-61557
39187
68911
-99867
-31383
9851
44329
93503
4940
89743
81579
-39650
47188
-52245
76307
-42655
99377
-87508
-31351
42146
-30879
-83828
55381
75364
-28649
-16737
65227
98264
-48265
-8343
91361
75916
6206
81562
-64159
-3087
62719
-95385
53177
41031
-18808
96069
-32784
-88537
-21149
1348
97843
-12820
43256
-55609
55566
-15681
-88624
46108
-99274
-62978
46324
-21380
52674
44297
13940
-81696
-43590
50665
63619
-70915
-57912
1180
51008
-25762
-10037
-56511
-33073
-48546
-46901
-97700
18470
68478
55046
92551
-62812
-51735
-10967
-27594
-86629
29057
-81830
78501
-30418
-80795
4210
-17568
-18474
91330
13576
26734
95999
54355
809
81691
21455
-25802
-40797
32161
-30394
-6996
-39616
-88269
62272
37677
14545
-88219
-91752
-15386
-30048
86651
47399
39632
97479
-13940
29482
16302
63774
-8302
29569
-5085
54415
-37871
73812
10349
-84153
-29022
34384
91266
-16955
-24676
-1713
7877
-46380
93981
84694
83493
-69099
33594
39607
55571
-69066
-3263
74967
-55203
84799
94375
-34102
57004
66507
-55405
68058
-93226
-55661
-91259
-92185
74081
30054
61861
-70616
-76523
43893
-1692
208
-35267
-41334
89745
-27957
25530
66969
-57862
28071
93955
61935
-39108
10576
-64644
75143
69866
19700
86066
-79108
16662
-42619
99249
-71208
-30657
48220
-74365
-38198
53719
-34949
-41339
80438
-19665
-43285
27047
-71833
-33791
20676
50751
39584
79578
62219
-2997
-50288
-15966
-79947
-65535
96483
-40055
48970
-72043
-94411
85200
-89819
27399
-799
-55055
55256
-22619
-2696
46956
-72276
-80860
78925
-21264
4293
-75305
72493
80674
-23900
-77366
-7827
-46388
4487
-8130
-61669
87461
-90261
84736
92694
-57543
53810
-14744
91962
49525
-66017
-45269
60531
10577
-51651
58718
-76045
-63718
-14368
-93112
48638
-33573
-81277
76578
-74334
20263
-63408
22765
-25531
-88378
-93569
16880
38103
-44166
-68010
-71283
-20122
39148
-46578
44543
34127
-47048
96662
-99470
-26926
-67630
-11664
30847
83007
-17005
-35142
25539
27213
47716
-30393
-81317
-39606
97925
-6036
-22595
-67220
-91205
-19241
81718
41093
-38892
-83879
2556
-363
98520
-93628
-8657
13625
-20850
32687
61297
28546
-3289
93014
8030
-67551
89868
21662
24874
2878
50879
72631
85078
-83929
95600
26267
18383
56421
59231
8435
-72989
-51413
-68952
-33384
-95200
-52376
22576
-18762
96075
-30149
-98838
-80627
66362
85958
95175
-48879
-54641
25436
36792
-16206
3921
-49836
86497
-51338
12584
-193
43547
-55999
-89291
22134
-84378
82423
-2548
23372
-87062
35832
-36081
33634
-49624
-47798
-1624
54298
-64382
97685
-74142
72612
74339
67783
94628
-79052
66188
-42665
-30772
66196
27836
-23193
-23644
62037
28603
84483
-18172
5345
99204
-13497
96068
70316
78093
-70627
-4581
-84919
-34636
16098
-57703
-16871
-99448
-73430
63805
14046
23152
28506
30516
55277
18492
-15692
19055
69506
-6522
72560
54815
12461
-73980
-1915
-64176
76843
-94546
-1849
53919
76368
-76538
-61206
-25959
-88929
43144
63332
7986
-900
29360
-67215
-40097
10872
-7517
7216
93904
-68724
-37317
82155
48141
-16927
-48014
27188
89004
-3892
-7062
95210
-85459
-33705
-70762
-11877
-71886
9658
50505
-94909
-674
91753
-73191
55795
-67384
31815
-46225
-38451
-58148
-73672
1262
12972
-63666
3028
-74050
-29536
63932
-1865
45172
35734
-94112
24181
98016
37975
49326
58347
98418
64231
84432
47216
19145
58573
88828
-84437
71642
93235
-43282
-81730
-89735
73635
-13625
10016
-8825
46129
-63678
23561
-41351
-75144
5135
-79674
47872
-91716
-31218
66924
-99878
-25617
74153
24745
-73099
-22769
-24434
-23754
-68165
9644
-84344
-43799
-31681
99207
78009
-47450
-894
90454
-60042
-58827
-11935
-57755
-86977
77296
7199
70934
22681
-70701
15499
98761
40778
-67914
63182
-50090
76529
5398
-42093
-96393
191
42255
92691
-87805
-40810
-4250
37372
-33451
-18436
95810
48637
52875
-37253
-20805
8112
60010
13657
-11893
-41243
56351
77487
-93790
35399
67937
46377
74581
-16402
49010
-35495
90870
63168
-74941
94135
-61954
29444
79799
79993
72935
51205
-63104
75595
86487
-49569
-68186
24876
-80778
-29271
56934
-87259
63072
-4289
-22601
88038
-92618
13162
82216
22206
24463
-9682
41060
2294
4749
30449
84888
2379
35786
8707
-25493
-88313
-51536
25486
39724
-10885
72423
17883
-2166
-72165
-34326
-7298
25404
-62090
30067
52768
51009
23696
38549
-19033
-38911
-61090
-6744
71940
-39981
94685
-61602
21464
39192
13967
65588
-6076
81156
-10413
92805
74571
81789
-10337
-71240
26406
-22885
-21731
98266
-63771
98256
23904
-41786
-99779
-26015
49730
75265
-75470
-70446
-57061
4258
-21662
-25952
-74400
32750
23787
-13144
-51179
-68478
-66886
56165
16432
-10839
-81935
-85673
-86132
-18610
948
-64386
-31418
-94965
72785
51205
-10632
41375
-1015
-19524
-29104
255
48447
-17282
-14132
62851
-34308
-462
-23724
-34687
34781
77996
-98189
28855
38362
-9229
-18764
93473
-99533
83358
69013
-85717
-2311
29463
9962
-41215
33590
72897
63825
-86462
79930
-49802
53774
-11182
-7165
-59095
8195
-14642
-4088
92523
66765
49627
-25886
32009
9789
29527
-37609
-29230
-72207
76913
-3451
-60490
-54449
35221
33064
1801
-25891
-74049
-40440
-35481
17344
59953
94977
65842
86032
41984
-93392
35191
41492
53448
85111
2735
24223
39935
62894
-45791
8582
-49369
-51353
-85788
-1668
56221
64411
32835
35213
-60145
25205
-3207
52787
651
54203
-74725
-59624
11122
59797
4885
47145
-30389
2876
45068
-80237
90612
-46336
-84253
-5346
99251
47733
-74406
92834
-54166
-37893
-61680
24937
26665
47785
-151
-56285
17821
64470
-65462
-22976
-74137
-45757
-83519
-20882
-51128
-15384
-35774
-85841
21240
-76198
-62388
-80171
-82986
39765
96107
-71395
87097
73196
9430
-12186
26980
11850
-75528
-22132
97304
44260
-13492
-41882
-24572
-34435
39649
1304
52376
1301
-21187
917
62583
-52433
-64418
13492
-85941
85694
-75813
-50706
-10062
-98005
2218
-89678
-36523
-66235
81914
-28763
39450
54342
8640
-71047
-89361
-26306
94224
-91223
47559
28639
43297
-99762
-15134
-86940
77235
-82911
-68028
70622
79116
-92210
-87609
33564
-64995
78001
-57268
-32842
-68860
97327
10637
-25802
-40469
37876
-93938
-31644
55437
57412
2930
61613
-19943
53248
-21014
67503
-75537
-51528
69512
-87900
99079
52135
45554
-92760
49713
-22129
2418
77800
-88777
82482
-43479
-85719
55262
99690
-79900
-63310
-78452
68902
55559
30744
6659
68865
94181
39140
98187
-61568
-39694
46818
-89810
-76248
-18672
-36983
-34659
-62342
-3387
30722
54192
74316
85710
-96170
31243
54021
-67700
-90439
-11108
-12043
-15075
38189
92736
9423
-98618
31125
31685
-77820
53388
41559
59082
-17220
-34014
-97236
11267
-84749
-28740
-96313
-90407
18095
11073
-82081
-87890
64154
49760
-99621
-59906
-67712
95802
-93607
-71519
-59227
-46531
78172
-11475
-18428
76112
16
-456
38688
11690
-9286
-17221
22281
97982
-78272
67857
-95890
-52399
88594
-97185
-18855
-61589
-13516
-39921
-87413
42859
-73878
-58060
73652
82613
79999
90066
-60593
-95289
-88847
-10443
24024
94186
95996
-61633
19243
48900
57793
-15680
-74438
15114
-46573
65149
-36309
-19310
-30305
-52269
-98100
-39994
-94539
65333
-56524
7733
27639
-65966
-58697
78083
-87332
87634
-18171
21569
15074
40318
18015
-25960
-10034
-67137
7159
78878
-88159
-12098
23716
-50229
-83367
42603
17599
78405
-90528
35418
-90211
73111
63190
46343
85800
37760
-4234
67322
-35364
1000
79015
41413
12892
-32467
-40991
48235
-43858
88540
4666
-41765
-37222
24636
81356
-10471
89114
-4093
19205
4030
82814
17644
-17525
-28586
69215
-5856
75850
35367
-17475
90065
91483
64849
55032
-57946
14546
-23855
-25945
26704
64868
-27745
63065
-61636
38707
-62344
-1626
75937
83384
81078
-99984
-1159
23564
-76838
88827
61068
-9197
-37780
33958
4903
16837
-31815
99910
-78804
-8038
-96708
21726
-70269
18834
-14249
-49028
-18258
-96994
44608
26291
-93509
-56018
16057
-91664
69330
-97832
75703
-96773
83630
77410
-49948
-87284
82665
-99220
-26816
-33785
83503
-44035
-89885
-82538
48853
-10200
32157
-35806
-81726
-8934
-32130
91566
-77493
32771
-34319
-37488
-31651
-28769
10307
-73012
85267
31520
-43710
26062
21736
18810
29312
8452
-6970
28171
-18633
76566
-3523
84900
-17850
-81661
-82033
30648
90713
-71847
-45976
-16160
-24280
-43440
-58326
-8568
-84266
-73276
66727
-98310
-91591
30734
-50584
-13115
-70983
-9858
-87638
50313
35537
19446
-91928
95522
79667
-36826
-58989
36079
-80376
-55969
41887
83902
-19179
54422
-7241
-10667
41721
-28680
-89903
-21025
-27565
-24860
-8613
-18510
94144
53386
67413
79225
-49086
-94690
76920
-28925
-28484
-14664
-15276
85223
-22183
-9845
97399
-44847
-52659
98560
-52087
39214
84659
-37522
33781
-56272
98326
12024
91970
-74114
-3829
-47356
-43840
91195
-44677
58387
83933
7666
7807
34562
97111
-25765
98084
95516
98188
-17076
5582
14233
813
-385
40056
-33992
50769
99580
56601
55796
86757
-17757
58018
-74138
86914
-12392
70244
34039
66263
1739
50191
-72001
-12219
1378
70038
-81025
80586
6086
-4050
40695
37140
-32377
-21772
-2267
5047
-9043
-20690
97692
28538
-16100
-72727
-87171
37068
-25949
4994
-65388
62804
-25183
-74815
-10159
-538
65492
90144
42081
-5871
41855
82217
-89880
-5867
39543
42813
60254
-92238
-75189
-86735
-59069
49243
9358
-84270
27136
57353
-86461
-69175
-65636
-70547
31715
76826
-42217
-66243
24845
-45562
-92250
24624
-57205
-68463
-11700
36293
-96388
77918
11538
67836
7524
18678
-30621
37480
-11955
-37721
49798
-83428
-7145
-25143
85496
35971
-31901
-6564
25573
-2676
-88808
-3827
84547
-7614
8912
75799
-30517
-45767
-83549
67462
-52523
38436
-41074
-2409
-90544
1348
-80193
-69764
-99749
-10565
-29121
41212
19330
-87745
79036
-46026
-33192
-14551
-69134
-69435
-65555
30509
55542
-9409
30636
72740
49695
-62952
17876
-16634
-45743
77668
26705
95923
999
-19526
65398
-6032
21564
-54796
23001
-90641
-19946
10322
6988
-82810
-34320
76926
-59149
34946
-31133
54506
-7801
70421
12848
-23146
-70426
-14230
21868
69229
-53356
26137
-36727
-54257
16658
-14346
-70723
-58518
-38439
74948
-97328
-3327
-70221
-2361
49863
-29169
-96521
28215
-33240
7236
30303
19088
-84822
-43922
26439
-90937
46907
-48397
25220
63447
97581
-70597
43935
76984
6590
32554
63981
2289
71426
25867
-71796
39365
99631
79176
-85060
1225
55877
56533
24471
72085
3736
-44307
39279
28761
-90245
-34187
25346
-99001
-26933
64764
-86884
-86226
74901
-54236
-19446
-65177
-88155
37082
-32138
-75544
18412
28736
87332
37046
-71859
65708
38472
-89417
-30012
-35894
70721
58917
55731
-8483
-21130
-95713
20491
69154
-7156
-6375
-82349
-2603
-47679
-82828
-99752
-67891
-19096
-69975
60466
-4734
-91967
55902
-89298
-5777
-70668
83419
95709
34706
12586
-21610
78456
76497
-43704
-76182
-274
-17417
42185
-67034
-9908
72219
-96137
-27710
73608
55009
-24890
97261
75690
-44390
5901
-94527
66776
80711
-68446
29336
4860
44923
-92208
-13064
10324
-53090
-22793
92330
-29803
23117
-94783
73384
22205
-24289
60029
-60044
65076
-14909
-33063
-76283
-24034
-49147
50816
85852
-74368
43119
-63154
-3338
23372
-36468
-30868
-78310
-90485
-41720
-85555
-81454
83621
-80397
47684
-14026
-57200
84068
-16513
75107
6355
53178
91620
99851
-67658
-78914
88774
-71258
-59192
86436
12932
62343
97420
-62992
3966
-54263
-83775
69174
93877
-71704
-83827
56890
-42178
-85908
50245
-98315
31267
40255
-6756
-16007
-16809
-52128
-25627
94700
-89581
39728
-43898
35568
-23023
-73814
93243
89315
58596
-30928
-93116
-59518
48626
73088
93485
28072
-72176
-65979
17656
45749
-12552
-83126
12520
-43190
35945
50057
-57300
93488
-7077
79010
-80217
-31528
-7714
99367
85912
-41283
-71602
-30444
-77589
48101
60405
-15268
66843
-2041
-2499
8030
2114
94471
39952
76023
54078
79773
38094
69488
68610
-30637
-86550
-94696
-3018
52845
-50782
26093
-86900
-88670
82393
13748
36129
-62967
59410
-24984
-7221
-97137
1547
59279
-41339
-69660
-29580
-68249
-7308
-62154
-42614
54400
62805
76374
-62187
-83101
65990
-8778
-70790
15152
-42579
-76525
-20035
-36474
48457
-98512
97176
3674
99987
-98504
32496
-72405
51664
20165
72314
-96884
6902
-29250
-50774
-89824
79480
-14758
-46381
81636
6896
80324
85088
36774
-43351
-57833
-53651
64916
34694
-42104
-23997
-55313
-38319
38627
-60370
88671
-48540
44462
28541
25823
56558
-29334
89942
74264
-21214
-61193
-17805
40972
-49598
-78249
49917
67369
-27068
-82933
22467
-66114
92062
52953
7703
-47415
-72461
-15185
-96251
-5586
22042
-65183
31409
91653
-81785
57807
33676
55690
-66728
-10526
30770
3448
-31490
68213
47588
6831
63110
-7152
-93667
89105
-34429
-14257
-18797
-5523
-47398
-87007
-70005
-98541
-91798
92652
15193
-33913
-49835
-72754
41907
-17776
-77776
10623
-50191
-82512
-95165
-22574
67492
62445
8253
-47270
20048
57358
78391
28393
-52089
14626
69603
-92044
69539
-95303
20497
24210
-89505
58038
1693
-39133
-70254
10812
36665
-47283
36042
-73786
44307
-42654
-60159
14675
49314
64990
-63041
76030
-35950
-87220
-20213
33707
-5878
86727
45903
79518
-89386
-54818
-98809
-20058
-65610
-54959
65957
98742
8258
60792
82629
14995
23416
-72381
66184
63145
36196
83548
-68849
13881
46635
33449
13078
-24723
7411
557
24618
36301
81970
71374
63112
-85495
-51438
93937
-48876
5430
52862
-41151
-66893
-81898
52364
35087
26885
-37424
-79865
55060
1026
-50306
27607
33105
-31760
-16731
-96625
84247
92030
-58368
-60908
69155
-91583
-79179
44773
-83103
27208
11561
37258
29457
64093
75119
-96675
77767
-65893
13211
40303
44812
18279
18485
98073
88418
82252
18505
28001
5733
39991
-83492
66565
47373
49868
-52935
55911
36816
47842
-82840
-59820
-19931
80738
-11136
-66894
43490
-54793
21716
3398
58375
18034
15049
29856
-86637
53822
-30520
86308
89364
99898
19342
-78539
-94915
39736
71584
-66305
-94801
-85678
64860
-83103
-53990
71844
29483
-89482
189
77353
-36269
51519
-49271
35957
-53079
69550
69155
56652
-69468
6673
74505
-21282
84300
45145
7692
48352
90064
-70777
-30213
-47224
-72073
49842
-44640
-27483
-5265
56247
-51548
-56808
75586
93373
17549
-96205
-93850
27299
36520
84844
91827
63625
-99390
-5827
18863
56376
11600
28700
-32315
-90577
90222
-35438
-4523
92363
-43068
-27077
89188
17362
70853
-37927
-59660
93724
-27631
84436
56431
40286
-59077
-17326
16637
-48364
5924
74543
91189
26634
45382
-81383
58479
-56632
21069
-61109
-68168
74328
-41313
46884
-4001
-25035
-89603
46499
-75540
-38126
-47999
79874
-29712
24579
-37113
-3988
48632
-51124
-75864
-66277
84699
-70587
75938
76370
-64845
-64026
-60717
-76364
33832
-63691
-16604
-75456
-5592
85705
-79549
94506
563
20153
45128
83734
35026
-42009
-91655
-74829
-3033
41506
-9815
27826
-38304
35772
75323
81250
38917
-50390
-47292
-91542
-19727
62481
68558
55458
27230
-76045
-25287
93710
-20455
-10763
97277
-45449
-87148
61196
1802
-75352
-71270
80516
28624
27650
-63011
85165
-87461
57468
-18261
24866
-90154
-94405
-38721
76023
-66320
-42294
2548
89278
41819
68534
32405
24822
2289
-68215
-23793
33169
-82255
-91999
136
-16415
31912
-42132
54472
-2850
-64597
-43006
42261
28630
-27456
-56098
-83554
-92815
-82339
6202
42189
-20000
-21624
-45497
48831
-7902
26333
-68282
-59568
72755
-70354
83398
1423
-35503
96901
-49286
37201
25836
73348
-69578
-94047
-31575
44142
-29754
12693
70291
-48002
98475
-57157
-49313
23413
59635
-32973
-86374
-12239
-23372
-18794
1521
14393
45028
43604
47260
45717
42648
-62756
-88600
-71398
-41449
-79948
-99551
-80060
6683
-27032
11160
3131
73379
43039
80790
74424
67896
70793
-18339
62849
-12678
-7564
43159
52240
56869
1470
-73314
-58542
-94938
-33627
77863
-96501
-12140
-62022
26444
32406
-34163
-25164
-17484
-67574
-65362
-38047
-36512
23417
-95698
87863
56533
48018
-81833
-88823
83362
2918
52834
72405
-64499
75528
-45585
3194
73502
-53043
15582
-5881
-90425
-29966
-75315
96686
-69522
-37795
44270
1943
5913
94332
97795
-5103
15285
7818
77241
9699
43587
-74576
95903
-40191
-1056
-58296
19841
-9574
74095
-132
28069
38478
80933
-62195
-87839
14525
-72080
-3152
-73449
29115
-46203
36690
-2929
80735
41605
23741
-27473
30330
74763
-81006
-47655
-21979
88276
-96074
-25759
-64908
-66613
19338
-94998
72263
-39439
-43822
40540
-75138
-37530
80119
-66109
5836
-56810
52647
-36665
-13915
10691
82522
17092
62289
-49174
-848
71045
77155
-83179
77430
-67934
86018
68861
-75768
76147
31398
96217
-3824
-59408
24927
78471
-49876
64551
21647
18518
-75538
-25448
-80520
17902
-43651
-70736
-83984
34780
-69864
-3359
69937
-46914
-26053
-77478
-85811
65671
83994
-35480
-51010
-42320
-41270
65961
77148
57660
-80065
-82392
21671
-87963
-43216
36378
-6460
-78744
-57065
46260
62405
71722
41556
91751
-78687
-32122
-10447
-67911
-93949
-29068
-13312
-74623
-95555
44759
-25695
93759
7965
-82781
36704
-98026
-24104
45608
-38021
54950
-21405
-93184
16641
62154
-56287
33937
1685
59051
73783
-23232
55954
-75009
-517
-57677
-17399
31138
-49718
20352
94629
19471
13240
59063
-6096
-88645
94819
-97272
-30290
22670
48352
-42093
-71897
-20098
11863
70859
-8894
-28406
-47573
73733
27021
27409
-2351
-16797
39322
-6580
10818
-1385
-15933
16750
-21493
61590
-96947
11223
37378
-53412
23466
11503
-13741
-79211
50392
-22363
-87880
-70097
-14360
-12476
53831
-82118
35737
38959
-33179
5240
39651
60025
37336
82375
-12593
89123
-50949
-17944
-64381
-4621
26058
15723
-14884
-26643
23709
-88711
-7884
60017
-78798
27133
18755
77681
-39517
-99024
-18591
-72308
-1162
-18303
-34327
-95732
-1837
95773
33465
74617
-96048
-63264
94423
-60776
-30616
-94504
39726
-88829
-97525
-45775
-88010
-40794
-3121
-93053
57137
99539
-27580
-5131
81745
-63229
-6620
-45428
96119
69162
-10327
43732
-42986
10805
1081
84969
-42954
67043
-69699
-70942
-363
-7619
-29553
76635
-10137
-39308
-12974
21598
42686
9877
-90853
57198
-28218
7019
-51124
-8849
55015
-83151
-97854
89909
20429
9522
-46172
11687
89476
-59009
78492
-51121
37820
18060
-53854
43842
-89300
99176
-80844
91430
-53869
11864
-44382
-50779
-94054
28815
52229
20845
1238
63499
-33200
-10335
70569
-33650
84414
-83745
-67128
-5129
-21461
78574
6743
21374
-64193
94724
41648
5321
-33915
-30094
-36222
-30291
74777
39213
-49066
48836
72128
69562
25453
29095
-10670
62517
95878
-50872
71570
-92099
-7877
59695
222
-72064
35915
-63665
1025
16542
-61773
58692
-8346
-31620
-88459
-61460
-22872
67880
-70406
-27745
10628
10404
-62765
-11636
65840
1489
71707
-35535
98245
86841
45369
-69642
-89897
-3399
29058
16039
90981
72969
-8005
-98292
6700
34730
-30661
43175
58006
74283
-11025
96138
-64880
75223
54392
29266
84025
-35010
60527
89412
-99659
-43937
53448
20546
20194
-7569
20884
-76695
-15133
-9528
25376
-1141
-29545
47729
34043
-45116
7982
-93498
73173
1147
-76014
-75580
97987
88823
28160
94387
14112
3483
-99910
19952
41613
50623
-2283
95190
25048
-81299
-47571
-94263
-14406
-83403
-52295
-60002
12667
-85075
80505
-12886
-5776
19465
14732
56934
8932
-17837
76382
17980
-53547
-11833
97918
82032
54421
46797
27597
-69842
98514
-66285
-92974
92524
-21265
-18042
93739
3899
24080
52142
-81314
-9936
5365
-91420
37070
-68311
-43778
-58896
-32951
-11138
79885
9923
-57922
-17210
-60792
-15987
15372
90563
91133
57468
43253
6443
38241
91091
6065
52884
-63567
64546
72095
-51717
89082
-24
48534
57904
60019
-77311
-46502
-95198
-25208
90381
-71125
3779
59954
-79456
81655
31063
-73407
25119
-72977
-54690
-17989
49149
-26698
92572
6878
-95086
18486
26370
62914
25237
-27635
41594
-96357
74678
-42971
86804
-88550
-26853
57890
68552
-79246
80756
-6988
-91545
-38408
-71875
39500
-41309
44707
82960
88234
-31625
42611
60964
-67243
63028
97647
-22426
-54043
-96982
7494
97010
-72070
-87953
44119
78574
-72433
53839
-28980
53571
-79512
38800
-57695
27065
-3991
1952
-60413
30510
-22207
-6563
-72429
20787
72707
94721
-66487
15875
-19819
-53015
-66378
2785
-2559
83904
-78238
-13939
-51159
37452
-35885
68258
14167
533
-98193
-60913
87667
13613
84473
-62672
-4595
30113
-80201
40456
-47462
-13318
-72652
85853
-71172
49392
6049
-83663
17274
5804
61271
-13800
2703
-1800
-46984
34427
95646
14598
-51661
-64665
-95357
-98790
90469
-63342
-33788
-8428
-56867
8621
73190
71390
-36168
24287
-81252
-11346
-79061
68515
-422
-86792
-13280
-77185
5897
69428
31223
-53345
22931
33159
28205
-26417
89757
-623
-76262
-27886
-38379
23442
12372
18145
-24160
-94599
58929
-74557
-47434
73803
-92310
-99451
-51254
-69268
-71588
-9833
-27039
-28402
7528
20547
95300
44531
42681
36106
60049
22624
-13467
-87267
36779
59488
-64851
-28363
19729
71473
9759
-85617
35660
-70896
-86949
-54200
39042
-62308
-30926
93328
95976
76777
-53270
-94770
-40491
-33628
69342
-81776
1393
-53026
75074
-12627
46796
68599
64196
-30982
-64565
50728
-23665
47269
95229
58220
-36823
-4239
71692
49484
30204
36942
-74226
-30266
-270
-68908
-80901
97881
64505
31964
36793
-20304
4006
69499
77972
73320
-34890
31516
88329
19456
-21265
-71367
-49599
-30628
-12571
-86346
-82789
-21514
-24040
-39014
-10846
94818
32507
35306
90526
13563
-31921
-99804
-13818
32495
42990
48277
2771
-60763
-14172
57239
25519
12998
-61640
-56981
-51892
48495
-67192
51759
-12910
-55503
-10478
-72516
-61456
-76669
68303
-87650
-50540
60613
569
37873
-59467
-81039
-62162
25684
90125
4576
-7443
65421
-87515
71863
25468
-81159
-9912
-84116
-30100
-45394
3545
-27208
17588
-91601
95745
-89829
3899
-79541
-31616
-51513
-64654
57426
-37083
59818
-47203
-65931
96152
-28709
