5700
89452
-29261
77953
67912
77679
98662
27068
-40740
-99312
24569
-8947
19833
-71135
86288
-49964
96215
-34140
-71630
-23587
-64117
1801
-44123
-35794
-67791
-38379
87909
-36993
-26763
87263
-35072
2313
-69826
37237
-7343
76279
-79688
50139
-46761
-59719
-65219
34419
13873
43896
-20384
-45896
-63688
-25244
-88363
-93532
48505
16808
-87872
-10830
37325
57983
26520
74494
21335
27296
-11016
-35896
85658
-25771
96386
43607
89972
-43350
-38224
-82886
68027
85248
-99015
80041
-70541
-3839
4316
99275
56489
-56595
-8949
-32239
-41746
50003
-64905
88319
-37773
-94948
-21772
-44533
-74114
79362
-64374
98846
12935
68702
-2857
-11017
41713
11294
14500
10159
-69720
58325
49346
96023
46291
-2580
28576
82685
-51466
-18250
-99667
72334
12328
-23582
86884
-14891
-24149
-48951
-77063
40353
-84947
8231
64286
-36347
30874
81063
28978
-15751
31260
-1961
-36729
-87970
-81808
-2885
38286
-93345
55142
-10755
92897
14707
44213
-93950
96301
3199
54200
-13545
-99142
79383
81929
-19126
-75623
-41179
95289
26965
90345
9890
44905
61430
70021
-15998
-90872
-75622
-2035
-57299
-53527
63479
-94320
98471
-79425
82617
75411
46864
-31816
-77996
51457
65031
-95500
98296
85038
-13974
16161
-72029
-36919
3769
-80011
-25648
18334
91801
93894
92237
23942
80308
47753
58090
46060
-23683
97893
-36403
23548
-34671
-44621
80995
-31063
-30919
-3179
-18255
30875
-55988
-26064
95048
51700
-16846
-39737
89687
48830
-63357
59765
-86950
-86157
-94515
-16121
89073
-11160
94901
57139
40843
27542
76212
-86535
-4031
32966
56579
-99563
7231
-5799
-37678
-61538
67741
12145
38897
-71873
-692
96896
54930
7567
76075
57195
99429
-28914
-30215
4506
90659
43070
72293
72798
88359
-89253
10114
-16512
93558
-43975
52822
72098
-9761
-91526
59793
62100
-16962
-88472
51099
39222
45402
80757
-38458
51589
-34834
30796
99363
-40956
62597
86867
24816
-71993
16894
-19776
61935
63327
18671
-2347
-8622
-71075
-79450
-51207
47570
86341
-61557
-34059
38238
-11503
37601
42183
44081
-80674
44523
20390
89660
-68233
-41749
3284
25795
3069
-16506
65177
10756
-25425
-18301
-80991
90577
-52772
29362
35892
47679
26530
56297
1805
95671
-55839
25066
33242
-34711
54274
70304
78095
90529
-9762
7688
49255
-9486
-5236
58157
-59399
-13618
-21302
13259
96371
75127
11078
74837
15605
-91312
-68470
90770
28428
99469
-13501
8994
-84791
23434
-77524
-69793
92286
10871
-92772
-73121
38100
37936
-56792
93269
4748
-82006
-5450
-56169
26448
-46199
-51617
65146
35637
86863
83264
-10919
-64048
-43024
-34210
-63691
80306
54657
-96397
79990
86785
62926
63129
-76784
-73164
-52662
38162
-72191
-40278
-70815
-65486
-25610
60200
-46806
-40407
-24499
-88211
56184
56497
-99466
59380
6544
-85936
64498
-83770
12980
-49014
-99074
58425
-45794
-46873
-85047
45384
23881
-2980
-97440
79376
55720
-66599
-79062
35429
92282
-29138
74447
-73393
71029
2395
91701
-89180
-73761
-72270
23522
30659
98684
98283
-88123
-15126
-7902
96964
40080
61557
-84632
91283
87870
90484
19005
-58774
-84814
-77465
-36844
-82139
92928
10265
98813
-53038
-64188
-35562
-26481
18878
-69840
24905
-45438
76696
-55836
21175
-53863
-21116
-46666
-17710
-64580
50111
-1903
2171
-11420
47210
-96903
55767
98991
47413
-51860
5133
-17709
-41815
-41884
4697
89583
26129
-5638
30992
60477
-96890
99300
26864
-39964
1366
-84321
44195
-50070
-85999
-10776
-90607
-29753
53231
-57437
45662
-38956
54049
-53409
95175
59170
72307
50609
-65196
-87320
58330
-24579
13307
67092
-94240
87187
-13103
32258
-31767
-93707
-26771
99018
-6624
44087
9435
34996
-36093
71551
-42502
-7993
61193
48108
95987
-89537
20652
36947
-86890
-62372
-84202
59045
-3118
31575
44140
73452
-22255
-44816
-6863
35316
-76306
-35486
31769
-76858
46036
57016
97579
-15600
-45708
59577
-82223
98016
67042
-1281
84991
60687
73293
36262
-92226
-56134
78745
-31393
48404
-8916
-39205
-57052
60498
40152
73904
43782
-54022
-76863
-18630
29474
-23670
20028
-97543
-18958
-15319
27469
-1087
8511
-45139
14447
-65059
85236
-39225
80432
85121
40975
65036
22776
39204
-70736
90016
-44886
-24446
34132
-26175
67810
16748
15259
-54675
-96225
-94774
74757
21873
91386
41391
57979
-88496
57044
-55081
79498
63692
90703
81600
-48342
-1772
90419
7841
72764
84937
-66768
-19637
54291
77998
-5949
48987
-42006
36205
-70095
66777
57779
96704
86704
-90959
30479
-75710
-1691
74124
4697
-23917
13832
77833
98524
63009
99300
-47907
-91995
-84454
-12357
63556
-47308
-62229
40775
-46174
64012
-15309
1370
-63813
71786
-61495
98855
21451
25682
-21914
63897
-57020
-73276
20145
-14559
-20766
398
23910
-2931
67884
64763
13409
54932
44297
58473
-40563
-40082
36155
-4168
5348
51616
-46595
43998
77089
-36203
-57483
-65768
41482
8168
20822
54139
40019
-78017
-30314
51881
63153
48785
-69242
-18337
-96259
-79737
-96557
-26326
96128
-59648
20247
65593
-22879
-2321
-29731
98894
93736
-18272
21296
-81969
-8658
47320
-31458
10233
79523
59289
58254
-95500
-54980
-74364
45115
-60415
-60489
10713
-23988
81615
-10996
-57190
-91630
-15955
-15566
7631
58909
28570
36874
2658
91131
39929
-468
-92182
89294
92705
63885
-41083
73289
-64304
93322
38237
72647
29311
61011
-33138
54728
-66992
-39497
80478
-98872
-4700
-53113
84714
93886
67017
-85142
-17886
-87698
21392
-79299
64171
-10901
-71811
51364
-63645
49709
-39208
-590
67969
-73398
18913
-66703
-24935
-90731
-64672
97806
-27073
-25456
-76966
48420
70980
-68210
-74336
-4957
-48228
88682
-70143
92
-38112
-15203
-51105
63661
-16786
-22080
-68513
-27772
-27282
-5985
8954
57105
87024
12534
22193
93836
-15823
62091
-64611
28448
29245
-30681
82020
34355
-850
-43726
19272
49363
-21550
-90774
-43687
27262
16170
-33280
44363
99917
29583
66703
4642
84351
-77136
-86086
-15799
57374
-55050
-8992
-38205
-67248
-74552
-9602
-23751
-82883
-40982
-68062
-10319
-67049
-86336
63560
-97249
-36854
46641
90067
-29226
28674
64743
-94423
66839
-79148
30450
87403
44490
67594
95116
-95280
50250
77902
-13257
-91363
90011
7089
-66365
-23357
-57289
-29735
87020
-5483
-96379
8901
18847
72932
7083
75582
-10595
-14856
51706
-11107
89017
49838
-88952
74483
-24389
-94807
64220
-37736
-30937
63862
17089
-33581
-34281
512
26365
-56797
-49659
27756
-45924
-7576
-41755
-72110
54693
93361
95087
95001
-76562
-35805
52346
-50770
38091
58882
5892
-51423
-21342
-57633
5134
-1188
92378
-27362
15524
8064
-90510
59171
46011
-22371
-45394
-60455
-10318
-13106
34987
14302
7995
83888
-29356
37391
48147
65981
52525
8491
-90835
21192
-16755
4582
77037
-80105
-52311
-58547
44495
91096
-6902
49488
14440
20226
12513
-32975
62853
68809
5297
54664
93936
1213
-35862
60144
37777
73152
-59050
98962
85808
-17438
-34644
92171
-99752
-10725
-14718
13501
-88233
11684
-78496
88943
40355
434
-90896
91554
23831
-35952
-31471
3761
44122
-808
-99574
-6685
84512
69261
-4517
36433
57098
51160
-39120
-82066
78121
91805
71983
-69000
90848
-92742
-2320
-96966
-12889
29276
-60532
-11653
29356
-57603
-6770
-26809
-33196
10110
-12281
-23657
-93985
-58532
-49090
-38561
72105
-22894
40963
94453
-32436
59915
67684
-40807
-7837
-69309
-9031
-42523
-11222
7097
-16230
-98734
30657
73683
20017
-3228
-98097
-49586
64618
9204
-17789
-66529
8199
-80744
60918
83563
36239
-78864
96748
-85920
-5082
45008
-74566
-91346
-47752
41861
26753
73510
4815
-19770
77912
51757
-46779
15033
55176
-53284
-20141
-84706
71920
-2440
84231
-37796
-53815
-46455
-30380
-70810
-51516
-27175
-1340
78026
6928
-39094
32584
-65578
33911
77524
-656
53031
-61976
-23909
85301
-32497
-35953
-21143
-94028
-29534
52256
30221
3830
-8611
-96780
22927
-77654
-61900
22730
10894
-61708
-31049
-55698
-25223
-27682
-45856
39671
90150
35820
-47429
-71639
94866
-80306
-66894
-98565
-53898
37487
89012
-63436
35458
25451
-44734
72303
35960
-27363
-20970
78333
55336
-54635
-26832
17897
22788
-39767
-6274
60950
57439
-54813
93223
68613
39047
-21544
-97804
40307
-15365
-40296
-23525
11807
10187
13633
96362
-94039
-43509
81134
2637
-50922
62323
94093
-89157
40304
-5546
-3506
91011
-18741
92029
-66952
79279
26658
-40608
1238
49618
-28705
-54400
16846
69427
-74567
23907
70289
-10666
-14792
-27411
-3282
-1693
77332
-85800
94850
42358
-91269
52496
55754
-57598
24114
-12626
-8039
-28766
-39981
-76530
-26972
-29378
3508
-18481
-837
78806
68200
6118
-56174
70062
30111
17695
53374
28246
37225
-11150
-15301
89045
-83945
31358
1961
26226
-60286
-4059
-35304
-4002
-67867
-35517
82168
69761
84069
-67829
1075
18143
-98510
-37504
47702
9639
-75579
-20339
82474
82584
78537
36675
-99807
-87792
-58922
47341
64492
5939
-70696
-54640
74410
-61132
-69170
-86908
-71174
91011
-88209
-80151
-91727
-67373
3687
-40760
56551
65031
-49666
12552
82924
69112
59546
-2422
55832
20453
61915
3041
-92736
-66312
14948
-52367
-49787
89329
78138
-78365
-94074
82930
21124
48770
86965
-28123
97394
16309
23687
-20339
90874
57305
-53691
42280
-67394
12730
-41536
70654
89354
-30993
-68958
-90614
-2695
-42481
53343
41281
89143
4947
-3319
-28221
1632
-98422
-40893
-19555
-82105
85299
-32115
-24519
17684
-95750
-50625
48931
11589
-94318
39889
78520
38101
25259
-9450
42349
55609
-90287
10505
-10567
74055
-25503
99328
-11359
-99406
18728
26237
3998
-77456
-20327
-8988
-98580
41020
95147
79878
-87503
69431
-36787
-97125
-39864
25130
44231
-18353
52010
-63898
98350
12211
-36039
-12340
81347
-10092
-65368
2601
-27222
-79767
24201
20025
98114
-20122
-75340
-16755
-79195
-90195
-9647
-30009
-35779
-54364
53571
-92287
8129
66785
71473
-58163
-48629
-18238
90162
14231
-32360
-99494
-88811
-78681
6875
36230
-17014
-81853
-21762
58205
-74833
20913
-95626
-32763
87035
77658
-64319
87907
38209
-13558
-45313
362
96738
-17900
67434
80021
22738
22419
75380
27951
13125
67851
39484
82127
-3851
80365
59948
-36574
-30445
82937
-5327
56672
27015
-18882
81048
89953
42086
48061
12802
44552
-16848
82924
87492
37085
72386
-6698
-39587
-66055
90142
991
44436
72282
-60651
-40154
12398
57303
27663
17219
-375
26221
-35785
-34577
-69671
33783
-53691
-39101
2940
12924
-19735
-40359
-36741
50275
42257
16207
-66401
82497
98647
59242
95470
-57773
-58166
-30122
-39231
22343
-81128
61771
-30333
54900
18709
-18356
-4600
33579
-49110
48842
-52921
87909
-53796
-70043
29174
-91045
-1032
27346
64
-1099
88345
-85737
-95194
-34726
-45803
38067
-16017
97318
-78518
-15652
26381
-74246
-2240
-50976
44686
7724
64635
48621
44731
-25377
93216
-34260
14353
22318
-66367
-12793
56857
-95870
39367
-1524
-16858
19716
-44101
-25047
55147
-30357
-47567
-24937
-39370
53494
-49199
-1708
-99955
-8266
55555
26440
84516
-46653
17591
92489
51959
719
-92914
63802
5834
54743
-90136
-54066
47995
-23563
5515
-59606
-1152
40787
28588
34729
32835
14138
-97762
-28103
99159
27336
43796
36194
4117
-26688
-71404
-39257
-91816
9851
15355
-65275
-20399
69053
56103
28440
-2873
78819
74756
-71971
-12178
-44872
98102
18578
-13085
74214
-80608
14586
-75454
13705
-66353
1789
87461
-56993
-43705
77803
13561
84700
4455
57889
28606
-55590
6395
-76476
13851
-57618
31902
-92245
-57317
-24170
31562
-7207
-49016
-55602
-51266
43303
36514
38081
-14838
17793
-33412
-32995
28346
74055
-69196
76735
10717
80979
58317
-69746
369
47258
34667
-72541
96620
-65813
-1302
17574
-69655
-60459
84506
-1548
78126
-61658
-98981
-6916
-12906
-7795
13394
-66967
-19040
53921
-66043
-20103
15058
13754
79769
80685
-56437
893
-4699
-45863
-67100
-21962
87858
87259
74114
70494
-79278
-89688
-91204
-1093
-92583
-82622
-81245
-95130
26621
39622
37554
83240
-27514
-48223
-65645
-83458
94385
28579
-64820
-23748
4583
-43028
-71868
-89074
-10027
-18558
86070
38809
-37273
-4667
-58895
-13120
29798
50361
55625
33474
-72020
-76413
-57634
-63936
-35968
-27793
-94714
92700
-83950
-67474
-40486
-61826
22036
-42979
91546
-92304
59570
-25408
-16514
-10903
36720
14605
-61990
56615
-49057
-47707
-45268
-22987
39420
286
-73659
-33652
95397
-51781
-78702
7766
90809
44093
2503
5389
-91637
-40174
-61593
95106
81857
68780
-16206
56762
44943
5677
9579
-59213
-62132
55870
86084
-48060
43758
73727
93288
-84126
17639
-62440
-42651
37631
40539
32430
29237
61964
69244
73266
-17561
40672
-67836
-94445
-87121
-24975
-48434
51220
75910
-386
-57646
4664
77823
-33137
-62149
-33191
79592
-10476
43495
-9065
-1447
70123
-60614
-27282
95388
46397
6111
-15967
28856
-37241
-36963
-86381
-33700
32695
-98351
-9740
56421
-3604
14286
6680
-98676
-65632
13197
-78749
-37713
-13662
-16686
-78815
-79878
3323
-46562
-95438
-74638
78323
-56117
-67230
57438
-99604
10503
18711
25746
39403
-80017
-75036
57817
-17289
-11705
80890
-90370
86874
-40108
5373
65591
-13116
-96617
-39947
-40977
73615
-45274
94875
-50641
-51874
31336
31059
-65432
97566
89900
-19334
20767
-86610
19814
51540
28533
-52453
60616
-48984
-14638
49220
48505
-42072
-22866
82653
20533
-73016
-93253
-13938
-52671
-46097
-68429
62843
58505
-50869
73721
43551
-45992
-8641
9582
72785
-67534
16376
92499
61161
8273
42269
-92010
-9476
-81605
-5660
82619
-38846
47740
-44606
-95448
-96807
-36091
20218
31245
-14942
92897
215
26350
50506
70544
-49099
-56242
-53405
-38078
72249
-16390
-45776
11889
-67744
-37841
-98496
77787
-60043
-88600
-77647
-34277
-33444
-21432
-14762
22947
-47988
20705
-87693
73560
5786
27679
84709
58250
-50640
-18475
-80162
60367
2844
-17055
-54514
31227
80901
-9539
-64290
47869
-70088
31845
-12522
-72487
48672
26849
-58401
-6594
916
-6674
18274
-60413
-64757
-96755
72846
-14973
-4566
-9305
68281
-39407
-33218
54811
25118
50330
-5947
-90394
-65083
-39658
-11545
93358
12160
-1238
-72190
96683
93713
-46370
57955
-13582
21673
77814
25680
43296
11595
-80337
-18110
-68449
-79537
-58281
-96528
51608
-76029
27785
-67322
-37003
-51284
68036
-23180
-11887
96234
33064
-33245
-82817
-78599
-75956
95811
51956
-31340
48190
61632
-33518
-4492
-85928
-34733
70417
58806
-35653
15349
-71540
-36326
26795
59886
39334
11431
-36409
-99061
-94185
-61844
53923
-84947
75095
24418
-87420
-83970
-53851
-78418
93687
-35905
-96652
-81854
-41010
92349
14323
-5085
-26568
-48733
-23049
-67963
-83204
-75288
-28984
37586
10962
14056
31685
-18550
46750
-40815
-31180
-6077
-70646
7796
-56022
43666
-69762
47355
-26029
-10622
53567
91706
32799
-70655
-80415
-6498
-13686
-39333
8426
30402
-79162
45021
-571
96992
-40762
-83365
-89120
56420
-83159
23310
65442
82652
94273
-42603
-32948
68044
-46400
-62948
-63957
-3681
1214
82714
35895
-39561
36650
62516
-79796
6885
-71222
89023
33154
13172
240
-15197
-23061
27552
-82565
30043
47144
83556
81671
50840
-61592
72817
45490
16837
5695
25722
31628
-18842
96734
-63252
19738
-88295
-23371
-88004
-78713
-86017
16098
14104
-62296
-65484
-65004
-45953
-21462
33785
-22591
41772
90011
-29133
12864
28397
-6127
30605
-14077
38931
8379
9720
3317
20546
-67134
9234
37356
-25304
77019
21284
77899
-75061
-49044
95942
-72265
60986
-55208
-1763
-24076
-27675
-63127
-70395
-97317
-35895
-48423
75081
25466
1155
74493
-34865
87432
-50170
37391
81489
-34301
-79064
-38570
-82298
79464
80854
-5132
287
-73522
85864
-95988
74925
-88864
19408
-17651
56031
27125
-62741
61472
-35607
-48434
-3526
-72086
-23999
54507
46314
-33858
69251
-92726
-75121
51234
-30411
78973
43504
-79364
30116
8359
99451
51674
2221
-24493
53209
32283
74264
87344
81180
-43716
-78754
27821
61141
96898
-45429
-71507
78659
-1471
61438
67303
-40602
26184
52366
-11171
31665
-25110
29447
20983
-79395
-7831
71762
86012
11930
68096
90610
29420
-21216
-87475
-83029
-92548
-43356
-83815
-85315
-26386
-76057
97606
51918
-84019
7080
10068
-24603
83266
3450
81039
26578
-32298
22832
67865
-81556
-43259
-15180
75663
70898
25723
62647
38043
-85741
-20434
3714
15446
-63606
94999
-94676
84439
52768
81870
20388
96349
72341
67137
-48082
71317
87897
62416
52587
-12792
84277
35081
-89520
27683
-10873
47227
65017
-91484
-49494
-20231
4758
-14881
25332
-93459
-82237
-80342
9049
54741
-12362
-86741
-6164
86623
73170
5500
-97594
78301
-49128
-24584
92991
-95515
-99331
89893
7193
-76088
-51114
-69442
-59587
-23123
68527
27867
-84131
88777
8124
-57665
-25480
33213
21991
90366
-46660
-37429
97736
68041
98885
8630
86835
-33960
70724
28918
1258
-12686
73019
13013
-2957
-97188
41188
6889
-79803
-67172
25201
-23826
-92388
32936
-67345
-39553
21996
-75408
81732
-35407
71154
4869
3287
52621
-29787
24164
21518
40487
-17717
64035
-35598
-94689
92265
7479
-7056
20980
-67053
1952
-81159
37376
-55199
-59599
-94712
-71660
-71614
-81536
98947
77296
46890
-88154
-12357
40031
-27737
10099
-86450
50925
-17583
-46351
77740
55942
55584
-86957
-69514
-75603
-44328
-29957
-4478
-67627
53087
93349
-99397
-81504
96559
-59149
73382
58545
-48666
-22315
-41281
-84496
-69574
-62380
62529
92377
79243
-25860
-60539
10049
-69359
61732
-58814
-16665
-15308
-32485
435
-95181
-43269
64369
-26282
-76594
-33060
-58017
-89072
45981
40817
-31084
-8402
-12901
-36660
27357
43846
-87087
-76703
39151
-73220
-47819
39970
22612
-68000
-62563
-81752
-23184
74805
-29474
-23155
87663
-63923
41797
99734
74702
-88753
-87503
87117
-41662
-5157
82956
-6354
-65336
-35644
48804
-11401
-34166
55676
-22934
-11870
29227
97869
-92091
43183
-65553
-26813
75668
-80422
8586
-83096
-84161
-85204
2628
98599
27512
-55186
-20283
2258
69780
-81608
64323
-14145
39296
-59673
-96699
76813
78177
-54355
-77614
-41211
27916
-44094
-1157
-37
-70561
68728
55234
-55341
74554
-60564
-5914
3648
37661
-58152
54028
-30169
-90208
-62458
99083
-46397
-35447
53663
-85036
-91230
-49779
-79646
52092
67693
-41050
-69584
-60440
-67452
-68467
-15677
-27628
63496
-54315
-84353
-28160
36658
69860
-6367
-89929
-52192
61006
96660
-38275
34928
59855
-84830
1812
837
-31387
55175
-14997
30311
-75128
91810
-70108
-48697
-25977
20037
-55104
-16097
50240
45483
9898
56568
-12612
55625
86365
22917
-84507
23485
-10318
19373
-22684
5091
80650
11686
82139
-21497
-85548
-93187
79292
-37196
25723
-38990
63300
62251
-71633
57599
-98536
-79121
41231
-83911
-48966
-15299
-36048
-28272
-85144
78746
67725
-91343
-59439
-70524
-92725
66058
35701
69002
47142
26797
-17768
38519
-14594
-60594
-16094
32874
-46024
1127
-56554
97089
70290
35899
-19859
-80908
-15545
78710
79502
23102
-83877
-88141
47341
80949
71748
79064
12733
22523
16629
86620
-23405
79373
-79864
58857
58649
44984
-96186
-33572
42027
5932
13334
-40150
-78191
-38231
-55871
80412
68570
-8234
30814
4538
61201
-85008
49823
15110
42783
94751
35126
86303
71740
78053
39077
-8761
-5037
46511
24417
-28290
-12686
24398
-10974
96973
76459
88703
-36342
-68898
-6582
-74906
-44305
-98808
-57422
20570
-61049
-5015
15702
50905
-11537
-72019
-73647
43420
-25640
-44757
-77981
-94202
8782
18478
94985
-83786
-42074
69264
95288
65339
34628
-29246
16629
64999
-53434
44521
-3692
98236
9745
-3229
651
-48444
39606
-73112
65393
-53763
2496
-82549
-8615
91248
42204
-39586
95493
-92062
-52187
-46219
-21943
88548
50188
73347
-52674
15045
92257
95778
16095
-79192
77440
-26962
-10237
-3472
-76902
61520
75383
71895
-70753
-61223
-41161
61086
-52731
14916
-38327
15391
-65608
-63842
89847
18366
-67042
69953
53095
-75522
17478
4796
66968
-11216
71596
1294
87867
-70843
-53973
81041
31788
58949
-12160
7284
5451
-18151
13110
73057
-12997
20162
-28364
17405
77111
-11732
75871
-87283
25996
48541
-24019
-76106
-38089
-65016
-79929
-94179
-44005
4926
-65126
20845
-84257
-12476
-3589
31030
93858
37567
-3148
87027
-24676
87436
21232
66852
46738
-17876
-93570
51418
58933
-80100
-28219
-85551
99288
28931
-89915
-81289
-52980
-56443
83525
-18037
1243
54837
56607
57889
85341
-21465
-20892
12610
-76039
-88029
-13267
18287
19260
68213
-7873
-39610
-82737
59937
-27238
44990
78168
57971
-94754
-65075
31664
7989
28187
27753
65340
-68805
-96204
83434
-76822
76440
-7698
-36722
69130
81331
82523
-2729
-250
73651
-73315
-78769
-41536
343
80409
-58517
-87161
86883
-11590
78734
-57932
78645
-18337
26980
-31513
-18698
-10974
-17873
-53798
3820
-67258
-41122
-98850
82731
-85700
-49959
67642
-6357
56658
-35430
95389
-15563
-42503
27573
-97476
-28872
-88079
72952
-98740
37368
10387
30637
-87330
-91930
87098
-34116
92690
-23606
9679
34605
9721
42204
304
81228
-94197
59379
89277
-85659
-42495
-81003
30655
-60369
54865
-58643
-5260
-65083
-99644
-230
-33413
70607
98549
-57564
-8040
-20289
-89368
-71031
-53979
-70664
-65468
-48650
-88554
-9207
-68626
41617
-52121
-23210
20740
-33677
-42524
62935
-93645
-19021
-62955
-16198
-53706
-55523
45571
64676
6379
-34046
-25813
18901
76627
41833
24895
88938
-12314
19811
38419
1531
64081
67324
48363
63844
-33075
17614
-1634
46561
-72035
10351
-99226
32339
98340
-95478
-82745
80287
-79200
-92341
-55526
18230
96199
91828
-98634
17007
-30788
16333
65337
47056
96942
-86344
20024
57579
-87986
-43358
27457
-68955
-80213
66966
-77047
21586
-72149
54379
-67401
92476
-40792
22366
64652
38339
-60188
37690
13293
-48866
-4373
-62541
89934
-37441
-98620
-45293
-24259
87765
-64429
87692
-67256
-7893
-74034
81132
89612
13934
-23718
12974
8092
12427
39233
-36884
-76150
64055
-57070
64882
-83883
-5688
3158
-76369
-70481
-5376
61098
-21371
84521
33131
86526
19199
-65923
87902
81576
-9310
-63560
-6369
-13978
20636
-81342
-90653
92143
71321
4747
-25550
5108
-96331
-31084
-32409
-18568
60620
81175
47635
-38072
-56404
82388
98946
-93863
47148
-57670
39957
99838
78358
28270
-44402
-44221
-17089
-85446
-22421
-44247
19064
27413
94953
-98371
49373
45131
-87
7383
66187
4041
-97488
-34964
85614
-63993
9993
-80431
-83657
-81006
-79803
-86195
59181
-80331
61155
-35559
-63525
97795
50250
-56714
64871
15556
68850
-89365
75075
4666
69347
-73062
86140
21582
-3050
-94530
19312
31196
-72905
71556
39773
73240
38476
97602
70292
65627
63599
58712
-15924
87758
-52809
83234
17810
-53967
8821
-8873
-81442
-62583
57498
-97983
6658
73700
32054
-75303
-59845
-63286
56987
-81474
24042
30786
15648
-63214
72028
96510
194
-26767
-95483
86308
-11484
-81201
35788
-74695
7735
99757
94592
32492
69364
-85576
-62488
-37635
-96058
-38018
31415
75272
-34618
-63475
-83874
64754
9054
-88598
80508
43375
-81586
-6229
-143
-25427
-46451
-34766
87312
67488
33415
-39802
90354
76843
50629
-78897
18856
19432
-31829
95086
-30648
-79788
35546
14839
66024
-34086
23478
91148
-56727
65914
897
62615
45739
-92458
-35866
39011
-22434
-27111
-57262
93592
-36936
-11004
22717
30097
89475
-50538
-77625
-79205
-32754
-52584
68733
-9075
-36477
-32638
-27398
-39681
75993
38797
-11350
59624
23264
-88042
30506
-2344
73657
17708
48971
47310
24360
57334
-87306
1911
27522
-93308
-75607
89988
-27968
13680
98848
-30874
-26698
-83792
78798
-31895
-68515
43452
33098
96106
46476
59926
2183
-35978
80774
1275
-48388
24449
75116
54436
69986
97216
70355
-18951
-99236
-13725
-3088
52179
-77840
22323
42672
-93780
61171
76163
52581
-5402
-764
-70442
-71526
-70796
65006
-18739
-33081
-22167
97009
-28085
-16352
15963
666
15911
78152
-97997
-7857
-3955
76835
90581
65191
56050
78152
60582
-39562
77553
-84523
-46722
56422
-17657
-82850
68268
-51584
81191
-34051
-36320
6410
-62917
73229
-36935
52043
27961
31090
33836
30506
-5347
81231
69261
-72843
-49912
23515
-35779
59517
99253
-50738
86449
12702
-5420
29301
-67814
-25700
41605
-47899
83894
80040
-69454
11020
13683
58691
-94775
85538
57659
33914
20373
-35713
-64735
79951
-16968
-62457
-65754
-52232
-51129
-26176
6119
25536
47170
-8188
-39705
-39028
-52882
72786
-99275
-5832
-31535
94014
63994
78368
-45942
-50743
84321
-97989
-5814
-31093
-31133
-72351
-82829
-75059
13998
-48019
35211
48627
-9807
11965
-56356
21654
-47545
-67818
78124
-68304
-17667
-66715
43349
-69904
-51519
-37472
48704
-10322
1642
-85813
-37822
52729
-65442
-6953
-82349
-73909
72868
50981
-7962
38110
-84473
-90392
-43414
-27305
-1053
-10073
-5347
-69407
-48369
-67038
-99640
84757
-39385
-53364
-46629
-63659
34100
28279
-40731
-41352
9594
-72754
-12177
-6817
-69857
17595
1078
44070
64627
12329
12420
77559
-53280
82211
15914
75000
-3281
84571
-74788
-57948
7476
36616
77865
57911
35416
-86426
89941
-48189
-40959
37345
-46315
-33120
32928
-95988
17958
62337
21654
-36213
83914
56289
-18748
83218
-9824
2587
-54290
54980
32223
78425
-94646
52925
-22738
-26011
61867
79979
82467
-42981
-4795
34135
663
33343
12764
3330
5731
36907
30542
-52694
1337
2721
58041
-86292
-46432
93247
-8374
-52925
25293
28304
-44253
19758
87131
-96706
-51224
24880
-22488
21222
40359
-55119
-25589
-700
-68319
-81278
-53835
-28339
19833
21182
71459
-94436
73016
24907
48445
-88956
-91077
-28032
9615
14212
-25990
-19295
28513
-14376
63093
-25595
77364
-90708
-96131
2649
3164
-2709
20892
30077
9205
-83850
-97246
49164
71491
-57807
91149
-59463
40298
67319
91092
-57260
89350
21293
56976
-50836
-71064
94580
27207
-87857
71598
80120
-15849
32621
-23682
-89754
-21444
-75109
-60001
43322
49150
83571
-98125
44150
-6
83288
-43
-76242
78986
82071
-46453
-4032
24148
66217
11176
44002
-4692
11221
-60927
10708
86055
-7054
-1719
-26700
34877
37002
-13236
70896
87834
-35621
-74428
-85099
-90303
-11913
90459
-11769
-8675
32267
-63426
-38454
85222
44348
-18853
-29828
-13396
29677
82423
97829
579
-79907
-20051
64039
37772
81454
81094
-86320
-48677
27840
-48334
-85106
-61238
-31684
-49823
-51454
27417
-74835
71361
93165
-13568
99720
-93484
85383
-93932
-75252
14893
-53458
48785
95876
93382
-82565
56394
-75990
73793
19057
91690
7782
87930
73935
23270
-50253
-92923
61957
84481
37858
-38839
-24637
8379
92409
97464
-83860
73623
58995
74218
17577
79048
-56533
19925
65498
72183
-63725
-85781
-11736
-94732
2590
63312
13238
-15562
64254
-38217
3254
46288
97671
-74152
-58344
-81997
-37133
23119
47004
60058
-18881
-99052
-88567
-16810
59506
-86125
5238
4854
-81923
68072
73861
57298
-22274
-45319
70192
-18316
-2017
12783
33659
71204
28507
8337
20361
88783
84385
52479
40139
16787
97745
97801
-58477
-14422
43555
80746
-36666
-45072
-47001
-92252
-74192
82130
-11674
-1351
-85198
-86827
-95448
74179
66326
91968
-33713
89969
61827
1512
-18783
-15842
70796
8278
-85341
63375
3362
-85482
27104
83657
34346
-26337
-83191
27277
33066
-87974
67126
-2254
-17508
19025
93386
26525
96165
-46027
-7563
-75682
-50145
77131
-35948
96490
-80238
66613
20019
-45647
59458
-50023
28082
-30820
7842
-63760
-98555
-95963
10790
-22931
21845
-69934
-29706
-22521
-17404
81167
-76162
26853
33934
75751
99106
71974
-34998
47455
83215
-64886
91536
-37329
53485
94912
33461
-29027
61873
45516
85042
7928
-77490
-4716
17379
-10385
-85237
90504
-29909
-59124
20400
9452
-60620
77968
34970
-13244
-51692
96939
-71378
66523
-85109
-65256
28010
-55761
83625
-11053
13975
-60868
44109
-79112
-3749
10339
70407
27449
-14741
-26313
-84961
27708
-11939
15141
-58577
-82161
49179
82941
-18901
-77943
89459
18593
79169
59262
2508
-99639
-85157
-72354
-48972
31600
-56958
-13654
93780
93278
4124
-42092
6981
57619
-45162
-52109
23419
-41267
-61732
54880
93023
-11978
8069
8752
-89541
-97042
77517
-39410
3663
70000
-31302
-92045
-14016
-51613
93279
-55675
-82768
-75585
-27842
-3767
46633
-33254
-17976
-59129
57970
59855
-6079
93369
54340
99465
61055
-1809
96854
-16399
58833
-17342
65749
-50446
-80195
59058
752
-41371
42401
14687
-86193
68126
32570
-1439
-86557
-39214
-22077
-21692
-92008
73763
-99979
-27677
55656
12554
-98707
36447
95305
-80672
93100
-3779
2822
-5367
-28872
33306
-34964
-78338
-40673
-85621
-53605
-30859
-25701
26133
-94788
51950
82769
12741
-22767
36252
60916
-93202
69671
94447
44295
8573
-36375
43706
4863
-37318
-93617
48774
-62842
-67747
-22285
-61966
-82084
-18165
-40508
-54523
-80808
-57044
77779
1490
73421
-59991
-80821
-70073
-1977
-45817
-96322
9746
-73419
-95909
-46502
-79633
13280
53993
14202
-56430
99033
-84707
8024
46702
-94606
-67227
42529
21857
-63070
-99607
77217
63420
-32436
71080
-15842
-24142
-82919
77424
69824
72668
19265
32826
-8083
-38298
13289
-31905
37171
4442
-15833
26683
-37409
22023
-3615
-7395
46058
-60019
-43309
78119
-75181
35336
2095
-32311
-83576
73175
-87202
89620
-66434
-80312
-27227
-84610
-87072
-4255
83363
-94095
38755
-41267
-39178
-84977
68472
91554
21182
-24313
-96613
2571
4281
-58035
-48439
-9833
-90675
-41671
94414
-96163
40869
-36290
-20356
-36343
-41550
9157
-97992
96904
-49517
70373
-23762
-54132
-23344
45889
33700
74236
77439
36031
-92244
42812
-50743
53217
-37645
80404
-11641
-42623
-53769
58175
-76346
-53203
-75690
14034
-29847
80029
31041
-33529
83886
-57075
94095
-97114
-5431
3643
-69906
39567
47660
27967
53876
31910
81960
-45182
-88364
-79589
22317
-96164
-12948
-19371
77293
-60978
26298
-22086
62047
-51944
2223
54941
-20000
-16263
90972
-61115
-84429
44929
-11831
-67562
-30423
-38700
16293
-67297
-84900
49981
13207
-14913
-6507
93420
-51278
-1164
4109
8654
76232
-52159
-82031
91079
59221
47996
-33986
-85681
50972
80113
-84244
-35738
-11760
93110
89384
-42379
-29016
31757
73049
-76477
33621
28015
-64893
55568
-61488
90043
30762
59090
-65460
-10501
61902
-69879
-91893
-96817
59349
-69503
57037
48760
28807
-61980
-33181
16515
42611
86649
-83103
-4529
-41682
78269
60401
7037
-94213
-15268
83524
93364
63750
6092
-12700
94990
-10101
6663
82150
38883
-43628
97379
9275
-67280
17567
1359
15333
-59101
52510
11244
48390
63749
-87657
-59707
-67501
24452
-30804
-94035
39656
-82916
-47243
-89740
21494
-29150
-4919
72133
43415
24941
-98980
52831
-22398
74721
-57534
-27922
-61158
-56679
37010
65605
59681
42224
613
-89797
-70903
-27347
88574
96031
38443
98632
-11452
-10920
94097
22557
-42070
58526
50349
96620
10863
-11761
17901
82251
-69439
-97617
-69146
60265
-29763
-77953
13229
-84737
48977
68536
-75003
53333
-66813
66724
-1742
79661
14474
60570
-24724
81744
-4390
-64876
-9681
50036
22333
-87570
-27921
75079
-10531
32894
95017
-91557
-8674
89866
-12011
43758
-25368
-88086
-6664
24212
93634
46075
-72107
41283
-27878
-71683
92995
-44869
51553
84554
-28838
57616
-75501
90228
-56697
-83499
46996
8953
46975
34855
61046
-17563
69009
-87341
53015
-32187
37139
17893
69031
97795
-51138
-58290
-60472
-29661
-48170
-58639
16270
-43815
-88447
58378
-88154
-44604
-26694
-85061
91730
-86261
11485
66741
51922
-38381
93090
2687
3615
10330
-24921
-71322
58576
77683
-28059
58114
78688
24478
19589
-9440
31815
42627
27147
67793
-47932
46411
-720
2894
-87876
-72613
11598
-49018
38332
-46738
-23947
71174
-29221
-67890
80411
-57276
-81861
-90577
-7121
36681
-91666
-16280
-47538
19960
90484
24783
-17265
-41410
23587
4591
40249
-10280
32288
3561
5076
-644
-29431
65508
-7715
54309
-93643
67634
-33581
87550
-12973
-56191
-23954
-33430
62767
-24070
-72145
-68178
97107
89529
87186
64316
11786
90602
19169
-79843
50367
-19524
4962
1657
-2555
-60667
74033
-76730
25456
97586
38312
-79093
48224
-33303
-30086
-2480
-50467
44477
-93857
-45980
49694
67341
34281
57546
-93468
66618
-85642
-21822
-54397
44226
38526
32367
-77695
21182
63052
24618
-30889
21748
67146
-6878
-87339
61914
45237
-99731
-11295
-51928
-79633
76272
93151
-5480
1523
-18969
-49747
-96195
-2077
-16174
-84219
253
20733
-29507
-6906
-51347
83052
37162
92236
-53305
94075
-14628
16699
-65078
-39388
25986
18011
-71377
-99833
-92417
-34979
-31037
-27210
-30254
-59332
-79258
-94675
-23385
28031
-71010
-41505
19321
-34405
45400
-56661
96226
-65995
-98179
-44243
-25408
25092
-44243
58161
-39034
-71147
38427
43267
-67428
-66264
-63355
65314
-34124
-60296
27534
-61294
70315
91480
95673
-13615
-67753
-34247
61572
-71775
-98829
-24696
-28961
-9596
-22492
-10828
84295
32966
-1817
77773
-15164
97204
-16870
-21560
19003
-8278
44452
-41057
-66639
-8118
-32895
-8427
-15011
56649
83693
42583
-66649
-36317
93036
87486
-40957
-18961
-15884
64113
76197
-3763
-54536
-22680
45600
13755
70675
-88821
-82017
-49273
40653
88377
-5314
59999
44236
22436
99014
65860
-75175
95833
93443
25181
-20146
12637
27012
32744
35994
-96461
37551
-9333
23601
41723
-38338
13513
-66158
66484
-10726
2832
96438
63650
44114
64750
94482
-41653
93048
-34908
-72055
-19621
8408
-99501
-1358
-70553
15446
87443
33281
-67058
-65949
57827
-22764
-10948
36764
19258
-21668
-33272
-39169
70332
-6682
25405
82122
-504
-36795
23862
-49294
48046
-94754
28835
30908
68798
6800
-96408
-42756
-24837
28478
-46940
-83416
10927
61690
-60402
-76968
80536
-15473
83388
-91939
91392
-80597
-19970
-10245
82922
23015
65767
27588
-47256
24245
-83925
97618
-44022
-93787
-30428
37344
-93583
53780
23343
-21434
90049
4145
34547
-84849
-81227
59757
65282
-15688
-40372
51455
-62313
47752
65761
60753
67647
-78266
98520
-44598
17109
48860
-10252
-44744
15654
60038
-12858
74202
-27405
-91017
-71936
75144
66772
-94392
-47192
62976
-21959
55837
-16408
60238
86924
49879
98306
95191
37938
71855
77792
30786
51377
-66059
-87863
9346
63659
-82138
-91408
51716
-72119
51555
-76057
-37710
-30285
-5868
-13135
77666
-65541
-24296
-26508
-60897
16601
-75865
-78131
55506
16401
-21305
-86594
30348
-62159
-67865
47234
-54798
90614
-72356
-37439
98437
42767
-89675
-39265
68236
15289
-3
4207
-22367
-94455
7308
-11194
57046
-83320
47882
82602
24450
-77064
17474
85480
-13269
1845
85854
79492
-33583
-63625
-73467
18315
41109
30260
-46834
34949
-63612
-43806
-58657
-14841
80133
19098
-45658
2148
-58790
83992
56243
93252
4054
-97249
8689
37324
-34980
-79751
55168
-13507
-14065
71964
-31952
-85159
-82213
34345
-65509
5119
43167
-74802
-40609
28184
-65802
-87798
-74890
-87894
-94751
31056
-6540
24010
41746
-29691
33885
2158
-71913
-5532
60897
-67360
-65694
-39807
99830
-31857
-77839
-80085
-76209
40448
-82786
-37334
44798
-50590
-7099
-72793
13411
-56706
-38323
11307
-99312
83917
-19307
92096
-35973
-86941
-30339
1204
22878
21962
80206
98171
84079
55338
41991
-68236
64759
-39965
-64891
-15100
4562
64573
-23538
-88353
-89790
-34569
10042
17637
-20689
-30660
-52098
95528
14655
179
-83818
25036
91342
-96139
-85618
-18680
-36854
-4070
66542
19017
92526
-79124
-27392
-42571
-36391
-85891
-79937
-44916
9738
-8747
-65954
-86229
-58245
-957
80562
-68565
99799
-5868
-68420
-5850
51544
25250
-79465
43161
66497
49412
-43846
40613
15605
-9053
-60821
-33424
66931
-26708
39361
-30744
-82897
22945
36756
-31768
94221
-94710
-49853
-7117
892
75722
64161
-51044
36973
59596
15740
-68920
39407
-10724
35596
76492
20905
-33262
74037
-40144
-58189
40297
28345
-875
-51183
-15699
-81155
-45966
140
84243
-99658
15418
54447
10147
-78672
-47590
76635
-40880
-6149
24414
-16760
-59928
-93070
61427
86808
2534
61545
8519
82841
-44635
79218
6093
-24040
73583
3020
10076
26972
13556
-64471
-19721
13254
-97642
29019
-88344
-52797
47969
-24870
-4603
-52053
16728
42164
-32364
-19591
-29078
-41262
89803
76711
-7804
56930
-20304
-66074
34240
48166
56351
-17993
84411
-10791
85802
68393
53635
59833
-40358
76207
-18705
61174
-97708
30237
86986
37301
-67369
-5377
30695
-82175
-19294
-91050
94424
-69361
28530
42736
-9223
28204
-49559
31267
-34009
48389
27530
-96858
-96561
-32430
23841
41227
-65695
5025
-75200
-54051
40290
-90949
50787
39442
-29087
93364
40821
-39251
48449
-42028
-6804
70963
-7563
-79651
-89457
-30393
-71221
12217
-50856
-35868
-14817
47682
45492
-89161
-88912
-73171
73446
84119
13391
88660
-92852
11426
20851
-85346
15098
-77579
41386
20941
-91133
70407
25642
-47261
90646
72226
69062
11506
-77948
-91328
-90180
13631
96031
-58306
81194
-51310
-10498
64511
17249
63837
50974
-85280
-7662
76486
-36317
88851
-18203
-54061
89084
-44198
2281
-61583
50532
-60638
-87322
-31
-43900
69050
-14515
43904
38965
-16978
-57199
-79183
61092
-31868
-84081
-25751
-27889
38034
-15576
-9642
77611
88378
34735
5357
91112
-18748
-45058
40527
61452
-30122
24355
69655
86972
42770
-66440
88514
-13350
-20404
-35056
-68228
54151
42279
-43443
-43453
97865
-73205
30671
43450
-85496
22276
-33081
-64436
77491
8570
27753
43323
67136
56713
84992
44420
-5552
7933
-73637
92337
81200
-68309
-11803
82747
-56836
74478
-4845
90137
86430
25213
2358
-56343
-19532
6438
87920
33082
-95536
29097
44419
38900
-3752
-77901
-71675
-93276
-35506
-12874
50224
45416
85482
41953
-72683
38836
75108
49025
-143
-84482
5838
84660
-13608
-9012
-64867
-97147
59022
-61800
-36344
-79831
-12235
62492
68040
-97835
37024
89600
-52736
18874
52229
49054
10423
72926
-83567
66926
-53376
-11560
-22890
-72109
-21573
-51032
51488
-64831
-69772
-96911
96229
92937
-54680
-70573
40346
8386
-37528
44457
80866
-52522
23831
-34276
96417
3750
-88946
-3678
-82897
-22117
-99362
-35177
-62935
76618
-80139
-15626
25569
-18493
92953
83188
1781
-91849
92754
40121
38845
-11901
-77659
8380
-96738
-98851
-41286
-27143
59900
-6055
-50913
-70766
-50420
-99175
13285
-20672
24583
37903
-24920
-97676
37562
37232
57389
-73202
84346
-41800
21411
-82440
39157
-6061
-97908
68897
62884
-15889
22453
-99182
63965
3548
-27743
22510
-1595
-72100
83140
-71926
82147
1421
-76757
-44250
-18097
-8784
15481
65608
45897
-11435
6859
39860
45478
-95835
48061
-9526
-860
-6196
-30778
42748
-16929
-92863
-9090
-54743
60061
6259
12033
-48421
-70204
-34799
-30293
38362
-76629
4342
78082
32875
97229
31024
53748
11496
-25382
-79317
59765
21821
-74521
53503
-16182
97916
85062
787
-91228
69854
-57999
-27284
12580
5335
87968
80150
75517
-83115
79418
-18835
56632
-21228
58152
37704
-19632
-55968
-56636
-25661
-12291
-93591
30832
-1560
-76978
70460
-82940
-2694
68655
-49052
21343
94621
29835
59932
94878
41125
73546
-2001
-46357
24121
25979
-8466
83949
-23453
-12658
68238
69597
56696
70456
41563
-99144
55391
