5800
-9550
-45067
50482
76026
36553
78850
28747
-86738
6963
-25577
-61848
-80038
18341
75950
-97730
-6545
-47736
61517
-24973
-35034
87103
29025
-43852
34788
-42300
92659
44518
-65976
60016
-86583
33652
-92715
36377
-96293
-57593
81143
-50155
79920
-4460
46388
-99
-17515
-83377
-74256
-67826
-59270
-17667
-78884
-71543
29737
-68953
33597
-58247
81124
-12374
-19436
-44940
-83687
9579
43504
-12677
-51580
-34071
-44404
11932
-89950
91307
-18139
-22921
-97075
39128
-33379
60701
34873
99493
-7931
-48045
-2551
-92376
81355
14455
-10225
-82420
69055
-19398
-43809
-76386
-94461
-50421
38030
-61373
96335
-27179
93644
90188
-59873
98334
22619
-35294
-40838
64400
-99861
-63908
-24738
58837
-40300
70895
-42483
86811
-53585
-47547
45358
17335
-8815
-1626
9058
34982
8421
94291
11044
82926
51301
-45198
75036
-50526
-93387
54755
-41536
28741
84636
57072
25831
14470
98336
94499
-76372
38698
-14532
19442
45563
8584
31040
71126
88315
-75091
-95546
89786
-67304
44256
-84724
-55858
10924
-18049
40627
7930
21577
95816
44883
67760
-27931
-17676
-60040
35994
-66013
-83267
-28098
-1229
96698
49153
74692
-46350
-17276
77374
11536
67360
57573
65021
77119
-38453
-57514
-34484
-58649
20307
64845
-5213
-95221
-70431
-57717
-95767
-50054
60472
-45439
25998
3972
-50653
-42016
8472
76634
93326
93500
-80260
-73343
97457
-48868
-97502
5491
8999
98464
65164
91026
-77731
25423
6991
50185
37925
-16963
-68097
99970
8234
32533
-28055
-29187
-84098
-45879
-19783
31635
6351
10899
-22340
45768
83321
-4890
67456
23814
-72203
80886
97048
53500
-94034
26785
27196
24147
-68492
82040
-62323
-1720
-50166
-50706
35701
-47702
73818
-33124
70957
-83726
20872
-97617
-14760
-582
-9309
-18321
-81395
28444
-74888
74668
35698
2024
-69375
-88569
-97533
-30079
84475
-44838
-97614
-41196
-87083
83525
69737
58806
-23100
64470
91563
-89766
-43085
-25644
60824
46827
-22312
21096
-10417
-62772
-39902
20329
41966
-73110
80974
-52157
74484
-51910
60633
61891
72136
-81324
-40944
86209
30611
-67156
28547
-68566
19015
-50455
24472
95656
-83517
-51869
57339
11953
-35953
29886
90227
-6487
55298
-27682
-22000
65781
55811
-44091
-1855
-99
93100
-15344
-62334
48413
-7734
-9461
31666
-7736
-3775
68012
-13054
-23718
21965
-96909
-42423
-8872
-94493
-39269
-18123
90534
-68555
-50883
9629
46117
-79979
-95038
19057
-81978
-66255
19331
-45997
82160
-33412
84287
99647
-2102
-72786
72760
23204
-90907
-35551
90346
61463
-8439
77852
-91415
-83043
-46181
-44243
6806
98790
66216
6639
-6595
-27367
-33840
92204
-18353
-97014
-61551
37723
-23945
-78199
5167
47370
-29094
86548
-7619
-46953
-47120
83052
3595
54552
-19398
95173
-44307
-83429
63007
6422
-86749
80967
-5273
74129
-99414
78625
36434
32237
62238
-47829
18262
85918
76234
78886
39412
-95578
-66034
85433
83126
-80763
73324
-17174
-85113
-87220
69935
22472
96559
12240
38456
-8277
-40599
39289
6950
72788
68130
55610
51745
66158
-6000
-20901
-59453
-79050
66093
14641
39268
14838
-3057
-93072
63745
-68372
75878
-41577
-21559
-3510
2257
51529
32387
-1513
-87203
-98564
13598
-2573
-11557
-41974
56535
16119
66204
-37787
-98495
75770
53707
73512
-22988
67633
-52056
-28920
-56044
35886
50909
-8407
-20675
67785
-67010
-45299
-10616
-55780
-73822
93799
62141
68903
61272
57038
6741
-55019
-28728
-25395
-8342
36758
-32280
64727
-17411
-59349
2519
-80937
56036
68160
-95654
14246
-10546
-14157
-22672
-93674
-54028
-10893
-14637
17067
-22626
-11005
-79474
-83926
-84721
94558
-6859
-44599
-10417
-36747
76742
38789
83091
-31532
24155
24851
-45430
82210
22920
12270
-64058
-48313
-93865
26895
-3707
42856
87517
93691
-14052
-55795
89144
-45706
-58561
8164
9320
-94955
-64337
56991
-44152
-7311
-41536
-6472
-64664
-23817
-61882
19668
29383
-58403
-85604
3461
23410
99311
15632
49322
-35469
26951
-81490
63729
28280
58843
-84696
-72579
-39550
-50767
-84321
95843
90118
-88979
97232
-23987
24164
38154
88158
4289
51969
52327
43447
-40452
78467
-27399
-24218
-62216
70312
12511
44277
-69555
38404
-81773
-63491
-77132
97173
34428
86540
-69338
37380
24224
81713
44450
44347
-15306
56486
85774
-98787
-33191
-40677
71541
-46170
-58855
48411
-63505
-6175
13676
44829
31390
-82560
59202
-84118
57748
-93669
-61386
-91035
49298
-50744
-13856
-57540
-72596
80339
57671
17450
-89272
63578
-77260
33702
-32251
82248
-57759
26603
-57416
15084
86737
64869
66897
-24907
51385
-66315
44700
-57268
-73188
6881
-2844
3150
96628
-31013
-92622
-46492
-15540
-11540
87283
-67647
6187
20221
-57353
53688
98666
67842
-90475
28664
60583
-43388
-83731
85797
18578
92937
-27386
50963
-73308
37729
-59755
44385
23984
31312
44575
86704
-76334
-18797
-91723
53311
-86780
45201
-29986
21477
-5745
97055
41748
-79638
-64803
31024
-66908
86529
93677
10327
24952
-67674
60065
59643
-45774
-12592
-32142
-34730
-28754
78547
-80317
6313
76714
-61738
-3630
-5952
-51198
11180
31819
-29347
-50093
19408
-5001
80260
51778
-49278
-7278
56931
-96363
-39368
-21063
44443
63742
78147
-9534
67055
65784
-71296
-12762
32648
-26934
9335
-65319
-13854
489
-77933
-90693
-18089
-33477
-38658
-60314
44294
-45707
93144
-39769
42848
-31707
-7339
84810
55822
5964
-59407
-42545
-42878
56035
27216
34809
38873
-11138
-17739
81924
-4502
24526
-3361
-85322
-13586
26497
33275
-65906
-60916
2116
8202
74201
53375
97960
-36207
-91100
-26138
-61918
-55241
-88308
61736
83181
-55874
7857
-98239
82698
-65055
-11063
-56210
-57305
99782
-56432
59889
75614
14495
-7715
47873
75668
52195
77905
41554
-20094
-30875
83880
-56772
-66608
-8882
-18831
-97398
-16675
47675
-50278
84514
63132
-54923
48549
-3892
-34216
-21943
72503
13536
-20841
4100
92175
64209
-36707
58189
75924
-95088
-8248
-13089
-36986
95198
79256
28513
80279
-30351
44177
65251
-45
82754
13689
-33993
-39302
-56911
-40323
73322
46382
83030
-36944
-42402
-64633
72293
59123
-38587
-13628
75517
-6289
-52676
-54179
8077
-29377
58689
22068
4643
89579
85267
48809
-21165
-76593
-75867
99980
25408
43035
89854
-90002
87242
-1805
12016
-51568
-64300
51639
-50126
-26307
64560
84701
31901
-62476
87466
-87495
-49664
95165
56942
-19042
-78944
-52900
-9834
-76513
-35633
7459
-6828
60655
45415
64290
-40711
68902
77795
49850
-50336
83236
-49637
54800
-52871
40720
23259
83101
-76683
43706
34910
-12255
-49077
-9441
-9492
94711
32294
81610
90829
21572
47275
80855
-96407
-61111
-10006
-2413
94910
59096
5280
-1
66748
-35740
-29850
-64332
-64384
57905
-15749
-79456
68331
-27542
3945
-71762
72415
-44719
57110
-83900
-28459
-82991
-61335
64934
-19874
73455
99606
-12617
2484
88671
-32056
43104
36924
-22029
-36310
79177
43355
95406
-82606
26693
64242
-87881
6219
76938
-51401
-19863
-39682
-52771
-80143
-21625
16956
-48692
51920
-81331
-33685
15061
-26970
-74207
-85366
-17819
-49786
51369
-73566
87930
48312
35318
-53365
-56279
-70570
-51939
-33448
-36868
-98746
-81050
-3680
-94349
-90157
-98146
-96982
80427
-75670
26503
-70540
11612
6127
496
94368
-91523
-64070
2911
-21892
-67326
-37134
-75350
77996
-19387
28995
67301
41398
10051
47167
8181
-60182
-97731
77071
57027
-87188
26814
-39020
37325
46879
-55427
35550
26454
28016
-23208
-50873
72830
-53892
9408
-27475
19628
-86945
-68748
-84021
-65113
61146
-29722
-36620
31108
51616
44794
-68885
-9542
-46275
-47444
-22047
-21423
33252
-82544
-17269
-35143
77139
48181
96992
-25993
-603
41123
35116
-32070
70964
-5052
63444
22348
28584
33695
57575
-87452
18849
-23809
-34340
66392
69437
31346
36270
50991
94854
-14355
-87919
-98347
1403
74957
4047
-65241
55865
9464
-50300
23982
80710
-21022
-51534
6633
-55941
24044
99586
98691
-59701
32166
43480
-77276
-42636
-43211
8721
-16028
60096
51728
62108
8793
87800
-63836
20146
85201
67622
67736
-73549
74331
-58682
-661
-83617
67776
-3703
-66888
19885
-6192
-91195
-49317
-14389
71702
26172
51758
40563
-3603
-58234
91053
-66842
-17876
-75362
16760
-49271
-96516
89671
-40010
79832
32587
50073
-86891
81547
-21031
36908
-41744
-54652
-92496
-29281
16522
-10511
-30032
-79290
-31625
49732
11656
-31506
97946
-15028
16833
37261
41097
92720
-2316
44235
76941
-77048
74396
76839
-32315
36568
27014
-96120
-2903
18218
63909
-48799
60140
-14329
81154
-32769
-93829
71186
9936
52466
60451
-90816
19869
29397
13135
-59017
-78811
17980
59822
98114
-57407
-46406
-85645
-62417
-71299
27404
-20042
9926
31879
29350
84920
-58778
18434
-65321
48260
7741
18938
-81317
-84304
-48605
-77069
80125
1795
78484
8090
16231
-52368
-68792
-55331
58056
-1983
-71951
-53674
-75104
-48241
-47855
63650
8491
90989
-2635
53840
-11865
73445
-53231
-11979
33220
-50982
33017
68893
-85272
92685
-27270
-80164
34332
50043
44051
84482
60374
-7454
2003
41516
22883
-43484
-28656
-97993
945
-44731
-91327
26896
-20618
57551
17145
-96473
56577
-96491
-57792
-90110
-3685
-69356
-34224
-48210
68889
-70475
1065
-50800
79809
-80978
85393
-93735
6039
25225
-39764
35992
-75581
-13123
-10893
-3607
-10208
88824
22868
-34485
-2397
-24130
-18713
55440
23462
94059
60808
-9043
20240
-35052
62997
-81999
21795
-17524
-6075
-36077
-72798
-23742
-37341
-66717
92381
-83384
76070
66531
60315
69806
55151
-67153
-11550
-84915
-70881
62167
-40923
-81120
25938
-47347
-62453
72652
29819
41082
-84840
-9408
38940
2859
-24774
-81225
1315
42216
93298
57306
48860
33765
96541
-95997
42647
-94830
69918
-39651
85655
-32883
-30038
-72025
96180
-56393
39344
61207
22734
61668
-13085
-57765
33646
-18580
-45659
28474
62586
49374
96914
90201
-12011
39253
86053
2266
63057
-23454
-44469
70943
-79982
10408
37634
-89171
96128
-94713
15918
31659
-17624
-90960
-47496
48201
78384
-78888
26211
-21123
-87947
-42872
-52691
92968
18691
94864
88862
-98025
-31952
-74212
-70800
92774
-68139
-62882
-20134
-36352
-35094
84267
29499
42305
62077
-20062
-2144
38588
94159
32711
-52302
-49192
-50165
93422
-47937
82133
-62876
43410
-19357
-53523
29001
-56827
-91822
89877
95560
24770
91525
62114
-31748
-4194
-35713
12681
-35148
13725
-2757
-71617
27106
-78815
-66956
8319
2429
-15555
-82352
-15382
14964
73896
93674
-61880
-23794
72269
-2821
78764
-10077
68095
36964
-72714
34800
-83318
53850
-77838
44123
45989
71982
21918
58180
-50941
-37256
-5174
29188
-57592
-90721
-23529
-6971
59033
-49592
-54431
-8450
37324
33369
22649
-17335
-31041
10153
45963
-33438
516
53766
-26849
-48066
93818
-82846
-54789
-17978
94455
-49510
52133
21870
-98847
2660
95045
-23753
732
-50539
22569
27837
21661
-10611
-73821
77181
-90723
-37568
62349
39911
23594
90337
-63763
-11236
-36904
-13204
66227
-46395
-47532
48400
15455
6031
-75368
53816
767
-34618
-73350
-50059
21526
70733
23136
-38454
-6567
-45512
-52274
-96109
83026
-93370
-59616
-2286
37736
-99458
10835
-30121
27830
38116
-58499
-13044
-56105
81560
-4323
-18021
-82877
30092
-33587
-69188
41746
74144
61012
26334
76768
-81892
25560
13809
-96182
77641
-55888
20750
84756
-88084
88920
-17404
29804
93216
-42690
19136
90121
-50481
-47751
80728
41838
1357
61337
-41164
-58677
-31023
-71143
17881
16194
93584
-54927
-8237
92743
35256
-71544
8063
36000
-21114
32135
11762
-72308
16196
-75383
1546
-27904
-24413
40750
58447
-6580
-59792
-89393
-55228
16413
65334
-90101
-74992
-35877
-76815
-76864
81604
97650
-57302
-87914
10249
-53649
24564
50869
81959
69440
-36415
28311
46004
64670
-18719
71607
77143
46278
24153
-77591
8312
-19998
86044
15235
-90554
47879
4264
-31751
62180
10648
-13504
-697
-48783
-60985
6529
-64441
79858
7035
-33820
50018
-41698
62222
76495
-13213
14278
-98515
-27368
-9177
46112
-63965
-49961
-7055
72623
91055
-40154
49242
-34224
-64495
91384
-79387
-350
72164
7315
-12240
-51821
14117
70763
-93241
81092
-21487
90396
55763
88856
58797
-26748
-44048
98334
-7905
43388
-98468
-43816
-61062
-97359
-32053
-17688
58647
96866
-20265
5142
53406
-97608
70100
5504
-23516
-56259
-8958
-8865
-9938
-13830
-96165
54705
7252
-29902
-98483
-87543
33153
29812
-19646
-16721
15895
35873
75034
-63691
-63377
33787
80570
84631
-50178
91493
-75266
25934
83795
-52163
12682
40945
78652
52306
-5250
12424
94217
11652
-9401
83503
-47640
26039
-68206
-8732
43823
-8589
-99556
29229
2809
-95972
34790
89577
41191
15176
92996
41905
61256
-60670
-97773
56554
-21741
-65829
-49014
-67798
-45999
5031
77866
17284
-22632
-51237
-91185
-65614
85745
86785
8105
-87714
22427
73941
-2364
86157
-55767
-99520
-89534
-71320
30726
-18
-661
12392
16985
-11506
62939
-85410
-56381
82725
69594
-49123
-4859
-57968
11400
-57979
-61185
-92332
-85385
-11988
41107
-58653
-43117
-2198
-25944
41326
69884
35265
80715
-95327
51252
-53337
13871
-94976
53044
-93966
-87083
-74404
-29351
-5089
74055
8177
66492
46463
-72322
-67681
-27233
30975
-50461
31875
-73342
-2094
-75982
-49742
-16938
83005
-3269
-17518
-14711
-44673
-20733
95508
-25152
83034
14343
86161
16547
5954
-48160
18112
35409
14049
76994
-28718
62388
-10811
-68258
39338
95664
-16473
-31896
-47492
-65227
-66599
38131
31105
42037
-13813
76215
-52076
-97297
-64327
-98123
-16724
73832
41525
-29967
17911
51771
79308
-60322
-26801
-74872
-34728
-42152
62171
-50168
-20510
-70581
-23547
-60543
38129
-43471
-64045
69396
-27853
56120
51557
-22732
27847
85441
-77558
82929
-5979
-36347
4350
-22158
1323
-82542
-1020
-32510
-25979
-95053
-26980
-84415
-35465
-1490
84962
-61573
-97590
96231
18115
-75115
88017
3362
77404
33379
-9066
-95130
98736
-67369
9702
-8004
-62714
-47531
8246
33111
-12259
-61471
16433
-27443
14861
5626
-80673
-67708
-59012
84224
-78413
33064
27641
-45680
-85967
54872
2872
89264
-11334
81312
53163
-41882
-26635
-49887
-94855
97699
-73764
19277
-48867
-74851
-28768
54799
39134
84794
4730
67911
-93786
-62744
-36848
-99021
68162
42377
-79808
46185
98677
3084
40139
-23360
2745
-71849
60449
-69681
-44653
-6880
83141
-94003
-49070
-72229
70748
52184
-42013
-58291
8728
15953
60308
-95424
61627
-33820
-22045
-22577
-54006
-31707
-62142
60321
23505
17814
47018
-64078
-74867
-67579
-75303
-32819
84921
-93998
16170
-83882
35960
80591
-44593
13187
-78885
58112
27373
83627
69328
-35583
86035
-39561
-3864
62663
-16680
-70219
-6589
-38338
59473
50891
72219
-22062
-31060
99400
40361
-1462
58349
75094
45367
-79154
-36350
11212
6211
80905
-53180
23392
-12659
-76439
-61235
-11462
79358
-74685
92848
-66397
89653
-66732
-69607
-35492
83374
-669
-64894
-90549
89617
5762
-38193
-47984
-55403
48626
21192
23286
77327
1702
-63888
-65146
-4197
-98976
52166
16629
-41051
-28552
-745
-74563
35285
-197
54206
18121
-53675
71600
-52742
-90295
-38848
81398
-82838
61478
-36952
-62903
50215
80655
87556
49443
21118
66418
32564
-59969
28105
-84729
6963
-28359
50793
-8314
-7848
24849
-13727
-81351
11977
78926
-12334
-58388
-52099
18623
-15921
59712
78123
-68580
16988
-29729
52436
-31028
57160
-63287
-3606
75392
-21916
56973
-34404
89276
9567
74324
-90113
-58250
-86529
-78376
67930
-26537
26366
-35726
6606
8734
-53441
88976
-83488
-49372
-55125
-70396
49189
22842
2605
34042
2249
-45778
-85114
84674
-41925
26989
-84083
-37365
-13512
91458
-72633
-33551
63411
87164
-11106
80493
-95650
97198
-958
99179
-50664
-98672
87321
-30983
83827
-23869
52452
79451
32224
88690
33007
-58757
-97478
-72108
22644
25085
33771
2637
-19442
-67919
-80129
34548
98325
-29150
48771
73200
26586
-17141
23449
63547
40192
93289
-64804
64457
-16779
-19732
49898
-10815
-55092
-53625
-43054
-82006
97913
-50137
86043
21729
25896
60800
85487
39750
26554
51010
93731
695
-51875
2667
-29148
-12428
61702
1846
23295
12898
-25650
-5583
-46452
44331
-73690
58092
15672
35394
38008
33805
-4050
-66428
41244
-73151
70818
28730
-26764
-80627
-32582
-58117
29989
93762
21849
-81809
78194
62927
-58296
-86994
70838
-65424
-64573
-64122
-73602
45444
71454
36059
-69503
68157
37906
-20375
-31811
90289
-49432
-59802
26543
75021
91521
-44221
-50515
-28440
64127
-4656
87908
48821
81428
84159
43882
34515
-86683
6528
24319
-92225
-92390
4044
14949
6889
-16187
-58114
2713
-35164
-42260
90203
54253
12790
-88395
-43982
-97533
89295
78125
-42849
-48088
-44969
-39244
-82903
-39478
-58208
-3063
-92661
-90345
-10117
9006
31056
91252
-30874
-46280
43543
-58473
84515
-84491
29750
-66558
30564
86265
-93445
-29475
-60447
-81465
-87538
-8018
98508
-96615
-56462
71543
-22180
-92787
44970
-51028
79430
-91540
-9224
-66161
-73461
-43113
95552
41066
-32150
10704
45772
-7768
-25099
57634
-11287
-44655
-72703
80110
23342
-77663
-85385
28180
-13540
97987
87495
-38854
-46303
-9425
-74883
32636
75511
32221
42091
28016
81770
95780
94150
-32748
80182
-2188
-31795
48215
-48178
55340
-10972
6656
-80711
-96999
-1
-44225
-74665
-50676
-68807
79951
-46014
20055
-44283
-956
81488
-51612
-68677
23030
11444
-9551
82772
-7030
30916
87148
4145
-84198
-79019
41894
-94955
1664
-5950
-36041
71796
68484
-79348
-6417
-62493
93983
36891
244
-42578
37868
-75037
-50755
-13048
-19862
-12446
-59990
55453
61744
71237
38525
5380
-86930
65578
-72583
27152
-47461
-71423
80917
-78650
-60288
-74101
25693
-96664
-81695
45444
39462
-45392
70211
-57698
-49940
93784
-68961
-35102
-7734
57430
17185
-19141
-49516
-47386
84061
59214
27732
49599
27151
-58367
-54624
-6937
34765
82781
-82987
-84894
40715
59790
59122
-38330
-60213
84167
-67309
66090
-63137
67906
21255
47485
-32868
-69403
-40751
22322
1245
15681
-61960
-47399
80177
-33037
73931
40521
-44638
93293
-33419
-90246
-16157
63119
34232
-50065
-47339
-57681
31753
63376
21942
-97288
-38584
78229
66214
-97618
-1637
51103
-2857
80015
-21018
55137
-64367
-3179
-44951
-69189
10400
31513
4917
75687
11995
24721
-16820
33484
-68527
69690
-17580
9648
-5231
55761
-93320
40459
17110
-41478
49116
76022
30541
-4860
32250
-14398
36805
8772
43166
-99930
-17550
-54435
14010
-60912
-96674
-73310
-82137
-39460
77357
-82030
98873
-3678
-88245
-85438
30205
-16150
91636
4056
-25647
-28678
56607
17075
-10720
9616
-7928
-88856
-17095
78444
-13543
95400
-36340
-71803
14452
-56963
-21248
10651
-70241
11251
72307
-98580
83085
-80813
-62001
95936
-62907
-96502
32710
-71713
-47183
45225
-72342
17123
-3322
-65594
6698
74600
60938
29247
-44243
24287
44039
-75809
-57596
-46206
28554
68888
98768
-75038
-2024
59248
42288
92252
-45394
19129
60580
-88406
-27276
86328
-49853
76373
-84227
-26328
-32619
-20472
-81667
-10985
-20402
-4736
-84216
-70355
92840
-2848
-18045
31244
-31205
90978
64681
62675
99580
99495
-79044
32701
54959
93358
36230
-35225
12554
-48285
78730
-14929
64776
88975
-67636
-36616
22055
12910
26682
94281
-62561
-162
76022
-40555
88319
66931
66113
-51755
-35675
35879
-97403
-48366
54617
-64209
-95041
67327
-11641
56809
53255
67138
47383
89265
97853
86931
-82069
73618
73426
81149
63604
-7463
-79504
29442
-64079
80454
-83385
38300
28038
9244
89781
-34339
-12619
21848
16913
33847
27579
30782
46549
-48488
39305
-41650
-90459
18158
97309
-51178
30912
15048
-76611
9249
5826
58781
53712
717
-22381
81893
-6823
14266
72880
38373
-13872
17758
16916
62856
-61857
83830
-93694
42281
27126
-92201
-85518
-98002
-84149
90339
-61547
-57842
-49423
-34858
-92921
-15758
39188
-45120
-77807
-31943
-46705
40013
26967
-88170
-98710
-14336
16740
-75500
62003
13630
-77936
-93318
-98377
-87865
-68148
-33910
-64162
45567
-9014
-50845
-16480
-67670
3723
-45498
96552
-75785
-11066
14389
64835
-1613
-87694
89271
60805
-4770
85425
24441
33592
-48613
-9703
-14961
-43838
-30016
74335
-66665
45522
51854
-1246
85502
-66746
-24070
-85742
18972
-45667
97130
71931
-45189
74900
-89605
76146
47029
-39521
-25281
-49318
49787
82821
-61180
-98541
-974
9048
90383
-1727
37367
-42544
-82840
1588
-83068
-94716
-14001
-5639
-52374
-41404
-69492
82236
-91714
-88619
87204
-63208
-72624
-23670
-13016
60285
-31338
-88389
-46809
-23235
54312
49829
85059
-21901
-56091
3358
-17887
52112
44211
65395
-518
-86845
-80541
-96160
19023
-79484
39474
20394
-7431
39358
40363
-40163
28446
94935
-58453
14686
-51712
-25507
39165
48428
-36625
-41394
36131
95095
73183
17092
39094
-64612
-32300
76731
17188
-76099
59961
88321
-21607
80570
58512
14905
16377
-39730
8516
6347
44553
64456
-22181
57131
12141
-83997
88775
14405
8652
-74811
-91685
-1790
-99952
-19375
81051
-37446
72009
-70743
-95060
17974
369
-91645
11114
-60320
41098
18470
-2727
-47734
-52252
30914
-42573
-54185
-28998
-39318
-20577
65738
92540
48111
94659
-95127
21224
-25638
61616
71309
-30063
71749
49532
14857
13826
41046
-57363
78133
-91652
24089
-879
74966
40666
13241
62763
81771
49046
-39077
-83320
3606
-92572
56024
90671
7333
-75972
-69291
83382
-49475
61877
-32064
-26127
-74846
-39283
36776
-77050
76709
-14907
-11783
-96740
3115
26089
-9133
-60366
-82603
47469
26119
-4148
13457
82035
19374
-20025
2301
34730
-13211
7822
69939
-11120
71528
2021
17653
19223
-30134
42851
-40202
71270
-33650
-32451
-30525
-54410
-34330
52220
-33139
-36707
55173
61392
-93741
45800
60387
84351
-28368
-42400
-69235
-75722
-75074
1007
-20443
47168
93542
36061
-35267
-11948
-14522
25971
34060
-88760
-30723
-96320
83275
36836
-34666
-22727
-37393
42770
-63666
5115
72131
-94863
59779
-42707
-27423
73032
31932
-44095
7949
47383
54607
65241
6381
56393
65203
-9466
84585
-60025
8611
-50197
-97701
-57370
-68310
34240
-11597
49536
-59375
36723
78634
-54368
-82589
15528
-1119
-33193
81754
67425
-59946
30315
59944
69241
-79039
-82065
-30173
28555
-44591
-85714
42061
71664
88510
-66047
99839
27428
-79349
45184
40946
79946
13338
65365
26794
-95546
82795
72492
70656
89864
-26061
6727
63178
-13783
-36715
40493
-52055
-41555
29119
-2046
10094
553
49956
-86542
66089
95230
66385
64775
7760
-67325
-62418
-44709
-41527
-19711
43796
-12121
31573
50903
80645
-64839
-15912
7166
-57396
-58556
98697
59175
-8206
-63727
55090
32001
69146
10516
33700
-28522
97466
80473
-5829
82645
17462
20253
-50679
20458
-15909
-51206
19170
94665
-1164
-98374
45188
66570
42508
-70580
-31328
-84625
64578
34259
76041
79745
33858
-59492
-39816
-57513
-77083
63592
-23302
66616
-96729
77096
65207
-95272
20673
25223
-97377
-93313
-75165
52449
-91726
13191
-37488
-51055
-19668
78020
61781
5479
-70964
52798
-77657
31929
16768
37529
-59176
46352
-80209
-30762
-44298
2692
-77790
-7950
-16576
-59166
-46384
-50964
18118
-77239
-30908
-45148
-98020
-88108
-38355
-67809
-57542
-6095
46210
7911
99571
-2288
-95920
14991
-73776
3832
22689
15189
7881
59443
-44726
-65312
-45857
-98582
54610
79016
5849
90251
57978
39988
-75367
-76890
34286
-83201
-64423
25239
49542
63220
-71928
44126
76473
6425
-2245
-77237
-31649
-72888
-14382
-58220
89952
4759
-66904
-39735
-38465
76121
81910
82718
22141
3262
-51195
-99609
90539
-35691
-49459
6179
-22065
47474
36783
69679
69362
68395
22796
-78628
38405
75772
-3392
-44838
36013
27082
-70273
29587
-52942
-58171
-7094
95828
-38977
65574
35085
-5594
-81001
-31592
-12328
-20549
72917
49267
83192
60932
48029
71971
4657
26399
-43547
-48729
-18341
93806
79642
15157
98839
18499
58288
-45764
41644
73271
-43255
-10047
8577
-93990
-20543
68779
-64647
-86524
-91436
80666
-68249
48266
79853
62577
32620
-9075
38859
-38860
74164
12972
2002
-29747
70089
-10279
-58324
-4695
-76270
-25783
-43814
-49345
94765
-49915
-70757
-40719
-19932
-674
1399
-80437
84558
-26115
51624
-92312
7621
33624
-10842
-16653
-96705
-72191
62030
24907
94923
1497
89006
-25152
-39318
-43423
-74641
67898
11464
7729
99551
-82950
33365
3713
-18853
95544
27205
-54876
12950
-48470
-22816
-60523
22920
-58650
6982
37354
-53003
11038
9859
7205
-93032
83339
95755
-10518
-81044
33637
2194
-374
-27752
-30002
-37174
-89731
-64139
-87858
-77190
-76305
87421
32185
-85384
-86671
7953
57773
57859
63888
32678
95608
-51649
-893
6670
59926
22733
5373
27103
-30121
30918
92963
7554
-85985
42837
16792
-47335
48904
29102
12787
-34674
8482
45807
36434
82805
65690
-32367
1672
-2339
77048
-66998
-16974
-94344
28418
-60285
67623
-51868
44414
25009
3661
-51755
79637
-58925
-74936
-63455
-58925
44038
49614
-3352
81995
-58872
-39146
-17890
28248
-889
15023
68919
-56898
88293
39405
67566
26222
14923
43582
-85775
-90584
82087
83930
5612
-52037
77187
95513
4528
-84760
19843
-37794
-90816
-26331
-71621
-42511
86328
82429
-15253
-40149
80091
64404
-63720
18890
5367
-59960
-37689
13093
88631
22708
52761
27641
67077
-49970
-87618
5729
-42279
-98896
64279
8676
-88989
-2124
22124
64936
59921
25016
87175
13637
72957
-191
68267
-87883
-24329
-1797
-18060
99431
26666
-34
-66548
-45582
-26195
20461
-56953
-82905
86568
-71592
-29156
94655
-23391
-26110
-14655
-66509
-34270
23069
-87390
-82773
-81335
496
56829
-28466
-11924
24954
50781
-59272
-43226
-77839
-48144
-48182
-46141
80291
-47481
-19110
-76476
72446
-70997
-80437
-56433
-43349
-63274
-89864
90550
13908
-96619
-17270
70178
47046
-23816
-12311
98459
32818
-65294
-30577
-2441
87758
80724
88888
-80034
-91559
15585
-12490
19382
-87429
40909
-66847
-99857
35594
97687
17771
-39188
46633
8640
66129
20044
-19509
-91290
-7891
30165
88917
-67966
60200
-33347
32482
65658
-90930
96980
-22624
60708
53114
33745
97175
-487
98224
-13385
49418
-143
30601
-10525
-12234
-36000
-5111
-57035
1783
53164
-5556
12889
-10102
59082
3295
75121
76013
91413
53740
74080
-33565
-48278
83277
-95434
88212
38946
-71487
20787
-51568
-22227
-92100
13498
92788
-53177
58200
60436
-61851
-14758
52522
-92131
-45382
-52816
56496
34511
42230
-70509
69350
-76824
-9422
57476
7863
4219
6745
65172
-34927
-26543
86349
-69279
-12143
51897
65064
23664
-98339
96371
45469
-33244
55249
93557
64124
-70183
39249
44504
-86124
37536
-91202
8226
-75278
11671
-24636
50224
-40376
-84061
-71537
27520
-61718
19341
96605
38041
56497
-55562
-29137
-75689
-89982
-34696
-26407
90583
72873
74139
33465
-76037
-23842
78385
-33852
86618
-57046
-71025
-15812
-40185
-68637
50344
-16578
53820
-6701
-68665
-70025
-42524
69111
-77336
-31369
63234
31011
90548
58205
19009
-36285
-65512
-79310
-55976
-26436
-81151
-17454
-12199
-58128
-22730
-77819
-32233
64289
-75951
-38611
62962
-59347
-50725
-74537
-80831
-78857
-25661
-27533
-49766
18150
94267
-80159
-74048
-15033
46000
39393
-57622
-75058
68836
-29907
74732
-38022
93993
35875
-507
90966
57019
-25319
88260
9499
38459
-17003
21719
-90317
14084
36821
-67215
-26920
32684
44232
83927
-78117
28185
26784
34120
-52095
-51267
-1921
-71353
17224
25391
-12914
96006
-94841
63655
-39827
-18511
-93645
-29482
516
30803
30078
86560
43576
88425
-22695
-86089
86714
47298
-74406
-95915
-60743
-81969
-99911
-80875
28087
10573
28789
49583
-41479
79499
40596
-17905
32728
81818
-40889
-89136
19765
75793
-63573
65434
22474
22650
-78868
26004
-4645
413
-81788
-20152
-81397
-7962
45474
-41709
47498
83381
-73819
69573
-26132
-34557
-5881
-54821
82197
-86484
-71145
-87658
67665
67165
-42722
43831
81152
-92006
-10269
88794
25390
-88148
22027
37932
-75967
17574
53272
54923
-98037
-77805
27666
95609
23680
-86146
-94397
-57925
-72319
-68450
39131
31764
-90793
83611
-49676
2137
42043
37761
-34064
82161
-38639
-1536
-16513
-72213
91957
-26339
62781
84540
54766
-99271
78072
-49965
77568
42684
-113
90907
17950
98014
24245
92877
-42821
41106
-18667
-23506
66177
-75569
-18608
-59668
95131
1852
42658
86865
-70803
78903
78306
930
-61597
-85310
-12632
34903
50279
-82102
-34039
-17738
-51220
39766
-27715
86926
-98584
52296
25058
-81971
79198
79891
-36519
-92226
69913
65850
9102
31331
42933
-95808
-74794
25067
21334
84978
-20687
-34671
-99332
74509
-42642
-33711
2671
-4851
21998
53702
31764
87379
51968
36581
71778
81458
67244
-68208
93550
-17258
95243
74008
30242
-7215
37331
82770
73612
-94205
-40015
-61740
9426
25382
58063
27149
4100
-44172
-85771
70206
-15350
-71947
-72245
-70951
19004
-73368
-64707
29172
2897
-55795
-68105
86442
-28754
-42547
-46640
-62257
-35040
-92409
-10685
-66099
-50843
3960
-57321
98079
-36187
25094
-89951
874
-47170
72233
56608
-653
-54596
3127
86086
-48191
50792
87306
85142
-16176
-25545
-77552
28456
79087
80484
33646
38730
3639
46680
-83247
97409
89768
33092
-47340
-99667
-65183
-62575
-5881
12874
4476
64303
88034
-58414
84676
96714
98118
91328
13971
-98085
-50196
65840
-93299
10971
-86036
13027
-34701
50706
-94548
41054
1956
-36339
-76061
5553
-69322
-30291
-11383
-50859
66029
-55588
-27683
20015
-63914
-54501
28498
2865
-53757
-36169
24983
-49568
-90396
90778
98178
-69648
-15363
37374
57624
-43445
-58487
27260
-33541
-55952
-81557
-20157
98289
9912
27469
-6876
-7667
-4427
32472
-71863
-2180
9971
23054
77830
-3346
-59872
-80569
57416
-99234
-39672
43782
-78039
80896
-49352
-73801
25702
87686
92164
-31161
91176
-77872
-61787
48928
-29506
45294
-6022
97472
-28500
-94254
47791
3317
-96227
69783
-51013
-18569
-5325
-90456
-5565
96929
-55169
-20594
38108
-23603
83916
62682
-68818
-79092
89174
67819
14259
16575
58840
59869
39583
16662
-20925
22095
36442
-97246
44618
64718
-98775
35864
75802
34723
-7190
676
-32409
-36939
94846
84263
-75742
-88547
-59839
52111
-19897
65861
-83532
45906
-28846
3259
-63364
45255
-87791
49432
-80189
-36575
98773
4423
-86467
-98360
-17854
24628
85381
20886
97414
65299
-92315
-10261
66918
10570
-10827
18221
32756
-37188
83162
-98337
-17443
-28045
81776
-40035
63263
50921
38850
42097
-27561
-2829
-12490
70677
-77576
-16501
88582
28038
18904
49848
-47895
51650
35620
-35428
90128
44574
-65164
-78950
13259
-97403
42682
-36702
-76788
76497
659
-54502
17924
41151
-97984
40362
-30294
-32941
56878
-67484
66458
-61881
18993
78095
-166
-92303
-40113
12687
-58569
-23312
-52551
62706
26062
-70126
-70955
87513
11686
21318
86390
-4031
34939
89336
-93075
32557
-66218
81039
-56327
43634
89943
12927
-53223
-66146
-23979
8651
-36029
-39802
82652
2267
-37715
-76501
-62059
-56459
-89080
-79096
32387
65883
-35572
78459
-84759
-61951
-43282
1805
65098
71722
12591
-32992
-67256
22558
-98738
-45900
-95250
-71158
52830
-84458
-77111
50740
-7438
-34971
-59087
-60648
70900
-31614
-60699
-73756
48853
46035
-63980
27533
23454
-25804
15096
-30580
-29659
23292
69789
37497
80092
2471
-72960
87106
61700
99685
-48174
39624
-73985
39870
-19428
-47402
-76862
-52640
85500
-80578
30569
-18169
-68339
76498
-39708
77895
-11803
50556
15503
-70151
-84233
-2437
19488
46976
28057
28666
-94535
31863
7777
-22001
95902
46840
-18840
-20531
31680
-75253
12912
10246
-74504
69354
-43422
-22112
19279
23150
44528
-6830
-22534
-78249
61529
64380
-58589
88636
97355
-94687
88418
84941
-13726
-30910
52107
34498
20110
40471
16288
89891
-27885
23340
-45529
-25550
16171
-25449
-95337
-79752
-21626
40402
-10900
-77525
76017
-2759
-89766
-13767
-12012
66593
50333
-27213
-25194
-49262
60143
-42855
-35557
47715
-45549
-87298
-5843
-83727
45519
-87144
-8712
-89285
48246
73382
76207
-40547
-70493
-46914
-51315
47783
-35710
-51214
68662
-89382
38088
-66210
-24132
93374
72899
-91631
-80707
15267
-15861
-7466
-41303
46130
-74152
-96866
-37215
-48978
-36562
71243
73211
89037
499
-80741
-59550
76461
29729
-52369
93594
92405
63574
94647
-13598
3913
69512
67325
18610
25833
32215
76810
-96348
89255
-45573
16568
-28881
79299
81628
-22378
-95666
16292
67137
-51791
90879
63989
74464
-29755
23207
-36966
1171
-71296
-26734
-92146
43116
-47825
-41511
-82725
32543
-50488
-50083
79732
90910
-65070
-35345
49394
30402
24821
-9518
25897
-11612
-28454
3032
-82841
92876
10558
-34520
53129
83969
13273
11297
-28167
-67649
92453
-12455
68167
135
-12531
10111
33827
67280
-76301
72478
98421
-34661
-91170
-27006
22617
-50204
-42561
61941
91962
57396
32542
70818
79882
-1708
-60890
33243
-71909
-4964
-68151
-2634
17373
88361
-30191
-1966
-23180
29932
57221
-25609
73333
98655
-34380
-97828
9022
-93356
27360
99970
60079
-60890
-54774
-74115
82377
31504
-86889
-558
-91295
-89764
62684
16892
96640
-41677
-90485
68233
-94438
14099
-81991
930
-52950
25312
-10805
7463
-25050
43857
73149
16696
-48988
99915
-39730
-55279
95753
94155
71051
-68723
-63511
19964
-30921
-22261
22785
63720
-86380
-60242
55052
-9653
-83567
20926
14981
-19581
-38128
-50964
-48198
14948
-93229
-78606
98314
85545
-82302
37913
84411
-53435
43099
-92780
15098
43607
-44298
-52918
87920
-27973
-48972
37297
-52227
-93508
3268
-24682
-39789
96232
68113
-19079
-69774
49597
-51316
-8172
-62021
44159
50065
-32644
-86284
-22165
-64456
-48671
-96937
62917
-20293
-94544
26583
84558
-10113
35607
-27856
51282
83329
-87640
51049
96605
53598
24919
46889
26766
-71106
-33699
45235
-50877
-12577
-4481
57472
74484
-11718
36649
28856
-98276
-53805
-91660
27532
49425
11426
54727
59635
-68107
74329
40281
27454
-85819
-78318
31892
-50150
-36274
-2153
-70955
-26462
-53824
73101
37776
82207
48475
48765
19537
-90339
62150
-16640
-69795
2794
-79426
76103
85751
4974
-27669
11013
72894
47202
23311
56953
-68428
7214
-27049
-69029
-28839
-87901
-52908
-60830
25014
-33902
46787
-56208
27317
49671
-37560
34971
69229
71781
73594
75673
-4996
-52577
-33193
96839
56973
-15151
1496
32534
-97542
-96071
38176
-38189
-12533
-79915
-70002
74321
-11685
-51623
-911
9140
54555
-91443
27227
-34595
19952
65217
-95410
-7699
70392
-10194
41492
-46280
-87382
50731
-18517
32136
-77605
-45560
26076
-17717
87517
-14837
73900
31450
-67902
81540
-37908
-77530
53182
45647
-70997
35201
32299
-70362
66572
-78714
-69467
-33568
-30798
-72089
91093
37066
77975
-3183
87372
161
32252
-71554
53317
-47895
-57285
-21674
269
12652
-65736
8195
90686
26066
77942
58000
-38938
8474
-69370
42556
-48441
19891
-72551
68769
99064
-78919
-69385
-81668
-83863
20815
-87992
69081
-78780
-17515
86096
14492
-41426
70
-41928
-81491
-6548
-20815
-92025
50881
69923
83474
-59984
-65534
-10312
41997
-48060
95835
-69098
10310
75208
-95327
-33459
-90849
-47199
-93919
-65769
-59825
98412
35458
-13641
81883
58538
38807
-17029
22516
-90856
31428
16800
-210
-71651
35785
-28972
-89768
27037
12144
-60714
76988
-71509
-39281
-67398
-80268
5915
-51781
-81592
69543
-16332
89737
46980
2719
-96123
94466
-13559
3592
-45873
-54686
-71601
46728
-81953
90573
90251
33077
-78657
-37809
95541
-9417
-37374
-18610
32165
-14276
-39234
-94641
-27177
-92847
-74985
-7391
92174
-30428
92277
-52567
39636
99987
-39145
4043
48222
-69648
-4031
-3917
-60530
-28716
-19055
-6787
-71405
25244
83760
58503
-48916
-60155
-925
80848
31881
88992
38913
-12851
-49134
62002
67519
-91384
83457
88170
25383
-7819
-26326
21503
34920
-14253
67227
86182
-634
-18821
79134
2861
-28686
35145
37339
-90249
37236
91108
-68390
61140
67268
-64021
-29017
-27844
-23175
28349
6606
3113
-45607
47653
-96378
-10802
23247
91425
-93462
91255
-7302
-59699
-63326
69438
-98207
24753
-63904
-23577
83013
66532
-39994
15193
57679
-22437
-69658
38906
-32727
59729
10913
-7643
-55447
29909
46064
-40950
-95065
-68565
-66047
43043
87471
-48864
51449
66575
-366
94318
-89704
56717
49559
78215
-12357
27670
83919
-70847
-36038
-23978
-1274
-1249
63665
-99703
-27755
-93768
48860
76527
10069
74119
60572
-4501
52654
-7922
-3178
-30850
-59187
615
31675
70170
-48972
-12696
33954
26982
62827
27890
-56688
79694
42068
-94441
77658
18755
10780
-66395
-57822
80662
-41458
-64301
-77827
-54868
-4287
-72889
-51339
-94241
-66510
96898
8938
94130
24556
-45591
72979
-29906
-67101
9969
-70622
-92515
53537
6117
-3194
85666
-17512
67863
-886
-30733
81110
76449
85402
26101
98198
-65770
-76762
77683
-56014
-29557
-35745
62778
93878
-25413
-33953
-16365
53265
95067
-25819
25565
-65627
97275
57405
5319
-11011
-68715
-75841
-34392
12766
-45194
6766
-99013
-59402
9606
69184
-85446
26673
10230
17597
16533
-69269
61444
67584
-10993
24000
-39314
62554
18742
-11138
-3471
34134
-51971
22588
-92612
89944
44407
26564
-79498
-44449
19314
-67861
13865
90601
53230
-59390
25929
-85130
-38855
42149
96677
1444
85416
22256
39017
87929
84020
-92910
-24755
-61184
98926
-75079
37534
22218
79008
-81811
-11929
-24107
-60926
59513
-36100
78923
-3114
-25277
91746
-81631
92320
96509
-93410
94816
49605
-5452
-4583
78721
-92096
63494
96556
18032
-46405
28529
70734
-49229
89552
-60666
90263
87012
-85989
66044
-3728
13914
38459
-17056
-95718
-35610
45414
68970
-15721
58553
75558
-15060
-69448
-85725
24052
-59293
94596
14070
24239
-91792
-7230
-75895
-1543
-64416
-53276
65368
-22289
6247
9680
-36791
-5822
59372
21516
70090
-8841
7358
-88891
40597
51639
-99548
-92357
1941
-92973
-94127
-58803
91363
92377
71030
-37284
-29207
-4468
80242
35295
-30745
-46462
-26715
67523
-90860
74463
-7262
87420
61980
45865
24514
60589
-12024
-68343
55893
12656
6332
53213
-29260
-58430
-76391
-85508
-83342
77326
-35645
10119
20529
30292
73724
67944
-86704
18550
52527
-47702
18114
77407
13641
-60107
-16070
-28208
-5822
-97564
89922
-65591
-41990
68741
-23573
-30320
43134
-48404
-71201
-57055
-21911
-16460
-18222
77682
97063
-46060
-32297
-84575
-59243
44377
-31089
14268
-20412
-7483
-8388
-75539
79453
23748
-9036
-512
78878
-42361
19568
50515
-55294
97600
55620
90905
-49409
-91976
14825
-62966
18601
12816
92726
-15573
-23052
44754
-82194
-28427
73879
97907
-34318
18149
45259
-87321
37207
41759
-83086
76065
-96238
-2817
66517
19430
79632
-90370
-39354
-55283
-70430
-24450
76964
-42539
74710
-42893
-52419
61090
38177
34605
96846
-21290
6648
-55354
33317
-90936
55869
34724
2408
49700
58710
59179
-88914
-6497
-89702
58370
80074
-24747
65829
-22015
-38231
89280
-36277
-38796
-56431
7511
39785
12622
-25079
48129
93335
-82130
60248
-12300
21497
19590
56741
-69585
78645
-18130
89853
-25456
74879
70660
-7628
-84462
95247
-24387
-61854
79783
36981
-1971
-94193
31854
29379
-32081
13545
-46575
42600
-75951
60337
-70850
75932
7712
-60617
-55808
-53705
9003
10618
54841
-71971
822
-69711
-54338
99156
97502
98663
58255
54198
-86557
-85695
-590
5441
-47657
-98789
-9493
-50548
80354
52497
-54631
12437
-81041
-56678
92271
-9419
-91977
5902
93710
18292
-17816
-64312
14908
-4423
-79567
-29146
-98044
-11686
27245
-53075
81642
69010
20329
9162
79176
-816
47700
-66317
-4855
-26452
-41150
69996
-79167
77940
-72547
8166
62248
-29403
-30616
-38463
-68366
-19914
-14735
-89870
-83252
-54003
-7661
26432
-22668
-1963
10213
-9367
92597
-97497
-67773
44257
-11522
869
-98633
-65862
-27170
-26778
-62397
-34465
74847
13003
89805
-96134
74364
-75472
59047
-36618
-74112
75774
-49157
