5900
13031
62206
-41993
52410
22817
-70071
-47962
57712
-88847
20654
-25912
-61791
42736
13325
-97700
-67719
-93610
-745
-16005
11759
29691
-32274
-22802
30386
10298
-32231
-68518
-59407
-82446
-63520
50326
-29113
-69594
52106
89309
-53374
-87740
35441
-82209
-67697
-40381
-64705
81138
63811
29029
60935
65190
90312
80156
-90942
49141
-50846
33737
-43420
-59815
-29987
-67425
-15462
-84168
28949
38566
-49181
-38021
-87711
75228
73992
82044
-2403
-46410
40825
41437
2003
-77116
3910
29558
17862
-3214
90806
-49818
-89190
61802
-24504
-8309
99619
41495
-252
26444
96904
-71227
-56068
6995
-27756
-66844
41956
-14120
-20199
48108
48331
8921
-13951
-65574
-95307
-96410
-13902
62808
99223
75736
72541
64506
22511
37346
-24028
20645
-47491
40575
25765
92874
-2655
52043
79144
-15408
67410
-85842
66017
-79216
93880
-78157
31585
79610
-11864
-35850
1376
-60268
-42375
-98884
24735
48483
-67001
38493
50237
-85406
57668
-92260
-21096
50031
-5130
-9193
48734
-89531
-87919
2201
-23505
-58076
-90383
-89267
61488
16717
-83405
-9650
22895
34409
-35087
85145
-17938
11018
-48743
-28252
718
42697
36138
60424
-93222
12877
19978
-65959
-3284
32237
58694
-44842
-85056
-17235
-73690
-21444
65555
-96283
-87380
45301
-10761
87936
48170
94382
-5258
88735
-13571
-28474
35104
-88995
-81175
64865
41524
60654
82578
38493
-63641
-81888
341
-65444
73939
25540
-46143
24320
10879
-23450
99701
-54730
-33017
-83401
7575
-89048
-44632
20876
1966
50134
94762
15359
-17187
50815
21546
33715
-11011
49337
-1917
-24522
11414
288
-78247
92479
-85703
81515
-62014
2710
-60804
-30182
-99568
-85293
65555
-35124
-85249
83774
52807
-85139
-42376
71765
78870
-89780
1024
-43667
57320
-40310
-9792
-49168
58281
-36242
38385
-87675
74567
-32234
-42845
30989
-2742
56392
94123
-55608
20554
91879
93927
-4200
93138
257
18671
-40546
17424
37061
55770
47041
24693
-31662
61674
43533
74351
20970
-57067
74551
20608
-63547
-69583
89279
-99077
32066
-67333
-75410
66779
-56840
70723
-32449
-41088
-57237
-93000
29978
6919
-77285
-18484
-11973
-96764
74998
-85245
-82703
-63777
-56147
-9634
33987
-69624
-96541
29790
-98003
-79208
-31998
-21705
-36792
-48570
50408
-94125
-37689
16962
-82369
72959
-74851
-36879
-74133
34806
33021
-44538
-15716
93064
-40647
-89671
42691
51175
10380
-5785
-21344
-93554
-39693
96710
10234
-69489
-38347
-69437
30696
43959
-75708
74298
-96883
-28449
-18436
32721
-74335
88658
-93688
60018
90409
16086
73188
18979
16265
46041
-40260
-8125
22960
-16647
-63885
-53085
46641
83760
50625
-5762
-99278
43867
10548
34135
81469
-25115
26327
-14226
-78220
51156
8432
-61922
-9823
39088
44194
86
-49045
-5685
72435
-82510
22821
-21966
-64728
-45515
6977
23087
-22387
85925
95586
95159
41617
72707
55695
48823
93197
34342
-91901
15478
32997
65459
-53279
-70490
-72121
-41349
-60284
94477
-77551
-94095
-32075
-45749
9487
92230
-15562
-79161
5538
-55965
-96773
65338
-54980
56258
-2120
-21801
30215
-27094
28885
-24490
58853
-47995
-60161
-59172
-81838
95455
-11688
43977
-21466
7485
-48626
-81891
38455
56152
-63415
4615
-49764
83893
-41666
-44340
-79476
11618
-29727
56081
26660
-23025
-64457
33029
2055
-57530
90569
11501
-63264
80456
40373
76045
63875
-85946
-35234
-93648
61041
64953
-70269
-55659
32442
63326
55277
85238
-76611
-61167
-47742
-20491
16971
68741
80567
-7322
-24406
43166
45027
-23949
-54219
-47189
-76818
36144
67681
65987
65192
-12996
47002
-37701
-87050
8080
-96309
-16127
-48921
-33049
42557
-63912
-83420
-61430
92631
75632
-2874
24631
19779
16993
-71806
49581
6129
-59580
59839
-77993
66101
-64914
59849
6546
83084
-58422
1309
89373
54396
-54894
-73372
-88996
41625
86826
60029
77769
22051
69913
-87693
-94344
-7731
-53084
43982
-76283
26521
-12919
-15995
-79780
7518
89685
82129
56420
-39316
-50014
-57764
38921
-98106
-93327
-77672
-70940
72206
3487
-17811
-47734
20606
72327
-68598
82926
33362
71413
12381
-82701
22916
45186
-42083
44498
35119
-65903
92804
-46619
-44971
39204
86683
89294
-85956
-21540
-96915
-25722
7603
74699
-8739
82822
5618
-49608
26388
-97973
-3873
98734
19090
69386
-59219
-23615
-60698
29808
79839
-96098
19960
-29868
21931
-39602
-61948
69308
85369
-80441
-68127
46345
-91894
-4689
-13697
72192
-34698
-84306
13296
-55243
-49267
-33298
49693
-62762
8031
-8526
-98983
-1839
25304
54352
-18094
-29597
23107
93516
-23133
16254
-69713
-88941
-22457
-27817
87727
-88815
-24023
23241
-21318
-19921
-24617
90793
80371
19500
-14636
67559
644
95447
58124
48093
-47645
-88346
-19742
-50313
85495
-95049
-75162
27200
98643
59936
-1118
-8059
-23264
93172
83091
-90393
91866
-6763
-3339
-67901
-74895
-72847
22903
25654
-881
-96869
-55282
55055
3641
94278
-71194
-86635
-40497
-1056
-35982
61297
56749
-8247
-924
50746
66484
-89234
-135
-49829
-34141
24326
83884
92003
53598
-11415
-33206
58153
31185
11400
8485
-95910
-65298
-14131
-32862
-88607
4690
57232
80366
-75215
18693
-91470
66061
33202
69408
-66662
13587
14597
79945
-6966
-98133
-3338
90074
-15203
-69804
30077
24737
71903
-66580
41393
22976
18441
79589
-12598
-15949
12311
-5036
-25775
39025
-92664
-5656
62054
-71124
20466
-13001
42926
-40141
31807
93556
54743
71991
18696
-39811
-60855
-11029
13388
-39215
77482
-34300
57548
-46945
35662
37856
-69561
55353
43002
88323
-7795
295
35347
74428
-76094
-15848
84200
-38682
81458
-204
13785
-52470
-88629
46925
-80990
-5598
47035
32883
27719
-40968
92519
-60314
95326
-4563
-63931
97446
27316
-20522
60182
27751
-4451
47873
86339
-25759
81820
-90603
-37293
-83069
40746
95831
-19321
16903
73575
88777
74259
57633
11674
94957
-32327
12625
-64345
-75225
13442
-50472
-45428
16704
-13284
-69881
14999
-46777
24331
-6926
44200
68178
-88883
-61244
-40866
99874
-9329
-2580
-71839
23396
8965
93429
83660
92884
35882
-94732
95221
80124
-61420
-742
-66854
58395
8690
-14935
7465
29601
-57626
57156
10604
51029
-18695
33567
60751
91097
-94465
17237
65551
92806
29832
-44328
51649
-81359
-60544
-40894
-41732
-85041
-59164
93194
60261
-62219
-93535
38483
-51307
-6473
82891
-80417
617
67634
-22346
28641
57957
2278
-58955
-74384
86597
-59269
-83155
40279
-93150
71908
66773
-70519
-49538
-86687
85964
-24398
-94868
-19874
-89002
-60440
79646
5177
-30412
99328
41677
40353
12704
-10242
87935
7578
84002
-2012
87160
6749
23058
-21
-56705
-29029
-2325
-496
-34101
-73374
54919
-31099
43019
74201
84668
2504
-60017
97189
-23661
42193
16278
-15634
-13534
68709
78900
92924
-38523
-62968
19808
-12613
35261
-31601
-49832
99037
-28124
61267
43825
-21410
72780
32770
28862
16931
82356
17231
2844
-19844
57318
5002
20505
-43576
-69712
22730
33343
2872
-89347
-66170
73280
21484
-73457
49219
97535
-91399
38363
-39256
12153
15180
-99328
-73235
15566
18024
-66395
24754
-20944
61323
46959
-2260
87015
87215
-91555
-95174
21438
84140
26304
-6315
72717
36282
-93991
-18330
-8092
-93932
-78639
-57742
89553
34233
-39985
84912
91407
-96692
-56774
-91844
-57781
-1956
69771
55268
80147
20669
-99187
-23137
46366
27413
7860
5597
-1678
-36877
-88425
6648
-45962
77977
-62900
-79094
8020
-59366
-60641
-74150
43722
-26978
-63378
20014
34894
71107
35940
10692
31900
45534
61072
-86117
10653
54303
49121
-32276
-77195
44755
7169
-54922
4969
-73790
16394
-27529
7340
-96520
-92631
35382
-39291
-39775
1678
-72515
-87650
-62835
11149
-23963
-23061
-69868
-10028
-73783
89716
-14253
39113
-35812
-30463
-77100
-81600
-8105
-91742
-2420
-78570
21835
68760
66685
-30035
-19180
60963
-18052
21508
-19858
87465
71373
88497
80225
-24832
-93462
-14082
17176
37336
89507
60702
96464
-67128
7903
76746
-31316
-81357
81856
-707
65125
-91049
-83675
50504
48798
-29390
38153
-99182
-79339
61137
-50424
-20752
5237
-35530
91074
34141
-94647
-96027
-82664
87894
-82420
29643
32020
-94571
-51812
-7988
-72859
65383
67084
45287
-33273
-46996
41304
40520
-6911
27179
-37004
-21013
5832
-36337
-45187
-51289
-71743
44291
-76015
-76513
70756
-6811
-26758
-36416
86140
97065
-39483
-20041
-9462
74893
-81295
-10317
17353
-65420
-15549
59794
23885
-3870
64055
-8021
93893
6867
82320
-40329
50847
52728
11792
51228
-8310
61007
-7356
72727
28823
52125
28279
-14714
-70535
-79989
-13689
4944
-47893
-92517
-95788
88690
-43279
-91451
54356
84262
49590
50
-72509
36849
-97260
-48620
-34376
35786
78771
-25760
-90285
-53406
-90552
44393
-45
-38379
84543
-89894
-77180
58347
-64908
48592
67349
-17910
-13734
-75438
-54329
-49732
-88578
76014
-77182
56153
52262
-51407
59074
66001
21075
3330
3502
-56296
-51546
-45541
72329
9390
20255
-13019
-30015
-48566
-13952
58096
15205
30498
-58544
-92788
-98956
15706
-88261
-55162
-95216
62150
-86185
-57726
-45294
39454
-1983
-20558
29879
-66947
15398
-78096
-20297
-97258
-98658
-91266
36854
14324
19698
-44649
-27052
-21141
86846
-74767
-19425
-91744
56241
56274
91496
91378
-43470
-49204
28467
9156
95133
80151
33480
-14743
39147
-99831
-80346
-47702
56752
-74380
14167
-1034
-36099
-55780
-93217
36775
-42971
18067
65678
-76435
-98019
-58189
-52619
33497
99389
65976
36533
-4664
72739
-93128
-78350
31914
-99913
-18625
63399
18158
-21304
-13877
9300
80268
-62699
29153
91154
-98962
-65816
-9078
14726
-73156
48285
-34899
-23436
88834
-72831
-48758
32235
57985
-83882
78992
-96546
-10417
-38862
27804
-46125
44459
50310
-80560
-65740
70177
36220
5771
62723
64278
97018
-78262
-63701
-80911
6916
-49957
-73551
98726
-50562
-24967
10
-66656
-60530
-61367
51397
-69365
83552
-3664
90025
-51845
1411
53455
-38375
38076
-73807
-34276
86708
-61385
96812
-57634
34234
89085
96643
5060
64295
83059
-17292
-29341
91428
-22758
60331
8331
-30061
-326
11881
61188
-53048
46251
-14528
-69910
61592
20224
-93382
2722
17161
-70448
-33254
17080
-8984
11554
61306
44951
48954
12532
96979
-9052
55370
-54168
83099
43703
49057
6860
5001
-4426
-22572
46789
-45260
56848
4087
76183
98905
-47725
-46672
19730
-29253
-98773
-8794
-22563
-3355
-23304
-6249
50008
65291
73802
-38391
77297
53647
7612
-77480
89477
66079
-10326
34222
70704
-53445
-80944
14545
-24525
9428
93120
52247
25857
-34800
-9537
17780
54438
-65174
24573
-32332
-88108
-53833
11824
-9532
-96884
-33405
75212
-982
-86491
-16422
47457
71061
39932
-85278
-83504
-97970
21113
-74394
93099
82446
-24007
-49363
92265
57386
39645
71049
1282
-46102
5423
-99156
-55699
33975
-87572
61811
-86156
-28046
-36366
-4089
70832
21217
53959
30617
43559
50820
-17085
59018
-49026
37446
-63460
15021
-612
-10801
86924
73636
27486
28918
36385
50470
-54608
-20524
-8736
-70365
9550
90740
-49833
91582
-10088
10982
-94466
-199
54347
-21134
-81847
-29841
-65118
-15702
22861
-47430
25928
82201
-26356
-65291
-60744
30103
88799
22811
-17101
52350
55743
-21490
69277
36023
-51921
68340
-19531
4334
98122
62844
53167
53412
82021
75774
-93520
21986
-21856
-54399
-72539
34635
28622
-13738
-59071
64843
62078
-84575
-6191
-74964
30950
7095
-84675
73095
-48405
-32349
90397
-77417
-34672
47363
79093
-39447
-48712
34832
42639
69935
-30823
83387
50036
-74892
95103
76530
78918
-79381
-46982
-79679
27773
-992
-70938
-79274
80892
-30896
-77931
-77923
-1905
67604
98139
8778
23747
-23561
35573
72309
93858
12137
-83370
-7202
-36278
77581
-46320
16594
-27671
43629
33884
84263
27992
35021
-79098
-12063
-59504
-35299
-18889
-96521
36237
-72249
39520
-57361
-2498
34857
75713
12966
-8347
97245
90835
34476
83345
-70733
-52520
84108
21878
38208
-66563
-67991
-28698
-60593
-98840
36291
-3538
-22730
-56092
-82727
-84465
-73020
-66202
53225
78872
57751
-48580
73235
-99555
-24822
-30639
-18533
-37611
23691
23967
-30835
-29867
-43510
-70415
46907
76901
26765
-54060
7586
-96388
68384
-38438
-73685
70686
38506
21962
90445
91022
-78692
98663
59855
64240
-76414
-75237
15851
-25280
89403
-69248
78415
-15383
15238
76492
63357
46467
90866
-88426
27921
-76884
76536
9545
73571
-29119
72036
-59100
24130
-44486
-62547
49451
90081
45280
74406
50862
-46322
-13013
-23795
46323
-51555
11324
81729
-32702
-88413
-12877
-60783
-21234
-37858
-95378
70320
-96581
62002
42975
-3964
-76720
55630
42505
14493
-5189
75565
7831
-76861
28283
30009
-70951
-22680
37614
78154
-92068
-94852
78647
-62581
-15068
-84385
31115
-98562
41672
-4302
93081
-91818
-51734
93895
-44204
57153
-82606
-89930
17950
-91511
67559
-92847
-71982
39568
91529
-57105
71150
59065
31373
-7899
83739
-30170
79766
-57645
47067
42331
12749
91610
-83058
-58175
1852
-21461
-29279
-71033
-57012
55995
3668
74019
-74151
88786
-21659
29046
-13201
-90237
64542
9934
-36956
31926
-44936
30789
59346
77985
88939
58374
45998
981
-56429
-43472
15178
43637
-56448
65363
12579
-3775
32090
-8297
96872
28880
-9233
27195
-43960
-44388
49435
-76485
-44234
-28169
84883
-42164
-5316
98972
54414
-35519
47737
85792
-28784
-46321
-94087
-15864
12628
38125
89327
57204
-39531
14933
42769
-93128
-73799
-95896
31184
73611
78427
-35346
50483
44824
52083
-9477
-88625
99570
-38684
-28435
-22427
82597
6050
53905
33432
51687
67454
87653
-47223
81454
70224
-72136
-62831
40667
-61824
56302
52186
-34157
64176
84704
-49702
-64273
-17526
70880
-19091
-11063
77025
74586
-95665
63159
-52410
-28203
15219
5460
-13398
-81703
47170
64825
67563
77675
-5581
97227
55805
40948
-44413
-83474
-83658
13248
68882
71192
64821
-4575
14298
32896
-38224
-72012
74060
8564
-58791
-17285
58697
45898
48493
40425
27513
31919
19929
84669
-2868
28699
1993
91910
-69301
-29851
-19058
13061
-4454
-32334
-27990
23663
-66484
-47479
-44037
-7279
96355
-36222
51203
-30258
52706
-4387
89744
58820
-41135
-912
74636
-29811
94413
89016
-15773
10529
-93687
14607
-69876
5465
-70299
73662
-1673
34830
70569
-14614
-57967
-27104
52382
59563
7991
-24429
26441
-76678
-35532
-57389
91589
840
-41736
84760
85756
-90133
-51816
49892
-69823
-40013
31036
39786
92685
-3749
-99734
-92535
-37291
-59364
16556
-92235
-51196
23323
-67233
-39369
-48102
-71230
53979
33802
85217
71979
-60486
76070
-13305
63801
31879
57435
62173
-79935
40965
-31469
44459
39270
-16231
66362
52205
19843
-91371
-1031
50478
52288
82401
-91235
-91136
-46841
85896
48791
-41835
96785
42012
93276
-15746
-68518
53767
-70867
96061
-3789
-35472
-42063
12744
92598
47174
-63235
52189
-39981
-11604
61814
66364
10057
-51839
-41842
72070
-97615
10763
19498
-82384
-24716
-35777
6500
-71068
59229
8687
-2132
81972
47113
67472
-24951
-28101
-55813
-5081
47678
-99630
-69236
23056
-3513
-96980
17728
-96597
45250
14479
-39437
89059
-52693
34032
23794
348
-79040
681
33126
-24647
-96637
26969
78250
1159
-48162
-99624
-86978
67721
-68576
29653
34709
-60768
-57883
-55473
-40439
8343
13141
41324
-35537
62025
51843
77817
58500
81839
68789
255
57606
27850
67
85822
-86753
-50071
-31016
-90615
-99204
2136
82646
-57091
-21507
-57563
14038
-18657
-49979
80400
-61492
48785
-38224
18446
5193
56817
68388
-91654
41755
95631
-20928
-40615
-67953
2312
53810
-70264
-31401
-8124
-48987
8708
-19322
13064
42007
-94698
-68553
67832
-31800
-79527
48654
-32531
73678
52393
-5802
44783
6918
-83478
58250
-39921
-74331
34610
-75985
49508
63148
-71148
-83234
-76960
10746
44298
-160
-29555
-28933
-34050
-64334
88746
-71618
60981
64039
-92004
18021
-25639
41133
85907
-90187
68257
-26585
-91078
-46835
-78305
-56390
3418
-80588
-85595
-93660
14092
-84085
-72043
-34746
-35623
-19295
57668
41090
-72272
-64731
-29302
18751
-56190
93494
-80599
93129
-1026
-28009
-74344
-92586
41380
-56770
-5909
93667
-84344
-6901
15392
-49603
-58906
-48874
65992
-40100
-47524
19361
-77936
-45334
-46136
-147
-69781
-90719
82750
21672
4510
87186
-97114
11459
11495
-62591
18993
80354
9163
-40082
86262
-9043
3259
7919
-87443
-94844
2082
76856
-99706
975
46093
89917
-18265
85939
14712
96558
82561
-52192
-27791
-1055
-61554
14727
-52117
78
-53655
-64215
31074
-42637
86281
-24885
41637
37464
-81573
-27386
-94523
53677
-86277
46970
-19304
-33969
62544
25955
-56982
74025
-87935
73219
-50110
-47241
-63656
-33857
3596
-95898
-59919
-8058
19496
83224
13790
-38484
-32882
-86589
88347
28437
67611
-92039
19497
-38452
-92931
21506
-83127
-10957
-27656
-97499
17494
-94891
63762
6470
23359
-9321
-55903
-41559
-77856
-58866
77551
-12908
-37123
-31062
-81273
-45165
-32806
-12913
86495
789
64890
57732
-45023
16500
-17166
-14396
31640
53970
-12184
75826
-4813
18910
79981
-77334
87737
26422
-80843
-65229
-6198
63399
71215
76240
-28210
-55024
68741
-86090
-59012
-47900
-77198
70551
-43895
-13363
40890
46300
89707
-79314
-16181
-76878
4616
-81279
84974
23356
-42752
-21984
79466
79974
14484
-82465
79669
-83879
-21903
-68523
73816
-1974
29149
-62660
-89570
-68818
-54595
53230
24440
34568
-73856
60303
-35728
-25822
-16148
5962
-29304
-80358
-70973
-24460
-30481
29843
65553
2892
43551
14541
-69163
77156
45014
64079
-28662
72665
-98386
-33727
27600
-51843
-60581
-298
-21060
83990
51009
98470
71033
36800
75504
35609
15385
-97363
34173
63359
94332
1165
-79042
6461
-63141
-21112
41313
45987
33714
54888
32105
-27560
34632
-66668
32583
35766
72476
-43785
-91631
-68429
87469
-82176
-32735
-73612
-23002
-79358
98125
97542
85093
70331
-55234
97639
9191
75377
3759
70142
6482
38328
18820
61803
43421
60817
94340
-90055
31776
71981
-52747
-77712
30708
92431
-4461
-49081
30470
-21297
57836
-97545
-30915
73786
-69605
-4309
-82107
14935
68894
-3948
-65416
8516
59543
21976
-92119
49663
-9316
-33494
87052
-4094
67771
885
-39483
23941
-74419
85681
70923
-63449
-59851
-23527
-13575
72167
4534
36531
50225
-56052
55982
-95666
66733
87461
38259
3402
55332
30251
97481
40465
-86123
73026
64061
-33180
-78542
-35362
27360
37776
-77268
51587
-84829
84415
-3497
33444
-83956
-42838
-41926
31661
-85805
68076
-69322
47964
-78821
-89038
-6384
-62582
-85680
73871
-62499
66952
-73383
76716
-65847
22116
-68742
5788
81028
11723
-55798
35214
93577
85384
-67189
63580
-64565
-80149
-49109
64256
37567
13189
38870
80422
38721
-84465
67638
13724
-95836
-22998
36872
11621
-59431
18689
22876
-55634
58042
-78582
-56151
-83432
-75212
-73428
-45302
26484
-70449
81275
-7911
-16436
70300
-33058
-50905
-34530
87802
5266
13845
62244
-98428
-64825
97041
91022
-93542
34408
-46735
-46190
-19125
-95304
-31195
-84775
-15588
57176
-24484
-9446
-86025
-99227
12470
-13116
-89869
38078
-24991
94741
26940
16995
92947
-91576
65439
85304
-62942
52395
23925
-35671
-77885
28494
-40087
17961
-51939
90647
-48281
-42477
44361
-8589
66018
-10895
29929
65191
36098
6170
35874
36293
-99927
-37963
-35721
54713
5153
35868
-83325
-30269
29284
-25059
-80814
-26561
-8570
23450
53341
-18336
-84285
-45104
-30303
15291
76513
-75980
-74981
-33153
-93631
88569
55586
-6589
-5944
60527
23776
-86280
77988
76933
-76626
26173
-53954
28783
-59508
11538
4795
-7262
-44998
-13084
49773
52348
4725
-250
92572
-46463
41233
88769
34925
-41599
-3664
-34750
-94355
-62507
-10660
50
58109
-57272
30471
-83357
56665
14034
84444
82725
-20218
19070
75649
54649
-66024
40430
-83668
-95395
10589
37941
15135
97734
64170
-41630
17153
52972
7616
-55844
-71334
83839
89946
71977
-44053
85303
64661
-67959
10728
-87671
96700
-86977
98451
60725
-24593
90223
-90377
93692
-49424
66402
84541
52335
-97845
-32217
92462
93347
159
-51371
-41147
11521
-40628
-61141
-848
-86470
42427
1112
45347
82455
81668
31510
-43303
-18770
32001
-78992
31529
71920
-98131
11045
78657
-89376
71479
64613
-97279
40734
92201
-45000
-44874
-42270
-68560
-92226
88881
87620
-61049
-35823
88323
48503
66820
-62202
-1192
-4650
-33857
-88365
53998
30486
-93157
-48438
87088
-39780
11250
18435
33011
79336
-19295
34392
1996
53934
-40723
7242
-1717
29125
-45488
-61630
-68839
2617
21092
-12047
96938
39547
-16341
-75112
-94498
73784
-91592
74660
49786
6790
88318
92785
-76803
19259
98612
5295
60642
70488
-3103
42978
-68814
48995
-14711
-32957
69955
9426
11060
17028
-71920
47907
-3945
-3215
-17290
34889
-19102
33074
-79479
70528
17509
53613
36241
-51455
-58720
-91896
-67804
-11310
-34203
-86772
52641
-85259
-84820
63397
7750
69504
29299
77958
-8017
5516
-62576
-90775
-3604
42951
50388
-99084
49981
-33307
75230
92471
-68308
32499
42425
50194
46024
908
95027
-64844
-69959
-41564
-19909
97661
25221
-19326
68981
-33979
-91426
-79158
-61154
5750
90917
-61000
-41513
-61356
7167
39465
-84656
56670
30354
57747
64274
63244
-3107
-89963
-80024
91063
-49422
-13527
58027
-20712
58832
-77258
-28567
14120
-63711
-37949
62450
71015
65676
-73083
-90178
-96391
-79112
80601
-17730
22058
73695
7949
-95363
-44206
-71158
-93480
-45133
-96556
-22674
-66966
22055
70144
82979
91678
-77507
-45800
48125
89357
71651
-39440
-94263
-52932
-7980
-32977
-2010
-35083
34824
81458
189
22131
91768
-30577
61598
4982
34321
52470
79224
59703
82229
94132
94133
-64010
98728
29457
98224
25199
82397
-50086
-26924
20267
-56802
75449
64914
-37646
87634
43584
-31810
-51171
-18194
-47996
19719
5834
-64389
-63066
74193
-7958
-47873
-79251
48561
-69580
7115
10767
-86332
-62660
-46624
-8625
-41940
88286
77823
66112
-61336
98644
-31860
-77273
-22897
82600
43102
6142
41001
-27261
-4186
-51819
-65686
91299
-18631
10707
10956
-17749
97979
-83045
99976
-14316
-99926
86474
5168
82177
46404
-72484
-79444
4529
-49130
54574
-88305
-92786
-42525
-16546
87189
482
17069
-95218
33851
4777
45474
-49976
-8645
-69311
6054
-23877
-605
89598
-93319
-27484
-44463
46810
-8891
72520
-5619
-44407
-34425
-51747
54211
-22101
26007
-22071
-8549
-67173
-59179
-98366
40439
-74268
21234
-72684
-14647
-28332
45400
-15167
-74098
61416
92663
-98558
85546
-93914
74478
8108
33761
-6326
37266
86894
-26769
59416
90333
-36553
-28730
-60848
-8714
-38860
82850
51648
-94632
87671
16010
-4557
48354
91635
14244
-2297
56060
-65116
42165
-54499
2272
-9269
-38603
46761
86028
-19881
52619
80041
-28029
80223
21802
-89486
-44550
7180
-77945
60773
-68954
90132
22710
89601
-31969
6817
78624
64466
67377
18768
-67357
-85816
90368
-48876
-36602
6242
-49707
-14341
38360
-24503
37961
46537
60004
-45383
-74868
-77504
-29998
18842
-38509
-75071
57565
38253
-38628
90572
-91476
61538
64159
43492
-22320
-76602
-70573
1422
49753
57881
-65767
78199
35413
11581
23689
-83531
4838
-52277
71896
30566
-72193
-92352
-11485
-78411
20603
-29291
82714
88251
-99750
90860
2571
-82687
-36008
52966
266
-83996
-68181
96657
-95557
-90158
-8486
56319
-11716
-3856
60149
7602
-77519
71006
13493
-86221
89581
91090
87920
-93118
53753
-33631
95608
57191
-63739
35420
-45870
-2073
52521
7639
39758
-33966
-74794
-63675
79176
82617
-38627
22079
-16327
3966
76379
-37277
-62406
-5053
22081
-36135
36247
26628
-24388
54385
-46132
-20799
61061
97832
-21409
-24941
38087
45258
53913
18144
-2969
-1999
-14494
24426
-85579
-81621
43896
61249
-849
7930
48908
72409
-44820
-80396
37753
-8138
94508
-61941
99937
-6140
-65031
36327
-19418
-22141
87865
57647
96706
-76193
30867
-83225
2500
-53731
-46212
17140
6312
55090
23581
-35910
84689
-25362
-47965
-60826
96293
-4907
41442
-19065
95429
-61746
1383
83159
71464
-53387
90969
93144
9811
95371
66378
79194
-54153
7885
544
-1639
34918
52834
55194
-22717
24947
-67347
-28351
-83818
-36570
-8637
-88850
86184
-34919
-42890
-57742
-26815
-30349
70032
27557
22434
-25474
72924
96142
-4631
71910
-85154
-95380
-42100
75600
-99550
66719
-75325
-84076
-89679
-2506
78210
-91687
-64735
-8554
-78556
-91636
-88956
-24893
-8221
73405
-48000
-15218
-13692
24022
-47297
37467
-20016
88568
-82948
-14706
-16836
-61325
54142
54610
80426
-82654
30562
10757
35784
-34079
-64944
10563
-94378
70893
92048
-53874
-55610
-746
-79947
-21545
-21380
21283
-99785
83499
-52747
8194
32415
39421
84164
-2454
10523
45260
-60810
67151
83057
51313
-19689
84737
-84464
-91449
20366
-28510
-64318
-20489
-90333
-75902
78463
-37794
-26847
-36519
-79909
18398
3031
-99552
81758
-29506
-82632
-90676
-84556
-12929
20194
-48280
-16389
-91396
81212
-7411
-32070
98748
74488
55681
82162
-46184
-93448
56938
6284
19651
63308
33453
85041
-24325
-38694
45032
91577
59339
-90345
89288
-36805
-262
-85967
-48185
-85821
7060
-52017
81157
-89567
-5166
-62352
65218
36446
8616
20592
24822
-66934
-62996
29673
-94131
-21071
50462
13430
-74558
19564
-1576
-54445
66199
11667
33811
79712
23790
8016
-85613
-9212
3528
70607
31152
5614
38615
69073
-71613
-59017
83329
-79200
69737
-90140
-15308
-63459
60023
96711
12960
-62795
-71430
84740
-16042
13426
-69527
-20751
-5125
-7379
-7702
98327
86312
44897
86205
-27498
-69726
64540
87241
12645
43185
-68465
-95871
-59402
37471
-26108
22835
44343
-84274
59630
61293
74805
-67082
19996
41356
19803
-54533
28744
23330
27289
24679
58444
76483
99104
-31543
4852
52588
-16375
87593
-84306
92945
20693
-61146
88862
-54014
46031
52847
-23538
-37639
-50290
84826
-6141
25666
-19753
61540
57323
-38521
-75297
-97978
-12110
-59913
95085
91504
21747
79763
95070
-29980
-16437
-41579
-84862
30002
86858
-55427
34916
50060
-63101
11193
-39256
89989
19139
78256
59788
-63574
5982
68203
-43055
-18755
-56412
96608
20019
-31606
-14477
70429
-99309
-31703
-80986
96589
-82314
-9713
68843
-20822
84582
22928
46323
90432
48182
23221
50050
89562
-55581
-36235
-73626
-57013
-36266
-38700
-36860
73882
88070
51285
-8050
-3701
91771
24349
-60592
20358
-37267
-83610
95146
-26457
44107
-97444
-19304
-67487
16535
55768
-99411
-51441
-70226
-87562
-69857
-84327
-3418
533
-13893
20287
63312
-45910
70457
41989
-70116
-80959
95274
-7557
53340
-28014
-58034
58728
-99295
45884
-88190
53011
83457
21024
-7146
-12563
34427
-26019
-48259
-89314
8561
-65181
-7651
90538
39827
97270
90503
35520
-58147
34113
-20736
-48161
15222
86676
-66370
93093
-29127
-964
-338
40374
-99887
65278
-25742
-34235
-52418
-63568
95849
-88958
23732
-36749
-93146
-9376
-71070
-46384
-37310
-81918
-93872
-10066
15116
-14015
55905
-61459
26015
87900
75384
-15581
-11635
-55555
-51273
59121
-94153
-99484
-93661
-88767
29118
32498
-64477
44062
-52780
-34348
-29977
18095
-67796
-10294
-82458
81937
94352
-50797
53567
50832
7248
-89033
11521
78850
-74536
-52111
49926
84737
2715
46198
-34182
-74749
-80340
76710
-82054
-21736
31595
99790
33303
87679
-89572
-60264
-29703
78884
6675
-75120
6496
79674
-4404
-39213
-44666
-17359
98263
3606
43105
468
-89104
-87856
-83260
35715
-67348
-48571
-31771
42056
11088
-32527
55865
-51305
-14468
68685
25532
14054
-86395
98432
4685
-75609
54560
43045
-99979
-45345
90937
-12427
37384
92388
-74909
-19375
-6748
42167
77675
30575
22614
-62789
-55739
-29218
-69027
-48750
-22488
-12361
19462
-10157
-65355
-29726
-39306
61673
-68398
67842
43078
-74805
42966
43326
62984
-10285
64989
-90899
936
72766
90170
95773
-53906
64063
24780
68992
-45792
21760
-98647
42932
92357
-84170
93688
-8786
-1660
-34081
-91621
-62334
-91862
25435
-28471
-62959
-51382
90980
-39495
38415
89406
-40468
-45958
89519
79180
-79982
99744
43822
27045
8064
66968
-25095
-25081
-9181
48669
-21444
-60735
-46008
-13949
25545
21974
-48240
4465
41312
-33157
53648
81580
-36959
-65669
-3065
-6706
-76149
-41797
-12164
-81579
-31312
-37545
6324
-43049
6391
92522
-54835
93971
49869
85805
24954
68963
-49558
-12937
-99300
-46961
-63364
-67614
-6023
-6597
86130
-95730
6555
-56768
-92058
63807
65671
47639
-48217
-16606
-5607
-49999
95458
90349
-27591
-19547
57517
547
20604
-50623
43185
85111
-66983
4865
58993
-46200
46277
44318
3899
45579
24878
-42243
71977
-22201
-1903
-91256
-2732
-29575
-86215
37338
-69097
-79273
84245
89428
6587
-53134
-76300
-2035
-88956
-14220
-81441
42086
21335
-31799
73363
34491
-37882
-85413
-77223
-46667
11578
83189
89220
53372
-16772
-31991
30023
-79862
92256
-41011
72176
-64101
-20082
85119
24837
98624
-15698
-30327
-69639
30739
-41425
-64447
42955
-89851
-30539
27975
-84036
79123
27677
-29615
-1813
36055
-50386
94788
25614
-43653
92637
12792
-56177
37000
-47492
-45154
3713
7836
56257
57214
83645
24762
-56849
80664
-16291
-65284
34787
-62356
-47596
31651
55997
12054
-41687
-98865
1257
9553
-16178
59402
-1655
50396
75233
82878
8769
-44807
97726
-66809
-40226
53650
-58177
-60509
56548
-50185
849
-64122
-73678
-67518
-30924
-12661
40596
-74724
5583
-91900
80293
93016
16813
95602
14751
-16195
35096
39376
95489
56353
61520
25674
55963
-60752
-20248
-99509
99385
-30452
-53442
32564
-56726
-16434
9941
-66520
-83220
74475
80593
74436
6261
12083
-66290
-74324
-53088
84722
-11684
-56768
-75277
29753
-34533
-20050
70601
92343
-48080
-18526
-53088
-15040
-72415
-95208
72001
-68816
46995
-22959
39432
-64919
7837
-66973
6927
-67273
1480
-57109
1659
-6507
5221
56287
90210
35209
52555
-28546
-41128
-29718
-64468
50728
8981
-46462
1299
-4854
-44924
-50354
-99139
177
-6166
-3742
-82543
-72896
69489
-87447
-12612
-42115
-33263
29642
60845
-26491
-84582
-65689
30122
-96224
-88864
98367
97550
9519
92291
-40397
89888
-3838
84953
99430
62928
-88762
-52997
-84419
62160
10011
92585
-22586
7372
-188
1051
22068
-42232
-82504
86757
-66040
-94955
-20587
-35131
-91764
-21456
22644
-53940
-32262
33079
71895
33703
60985
-14519
1791
-91766
-45049
-82376
-25189
-52808
11186
-7827
16858
46576
-93184
-45991
62305
47287
8558
-76524
29848
37823
13845
-3500
77471
93105
-92759
20747
32863
-35812
36252
-72868
-35397
-44039
-50080
84092
-22428
56026
-96183
64802
-74740
-55377
-86768
-35478
21298
-51467
75572
-16564
43676
-93444
23930
-16077
-68061
-30829
-10410
74237
72680
31442
-49950
-55154
-29276
-35709
-78133
-49455
-10979
18285
907
-80052
10805
-16385
-98544
51807
-46115
-66282
47996
-79847
-59610
-36501
-71802
92471
98872
-4516
-66627
-53638
-34661
41493
-26963
45668
42611
-5733
47898
-32946
-25847
-34571
82665
89897
84996
54775
81438
47823
-61962
-28372
-56320
-251
-12846
-35745
87897
68688
-90372
80582
-13350
55344
50105
-84532
-32933
88318
-17531
-16070
-60673
21853
-95996
-73279
49270
-14944
-32432
-66522
-2148
-43976
-12239
-83702
64190
33560
-11542
70037
-59523
-19801
-13456
-76161
99916
-25119
-75466
-77638
7380
58507
-21597
51007
-89930
66065
80805
49524
-49232
-66947
48607
68407
-72551
-12586
-53378
-51190
-8954
-57453
-8535
-3109
-69937
-7622
26135
-23058
-52564
24858
-44166
12969
36664
-66335
-83431
15420
-13800
-39845
-23685
99563
88565
78280
-11393
45561
-19676
22360
22793
47922
12455
-39163
66263
-90218
-49715
43533
75569
31773
87540
49483
-34369
12203
-19729
18801
81332
-61806
-51582
52324
-42008
-95938
-50998
-3852
18052
31361
-7622
19127
29527
13308
-76288
-47679
47493
-15386
33094
84289
-75106
11964
6676
94139
70541
94341
3026
68573
-46233
-35775
-41941
-56959
63203
-5906
54158
-15234
-88279
-60362
-97138
77931
-9213
-15496
93865
6642
-61264
-68303
72742
-43060
-69033
48199
-63913
86366
-60711
79538
-21058
-17040
-9793
-84281
-39924
-46394
-9838
78754
29573
669
-20278
99824
64383
56579
-55266
-54249
-41464
-99629
-91206
-46462
4967
-81204
-58417
-64180
46459
-11570
-98236
94792
-33727
93296
60874
-11221
74737
36416
65037
-29417
31495
80088
81222
84356
-8161
-42279
-57363
-42803
-33287
-23225
90252
79189
13341
-56511
74287
96980
-20328
-33509
-83528
-36862
1764
29466
-27121
-39202
-76123
3723
-64394
-56293
74192
-21376
94906
67304
-1434
70696
14661
-83494
-39010
87754
-30895
28729
26785
5726
84151
46628
-12817
-46712
35557
-27103
-96289
45298
20270
45317
-69245
61828
73276
-17732
13674
-45885
23456
94774
72127
-56829
70090
-44689
97614
-15926
-63340
74584
18983
94659
-71624
4519
-13477
77083
-44190
696
-60893
43516
-24543
-39266
15200
-94108
-85705
42251
8638
-28383
26959
-75049
74993
63787
-93234
-59472
-50335
45918
-41086
-79585
-86302
76882
33207
-57101
43420
39193
-29528
23692
-71350
92244
56723
28293
49566
65842
50021
-90689
-91263
-64058
-77995
-39929
61047
-74684
52237
34147
-14623
-49575
45634
-7554
40988
-8540
100
81005
-14713
99156
75697
-69859
-50269
-36129
62309
82780
-46957
-96613
76236
-1856
50498
-17283
-13641
3767
-74845
29869
67149
74861
-5484
-66622
21113
-31788
26844
27103
-12415
4499
-88749
58857
8951
86669
25249
13860
-56312
-59828
79966
66857
9585
-34038
21209
-51066
15186
604
59508
-76878
99867
95163
-11732
-17365
-21790
-10575
-31625
-49938
-91945
48093
94982
20754
89679
-86942
-88598
37378
-58948
70514
49043
96917
-24578
-7950
-10509
76108
-50350
13195
45312
64999
-24408
-82227
21593
-24412
-61997
63487
-89088
-24811
-24806
-67769
-23034
-20963
82539
-42190
-63932
2951
80431
47201
-68411
-94974
-32071
18385
-29823
-54915
11864
-94011
-52412
92635
-37173
-40750
61678
-18029
-55276
-3449
-92205
-34009
92453
-40329
-66494
49343
-64713
3876
38691
64290
-59974
-20791
-74886
9424
-33113
78276
44040
-4546
93873
-73634
-27952
49838
3097
-43208
-84169
-38933
-92447
-73003
48836
-6690
-37480
72126
74248
-96560
-96748
82902
-6441
-78531
-4418
-50630
-33548
-29551
60359
73876
93963
-75262
-87687
-58243
79127
38473
-82584
-24820
-5788
28158
-26361
73088
-72209
80399
-95210
58885
81001
-3108
-4039
-38298
-43878
61874
65893
51408
-48414
58595
-34509
-71105
-58853
64767
53655
88648
78299
68273
-53526
47425
76438
5303
-47773
41936
-37664
33791
52004
91471
-57265
58395
-19152
-97319
-41217
90337
33275
39476
-23313
-70238
-422
-89573
-41336
71301
74330
28838
33854
37567
-80852
-13736
-16113
30896
93693
-54523
-83799
27421
8996
-3938
-16472
61894
-42699
69019
-11907
-63004
43123
35395
8042
-93823
-31262
32795
38441
79155
-70855
-68247
-1363
-63690
83318
40483
14720
79077
-61300
-33095
-46517
63893
17144
48252
-90636
3790
2161
-67415
-49246
99559
1022
-47402
-27876
79613
79649
8760
-44017
17360
-59983
-65841
29358
-31750
66501
36014
-42508
-78580
-71028
-21014
-38523
3526
-47558
18655
-77838
-34253
-17187
7898
-97381
99935
68558
-75802
98159
35126
-21438
92086
3599
14971
-57472
-19924
-71791
13409
37869
50756
64033
-34807
22083
88288
-85439
89177
-18144
33520
-12624
69877
-49157
38717
-61271
-9635
-13135
15059
-90622
-17437
-56386
-60407
45365
-33785
-56761
-9746
-83716
55409
-44845
68370
-48043
68938
-80678
17006
-96539
54455
28406
-67215
11833
-64397
-28682
10535
34151
29703
99858
34504
90003
34921
-11784
69851
-13490
-35729
67716
69893
29144
-86290
-46321
-52494
-52410
57267
52383
10399
-66881
62685
62396
64769
44320
-53803
-67998
-29931
-3969
40364
-59950
-24507
86285
-77361
82499
95476
-88683
-16279
2614
61286
87969
51094
80935
84879
5819
69055
-30881
-89417
-25135
6678
-37274
-58042
-27854
-29329
36886
89265
19573
-44358
-71733
-14079
55160
4825
50167
67581
83014
66274
87954
-6092
-18350
-35598
22062
-3031
66080
81900
744
-4581
-58941
14797
52667
-67537
-79679
27309
-62034
-51780
37394
13653
-81426
-45581
70471
-52937
-69898
10153
-57720
16014
-82774
-83325
694
-42861
37252
-90755
-60433
76505
-8027
-56873
96879
54278
-81075
-83236
21332
27502
71526
-29168
15482
17293
77626
1013
10052
-55903
54086
-38790
44348
51554
-84058
-42111
30226
-68833
13999
-35893
51137
71798
70939
-87805
-87281
65072
13663
67747
-45005
-72201
32409
-98425
1808
70260
-11163
28556
16032
24457
98959
36196
86508
-65368
34594
90042
-85257
82126
93343
-48260
-48325
-77216
-81462
-47030
83019
-42976
40606
5113
41111
-96884
8352
-9724
28942
93651
-21168
-75249
-73122
-48779
-63876
83673
76183
-36682
50864
-14721
35949
28030
1928
-44825
-72676
86096
74662
59151
-95258
-72091
13758
-59534
-86280
89252
-21234
-74092
10155
82625
-29973
-81941
-14043
56239
84023
-45654
-31136
40899
44655
-53078
75331
-42201
-90207
-42185
99052
-66057
-50950
-1419
84495
16827
-48067
45230
42040
25217
49552
43321
-81044
-93225
23537
86215
77485
-69214
-36538
93133
75357
-98722
-63791
-58422
-26054
17139
71874
21364
-46712
76656
83110
51011
58252
-78234
-79746
65049
-93260
55332
67498
89804
59860
-71094
-43580
-25582
-83637
58380
-63862
44168
44164
-96059
-70669
87391
1560
-97099
53922
96931
93585
5337
-78664
-39383
28618
21670
63620
59157
-18190
78497
20182
-85179
-52881
-65123
18417
-65570
-27297
-51246
-78370
-36559
-27719
-4201
58717
27785
68690
55805
-34697
44563
-33540
4679
-21265
-16534
-62391
-68151
59606
76351
-70675
16092
-77634
39202
-42303
11771
6214
-31569
-97372
-15363
3796
66583
-50436
-2193
98658
-18678
-28326
-2931
-84049
-94466
43643
-51171
83413
3295
48747
6953
79930
-16365
-1659
-33001
-93472
-6552
55701
-8858
-29160
96285
-84258
-49401
75220
21770
-74121
23510
-41255
-22804
-9712
-17421
-35309
-65775
78546
-19135
-81406
62236
-3099
41723
25171
83382
-80117
-41106
34954
-71406
-54551
-47657
-92006
25498
-46362
23705
-3945
-21765
57836
7642
80834
-39350
-66356
-41476
-70652
40913
-70914
-89933
93174
-2181
-76987
-26232
-16227
-96105
4529
18217
36595
36748
-4866
24170
-47392
-80742
-59110
-17060
14792
-56760
71044
-26040
61245
-33872
60048
-58935
79701
-5341
17607
15171
-16681
22522
-23765
-26492
-90993
99066
-19240
15669
53441
49635
-2555
-73412
-80774
-22059
-42262
2290
73921
29984
-73540
6588
43949
-67482
-73388
-29560
83216
-4177
-851
-89370
-73519
-91255
33740
-76736
16408
35034
56122
-59528
40546
7492
-18963
-67428
78644
-29197
-87547
27720
-79060
-36986
-34702
39897
50354
-50729
-35854
79945
-70194
-22103
-7496
98796
-10220
75565
-18136
-84858
-5958
-67791
-87873
-83513
39754
-57818
65232
54308
21554
-7796
1385
-30446
73017
51772
2452
-98911
22860
-70319
-3399
-53196
10359
-45964
65441
-78503
24879
-80573
-43307
3401
72075
98078
-14043
-8579
-53805
-39986
-40124
-76054
-37007
-34607
-55279
1435
-57212
-31738
63856
-79957
-4396
10481
58327
-20581
80543
89644
-68379
54806
-54574
-26261
4268
-74818
21267
51434
-49841
74418
15099
50613
-65145
80159
-98975
75155
-97280
-10112
-54254
47760
3744
-55181
64220
-5658
-83929
17145
51977
-4600
-9999
-76982
-20502
45706
-28071
26515
44233
35248
59128
-31027
23744
-5551
-13557
49595
-25945
70439
-81294
-99520
-22424
5110
-47595
99866
-75280
73431
-8031
88703
-84738
27041
59056
-45998
93853
89394
-62585
55490
-89618
-89889
-23944
43456
48159
-35146
14952
84122
-22024
25516
-1237
-31175
63508
-87256
63435
58675
4204
-69718
-19928
-59250
-7153
-86822
8377
7634
-62610
-42711
-65231
-17462
-13933
39078
-12164
-77225
25842
-81249
69864
78768
-59560
38321
-36639
-80647
-18752
-34705
56789
-93057
23173
-34133
15414
-81522
-91599
77476
-931
96112
4979
56204
39116
-71230
-68881
-27404
87436
43124
21104
-37866
-9611
48156
-66631
-91777
55500
29048
-96135
-79209
-84538
65726
-84388
25422
-789
-71518
82046
-88347
-93162
-156
31802
-69226
921
-24558
-48031
68129
66237
-10847
96326
-49547
-97178
-63836
86518
-7305
-70251
-7641
53446
8881
-39224
83627
63044
-77990
74684
-38019
-18225
-74754
-74157
-95691
64579
82186
85776
44936
-51316
92854
-95490
-17461
12252
20751
56433
82757
7735
-73376
23204
44719
-21973
71996
76929
60554
97374
747
5376
-32547
11584
57775
-74073
5834
53535
38001
-25297
48332
11544
28941
94215
59791
-92245
183
7473
-37012
18984
-37560
-46645
-33856
-96122
96489
71080
29864
98195
-39270
