600
-98072
34919
63915
-21525
-63834
23448
-26379
27153
-74464
-10532
-14115
18506
30792
-36660
-93311
94586
89806
89639
41504
7499
12330
-22737
77929
-25714
-30791
-67168
56942
89353
-7809
-71346
-33545
-43423
58571
-998
80243
-9883
-73032
-46448
59977
-332
46415
9632
-99891
93005
43850
-78728
77263
-34255
93300
87354
54605
-97161
31916
-63329
-86456
-60884
-66872
-47640
-76364
26660
69397
30844
-28664
94498
-73411
15843
84086
30623
-42174
-71523
74101
-35269
25830
-25760
-57159
-66179
61421
-80019
-50044
-82232
-17926
-51570
22294
-65379
-2730
-12882
-97920
75783
-86384
-68972
17559
10535
93118
39870
-88701
41756
18401
45270
-1545
65358
61479
36563
-30789
37912
-72055
68079
65893
-63280
31253
-39296
57830
37812
25670
822
-83200
91314
58767
67376
52885
99987
-78921
-36293
-41253
76038
12317
-54488
-31060
-23227
97309
36360
53754
32166
-30389
77958
79840
-2304
-99236
-97054
-27629
65592
-91355
28486
-19017
-73177
71227
-95802
14670
59433
59193
82105
-83125
-56059
-2337
52782
-1979
-4812
9815
-33651
-86457
33744
-45932
-28532
88452
13851
-64621
77706
-22744
-22936
-17917
47499
25929
75753
77249
4049
7676
-93289
60476
-66477
-3900
87416
-60168
-6691
-70490
94352
-80594
31619
-71848
-14362
51728
-38653
-67113
-46031
-71319
82998
68056
-47520
45923
-1741
-13610
43395
49635
-41919
-51638
-96487
62606
39798
77945
45942
35183
40880
53607
40209
9329
18607
71721
78952
-39354
47310
-14888
-92528
98666
-34212
-28702
-2404
6018
-95141
-64710
7081
-51554
19029
-6481
-67579
-33954
52309
-3558
11002
-7184
-21751
-48462
65530
96759
-42510
-66374
88296
64327
-16187
-9383
-25791
-57587
53346
88778
67941
22412
-32402
-37078
35590
5698
-15921
27630
-34260
-17367
-64509
97207
92514
35289
20125
47230
-70016
-11574
16350
-61782
12502
58104
-78868
-30783
89330
52767
-86863
-63750
94287
-38682
-87469
22768
63386
49752
-61173
-69005
-32479
-35955
-13147
-6663
90395
-55129
56147
66354
93710
72184
-24275
-88327
95521
48513
-53175
-78426
-18946
78549
-39885
27456
-64989
7197
42889
74512
-66106
-30284
-21002
913
98275
46386
-37751
84227
-11229
75718
68529
74846
-38678
-6595
-79081
59748
67197
-71329
-69416
-61553
-55985
15032
-70947
28842
-64217
9268
6425
84412
-74833
-28316
-61793
16094
45211
36381
-29666
-5138
90483
-72001
-92550
48348
-20225
78355
56263
90658
56207
14222
15524
36368
-90460
-93901
-92622
49861
68414
-64748
51440
8698
29763
-92680
8821
12920
-41975
-19496
-17656
-9238
15872
-25212
-81185
11853
2751
-55901
89459
7363
64809
94999
8188
-15417
-71108
-35649
-41778
74363
-68170
-63146
-25008
96926
37795
65976
-23851
40601
28488
56389
-51944
-85704
-88794
-2274
5465
1206
97387
33677
-1714
-84623
62266
-78271
-72184
-16260
-9067
6966
54436
-93805
-95515
61427
49833
-983
-89945
-97043
-57339
-84322
41394
28681
73439
1164
-26072
-58305
-49832
-67967
-40967
57626
-1436
40455
54735
-8292
-86210
-51170
53594
-83458
49805
93707
43768
-53868
-18031
-6775
94271
77711
12489
-11426
60267
40348
55077
69961
-21217
6443
-77981
-70633
-74471
-50166
-18231
38357
-86729
-48465
87038
5216
62624
96148
46724
2072
1617
-8963
63317
72307
-81980
70485
-84262
-16722
39550
-64906
73410
34334
-83146
-36216
99461
91684
-90915
-10111
66294
46910
39438
-31926
32702
-9797
-85356
-19070
3834
-10873
92114
-12581
82867
79076
29715
-36318
-22346
93689
37423
26397
78224
80324
-4586
-28147
-93400
47788
70204
79315
-53703
-86798
-53663
32239
23274
79301
-93572
79651
-57653
90740
-33981
6006
-43154
90174
42010
-30444
61344
-91515
4181
-27373
-11709
-73439
-32212
-58672
96265
14033
90618
22968
-98673
-76083
-94414
-37341
-14317
-90249
11999
4314
-39148
99375
-84523
-92423
98821
83846
-99975
62384
28589
77898
-21142
1123
55518
-8257
88459
57457
-72177
68527
-40657
56082
729
55769
61983
8666
70282
47749
-49526
-85542
11818
-65993
70090
-41370
43976
2370
-95025
-14736
63
-25741
21034
-79533
53770
-86866
38072
