6000
44340
-93782
-72244
47905
58721
83310
14713
6390
-62565
25772
99364
58558
-86566
-71038
60431
46950
80648
6926
12667
32417
-53345
-92316
-45482
58164
-52432
-79508
-28847
-33827
71359
-4521
69648
-30303
-55732
65084
-90501
69425
36205
-58541
24434
8376
43862
-99508
-31523
-28413
90427
-81075
43489
96014
-79796
8391
-53330
-23385
-96801
91380
-47627
-29119
-49492
87791
-61257
46040
71601
-33745
-23623
42299
-65098
75873
88212
-72837
-94485
43809
1768
-68178
53037
50710
62513
-56160
-76953
7079
84657
-86568
-13291
53022
10445
-80382
98148
-90473
-60364
32702
85494
-10268
74106
-2428
-62271
-39551
92163
64881
-88681
63919
54042
71283
-53568
54767
59745
-57202
-8317
79324
68707
-97080
27972
-90459
-23611
55671
57991
-18522
22556
64805
96658
75811
6296
77981
77425
91552
15709
-50795
-15341
76704
98290
-81033
-57838
-4616
15314
98318
3472
-98674
47136
-66487
-85380
10803
-75080
12527
94004
27867
-72799
20960
-11707
-95819
-35810
18244
-54066
70635
-61532
15250
1154
-41800
39781
7551
61003
44384
-28982
64065
-29620
63889
-40064
-15234
75327
-49580
80682
-68522
19518
-21264
-50188
85578
-30947
53019
21575
53831
-8653
68702
-63976
80211
1146
10692
-26980
-19565
-32948
-5058
50838
75254
-15091
44886
-20272
-32318
95848
99598
-95192
64761
81906
82581
88385
43239
26154
-54171
92699
-15925
25570
-51396
-73603
-95072
56119
67700
1039
-66554
87291
24129
15940
-24558
62132
3911
-88140
75567
27390
81238
86151
74095
43339
69635
-94131
-95694
5515
-39644
-43349
-53135
-19738
-5593
48689
-56216
51942
463
-65210
-24674
87986
45581
-53692
98898
4213
18423
-46303
97475
-82530
-79577
59714
-27364
79936
-13133
-44300
-36869
12377
-49980
86965
-15011
-88465
76693
-9620
-48280
85398
45578
-73799
-48941
-24817
60010
27559
81526
-50101
45691
32638
-44502
-17971
73977
28341
-80868
94701
-89486
-19643
-85133
-14024
-86527
-66599
18779
94197
60004
47586
18862
-42302
-52867
-92282
94399
-55075
3618
-71176
-2686
-6784
-58655
-80797
52123
10723
-11053
59391
-3391
79717
26651
91143
95695
80581
-82564
-34495
-26009
-28918
61844
-772
-68797
-78461
-21383
-12456
21850
-66199
-48849
-99393
-52757
-33376
92547
-6670
98216
69276
-24378
-9282
-83774
-20895
-39703
39181
-36915
-33182
-73038
69016
-15152
20747
38553
-52678
76396
-57318
8129
91808
-3994
-12568
11030
-87587
-47085
-60922
80831
95386
81247
6338
17920
-12694
8762
3209
-29840
21436
-94689
-6426
10257
49386
-1471
33833
-75311
-94290
46421
-87517
45532
32820
60983
66509
-47076
-75894
14202
-72376
69838
39539
-55537
91903
-43070
93660
-23856
94376
40943
48486
-60438
-98646
92080
-75998
28581
-1831
64287
60826
81170
-81572
59085
-94900
-76272
-52624
22363
-87502
78330
-20155
34999
-32516
-47056
-44346
-79369
48352
14849
-41098
86859
647
17586
84598
23074
50984
-85715
19555
73052
31218
-87287
-58404
-71001
48931
-38414
-25183
-23623
80054
50229
-65002
12072
-60231
36523
34343
51497
29628
-7489
-54777
-37405
-64987
37533
16401
-13713
-84447
90552
-31985
19439
-88651
62904
-78888
54920
-83149
33343
-39981
-8259
23559
9751
-22822
3817
-82127
72378
25531
-51432
80845
35452
-42600
75459
84494
50393
-32914
-12121
93129
-3881
16818
-2623
7533
-89193
90839
-8216
58001
-40130
62573
21830
19238
-90950
85283
82420
46987
-50316
-15507
-16270
-12224
-49391
-21184
29888
-46350
-17629
92154
-3813
-38476
91634
-14177
-7657
-52145
59555
-16385
-65834
-11728
-98365
91763
-97054
53056
-40269
39750
-6611
-19375
54383
53104
61410
86899
-9156
86588
-37785
63079
-76306
99660
92914
-44565
-87725
-9357
-43067
3252
-18304
65856
48711
-16646
-56778
-19622
24576
-11603
59568
-9145
65457
-36923
-55029
-87481
51470
-39625
-71918
-79651
38873
-62589
-7579
-37459
74333
20010
-81466
68608
-35901
42941
89537
18277
82708
-17839
27445
-66445
-66997
-58097
43010
-7895
32406
12264
-16367
77558
20713
-15899
-41286
59028
11711
-41764
7639
-3250
-32657
29822
28131
-61469
98407
-65138
-93043
-91837
-6585
70444
47071
-88522
-94564
87824
-22970
99548
-4873
-52846
-32131
-37617
-95127
-87067
-44774
41508
6878
-71836
96821
72209
12308
-52028
44593
87592
-32394
23978
49320
39809
-58599
-78698
24311
-24714
98898
-37892
24995
-35128
-55375
6003
5990
57248
80863
-15417
-85478
44655
36624
-54487
-47423
-35914
88164
65990
66606
-79710
-1568
-95308
-59500
69071
-74045
-8759
79402
91181
-24824
86150
86007
-92416
27128
-23183
-38721
18817
3625
-84800
64138
84962
-14570
87857
-24755
56559
77532
58935
50424
83600
-57969
16718
-93157
84203
73015
75247
-57994
54502
-73366
61728
-71397
-2870
38407
-58333
-36030
-73405
40652
-10930
34729
-21628
-29547
44346
59622
-53753
89266
82389
394
68466
-65053
-84845
-2316
94165
-59534
73665
-7377
-59248
92206
-75910
-78007
-55854
6591
12210
18033
-45893
23979
34416
95627
14883
90532
-68456
58068
16244
68811
-66522
-83667
-57102
-9211
-63305
-34938
-41380
-43784
28545
53288
32682
-45405
28067
81374
71733
80024
56791
12545
2358
90710
85572
-6753
38694
-71737
-2063
71048
-33403
44754
-99117
-78540
5303
60830
839
72276
-86648
92453
1755
-95053
88016
-57872
-47162
98121
12082
71604
47096
-87075
55294
83913
22796
7635
79990
20419
34587
65369
48046
-77649
72938
-83862
57101
70956
43395
-59138
20592
-63517
-52447
18574
71149
45412
-39932
-61881
-58124
16734
-48219
37835
-35310
-15941
-33788
-226
63119
53270
-46307
99379
67896
46426
11705
-62060
-137
85176
-32352
-29656
8094
93252
-96021
-12380
-63678
-63507
-11144
-91631
3268
-99689
11768
-23883
87083
1047
994
-1887
-70035
-90230
-84342
55062
-23667
-26670
-28084
-44907
-55266
11054
-80350
-36798
99109
56693
-65258
49716
-79140
83247
-95983
21020
-74925
29200
35473
-40817
90289
83986
-62279
-97295
-63527
-26066
-89982
-54592
50472
63926
16015
-72902
88986
-28910
-15969
-94100
-78708
63893
73436
-97639
-35748
-79749
6672
80579
-47828
-54719
-99273
-45096
70214
-46367
3439
27068
90201
96745
-51252
-41681
72482
-30409
-28216
-67173
-346
65555
-93993
4285
28379
-86935
-28519
-3731
80999
-16607
21289
-70261
-94208
-60387
-54318
55048
-56142
-625
89954
-72754
47807
-18060
74070
54093
-92448
-80784
-20876
-26076
97770
80455
99576
4200
30412
-5643
-46170
28499
34037
-10452
-75586
-22196
98706
82728
80782
40910
46069
-9424
54113
-91912
45969
-90646
26901
67314
34338
-46309
64139
-28746
-22807
-74693
-33801
-18366
-38443
78449
-39401
-7527
-9923
-18128
-77248
-72080
49738
-9299
-32685
29372
-9742
-63940
-53553
6613
58655
98182
81152
-18169
-59218
-5783
-46186
-79498
54994
87404
-17328
78507
18905
2846
-58409
38271
-88953
-56438
11495
88866
58078
-12392
-69080
-76279
25151
52803
29595
39730
89386
23666
-67280
-22187
14434
-33354
-42828
44137
-70420
82783
-70745
83343
-60491
20539
-22165
-25441
-48109
96684
-26087
58382
-44956
59813
97774
59193
31763
-43327
-98077
-9200
99705
63616
-41062
81889
-60961
-67938
-97164
40320
-50846
-83247
42751
29009
-81616
-66656
-99187
30770
67630
26715
-27680
18503
-99716
94075
39425
-5213
-176
16662
-12112
-85425
319
-66562
-39499
-73029
-91366
54264
8533
-15425
10037
-47148
352
-99572
3075
66926
-82137
14899
-31651
33087
26572
88145
-92319
39392
-27535
39319
93111
48861
13394
79538
31791
-2062
71215
94747
36038
-98011
-84767
56061
22216
-705
-25394
44477
-14897
40360
33912
54699
-1559
34334
56815
55685
10520
-55726
5415
28258
-8078
42079
-68700
9922
84201
-19353
3858
-38545
-27611
-42036
-56463
22095
-93619
-97272
24749
-24055
-38107
-94870
-48757
68306
-82606
66094
-19008
-25581
7288
83447
-58532
-63047
74308
30187
-89181
78488
70533
-22421
19900
-96323
19381
96430
6083
85839
-20202
83321
-14663
19232
50552
-58819
-36517
89558
-7017
-46132
37392
-58832
74529
64697
-73349
90551
22484
-56308
60209
13892
454
-72161
62404
-47064
-64897
9305
-16514
-51845
74560
-45500
66730
7236
22887
45580
13132
-2686
-52054
-77994
38256
97173
-36543
88314
-69665
73804
-77472
-88673
23151
-72052
-97246
74546
-73038
-72679
63937
84099
51918
14852
20738
-14724
-6739
61361
-11730
-130
-63990
24260
51002
19545
-25428
24232
-67128
-6552
40880
71675
39430
-31289
-67010
-9383
93364
-74893
-13538
36292
-62716
-18500
-10269
-82323
-67686
-77783
-72891
-56095
-5965
17704
-2547
1555
66978
41968
-54103
67586
86964
45301
65631
63559
48309
-50297
13214
-39491
97420
50568
-46672
-17907
12545
-67064
-26611
41364
51615
48639
-26359
82548
86837
-62810
24364
82804
-80330
-14606
-17438
-31275
1216
38446
-92855
91762
-454
53875
-10328
-90286
-50282
94663
-97024
41678
49782
-60144
-35206
32601
-9814
-53197
86783
-41551
65816
36558
44327
-65951
7925
72462
28425
59824
-19857
-15571
53937
64938
70829
86667
36143
-65336
31854
-97880
75084
93886
-86706
94396
-53544
-48286
-71193
14579
73311
-56588
-42348
17800
-58758
-75826
44881
82429
27841
30569
59902
-7244
-82658
86921
6850
-83858
26557
75526
-71668
4957
-66721
51833
-23499
-41369
51150
-28289
43330
25594
40107
-48659
16581
25606
49059
14736
-48670
67164
-44992
-74913
-65873
63521
47131
-22464
89141
20014
-69265
-98957
-68396
8904
31370
61983
4099
88823
-45347
-85321
88436
-3003
78706
94281
34965
-34412
93756
17827
-80973
-36132
-18806
90274
-59911
97793
55190
-88040
68567
95565
-50374
51609
70526
49103
88706
-98846
-1465
-39153
35612
-11737
-77645
-44948
-11860
36408
62797
87253
10108
-2609
-96660
7264
-31087
-14280
53013
-60470
44505
11741
83517
80908
-90816
-5523
87403
-67050
-15903
-57047
20156
-4182
-11239
-28149
63744
30872
-21320
-41197
-75454
29970
-60847
-91025
-49562
-1557
-63311
-9530
82602
-49872
-34004
-49247
92111
29411
58194
17654
3025
55888
85761
-47533
-30319
-71089
68628
55523
-14700
53589
569
41056
-61020
-82122
50913
42774
-82028
-9029
-62896
-46704
-28831
97499
45396
29153
-6796
85466
-85102
89424
61892
99899
22012
68449
-36391
-76509
22238
13052
93291
-62196
-41192
74493
-44695
86242
87782
-57449
23061
57470
-22757
91813
-17268
19516
51565
-19505
97380
61115
-33303
71189
62702
-95184
61639
-43781
41050
16359
11800
-47663
-62342
-31400
-56676
60702
-35809
75490
-76624
-6423
45983
43942
13220
88675
-40903
-45949
7275
-23308
-96049
-61783
-89109
-2784
69969
-68900
64373
83286
29307
69831
-37874
-68907
-87948
13562
-63956
-53573
-71529
58114
-83140
-86804
34383
-14684
36448
-59685
-93156
-66570
36535
-79176
30386
14041
-42604
86646
78656
-4138
34320
-74248
-48050
-82668
63738
-17769
51775
-76301
-97171
28242
-13194
48841
-82757
11411
-42411
-46089
-73339
-20454
44833
-99417
93548
61256
1793
-72220
46178
-29878
-32347
32725
-33126
-39776
-68412
20183
30046
31753
-5763
-70282
25534
-93171
32863
27464
77606
-79449
-52732
-65497
-47479
90572
50200
-33655
2362
-48868
-81224
92478
-23079
-23836
29045
77637
-67094
-42482
-25161
80330
-50623
-68378
22014
-68864
-93222
-82295
93828
-29673
40005
-55764
83711
-9254
-72066
27206
-40830
71209
97178
-6693
-72253
-77170
-4706
93031
-1801
49085
81130
-64477
14490
-66964
-86061
-41226
-15541
59981
-74226
43131
-5933
-57947
-46841
-41429
44038
40074
-35247
-63833
-81854
11005
-29895
-84891
53524
40481
29363
-17036
-97605
-72104
47862
-67923
-1980
72569
35107
1784
-73964
64815
-83104
-93000
15172
97585
-92924
-30700
97958
-27751
79723
84963
60774
-76188
-29784
55859
38860
-12923
69466
79798
30302
-81690
-29609
-87286
45987
52796
-7418
47012
70722
7429
-82807
-66088
-34808
78369
-20201
43719
75272
36298
-28761
-39963
93084
60082
-38584
92133
-62646
20792
8782
13956
67971
28678
-96474
-72401
-21051
-3063
-64757
-79534
-24673
85774
91793
55359
-80492
-78474
-47841
8246
-89575
79830
-89158
74775
1081
97517
71868
-88223
1881
89346
42659
96486
-63019
-30118
58821
-30259
22280
-63597
86561
-84733
88363
-74144
-10351
-48320
97493
11874
59869
-97614
58400
-16417
-15127
-53560
35884
-34591
-68466
56540
-75075
-4499
62789
-11587
78272
36255
-71489
-31144
-82453
-94305
-89389
-77757
-52607
-2174
50383
-90905
-42635
-88065
4655
-24185
-48666
84235
40556
-53199
-64695
28052
-84181
12415
85669
-18601
-20394
-78454
63543
-97825
18056
-58643
30645
-8613
52834
-84687
-89552
58522
-58373
-62502
-19822
19493
-13388
-94707
78279
-75719
83177
-34724
-70855
-40481
85059
-69712
-48909
-3670
-82966
67346
56167
-92659
27992
83478
-34997
98262
-50423
-24412
88349
-14133
-67442
-1756
-86521
-47521
-13439
73925
-11681
89489
-87597
-52181
-29947
56354
-83263
98803
94511
75761
36197
-19740
80002
36404
-8343
55283
-2538
-24747
-20074
-49230
-3812
9191
-92406
-66921
75548
14531
98952
92389
21398
-5373
-72470
60217
85386
12378
-2319
43955
84500
-41777
-259
94655
-88849
61652
-57768
-23681
29466
78855
62956
36119
26583
62980
82005
32148
37840
10981
75025
-10502
-20459
-9641
-32172
-69784
-11200
15130
-20999
-45014
-73222
-59883
-35118
26395
45718
44307
90272
37429
-48421
-15522
47838
-64521
5023
-34378
-7496
-52687
6990
-92754
-21223
70895
-63478
68068
30178
-84544
-44628
-34917
-67978
29410
28777
49335
27506
75275
44689
75348
66554
45782
29936
-61438
-57106
14537
69591
65953
31100
44735
-50763
-6506
-57712
-21642
25438
-92825
67046
36471
98734
43001
-47617
-61538
28679
33891
-87055
-53819
11189
-49234
-82983
-60463
47603
-29333
37357
46232
78535
11505
55276
97262
50696
4018
13878
-40437
98304
-55047
-32136
41306
84140
-70717
-39105
-73376
89120
-60041
-69394
49287
-16121
66050
-98293
-22009
31304
-19373
-47373
65008
77061
-67024
89326
16598
-34051
-63564
-76707
-32039
57169
93350
40208
4495
-34524
-88266
-62796
-29615
-27941
23062
-59927
-85729
40004
-16334
29426
61873
1554
-72818
-62714
-95333
-7482
64699
-97277
59419
45290
-41610
-85758
93890
37240
-95203
-93819
-46531
24023
2767
40653
-98752
42181
-74146
15177
-29490
71632
-65741
72616
50150
-51330
-84225
25295
-35187
44684
40026
-85466
-35531
-22317
-27974
84877
36295
-88121
88593
-1555
93394
98650
-88318
51113
24783
60286
2306
31986
-99184
-8633
-49336
-60870
-27131
75438
30640
73664
-85973
84082
-4174
20298
-6318
-53096
-97735
58161
-62263
-16428
-20765
66582
91880
-73152
-4140
-91726
72697
-56759
35063
29707
-47997
-96919
-36462
21059
79605
42190
10181
-5301
61420
38298
10975
71220
-47519
81348
-49507
20518
31410
-99429
-2432
44777
-54645
94891
42186
-15711
-47183
43576
76948
22551
-26645
67879
-69553
48434
58253
27964
-8683
60356
-98846
95166
63979
48128
-30027
-93385
4502
-77430
-67460
14808
-70698
-4313
93026
-40583
-23740
-60013
5744
-94915
35011
-89998
38295
-83628
4582
86622
-89060
-47654
90334
-12705
-52896
-20644
14302
40440
-72565
-73221
2125
97054
82901
66794
-58969
92356
-67152
89682
23089
-96559
3861
10196
-36201
67187
-93334
23854
-89053
-14771
23757
-30217
-26660
46156
-20800
-66428
35449
65239
10737
4397
21376
-67803
13988
20906
-47040
-5848
-6145
-61802
60583
-6105
-32974
-36714
7169
-41623
-34111
-55533
-61106
-90355
86511
-48414
-65666
-30217
-79032
-85819
86795
-64795
-64692
41995
66995
64671
-55693
-74862
42385
20685
-98207
1581
-70825
-30878
47976
32352
10026
92150
-22732
-31544
-69094
36786
66583
-20776
90365
-73947
-20558
-10434
16167
59827
26940
-12188
-62841
-72340
-69966
-3438
5409
-33669
-38821
-67600
91107
-98635
78519
-74711
-17049
29201
-92476
-74132
97476
73719
92844
64652
-53551
-77583
-76914
43079
-58248
-18882
53671
47908
-13774
-64763
-47267
26869
46308
10279
20904
67516
-95402
-71187
61533
97834
99724
-81120
18264
40003
-31421
5176
-11578
15965
46281
-76244
-39283
95046
-96007
73448
54424
16965
-43438
93405
29954
60345
-45708
57970
-9698
76511
-71754
-31848
-18783
-91473
-98266
-92613
34541
11429
19294
-97196
-58374
21981
-33025
-25957
69283
22423
-5811
73690
57419
51163
84327
-85859
7274
36598
93025
12678
25912
-23390
-93952
-29187
75572
963
-66927
9988
73809
9422
-22874
-11480
15806
-66556
9838
-72301
70608
-87972
77424
47295
271
39423
-58844
-96955
-28838
-72851
-54930
-72429
-26697
-1475
-25928
-20100
-50245
-71039
89962
61610
89554
-1912
43209
36654
-46612
85565
-99415
-54536
-72571
-8084
29136
-44318
-28850
45861
9577
33958
-26243
50169
-8607
97584
32494
-65567
-90142
-72241
10996
-86530
39530
-79483
34305
-56388
53319
-90371
-95251
-86961
87601
18716
86438
69599
-14012
58608
7925
-40000
-19688
66821
55913
51226
-40961
36566
58338
-59544
11354
-89375
68027
-65060
51096
-19949
60949
-71329
62604
-99741
20413
-39115
87466
-709
20537
-9025
39007
82640
-85836
25370
32330
40530
6531
93349
54362
-9729
-58029
-11807
64965
-12717
43698
25969
-52639
-53926
-50122
-26944
48355
17253
45517
99393
1395
-51173
-68381
-68910
-77784
16039
-56150
94266
-5339
-28593
82057
-55919
58511
44069
67363
-99841
35242
8790
-63934
90780
-30513
-13857
-47392
13111
-4340
48416
49938
-61262
-90472
-26807
-66991
-72438
29169
-72144
-69081
-64523
62164
-90427
-59405
-88412
-21608
17565
48984
-35480
-77272
7786
-71096
-28751
65307
-90740
91112
51761
-44622
-6080
-23647
-28322
-4371
-23946
-55421
63959
-50614
26497
-33899
-85026
-34917
21480
52413
-13308
88515
4633
-31160
-55902
-79539
86909
-22633
-55293
84648
47975
96999
91871
-63165
-89626
-60677
-76734
-57855
43449
-53528
24716
75417
-98270
-12291
84881
-69107
-5485
-79795
54688
-47163
16453
98714
-14879
53768
-69912
29919
-14632
-21034
52853
35578
2886
88676
10079
31284
-88338
33204
-80025
-87058
62453
38353
-8881
11691
-33438
73572
-20058
-65740
-64506
31222
22978
82668
-34059
-9277
4876
-37712
-63502
41911
-4427
-47766
47593
-44664
-74937
50611
-4523
88111
-53482
90658
-99902
-58556
-34219
78070
60269
-47627
-64124
36699
99975
78498
54023
-84324
-42088
35928
76755
-94682
-47232
22185
80257
-87435
-5415
3237
70085
-7010
-40455
33143
-25800
-12553
-82796
-76899
-13359
-42394
-92738
49029
24946
-29435
64333
-18623
-72546
20591
99549
-8921
-64119
51370
95085
59720
-95672
-54863
-10202
-85749
52392
92508
81468
56549
57178
-43730
-18131
-21706
12811
-86725
-34777
-76861
20498
21556
-87994
-53364
-38397
-40495
33979
51210
25761
37145
94216
-74745
-94736
8401
-69017
95385
58087
-67009
46219
-21764
24772
-88231
49278
-50357
39418
45391
75881
-35557
86790
-62542
63794
-34764
-47265
41087
40832
62317
-5940
-83508
-76006
-43485
-15921
31246
77933
-938
47103
-17339
98732
85536
-11661
10372
89746
80210
-60134
49312
-31421
-49300
-96920
-19339
-10288
-9415
24875
87312
-30695
71109
57724
99772
6861
72700
4560
-71124
525
19041
65198
31490
70255
-7449
-20549
-4422
19871
-90065
-76047
75958
43231
-73569
1390
-29146
-74514
-32869
64809
87891
-67449
-76125
31423
-58615
83008
-23607
-29780
-10081
88723
-25459
95061
-1308
-81606
73239
99585
8232
23347
-48
15720
-56860
-75869
-20707
-38684
-30649
-44137
-65223
-29884
-60579
-36315
-53715
-88768
-35106
62449
-28881
2630
-48623
62348
42645
-40974
20763
-56010
67892
69213
54696
-69436
-89703
7309
-37707
78877
-51293
52106
-35785
-75746
-8197
-92784
66539
-40291
-78606
63712
-12101
15051
1717
42417
-95734
16947
-28305
71556
85084
74591
-80644
72661
-39771
-37479
36101
76717
52013
-39089
96636
-34220
55324
-28656
-7371
-59740
-93529
-68941
-71136
-4551
57815
-42794
-48673
-33403
-29773
95300
-95032
-22656
-22198
71728
53752
58364
8927
-1890
68882
47894
30065
72609
31763
-16119
97445
89023
-51053
-78884
11090
79408
-56997
-388
-84631
9093
68253
40996
39295
-87770
55316
-54280
-90823
-79052
-31687
95922
-57389
-25203
-69921
-32397
-88371
-3219
-74964
43131
-81806
-80270
81524
22900
47942
-32520
-61581
28968
52747
9186
-44441
33172
37104
-74630
-83640
86164
88791
21168
63397
3389
19009
-45185
13148
10313
27097
-24019
-61002
-45779
-5479
13105
78109
51015
-53667
79854
27642
-14413
18370
-32482
-86865
-73603
96570
76490
51630
-33360
-8208
18549
-93068
98765
20690
-97959
49958
-89128
93888
-7031
-5242
5516
-79601
66549
41298
89454
6778
-34740
97337
15742
3877
-85444
86523
77578
-4849
89877
18844
27550
-67371
-82741
-31868
23702
-53859
79450
55350
45908
90597
67396
66667
-77556
-94232
-52490
-91062
43836
-74646
-4087
13127
-69959
98209
-20765
-89387
-32027
-13888
-8514
-1271
66045
-8096
-28671
56141
35919
43661
66122
-27459
40968
74603
-33523
26593
-78293
46276
-35690
68615
-44258
-35729
32426
9725
-77729
-34147
47499
78568
-51052
-17597
26779
21636
-88385
-99424
15832
75833
-75632
-70806
89094
-35050
65940
94553
-85910
2924
-80884
-51057
3442
27914
16024
30242
28978
-89904
-78254
38856
-32695
25330
-9992
74078
-88158
-80053
24129
-51755
-38058
-79205
-6384
-56839
43503
-77601
17478
-78305
-55416
32844
79282
-74581
-34800
-70425
-19036
3707
75821
-70333
-81121
43124
61245
35480
33644
-73369
-34121
81405
-10101
-2465
31408
62403
-29435
69193
50874
-4883
80349
42368
1511
-94257
2404
89461
-71317
-20286
-4116
-46344
90527
54273
65748
-71771
-25182
-54557
-81278
25965
-88166
72437
-80
29632
40536
58995
-74531
20564
46425
3491
-55197
-73643
-52631
-47921
-88664
-26711
-22493
-66467
-14162
27550
-84589
97100
-62074
6643
-2500
29261
46690
50880
76341
56700
1799
-96702
-92242
54841
-18143
14215
-39152
27111
944
-43406
-73085
80577
31137
-88916
-38327
-57516
96056
-9304
-16185
81053
95016
32464
71716
16703
32197
65297
96586
-62240
1104
-99200
16842
-54238
78066
96103
23132
78841
-99324
61681
58883
-10130
-13173
2029
38415
54319
-70783
59586
25980
95312
-93682
-51792
35896
-44766
-6954
-45762
-4350
17198
61739
9350
66926
-97009
3811
45529
-63227
26153
59141
-22704
53577
-44086
-43747
1008
41366
-55269
-90577
95481
79459
44418
-9400
-34805
-79512
-62824
-59345
67382
-39974
-87870
-79877
-31140
-49454
91054
57662
-50427
33803
62508
24031
-61185
-46390
61158
79174
-2896
-78440
51902
99248
65530
-53269
-61054
49570
-24887
-65501
-87730
25914
-89924
61552
5503
53472
-36051
97168
-54257
64732
-34337
-99466
-83054
93058
-16253
16134
89292
-38072
-24857
-62915
14317
-32264
-96196
-14674
2922
31168
84546
-40025
-17608
79783
-47982
-85070
-65753
-59174
-12857
99447
-20966
-76507
-61558
-49473
-75361
60733
83961
-96301
-22289
31545
4980
-50685
-27517
-62303
27396
-2366
-9968
-18017
63271
-92305
2785
-60398
95100
-45842
-52079
-20222
36423
-15243
52705
11821
-74910
-34333
20284
86976
22081
-34230
-45372
-54751
-69920
-75187
82008
77929
64587
43493
68773
3951
85577
26110
-30362
74496
-38682
34110
65401
-89558
-58468
-59355
58911
-76873
-71010
21519
-624
74424
-27200
24151
-30087
57399
39878
3990
89235
13518
-34361
-77943
-84831
-14635
42045
-46320
75078
-71114
-54036
12115
-9600
-12322
-97043
-87681
-90363
28108
-39401
-84818
62456
40395
-71544
-54491
65672
82044
-47723
-40522
32934
62733
61708
-19962
46112
98054
-78494
-79383
-57185
46402
-17922
-31063
71865
-66438
-78560
17382
50804
-50755
-91088
52119
-46248
-14532
-29281
-42001
-57424
22593
-73604
37082
43485
28224
36373
-31002
-32234
-47162
19655
-39105
-92289
61134
84901
43923
45541
24179
-42943
42324
-24812
1855
49434
-76005
77014
-38431
-52574
-20438
-85944
-3779
81386
-1078
-48230
66526
81836
-16109
49378
-7673
-3083
22730
-80034
-28377
-68435
-21532
27908
97130
95812
-2839
22728
16556
29243
76404
-78998
60872
-78964
23191
66552
-24241
43191
62043
-86873
86164
-11541
-28892
15306
60452
81101
21875
31853
93908
-73305
78150
-77679
52146
21680
69722
-80893
-53731
-1676
-91567
9179
-70415
-43424
67758
-54386
-33254
91372
44412
56689
8650
-78427
-52017
75915
68677
-41194
76962
35605
46233
81298
86047
-52464
7020
-19103
-69954
-76733
-41746
-50619
-34171
83664
52845
19495
-75923
95474
65670
96419
37861
-70763
77241
13037
-7761
-60782
-88170
64542
24553
2694
33684
13407
-88154
56782
85313
39024
87739
-95904
34131
-3818
-82858
-49143
-83556
69599
23112
91199
67548
3155
27043
10210
-97168
-96199
88382
-80684
47977
-85694
-9131
-67343
-14536
18263
89997
78957
-13755
-61830
81750
60105
88606
67995
-78230
70194
-82036
-60102
9074
84918
-73022
-86093
-29689
61859
10607
69355
-92459
75134
-7566
-37803
46620
-97507
48173
69602
-49072
-48222
-94221
61443
-86815
-54188
31323
-45156
-4907
85019
97398
36614
-3696
-11368
53213
-57407
-97034
-82401
-16541
74357
-51417
3026
-86359
-85725
-55831
69339
44241
5037
49828
68933
98123
-3522
47622
81719
-80629
-56425
-79674
-58097
79259
-92937
50374
-66089
-20916
27174
-38190
-63577
65096
7839
67654
-28841
-97533
-77544
51468
64542
-30512
52143
-82815
-948
-51824
-93773
-14919
12704
-20987
95819
-33511
69575
81988
-34297
-92701
69362
-8247
4609
-20273
-66734
57572
49455
-88236
-10061
-44910
-29239
-86138
18610
79911
-87343
88409
-3556
99110
-4285
-65853
-52443
85299
-87653
-44544
-77374
13535
-97794
47919
-64989
29539
65670
-8294
-32240
-82264
-51795
39251
-19553
56643
-49451
-17543
-95728
-51906
-95055
-22566
-67323
-40687
92052
66482
78049
-28240
80660
-79598
59643
55358
40090
-85668
58239
-32097
24649
-69909
-85279
81003
-37751
-74865
-38849
-46594
-16401
20661
79571
14444
30027
-91802
-4207
88530
-25715
61222
-82525
88455
-92844
-86084
-52353
42226
-55147
70994
24417
-4555
-15452
93298
1770
-59001
-47774
25264
78741
-97504
-30844
96103
62162
-40563
63227
-72037
-36991
92707
33093
91966
6220
39760
49552
-57138
3105
-57331
-81210
-63717
-45493
96048
-32070
85670
27244
31581
43693
67365
-55719
11420
29948
-21852
76818
5127
-62870
-8699
-16228
474
-73530
-59160
34685
-28435
16377
31461
71764
-36739
-77266
-42442
39314
-49050
46750
30834
-39463
-75603
-34249
-34700
-36433
88697
-82776
79194
96862
-48478
-16821
-78871
76780
-61406
29424
-48690
-59150
-25495
83714
75776
31708
-89844
75353
60609
37308
37597
-81189
59330
-47926
-27627
-26481
19046
-33860
23278
45120
56799
41982
66254
23498
-68555
-13041
-49699
30532
17253
-3528
16695
61834
-88346
-24279
-80771
86309
21319
11569
-43642
-22887
97395
61209
-62988
36108
95639
99230
26273
59534
-80934
-50742
58871
-53879
-56885
-85394
37662
-90938
58265
79742
-62127
-40231
10747
-86775
87626
57899
-88720
-42861
86300
85858
49056
53905
22303
-10641
-78366
-2176
19013
69619
91287
-59998
-29173
-47921
52723
-85866
4364
46598
32668
-21550
51823
56145
-35094
84608
-99455
61376
-79985
17843
39965
-16888
-50096
-78459
-89208
-73427
84273
-28530
-21799
-54451
11887
-12989
-77483
-20730
94759
-47384
-62695
73029
-5676
4211
61168
3308
59254
-61313
-27067
51935
-40947
19433
-35214
-25812
-14652
7755
84278
83604
-38165
83923
-98618
-22086
-13091
-78785
91834
-57241
-40511
39607
52968
-75208
-46037
-68794
-72818
-68955
52130
-44425
33384
36974
-67651
44808
-12190
-11484
-95002
61837
39080
86801
75456
13988
3097
98181
-57563
-37935
-94375
34878
57608
-11914
90117
90163
-89094
77040
-49022
10941
50632
83664
-31314
98146
-41087
-50892
39480
-11392
65173
-15102
71628
90003
-32360
38080
90086
-47069
3430
98131
-56184
-74228
-96351
82963
95943
-26965
70422
-94585
78911
6562
-31042
-47550
-4890
-82423
608
-76775
-51202
-7502
95187
-29505
91684
-45674
-99678
5632
-64378
39520
77448
-64554
27634
-53802
93978
64875
-1783
2720
-65020
6380
-32814
56759
14251
64390
-78613
88683
22386
-41343
20890
-61808
-40039
62901
22913
78406
-45761
-49300
-56592
-75868
65992
-76906
82260
31489
-43687
1315
24014
-71138
-34240
-2623
23007
-17357
24369
-54926
-97921
-16043
-20821
89032
74637
73792
-47494
33984
-75104
5191
64277
18105
-49093
3349
92647
-51121
44639
79071
-70229
-58919
62523
-25304
60592
14779
23871
-25552
-2308
89960
14286
-73862
-95347
83895
82834
-16007
31418
56865
81065
-74090
31737
73173
-98564
-43680
-89735
-87880
-40079
50321
35183
83068
26998
-85639
-53457
-86948
4158
86090
-31312
97777
-75127
6207
57522
-80012
-44261
11305
-92933
33937
36046
-78697
36924
-85980
23683
49057
70291
-16686
-1100
-30383
50410
-90105
-66459
-50769
83452
99527
-70535
35368
-24968
26035
58401
35354
71358
76763
-87505
24063
67206
-48326
-44663
-13197
-10592
47186
58361
-2525
37142
52389
-51232
-8620
-49043
-85939
90443
43277
46283
1849
-39586
50787
31730
-4476
22956
-89633
-48022
-20877
37801
-83315
88317
89547
183
43620
63260
-4595
23068
-72499
25951
-80945
42709
30097
75306
-64072
85123
-58268
46635
-18088
-86588
72968
87743
-18590
78429
-9760
48180
76999
-24429
-49134
18601
-34321
52377
-65129
87570
40790
58211
-56222
75672
-86526
49752
1834
17309
-50467
-217
-4522
25821
-67597
85425
-31932
-90384
34184
43236
-73097
68908
-74601
-58137
-31653
99751
-13981
-1551
-22347
-93414
70268
-77579
-48725
98336
-50159
95096
-75475
-79970
-31252
-85694
-25537
31230
94094
81970
13541
37715
-67353
-55956
48298
10913
-56462
-16786
34700
80948
17195
18689
-81593
-90258
-84050
99595
50876
-9185
-50835
-28607
-19394
92108
1934
13241
91578
91858
66911
-7907
51456
-38556
89591
84284
80242
83057
40682
35066
24711
49441
-10648
-11224
-95171
-23875
21810
-70929
-72999
-93778
-40070
-30747
-81444
-63779
60183
-4542
-37948
-57158
4322
49836
32955
-44071
-42000
-44754
64545
-80650
68011
-50361
60401
35801
33103
-2145
20050
45844
20607
76820
10556
-14870
89281
-38797
-12027
55946
-99
20419
76295
-72264
59725
-34054
81200
53389
98593
26579
38758
56021
-50254
10551
-20331
-72618
47104
16536
-22890
-42512
-92437
91869
-73795
6176
21962
-66953
-82945
-12578
-26516
62931
61054
-45465
-5655
31976
16499
61653
65507
21040
49975
-38935
26974
-35469
-50642
68715
-70727
43774
-40944
92392
-58423
-96205
-89387
76891
33233
-88390
-63683
53862
-87713
-10091
-4743
-99713
48454
28946
81977
-99736
71987
-56807
19603
-65450
-62546
-24091
39245
-88653
36591
-55728
-7929
26687
31194
52486
-48632
-50094
-14247
6876
12003
27452
8597
-7175
-64955
-3059
30033
-15694
9566
41008
56483
-21772
91690
-4814
-8497
69082
83867
62817
71425
56671
-67035
-25777
90535
14829
-99034
-61130
-22423
19924
49839
37429
40326
78422
-8205
-86728
1100
-6689
81291
-36425
-36365
-95855
-56733
-79659
-15465
27070
-31995
-39320
-39983
-49233
66368
-16616
-36047
-83679
85940
-67552
98649
27791
21373
61874
2681
-75478
11194
-77705
-52958
-45018
6969
-50764
30601
63086
-34560
25672
-58277
-36296
65082
-70766
43511
70578
-7299
27503
-51571
-42468
-4748
97633
57105
9071
-11346
-73077
4187
-76037
-84222
-49960
78494
59662
95388
-90500
-83453
-32048
-75223
27794
-32607
-58004
42715
-29339
-35429
51497
-86695
-95990
-93353
-40233
-44346
45930
96342
-21404
91309
-65122
-49419
-498
-762
-27917
75711
10611
-60057
-57715
41388
70852
-3062
-32409
29563
-99304
64887
12728
-27865
-69668
-42610
-4047
-39223
39657
-75149
-29661
-51126
34286
-91114
-49730
-47806
-20852
-20963
89845
-69582
-8255
51697
-515
87578
22075
-17950
-88781
92536
37710
-19272
-28963
73119
-35519
20183
57672
54128
99459
12302
86161
-27401
-66885
47292
-68928
14500
-29123
10463
-72881
-15260
-52008
-25670
96072
97627
-2740
-37918
69516
3777
-90663
-24154
12592
24598
55154
-6951
76993
39171
-83184
90494
84328
-99569
-20764
-92786
76521
13690
80292
-55128
-16187
87737
52871
-69098
-94720
60559
-76084
-23881
-59395
-37499
88051
63759
42117
-31418
-74481
93160
-99226
76889
-38733
-55582
33016
74619
86026
-41506
38267
92504
-96317
-6461
86492
-77210
-92759
-77909
47766
36830
-62832
-79506
14837
94808
-66197
-96183
-34442
57091
-62469
-10326
-64245
-64834
73058
59482
-73669
-83179
-86570
-32377
4709
-22629
36336
65965
-81116
-39008
-6812
48865
3086
-44785
62347
73978
-45097
-37081
-4899
20892
-79277
86228
74874
4130
25433
78761
50599
-52761
-21885
-68164
-80234
65265
-18607
64287
9245
-54341
50669
-5258
-28087
-55202
-96695
42490
67916
-21477
68965
90441
-82799
4871
83116
91687
48880
-47916
5310
88917
-95107
52728
-66807
-31732
-91589
-37765
-7792
-66474
-81938
18530
-36402
27850
10446
-83213
-17229
-83038
50583
15653
-71923
76346
30462
26278
36610
40999
-1858
-11640
-80902
-83086
-85361
12809
94681
-13392
-99592
43517
-37910
-30145
24380
95194
-38377
-43553
82416
-25056
-97708
98346
-59476
-50525
8348
54770
83680
79734
84948
-98443
-24066
-22538
-89077
10175
53845
30320
34275
86813
61182
56368
99337
-61703
66351
89127
50719
44119
12973
77752
29307
37867
-48290
-90785
-63991
7124
36284
94462
74060
32249
47462
37958
85121
46527
-24944
34750
-25756
5732
20891
-41357
-82484
-90437
-95744
-3779
82225
-10108
17445
-74647
-99698
91815
53394
70536
24545
-8115
7933
16787
-11312
56155
-92287
-62471
-59290
-5428
-4883
-92985
-25926
-50262
-66247
6515
-83856
-3223
-90988
95941
-8039
19872
-81576
1443
-75146
77349
-7265
-89545
-10342
83267
31471
-57089
74413
32090
-16431
-97872
-22964
-21804
-64577
98568
-22002
-1728
-15877
95535
-66910
73292
-59780
33225
31188
-20509
2563
9883
-27730
-4447
86349
58455
86139
10287
-25375
10182
82407
-66688
11017
56016
-23870
-29785
54237
-98901
-14173
-76462
90874
-50402
6569
-48985
402
9841
-21475
32889
8605
-24525
66739
-95769
79790
64743
34927
69713
-70816
4364
-87835
-87496
-55185
-53176
70105
96305
34339
-32336
6724
-16442
-76186
-44681
72440
89386
12407
75312
9051
97430
-51209
-11007
-1265
2436
-75359
-23450
44402
-59577
13719
-51297
-49023
-90683
92631
93880
-81449
97683
-60916
-33293
89364
-42389
66689
-57581
6169
-27124
9264
-30329
90287
-73234
-63239
3506
37447
90913
-39570
-1645
56028
84161
55179
82838
-39564
57560
-38077
53302
-4666
-26992
-34955
70541
-74378
-1773
-22658
-13831
-6852
10561
-79193
30701
-286
-78259
-31105
-9007
-40276
-42635
-29948
-20073
-39407
76892
93499
88924
-57368
-61115
-23969
38774
12638
56558
-65866
-87712
51235
18951
14718
-79425
-66523
-70707
-43961
25168
-89483
-35512
74458
-61391
60997
-66211
46679
33416
19474
33296
-83875
-37932
-14049
45723
5601
-17522
-49257
-69149
-19934
-38341
-79340
-13603
65075
-74671
-21315
90045
-4297
51203
-52023
73238
99499
52075
62435
5523
71837
15828
96102
-48688
25403
77729
-50553
-73066
-94010
6428
-58414
-53903
19494
-97633
31181
81776
-94506
1689
-8967
62073
68927
6525
72374
-81658
-10845
64141
-35130
33856
-73552
-51201
-17622
53878
-36747
1545
21224
17146
83312
-68146
-66194
58008
39365
9317
81552
-80972
40332
-33406
-33874
41343
-24767
67395
-40719
80405
46175
-45735
-78028
39543
11334
-9967
-29761
94688
-28328
-61954
-25234
90246
30564
-13435
-26128
-94674
-78790
32645
-66197
5484
92702
73824
-83139
59638
-97257
-89813
-4130
-2268
-25305
19950
-92447
-91769
53844
-72360
-74599
57507
24421
99842
-49960
25098
-75223
29022
-68973
13270
-81808
-30084
-96799
-6846
-72355
94328
48034
-61531
72019
-20604
39036
-86003
-81523
-1202
-56703
-42572
-75702
49229
28525
31970
-795
25965
88139
22622
-67774
75285
-84042
-85678
91365
-89199
81597
-33862
-1059
-70239
63072
51080
-14371
94493
-17545
-51752
-51414
-85949
-99918
-27061
53872
-22753
61563
63170
-62416
2390
97528
81465
27668
76750
-4372
-25347
11428
-21763
23997
-83189
53072
-19507
21904
-74937
-87315
70569
62224
41302
11773
8615
11598
-17000
57639
21778
54211
-84603
24261
-27182
59376
48483
-54884
10554
-41754
-17503
15911
43119
82402
-556
91212
8112
91152
7307
-66320
84485
-9360
44304
-60122
-11640
-62698
1470
71554
16714
92939
83642
-21940
81764
3153
-49393
18192
66204
49476
-36950
51155
-15632
-3492
79791
-4320
-76670
45391
68341
-42241
-58145
4820
-18203
82311
-38227
-57855
-89750
-19381
-56975
33942
86165
63472
40315
61778
-61295
-73953
-62609
5123
-57475
-10475
-80912
-70564
52907
-62121
7658
82366
8821
-51773
-64836
-46055
38647
-82174
-52543
-33236
53740
60826
84026
67304
68392
84896
81433
-60366
28079
-57141
-15764
77384
23985
-68381
-30364
54651
-36061
44759
-14270
-20006
-74053
40750
18205
82031
21768
-37866
43346
-48797
-10389
74585
-72760
-39364
-56650
-68051
30430
-7801
-38753
57578
4084
46673
22368
81878
-40365
-35889
79471
74396
-94214
73245
-28843
49180
64838
-35101
90478
51291
-82563
-63788
-6916
78107
-28169
88656
68519
-55674
71145
-80534
-88811
69828
-89777
10819
-28126
10796
-88523
-36907
-1988
20118
30115
-10676
-34
-10353
-25565
23758
39207
44582
-84688
-17124
30038
89123
69117
-40752
97445
82711
-40866
-51706
21375
-65521
-45737
69527
-60450
85794
-47296
-22719
-5307
-56086
-18543
-28062
28695
-99569
-97392
-12765
-49581
66303
93908
-15374
81133
-48774
34292
17319
-3447
-60215
26962
6536
22
-61874
31229
52648
84613
-1033
-39289
6890
3429
62092
61285
-84253
93661
70888
-8324
-28771
-36603
-20987
-73138
17656
94945
97008
-94912
-19476
15226
34203
95303
92841
12699
-74671
33007
-39137
-29915
91652
-47928
25946
45071
-48894
4589
81157
-41538
64326
18674
6223
7869
22379
20201
94954
-50663
-95620
-43951
87024
-85924
38374
41436
23840
-49052
35791
83292
93063
-76577
-93889
28553
87034
23269
-25924
22513
-24129
-73615
88437
6204
32012
-48835
49300
23387
55335
9914
-51914
-37683
18540
54505
-64009
14094
55277
4889
88678
90588
61620
765
3032
-59289
17955
20201
86424
-11308
72701
85289
94140
-39378
62909
61886
-55726
-47190
-1628
-88458
15098
-89899
59344
91559
-22515
56284
-43960
-82873
-82693
60599
-60396
-14293
75763
62323
-99383
-52838
86971
-42340
-10141
-81778
-52449
49283
-62518
-62842
89158
77553
-62537
59339
-85280
63656
-5200
-79171
-86149
50386
-31505
-75816
27957
76233
29217
62025
-62452
-55742
-97846
-50905
31569
-88361
-78523
-46192
-68549
25903
77033
89953
68312
-75189
-55352
47249
51614
51184
99153
35818
12384
-13267
47957
-91227
-91364
6472
-5465
77346
-94095
-567
95644
76609
45998
-29790
67313
-78688
-75963
37369
87372
-20943
-79010
69652
36955
66102
-25080
20576
13785
-98788
-35254
-84578
-76113
60786
48408
-63701
47479
-72060
40225
-3798
17691
26584
-91899
-92016
-55076
-95292
73252
4939
41199
19114
59282
68624
7169
-82734
-50970
5632
58908
92962
27377
-66122
-27487
-13956
-372
-7441
-70539
87540
72011
62102
5945
-93395
56206
-38036
-26703
74063
28597
-67823
-60538
98150
90547
64305
78950
-37926
-24260
92174
-37751
-22969
96216
-69147
-42865
-8264
84250
-15872
-80123
21061
15593
-5864
57991
-74426
5629
57508
-79297
62323
49958
18114
17739
-94374
65862
-4415
41597
37115
55903
-44535
34108
-66813
73991
-79513
-81337
38180
-87304
90617
-14694
-74803
-94140
-86286
18089
10315
-41371
-565
-17591
-18820
21235
-697
-75346
-89557
29294
-97632
92303
-73907
-93445
16275
99750
-73513
-68948
-34555
-11501
13242
-10504
-3055
37536
-41732
-7798
5039
46815
-37452
-49676
36034
94064
-7134
-35004
-84930
62495
60969
-87761
95603
-44758
-66711
25770
20155
51872
67453
40344
-90244
4580
-24562
90846
-76261
-62831
43346
-48046
-21826
72696
-54747
-78767
-38661
-88060
6338
9903
-13022
127
47198
-73654
15971
-60563
-74591
-77065
-3746
32534
62529
-80802
78470
2209
-10243
14882
880
-63140
36660
46840
-73986
80857
-69601
51097
18978
-71822
28721
-3886
-18991
63532
-86198
72889
-76409
53689
-75694
-72646
-83472
49111
68792
-77425
62266
-97321
69383
86478
-87307
-73992
89506
9244
-97117
70898
-36580
-16513
-15326
24462
13430
-9006
-98317
74034
11766
20817
-98202
33211
-85152
-57836
93476
-29309
55060
79449
-13352
6594
85700
-42886
48699
72208
-13745
-85315
-97092
-20856
49791
31178
-12856
35080
8028
-24201
-12293
19542
40171
-30977
82531
-45283
-93050
-94638
18220
-33899
10009
-4346
65838
74240
69878
92459
-96368
91152
96598
-58181
-89897
-2970
-29203
87536
81295
42997
-85720
-3664
3732
-22971
40006
-16860
-33859
-72748
69904
6886
18982
-46122
-96137
43097
87833
57821
93960
-45614
86105
98901
5262
-73997
-38454
6246
-72764
-68455
-93184
72956
99509
-45653
-3678
34403
-27854
-15853
45498
87755
20143
44617
-57251
90731
51963
75467
28529
86338
-48421
55849
-5856
-92551
62786
-72964
41240
23013
26414
-2953
83708
-31064
-38367
19285
-35350
82807
36474
-94926
71785
-1290
-87887
22838
59183
28543
-3860
-51284
34637
48065
-80192
-62864
46648
97413
-10937
-82041
11765
55308
-87782
-76279
46752
-92651
-97877
-52935
-40040
-23814
50754
41333
-97269
