6100
-22029
94815
85469
-16237
73024
83771
-69593
-30520
-96699
-32682
84445
70017
71867
-81179
-15212
52774
-51067
-87784
-74751
93136
-37463
-78664
-16687
7801
32764
28184
33558
91587
31773
-45509
76571
30689
-74281
-64318
-70440
97702
-8342
85008
24321
99560
-54557
-57220
56313
-79088
30568
-18446
-30620
-10622
54032
38119
-90151
31139
98607
30454
73526
89483
-44433
-51108
-26289
53321
-62759
-18356
-94338
-42867
-76109
56304
-68834
47158
-74812
27006
-50669
24505
-41037
48178
-27008
-63254
30542
93933
25820
-42198
11494
97002
-94241
-22738
52119
-74471
4182
-74905
-91547
4314
-24938
32339
8577
8279
37709
-58848
364
-14594
44339
76152
-75213
-78246
64928
49774
79832
69965
30456
-87229
8849
-28244
53825
9748
-18135
63159
29845
78116
98245
-90957
-81805
-22974
-72511
12646
-32593
66135
-97031
-74257
12298
462
-37340
-87809
19868
-77856
-4518
-45320
68462
-95813
43638
54624
-42460
71310
-27690
69825
19031
40820
-62657
-50335
-72191
-72710
-39074
-88422
-61487
398
34985
-77611
77151
-27257
83236
-96025
-9030
-17973
30272
8328
81692
-82143
43166
26859
-91201
-70764
81457
-41089
-73848
-21312
9984
45570
-40478
-82116
88395
95037
38054
87140
-27835
86560
41782
29377
56512
-14918
87977
-49193
-16089
43476
-95008
51468
-94492
67243
57079
-24272
67170
-38647
-31976
-62227
-73812
-52481
-49303
-96180
-39116
-37823
-56987
-8543
1585
-63778
41864
11285
60383
-59942
81636
-30834
1066
-95766
65425
73981
38053
45259
-44478
1923
42932
6335
87922
43969
-1909
68325
16508
251
-81651
29044
-12278
94887
-44522
-19373
-18074
76440
23380
-37416
-12372
-86590
95184
-26084
60064
-27991
-86517
-17224
18012
57963
95939
-36130
48226
-46874
44757
86485
32272
12551
-18820
6994
-463
71408
40567
-64400
-38737
-87867
-85687
5709
84647
-51308
-52006
61888
88789
-46882
-58949
-37958
-658
-13818
6343
64952
-30579
56469
10148
76514
-88891
4520
3881
56132
28757
25399
6874
-26330
30009
-59262
-83058
-26551
19229
46042
33010
86337
-18964
-86263
89318
-72854
-77113
-82849
85701
41928
-76334
-92774
64130
-94337
-96280
27953
88621
-59093
12206
96829
70997
1949
34885
89668
-31352
37555
-52711
56100
6518
-46253
-84521
-88231
79092
24580
96699
-61525
-72292
55464
9991
-80457
-4399
-95270
30671
98391
-87584
-94688
-63887
98545
85186
-1843
29667
74841
-45122
22198
77285
76772
2603
-84786
-34219
-8758
49043
-72991
41185
8823
38708
-83031
23510
-61330
80992
44240
-76968
-72038
42372
84227
-63829
-50189
6469
-29776
-10579
81289
-25594
98972
-45594
9584
28486
-29790
43128
53193
3431
63883
38705
84584
17417
-71481
-69057
6055
-57515
24646
-62973
14982
68566
24630
-73410
-21827
-58111
-4711
-7576
6881
-31467
-10494
-34721
71470
27421
91243
10556
74551
-13485
42550
34434
35751
-10593
78847
78896
-12685
57020
62042
-98186
-87970
-24133
41198
91908
-24408
-73246
79789
-15939
80084
98860
2031
79626
82645
-53580
-31702
-80821
49172
10476
98256
-75159
-89759
-25849
837
96263
11251
43767
-8580
11159
-64419
-50032
-19987
-18423
-98480
66700
89332
49757
91015
71976
-17847
56794
-89965
-70485
71960
38231
-85757
-46522
-69699
97526
78063
29719
-58082
-98831
11937
-49080
-12700
-59508
45985
54164
56534
-67414
30108
-51990
-83500
-59012
45616
-75414
-84754
50388
37399
-50228
-19105
-93801
-66963
-95776
74281
-25519
46751
11631
-57906
-21469
5746
51521
-45272
5783
5805
9400
75878
-7468
-5787
-87846
-28253
67949
72611
46700
14756
62419
47027
8441
95470
-853
-62580
-90382
10306
71483
-92521
88367
-1225
-44163
-4322
43091
-9614
91478
47762
-98226
5955
-40480
-70024
-89219
-99297
-78941
-38094
45356
73270
4131
-88474
-88133
-21391
-89389
-55603
-54178
92362
-85977
87770
-79682
-51641
-16953
-82108
68541
596
-53089
-10318
34327
31996
39827
-10493
-59293
47364
-8432
73143
-20935
85540
86910
20413
-41298
-91294
17746
93593
-50757
205
61823
-7119
11260
85588
-76596
-11979
9300
45249
-97535
12201
93357
34837
51643
-11823
-55075
-23360
69983
-15624
-85212
-57667
-34261
-51044
8338
-49400
-8664
75385
-91642
88701
-71044
-7952
73552
-57586
13084
-75564
-23496
-27615
-10978
70546
58840
-16124
63532
14202
50532
-68530
-69420
-84370
74250
-70125
43901
93734
4276
-3709
70133
46173
95979
71263
-36443
-83557
-66219
68121
37798
-61216
71711
66760
-30036
71786
34229
41925
-71392
-35485
-55570
48677
39884
89579
-61562
9107
-61136
68861
89347
-16696
55473
33792
-54024
3242
59185
-19988
-9177
63230
43898
-39529
8001
16844
-35309
-64996
51018
16014
-87435
72102
93656
69396
215
-37154
-71814
-11977
-17114
21743
79606
67511
24849
24690
59690
83188
87232
-52037
17043
95494
11940
-27905
65388
-45831
59049
88224
44142
42088
75337
-34153
77686
-24972
74618
48829
-64827
33250
-50233
-27722
-38303
-80433
49597
-42437
-7784
-70384
47548
36930
-93980
93482
41645
-42805
46826
-25110
42706
44169
53981
47203
-41672
-58132
71104
-34238
60746
42567
2248
2575
49856
-92189
-66913
52162
5812
99103
62149
-52608
-98987
-53438
18001
82417
-10700
2911
-31402
90110
-19972
-67996
71520
81836
26047
42303
-17826
-29104
-57941
50412
65497
-15826
-229
-67681
93538
25074
-4855
-55733
41163
47050
-80734
1678
-71285
-61538
-5838
953
62853
-99923
-96385
-769
91426
-33979
-13007
42489
-34086
76639
-23954
-6893
-7022
21076
50948
-34857
-65504
-48064
-70400
48212
-93270
-82318
-88165
-50390
-71956
-46388
-82348
13173
-33192
-91010
57049
79956
-58985
31321
41887
-45675
-72210
-52653
24273
-51714
-31108
-39466
72612
-11462
66271
41988
96649
-9761
75063
-51764
62268
96152
-21822
-18142
-12614
25332
-75482
-38178
-12017
63818
3534
21043
59341
-5050
31979
38218
64345
-22315
8924
-73990
-55329
50153
22505
-40026
7461
86377
53160
-55436
-59267
-43911
-86974
-34586
-7212
-38175
-96624
-57002
-46424
16860
87967
-79598
-93161
-44865
-25454
58258
82258
9988
-59033
13714
-86480
18355
-31406
-16688
95391
79596
-35451
-51292
79029
88339
-32879
-50441
9189
-12200
-61338
-18207
40717
-27294
59958
-73693
17579
-80105
96888
37437
-66320
84618
73161
-26578
557
-40638
-58708
50566
-9814
-96029
14450
79017
30550
1084
73077
-50526
90712
-62356
-42626
-63007
24515
-32655
-12474
-43181
77673
-97906
-86182
54620
-23098
88473
-39273
29620
-17827
75230
-81963
86235
31009
42291
-67103
-92742
71689
-43750
53410
-83048
64006
-31348
31708
75381
77905
-27800
73619
-17913
42525
89016
17799
-26034
41132
60764
50142
57174
92734
84693
-72928
29257
91236
-50320
15836
51054
-23374
73036
51943
-41982
-63470
1482
-67004
-23887
-86859
96977
-40545
99953
-74203
33723
47604
-31428
52023
61344
49229
-72024
-47588
18045
-59608
-16028
-5674
79232
36855
-19823
-11449
64242
-55680
74810
68196
-79295
14821
56178
80393
-71447
53054
-67255
-31513
-65985
-51230
66858
-53224
-32934
11333
-47980
-685
49502
82235
72435
-66501
90406
19739
-68902
-72686
9869
11518
-96032
-46198
-96294
30439
39508
21692
55429
91197
30685
-14414
-45462
-92109
84403
-62050
82697
-1080
-71692
-33170
-61000
-80470
-46620
41015
-1242
29558
78980
-17202
95948
13018
-62963
-17866
7154
-62756
36873
-7373
32090
14259
-77937
-41603
37069
787
30553
34768
-9343
-99322
95811
-21472
91492
57590
55843
-79382
-1848
-7609
639
-61978
-83349
-41119
7791
95001
58145
-61557
-91824
-68218
29024
-35213
26338
-24316
57320
-75766
-77505
71723
4621
2700
37049
-54616
-51486
-46307
-53298
42864
43076
76047
30730
-95406
-11008
58816
-17542
-71260
-2142
68128
-10296
-23649
-10021
61713
31672
86151
-88370
57319
-23810
55746
-30089
-76145
20281
-72181
-37128
6603
38288
62846
-38846
59995
-13016
25875
95516
-27464
74047
91624
-60333
-43591
88296
-23818
31679
18905
52323
-12314
-34323
-39408
50200
86524
-69010
33757
-30288
82609
-57221
-15899
-44592
-7265
69763
33077
4275
7126
64531
-38236
92003
42572
5217
-59948
54484
67184
36598
64663
56733
61599
-53451
86253
-25900
46384
-47285
56236
24068
-83350
-88331
-1543
-42290
-20331
21417
-54478
-27815
62574
33570
-28114
77175
-50828
-24437
-29924
8790
-24865
-48569
-35768
-13217
12592
40219
11260
42990
-49885
4473
52099
-99345
-40126
-35862
87688
-26543
-11437
13590
62622
-90006
-81678
-88333
71513
-77657
83705
81864
-74087
-56210
69659
28701
13222
53330
16592
44417
71159
-8462
58858
87479
-88435
80175
72071
-63745
78524
-29177
-2081
7612
-63222
22483
-71363
455
-13328
95385
54027
-11313
-8770
94415
28806
-28886
-45094
88685
-68784
12861
40936
13293
65508
65988
79622
-21662
54884
51839
-18770
-7566
25422
39226
44863
-44110
49293
1975
-69227
-92964
52844
-97351
-2028
-72977
-56155
-47441
2884
-30300
-37032
-64644
33814
-50360
-46889
14047
-73659
70971
-13538
28292
54360
-42429
88032
-77274
-34364
-98163
59260
34015
-55506
6658
-33714
90509
44493
-30014
-6814
-89181
78574
-31104
41988
25225
79249
24634
-70861
-73551
14705
-50029
46579
41976
87329
48014
37890
66868
63762
75561
37282
44384
91505
-63788
47573
-32543
47341
-66164
75367
41844
96534
18265
31589
-19721
-37087
-8672
-6805
-24175
-13624
88678
78363
-24834
68686
-97630
-98326
-35718
-74208
-82436
12884
-51831
-63337
27432
46064
39585
-62758
-18342
7646
-92747
89377
-72923
28508
-39840
44948
-49036
50360
51626
-45422
-12317
87776
-14535
-11827
50491
-35371
94806
-86830
-44984
-96066
39195
-82906
9241
-48871
13239
-76404
44244
74828
-7266
-43740
-80333
28826
50063
-74067
90975
35121
-98749
-6613
-85273
-9889
-86993
-63324
72733
-34587
42294
-88636
-62131
37348
-61649
39264
-90789
-97420
39438
-82601
77752
-54444
-13199
91733
90561
9787
34185
-11791
25268
76749
86755
30262
19727
-81687
48850
49535
-17017
-43041
31419
33980
-39519
-72193
-24003
-50863
25841
65740
49083
88029
13869
-93360
-90809
-9577
31661
69193
-61140
-8427
-80062
33153
34904
88615
-1168
40635
-66076
-78688
-94903
2697
62210
90228
-55769
4475
-61758
-29443
87173
-96142
-93759
-58472
-95941
-42926
64750
77804
-3052
-51050
12282
48267
45901
47677
-41124
-62800
-40915
14946
-64962
-71832
-41093
-56535
-48505
-61362
35873
26517
-99707
29807
-36773
15863
-96073
9996
-82468
-45503
-4043
41661
23293
-71175
13309
31346
-58974
30921
11547
99093
47020
-64397
37172
13003
-37484
-80863
-17169
-85798
-94806
-92198
46719
77348
59563
-49263
-48175
31634
20408
42648
50575
93004
-38407
-2638
-65073
29796
48397
-96379
31388
68498
28524
16942
-9633
-11238
65820
3951
-28503
6538
99660
-19581
58399
45343
55121
51794
-52094
72072
21114
-7552
9241
-82814
-95918
-38176
-50114
23010
-94415
-12537
-2621
-23247
-40449
-58245
72447
-97551
98375
-8695
-60040
51198
-33485
16885
-68242
53392
-71190
77068
-77694
-60707
68803
42710
-71935
90011
-50588
24424
-87982
-26973
-66309
87637
-53577
16433
89880
-82299
44355
71496
-58266
16605
4953
81394
-11323
84894
-45732
85413
-95099
-98614
53688
-75454
50688
41728
18188
-6217
-1452
46057
-32525
-76029
-84869
-70197
-64210
71705
35849
69115
-70225
2846
-99006
-55441
-16252
-81779
73430
74801
-81505
33786
90811
44272
-93058
8564
-476
-95631
-98629
58435
85347
70179
65586
55248
-7848
48591
-1142
27172
-25259
-44370
-79966
-96887
-34096
-72236
-47846
67789
74179
78923
58747
-89820
36260
6587
-16572
44525
56828
-27580
86866
68365
15527
-2642
27883
-62600
-89561
49784
39527
-48498
-28316
-55795
75131
80737
-46844
-58348
86819
-25515
67811
-55450
58411
-81567
-53457
-77797
77595
-25102
-92509
-33667
-96003
67438
-48994
11870
64844
-3051
-91361
48518
-42373
5060
-9888
18628
-74145
66708
47820
77349
85177
-62433
-44067
-4861
67300
-13726
44950
-62027
-5801
-79170
-30182
-83356
39064
-69287
-8280
-43907
-42306
17761
-63564
64898
-62943
-72143
-98014
42235
63008
48204
30689
-37429
-89522
-52347
11554
-17955
10425
47937
-6924
-9987
-46119
-59819
18302
42371
-51438
61897
-26344
8234
62758
29182
80710
90110
-4614
-15445
9553
92596
65091
50691
-46140
84308
-86259
68659
-87488
-42543
-37400
68679
-89475
-39815
78511
-54868
16029
-569
72694
77776
-658
44630
-14641
-33370
-46019
5552
-48391
-91195
90769
-59387
-55962
90416
84171
28983
-25496
-69199
41944
54674
87799
-96674
46672
-30631
-13535
-4803
-13650
-57157
57743
-19900
-6676
83493
3759
82105
13819
-99023
94659
21816
30108
85820
-57146
87443
-89954
29972
51958
20179
-11148
45072
4675
32029
56754
60219
87698
32304
-75740
-69144
-69394
18443
-70709
38057
66892
-18453
72373
-91494
34041
-57422
-94344
-67688
34850
5923
-22133
80528
87423
62282
5120
87794
22174
-35783
-84318
27971
-21176
-77268
-23065
37010
53009
-46578
10642
-59390
51137
-21867
-55128
-5690
56602
16008
78028
-93076
25478
17441
-4487
-18608
-41761
76429
11356
90033
-43814
17679
-9652
-76448
4689
81669
15079
-26540
94507
1219
86474
-47397
-40022
-36900
-22484
-57109
-67440
87167
-80425
1431
89775
73341
79045
54365
-98548
43176
84883
-16869
45615
77783
9892
95970
54474
24199
-47275
-41501
58627
25436
-23400
62790
-49376
35269
8367
-42214
68302
99837
-50809
93927
95310
75053
67695
-90914
-69955
1262
25907
-16462
-4610
90541
45657
-37824
-24762
-91288
-71817
51689
79811
-74604
26927
-4864
-24854
-60063
-80695
-81633
-37796
75797
-52501
-79852
4084
79573
-29705
-90055
44463
71747
-24639
-86495
-90887
99904
23852
31598
3344
-99758
-59232
-91008
15255
42849
-35735
21448
-75591
86876
-26961
-37702
35640
-97607
-95410
-70815
-22895
-70119
-35566
8972
-59122
44617
-79600
-32410
86952
-95451
-41565
-72796
-14186
-85545
26306
-88169
-52234
85373
-51461
-29343
85143
57769
-85554
-20604
84385
-68799
-28248
-7850
98017
55111
74939
2321
-3147
-39245
-57930
94662
-15791
2557
50086
69618
-57237
-42569
-29591
38953
-79479
55126
47178
82287
61605
7825
-18370
-83610
40569
70177
-48582
42849
31981
489
-75857
-36010
-32677
-4240
-21341
-99470
-31429
47177
19693
-51449
-80400
13332
-87027
97569
73710
6941
20390
-81610
37510
-35743
-90088
55099
83599
59825
-39362
-31277
10931
92080
-28863
96162
-5485
23095
48791
-42048
79960
-90409
-75684
-23030
77271
-50370
-83893
-40878
-54176
-35598
21081
9590
-95708
-63109
-55122
45454
-46400
12638
-51903
71935
-24214
-49725
-83122
11309
76662
13240
-84297
-16499
96326
-92018
85365
-24488
3084
28833
-13447
92251
47613
25206
54755
30379
-57259
46908
45213
-20042
62016
-68491
-95914
-64587
-86996
-75282
79319
-65410
99369
47146
47939
9526
64633
2717
79471
77732
89210
92244
97435
-40800
14893
-38926
74317
44970
40354
10964
-54775
-36073
4226
1686
-61329
98213
-90183
63727
32049
-11280
4798
-85193
26798
-30978
-19904
8330
20656
58677
68846
71300
-74241
-36500
96803
34539
-38368
53342
85613
68717
-33171
-29893
78392
57854
83090
-60456
-43364
98979
-77663
-91897
-3968
-56307
11283
52802
84713
6877
-34788
28161
52131
-634
-89494
30507
20042
2065
-29575
49257
-16075
-7495
74261
36949
51968
-86346
-2514
-83695
34805
33111
-42927
-69579
26007
-61048
-90551
8032
266
13364
-13231
-60497
30498
94275
16180
-55476
85766
3396
2883
10846
-15616
-92761
-60429
28062
1509
98913
60624
-86007
79772
-97934
69026
74673
-2356
-61373
87131
-52305
-11098
-46808
-22727
-90445
25740
-80442
84350
76476
-80164
52238
-17590
21603
-35298
81511
81746
70161
-9082
40618
-34817
81808
-8923
19911
3685
90303
-32845
30917
69470
-97184
98609
-82074
75523
-9269
10366
-58520
-23418
88197
56696
12968
86703
26796
-10995
88418
66097
-57655
-71075
-89133
-34328
-91128
-62835
-83841
69362
-33085
17643
-55282
-77401
-8518
-45831
-1902
52022
-48673
-48808
91684
-64035
55630
-74733
11436
-30204
41370
45956
-70594
99255
-57469
34215
-2847
-57665
65475
83513
-61396
-72485
-48057
-70836
-1526
68256
28987
-23382
-38820
-62102
-81602
56675
-195
62910
50933
87286
-32607
-15170
-48645
61464
88022
94343
-90314
98339
93229
86251
39365
73566
-13646
-66874
55253
56677
-37418
-85697
1875
-6027
-64018
-64355
66236
-87210
75348
72067
-89008
70117
-75733
-63030
85733
17725
-57023
-87687
-25897
-9982
3917
69155
-98403
-28343
23127
-17698
-31305
-97369
-10121
20059
51907
40085
-68299
-65625
24623
-20547
-5104
15165
34441
95076
-15782
67589
-52237
-98637
-50944
57517
61682
-57757
-29912
81059
40229
46148
-13
57196
16018
-13845
-90846
41380
29020
-52874
-14764
73938
37137
47613
1965
40999
24736
-75369
-25773
-89581
37159
7110
-5614
7685
37227
86784
-14305
-68867
92001
68891
-74182
-93361
-24471
-748
68268
76790
-82662
37051
-44368
-89646
9400
70847
-35922
-25985
45954
-98350
-85982
3348
-26456
35576
-31204
41973
-75238
6194
-73440
-45483
-53060
-81727
58669
-22324
30646
95449
-55909
29009
95783
89892
-76707
30612
-73351
80943
-66330
23611
35727
-82827
-55511
-74058
86171
-42042
44664
24897
-24371
66452
60430
45750
-6810
18202
-1304
-57076
-26453
75625
-82739
88048
88116
53137
91951
35006
-1628
-16856
-49494
69020
-85581
-5510
-53271
20339
-49050
89485
97704
-79733
-12128
74447
92435
-54590
51858
18654
-18930
-8855
58831
-1036
-72306
2300
81210
15918
36
44347
77088
28663
-49190
88169
55842
9045
81142
-61664
76683
-45872
38492
3023
-50944
-87686
-65137
7890
-68395
-16096
91864
75884
66364
81611
31103
-10396
-65000
13363
27958
-43975
84848
18305
28374
-59518
76863
30336
-71872
58663
7976
46431
11493
-5706
45382
71717
32034
84003
41121
-48462
77379
-87713
-17346
-38419
-7383
33427
99022
-24689
71494
55609
80774
-31669
77572
-20137
-49202
4057
54533
-14695
58451
85342
26886
11467
70263
83194
64989
-46736
31272
-95955
-72351
53121
-57586
13414
-65496
44229
-23010
96746
43
92745
45516
-51042
-10618
41789
55197
-21967
-51364
72491
-43238
-6232
-61224
-97579
63072
95559
90766
-23575
42773
16153
-15809
90403
-29835
-69155
48315
-26305
-8438
19021
99105
38810
60474
59083
15170
72165
-35206
32299
-31708
-6268
-74399
-35305
-45726
34057
71063
74403
-2639
14407
-26004
-42770
-74627
29398
-82811
29233
45489
59235
-83792
-24153
-23466
59313
25369
-75175
50643
7536
-71210
-32827
-47533
-34824
54109
77674
-66300
-72030
30357
-6477
94395
-94077
-8823
-80131
14196
25606
92729
24711
-86601
-13915
-83061
43957
-78057
-92796
56735
-69055
24341
-84566
-16192
-81345
-74591
80028
-42891
-11701
8000
26648
-14088
-47151
-47735
-3029
81278
94200
-119
38576
85237
86828
-78522
-99995
-76980
70790
54881
6955
71979
97306
54356
65498
39556
19614
58203
-68994
70657
-54542
-38736
-51789
-71395
-10608
19822
-93544
90575
8210
57367
11891
67616
30938
-89871
-34015
-25442
-1375
43979
77944
-87959
5536
-98595
-32325
73834
-55276
-84211
98361
-78172
-18318
9934
-38078
-53790
-91545
60579
96327
34448
17418
29698
66701
68262
80289
10067
-18738
-63809
10061
-50985
46508
70088
-77293
81510
67794
64787
-20857
-37423
-63127
32587
70359
71718
44916
82306
33841
-75759
-13495
-58969
98194
42143
15213
25491
81836
6238
97290
-6206
-99533
53665
-86897
-28769
-63867
99616
-93531
66231
65076
-97797
41865
97424
6833
79391
88586
-85869
75286
-959
69537
38820
13135
-75000
85544
18130
49830
-35897
8057
-48214
-15253
-34392
-48412
21734
-43652
21924
-87156
-16957
-27081
62894
-66082
6832
29305
8559
11055
-48734
94097
98796
71090
13956
-47162
-1147
-77038
10892
16321
-45353
74226
-76503
93721
33984
92991
17304
-30535
20930
-72402
97046
27504
-60991
-22633
14640
67349
-21338
76974
90294
58005
-51098
83610
-92658
69531
-70371
10419
9316
-36070
6420
28317
-12417
-79686
-55135
95099
1391
-84004
87854
46226
-6429
-70644
14802
52860
67863
-11646
56731
-60410
57194
14805
66989
-74970
28621
35069
-85821
37212
98072
34371
-60012
-95133
47927
-22521
-28974
57748
42369
-66899
80524
-53416
48937
-16474
-5068
-54200
79309
24406
-3142
-68765
3820
-12697
-49194
68907
-51147
69162
-86363
-72740
-50630
26981
51243
-90230
-96829
17725
63031
68630
51519
80001
38692
-76724
-46763
25744
-90629
-96676
17241
-94103
-5130
70324
68059
-94771
47968
95286
32857
-8877
36184
44187
-33964
-40440
-7692
93988
-50368
64768
77825
-81992
-42860
99454
80681
-15329
52162
68539
53806
-29159
66049
92951
-55022
57628
-48187
153
-90471
98345
30992
-73436
-46746
53258
-16414
-94407
61506
-68310
-67316
-46173
-34500
35344
25635
79491
-40726
-37958
59215
73336
-67891
-44206
78019
-92886
45395
-62385
34183
-85132
50037
-65493
48689
-91092
-94335
95420
-92302
37392
3506
5170
-53876
14222
-97477
66348
3745
-38673
54883
-66249
-29273
-85150
-40055
43300
94904
-73055
47305
99524
-44474
-42302
-84041
50882
66860
76380
-36152
-37602
80671
-98924
-16943
70978
-75261
9603
59879
-91774
-77862
-43259
-98075
90805
82967
82465
-60661
-29974
-81839
-55728
-98365
-84407
-23661
43564
11072
57544
-88048
69047
-85057
-48186
-15436
7748
6383
17479
-60715
62469
60717
86413
-23096
77875
-31000
-90545
-90288
25684
42724
46873
-81294
48556
89818
-18561
34020
-38654
-17796
-34113
-24029
89997
-2603
30706
76132
40060
-16049
95407
-45790
-17249
79375
5437
-67626
-49227
57722
34866
-14715
-2030
70299
58476
-89869
39213
-99235
90155
-20683
-44476
-98958
42570
36708
-56084
52182
48344
-786
-57224
-65746
-53161
44998
28421
-84470
44497
-88709
85345
-21430
18705
44582
42262
88476
-93179
65214
36374
53731
42222
-95930
62852
30771
75329
90213
73501
5305
78110
19414
-24831
47800
-4758
97590
31074
42542
19531
3002
13640
-12523
87103
29059
-80642
-51707
-3431
55370
6428
-16586
-43686
-8842
94706
62564
-87640
33357
23822
-68469
-17171
-11130
-31509
52306
-70705
-2756
1910
-30588
81159
-28225
-78211
18041
76193
19909
5367
76115
-1201
92926
86698
-30812
77097
-12795
8829
-72083
-75963
2290
-71014
-71679
52911
-692
25215
-6327
26885
-96868
96162
56608
-45838
91933
55487
-52834
65925
-1201
33919
56690
73325
-98518
58950
59561
-38893
20016
-42343
843
88404
-25189
74539
-42524
26457
6902
-41597
-83808
9749
70408
-79925
44816
-38437
14762
-23113
40073
81434
-93382
-79409
-13333
-27402
30888
82523
71935
-18941
87726
-213
-12614
94112
-65124
93376
-89569
-39314
68369
76058
54720
99948
-90746
-34849
20836
-29007
-46268
50725
44612
82628
48182
-91684
-88912
-52709
-94503
-13157
85519
-6737
-95985
15493
39043
58680
2131
-26856
-12565
57674
-42361
94994
-62014
95820
-11414
54783
-79068
63761
-46491
-81628
-9103
-36012
-40636
15298
57034
41877
60802
44743
38777
-12342
67197
64598
77037
49988
34440
47217
-68510
30240
15775
-13567
-10017
-13019
46453
35779
-35943
-73087
-67926
-36850
-3403
36123
55512
56452
-99861
37780
-18611
-491
41734
-57184
-59693
61163
13064
-55814
59370
81654
48618
-69239
-60585
-11180
82432
205
-86635
-75877
-61893
45765
-29398
54535
15880
-84703
48725
89403
-25321
52831
-48349
-41163
14582
-27131
-31903
1043
-26405
16122
38124
67772
34304
60352
3364
-19347
-14615
29649
-52225
-99552
76609
3798
-29638
-22886
-50014
95614
54250
33874
74036
72065
49264
-60487
32109
-26446
-97142
-21910
28278
31162
-56633
-27984
79470
-92746
-57453
-54354
-78521
25839
76464
60911
21198
-83342
1989
-68661
-89271
-51700
70416
-26318
18361
52132
-65480
86936
-31425
-32011
1150
48893
15643
37798
15697
-91368
-96113
-50425
-13568
68511
-80542
78442
-77366
-70922
99008
-25444
-26607
22833
16831
-26561
-19091
-52664
22652
3525
15645
92182
7204
55307
-11687
-20082
8335
49743
91139
69499
98758
12368
2235
52209
-63387
-44415
75410
-65451
-29092
59305
93526
-38074
53071
-99878
1611
89447
43613
25995
34107
73227
-29186
85141
-10203
42619
-25146
-73274
-73711
46694
-16634
95462
-42045
-45978
11154
35652
55118
18155
-42468
-89925
23807
27718
71423
-28410
52538
-52204
-98856
-24067
-11293
30533
96143
65260
65843
-35320
-35789
19854
87210
-35435
74243
-57109
70051
39254
35146
60235
-26621
-86413
51874
-95658
-53045
-14216
54616
6729
-82738
-20763
-17168
91863
22204
43411
-5441
5274
-78308
31166
73975
40756
1688
-77965
46400
68871
-41806
8407
-20416
-71924
-68907
-64367
-1987
10004
-88314
-11115
-88486
-26663
-38727
72654
55166
96832
-76864
-87960
-4078
19118
-5090
-88777
-96536
-20220
-16070
-39033
-3847
-21384
-64401
2881
-91961
86033
-98048
-32458
-7967
26815
-94359
3787
41093
12692
18448
-1407
-5601
98083
62235
77536
-8656
-94796
-32357
7744
-41974
14945
-48219
-17484
34807
-82992
-94270
91539
33786
-74484
59644
-23516
-24531
-2238
-87591
77541
-62775
-298
-45084
19192
-14780
99488
16742
13803
98901
-75321
-67596
45603
-58413
-77513
-14174
53668
90427
-69630
-65899
-3906
14480
-11887
-22026
43543
22621
27652
92419
26066
91350
-96786
-79361
-86566
90845
31526
33994
54733
-83424
-45557
43531
27975
-53217
36888
-85303
-53303
40651
-47904
-77287
-66938
10378
-94746
-61966
96522
-79272
77467
15900
199
-53497
-25996
-11769
27518
-12313
45288
-28040
75974
30656
-20925
-42978
-37316
-41028
-64150
94531
-47096
-92830
87404
-79522
-13497
-18115
-30016
92869
-35430
-20581
58145
-87169
77131
-20175
-4093
-32328
-96745
-15524
-76304
79566
-9572
38338
1860
-65784
-45984
51159
-54271
94694
6971
-20677
-6768
13715
93859
-15999
14933
-5321
67282
88139
-95507
-79959
-29546
54417
-7929
-68606
29748
14912
-88548
-10548
60666
-56769
-6132
-99686
79328
14604
82454
-91983
-87654
-48123
48564
-12060
-26947
15299
87185
-8707
-16565
-52831
82024
-3881
-34851
56666
78074
-11959
-78932
13968
-87188
-19331
73787
-75607
-49990
-2018
56869
20500
20956
-8657
-57473
40426
-40396
889
-95319
-77137
79536
-16803
-88266
87095
-66238
71751
10933
79973
-66695
83907
-12260
58191
38268
20777
-84336
-59651
28515
58996
59348
26064
78962
-41167
-59829
-60672
60467
-13165
-91413
1598
72943
68771
-55168
-61576
-11896
-70828
-90342
15035
-97354
39541
79637
84722
52444
20927
-47805
8076
-18618
75406
1080
42236
-89150
42349
66033
-81766
-86440
-17014
29089
60455
-36057
-47864
-11494
1773
-30115
6963
-62380
29829
-87342
-21169
28318
-29646
-25534
-34231
88542
4651
-87515
46927
72454
-55497
-99987
28155
-22314
12848
53851
75754
90247
90217
67839
-40916
-36901
172
-7478
-1388
-21761
25308
-31919
73838
-82983
15289
15137
5712
84212
-33598
33657
59593
-37883
89525
4776
88823
54298
58610
39620
58805
-22178
18174
96196
-19216
15627
-4894
50363
-53157
88684
-6413
24049
51897
-14834
94061
52576
80343
-54077
29049
78920
23580
-49646
50318
-12241
-62792
-95490
8371
-56967
89658
30513
-33757
-4705
27838
64197
-48567
-93425
6467
19120
93930
86240
-79397
57097
-22174
-17679
-84613
87611
49286
-54307
-53134
52101
71273
-86308
53111
-86613
-1350
-75847
60955
-67395
-26806
-15637
-78051
-12543
17196
-31469
-16932
-50177
-2507
-67503
14503
9258
9251
-68861
-60560
-9882
6170
-60260
50656
-32646
45705
80796
74948
-3180
91628
54385
-40796
-80653
15338
89450
75892
-13643
-55586
54356
-9244
-963
-8653
-70413
-19054
72512
20136
-71457
22367
20205
-84429
-68296
-63393
6582
-17854
-70457
-45014
93440
99612
-4046
2704
-3997
42726
-16548
-13719
93278
2818
91863
-47031
-34854
-70958
-76282
-80749
-47911
-94758
92692
-2907
74555
-46397
31691
46129
52461
61180
-23918
-31765
18798
-10053
-55994
88542
78975
3874
-1229
9690
70311
85500
47
64200
60064
-19226
28115
29662
94242
-21174
23575
-94227
46473
-67385
-8823
-26473
-32219
2541
85290
72223
-14306
53860
25445
-2279
6082
61164
-37652
49600
3693
-55874
51121
38182
2452
-35566
92415
-24314
77486
-85510
-21390
-44683
82687
-71700
-89575
47031
66434
71837
3814
-63122
-92430
-51896
88080
59758
-94475
-85491
84678
-27925
-60059
72439
62735
48468
95037
-34474
8706
-54343
-80355
65547
-40929
-18202
-98694
-43742
-52727
35860
-6939
3865
20705
-96139
-2250
-87169
-67968
-48594
-67883
91384
62928
53537
-97564
-54435
37704
33959
88268
-36928
80322
-54179
-43229
42573
47802
-89834
36151
-53877
84133
-25682
-39302
-19966
-63060
-51394
22794
-30985
-74045
-72533
48859
45267
-11926
30425
12547
-93214
-51264
-54147
51937
-36425
-78017
94865
36587
32620
-32360
7968
-91053
-69690
28588
-18623
2710
-1864
-75036
-99360
-46879
63742
65645
56439
-6432
-59414
8403
-86243
-69660
53628
-74759
-55819
17327
-85527
46643
-32761
99551
-31426
16704
-92501
88309
-8866
50087
-75359
71618
-46809
63916
68158
-34899
81523
-9553
68417
-35997
79291
-94110
77636
-43941
-87787
22693
52750
-90555
-79138
8000
-10107
89422
-2638
38460
-75903
76114
-77096
39326
-49733
-83361
-59653
16449
-88988
29090
91667
-44529
-44526
-82959
58467
-70308
71765
-96012
-86117
46559
-48728
66289
-73187
78029
-95805
-44302
-17572
-75820
58253
68564
-99295
24817
30703
-47505
68712
-29714
29188
-22755
42087
-93573
90476
70633
90094
6440
41472
-27114
-51543
45949
-86432
9353
-15421
8631
-72537
60947
58149
88223
-64448
-91297
-60132
38919
91026
-22795
63641
-60700
-75433
-59032
-77807
18755
-60918
74466
81157
47658
-56577
-6518
29660
-69492
85644
-43313
-84820
86375
-50651
37972
-1385
-45378
20486
40824
-56686
9454
-13815
24449
-22399
-92944
-8297
86180
-35842
94890
-25733
-29389
-11719
53042
-88622
19107
-15367
40672
-97825
-62983
-95615
6542
-53637
74577
77965
-92049
27241
48587
-58437
49929
17544
-66926
-93945
-86768
-55135
56394
51823
-7328
72544
58518
-3979
-75369
-29344
89219
-29693
19213
70239
58004
-48024
27954
-2543
22634
94849
-88638
-56048
38096
34931
-13465
49520
-58975
9364
-33045
35953
28886
-70871
14359
18894
-15760
35466
47085
-45326
-25154
-39006
72831
-38518
-40628
-34477
24363
-91979
46120
90614
25396
-98024
79506
99712
-67203
31375
38143
-54720
81956
-51522
-71222
-46268
-42504
-14971
-65416
21275
-18727
-67118
44774
-99338
-4117
-75312
-97647
-27096
-21386
-65219
-86270
-26163
44573
-12711
-78764
-54010
-43911
21754
92387
-57054
-88238
88572
-66605
-58472
954
14678
92666
-28559
20741
-23607
-85525
14978
70568
53745
-58784
-42729
98861
24190
-87357
-84628
42704
12988
-48359
6868
-73542
-7026
-9652
20733
11927
21049
66131
6155
-39146
-73700
93120
64416
-69380
6846
95781
54141
53989
6272
-3804
6018
-88807
-70991
-59822
63505
4551
-18624
-73209
56657
-44255
-20532
-50299
44814
49875
-36072
-66877
39230
52129
-55910
30485
-8673
-84260
97266
36217
-86725
18752
-51272
-34944
-30515
98989
-32018
35094
-70530
-90944
-34220
77937
-92920
92110
6363
42002
69116
24316
-591
-73797
44574
574
-92677
-48338
48494
45930
-80543
-54755
-29694
28472
12994
91955
-97266
-24359
23945
-82243
15366
21936
70999
-58889
39130
-94927
24928
90799
44000
75093
32338
34520
-74096
-6921
54895
54126
-73496
-48818
39612
88256
-66384
-47800
46801
-54305
15640
-57345
90001
-95903
16637
6426
55924
-61742
41930
-45501
8448
64697
25275
53632
72279
-28862
-43075
-5520
-99671
64269
-85134
13669
-58359
-86446
-67440
-93160
97757
-63378
-63191
24973
80688
-78897
-63611
12420
81570
44153
-64405
48537
-44993
97842
-87873
70393
11052
28880
21381
67073
61373
-39907
20228
37108
-42908
-98972
64261
77017
81797
-27493
75642
88111
40549
73964
19964
57806
31360
33506
-37395
-31332
38841
-66580
-54595
5096
66988
-7919
-53625
53798
67744
-97871
-89189
-64696
22296
53364
70167
12533
-83256
72465
20270
-40280
61925
41789
80459
15016
38421
-48082
20110
-62305
-55610
-81398
-36300
-5478
-73318
-45967
19094
83420
52352
55844
-59640
5215
-32674
-29808
9890
58600
-97814
-23621
12571
4357
-53800
-33590
34448
80998
56238
-23508
-35355
-89898
-12045
-26265
44610
3220
-82619
30717
37503
-15470
65098
-25542
-87462
-52279
-45633
-87779
-18587
57399
-78740
95905
-3
-93513
-42888
21606
-95180
79995
-47271
-79615
-95152
-71577
91363
49629
74925
-15603
-56190
34124
41021
-4095
-24573
98798
-35984
-88807
-87156
27516
84655
93251
95980
31794
-27391
39427
-90611
63511
-47599
-59257
-67898
-77462
-26553
91240
26125
-22
-42094
23167
-40118
56066
-79865
97122
-37242
-42096
79651
81210
-49086
28369
-72020
7938
-76252
-15382
63862
-34530
-34419
7573
-59006
7446
-44154
41766
2113
-37395
25240
-93831
22390
-99422
-66054
-2821
20473
39554
-86235
-60463
-46377
94504
-51196
19560
-94889
-49837
-10617
-1830
77208
77666
61591
-13702
71830
-62866
15204
-55940
49739
70724
11545
-15612
-52814
7742
21681
14857
13350
98300
-61341
33894
47081
-19516
-62599
15357
-47487
-44940
-60673
12552
84221
-64096
27030
-80898
-3114
50444
-8536
-227
79024
95815
-36042
25498
-70976
33442
-51380
98339
-84729
-83636
66454
-26035
-50628
94411
-84979
87327
-62649
56217
98634
50810
84714
83161
79739
64931
-56966
-87244
61555
4207
52363
48533
74971
16458
81067
5693
-69754
16483
45444
-49981
-85725
-19720
-62619
-97940
83275
-52871
-83942
-80414
-57798
-64996
26871
37269
-84133
-76995
1716
92715
39164
-27985
-1678
28453
23585
17315
-17508
-62961
78388
78387
43369
-69277
3802
58124
22845
12540
61984
-40778
-43793
42930
-29484
51778
-90331
99030
-87503
21647
66332
-56629
-15054
36280
-64508
-46401
78151
-91939
-7352
98757
-71131
18253
63339
-36335
15480
-59187
81038
46543
-37132
61959
-49266
-48288
23881
85330
76234
-93967
10485
-37734
-60798
-62726
-68877
14892
92379
6545
-76015
-17503
57663
-22744
-24353
-10396
27681
-77335
81987
66593
-15906
65836
56106
-83445
-92929
33875
45657
68618
-72229
-81021
-3039
-71296
-20775
-3969
52081
40567
-70189
57634
-52923
79081
-64233
35641
6909
44522
-59129
-63877
77192
32246
-33504
-60122
40703
-76141
31703
-31178
85838
-25246
-47713
24196
-96563
18696
62024
16762
-66003
6067
32449
-15697
-24051
-27189
-12354
87203
62508
-74697
72181
-10408
-30343
58953
-1214
-46965
-1401
28295
-51414
59790
-868
-67497
-81476
2179
11241
83014
15187
28791
-10349
-27979
51577
-24744
82863
17440
-19482
45908
49357
64204
62246
-21744
-46997
-89651
-42472
3074
86859
-77967
-37102
55276
69087
83277
-73310
-65354
-82912
-59486
35055
-45658
-47363
91371
70975
36414
14321
-42619
58386
30194
-67539
-38341
79019
97156
79925
-43859
39534
28030
68295
-55395
76965
86283
35637
40343
87004
-46669
29908
-94022
-50963
51378
17293
-29914
-68778
-19853
-17456
8708
-7738
-23890
-16471
-63956
64375
59739
-96725
43639
-6476
86289
26376
89123
-18564
-68864
60227
67100
9215
-90169
-82692
86317
21189
-68557
-43926
59267
-38482
53141
10536
-49831
37204
81087
-99354
86405
-22004
17819
-44864
93855
-68532
24231
-2645
-88567
-92314
-29679
-93749
16800
61490
-84118
89251
-3202
-79029
31050
-53916
87848
31728
46529
33574
-21093
75402
-55051
-93068
-25170
-70836
-12451
-45567
-36380
46902
-80103
-53127
69136
-34123
-341
76595
-96731
33189
-36778
62530
84058
-74
-68527
-70741
-67210
43884
56360
30256
18941
-25856
89840
-91253
4087
-48796
96293
71479
-39911
-45340
46498
80039
99667
-80984
-52869
-90278
87157
19030
-53318
-52410
-63042
8660
66485
61809
39875
9195
-51960
12575
47097
14343
-38603
71334
-75553
59355
-44908
-23203
-5814
-50015
-39432
-17933
41038
-833
-56159
5084
-95482
30917
21207
53669
48641
5331
87849
-23319
96713
16792
-41534
96668
-69423
-77387
-37724
58820
-39046
97727
-71036
-62584
15042
-41501
38530
93409
-79222
19045
-41212
50029
-79742
-20415
-14930
71714
-10893
55410
74367
-95841
26728
94928
38603
78878
44090
26900
-37679
-9338
62455
759
-4232
-86883
30062
89913
-87957
-78181
59802
-48194
-56434
-58151
31401
24915
80091
-9687
21927
31694
-7650
-27393
-71796
20306
-951
81996
-67554
-62223
15669
-13973
24452
-48083
-74442
23860
-75351
37335
-66471
-53841
13321
5145
-99844
24995
18204
-53041
-98998
37644
39515
6287
-37102
72426
-21005
-62839
25284
-43786
44997
15306
-28217
-40784
39576
28123
-4551
-27501
35932
-65402
-21820
-42774
17884
-57224
-26535
67388
-82177
55618
41613
41827
-81222
-7558
28428
43451
-1194
-42114
9214
-28043
-37479
-68072
52724
28619
-40812
-51075
-12465
-77938
-38328
-63248
-50194
41883
4598
78980
49617
-67732
-21950
27326
28623
-49014
-9149
-47976
36400
-98848
93546
-88670
3304
-16852
91084
-51260
63217
-82674
-92403
-49634
-17149
-26301
54891
-22832
51955
48299
-97052
-36459
68325
7686
42245
27402
82479
-66947
-16367
-38131
78732
-63395
-24438
-53248
-15046
-54754
26398
95469
26161
-48350
47601
7876
24896
-93703
-65725
-47297
-75835
-95519
28414
-3290
-99576
-48629
-34913
-40338
39732
82200
26750
-64387
-93004
58083
-54597
-45431
-78297
-67785
62727
63454
74879
65313
22668
38334
81147
-57823
65722
-41118
-26754
32186
-69520
22815
8524
-83543
25027
-4636
25954
9970
58733
-11680
-98449
93973
-51307
-26688
-89614
-78176
-1802
-27434
88881
-12066
36975
-98027
39891
-63315
-89113
42745
3035
16429
93595
3651
-4415
47124
28038
-87198
59567
53855
70060
16110
99285
-68253
19970
-48627
-65559
-51966
-4995
8312
83262
80569
-97995
-20520
-17728
-11691
-44426
47882
-45174
-17019
-66972
-81790
-74780
43147
93832
-39349
42780
-30387
-6469
27116
-93185
79752
89005
11111
-18508
47716
84307
72731
41142
60002
-15573
16137
60973
89841
-98259
83379
-10009
-64288
68879
-58976
57591
36207
-53195
-77699
-406
81470
24244
-53283
-62237
-56409
28610
-30175
28818
-77337
40187
94835
-85675
-4489
31058
-15892
68203
-94087
23634
54998
-7087
-13874
59856
2443
-63749
-84284
-57488
-4164
52464
-5011
-30704
-46706
64706
-71094
81236
47966
-88151
-72666
34191
80485
-41668
98048
-47222
-98377
15627
-84895
66997
-38106
-34853
25803
-37656
17155
-58625
98258
29396
-93500
-17457
71812
53898
-66495
91272
-6781
-89
-9383
87680
1524
27548
-12943
10692
-17072
33174
16796
67471
86168
40910
91415
-11031
33381
-34066
86507
49947
-24291
-61730
-36107
20938
-80382
38251
59906
-5832
-39772
5012
-52332
-94894
-65865
-51792
-97086
-31114
-90433
-68289
26747
-4666
-55385
-41077
-74134
-19678
-64206
-54854
98294
3781
26569
-85133
-61599
-84290
68018
4715
33104
-12472
-42847
-24501
73001
37832
15977
-70400
-99816
-22556
-46965
-38818
-30675
36731
-2001
-8142
-46561
-3452
-61327
-81374
-54092
-34490
42514
-37373
88824
7921
22479
77688
59946
90840
60239
29761
17911
716
92149
-60121
-26850
68502
-33707
14722
15858
20624
59908
-13786
-31618
-76576
18953
-94168
31618
-4910
49455
87824
63836
90833
-83588
-28131
-36798
57922
-33860
-10641
-24020
5822
-33290
27157
48719
-47958
1472
94131
33411
-41996
2479
-34160
-76411
-59093
45286
-48262
-85287
47227
99919
-41642
20040
-93820
69672
65352
85063
74199
77173
15419
20920
-16436
-94892
96589
96585
-64509
14957
46234
29947
-51659
-76729
-22300
86205
47478
51960
-79204
-36234
92425
82357
81679
-3934
-58913
43847
36272
60692
10030
29535
73918
-40807
-5269
3968
57042
-69123
37412
-27238
-56569
-90649
25915
-38537
89734
-52513
81218
-47666
-9300
63792
-56528
23221
-74405
-74263
-63938
-40396
-19558
23549
5985
92277
-86359
11274
-17180
61079
53798
87095
-30623
-19935
-17707
86134
60443
-57773
27280
72105
-1349
-80615
74314
47201
-84954
90585
41921
89153
-31305
-30805
22592
-32127
-31010
56872
66126
2318
27028
71323
-87881
83151
22778
-60523
89588
-1661
38734
-26019
39033
-57018
32648
60036
-89509
-4878
74199
25557
-79139
18722
-87949
-48853
-86634
26386
60191
23518
35072
51362
-6275
57621
90655
-71942
63309
98815
-99637
42951
-84924
-69411
9948
42722
-32571
84534
-93134
64786
74302
-98642
35103
72872
70946
-27727
3825
46537
45118
-69878
-94817
32457
-16198
-13936
-17522
22001
-91217
98943
-39039
-45149
67807
-23836
50460
32213
-30187
28082
4051
-45959
71962
-79437
53684
-17155
-84143
-44072
66125
-92882
90608
11057
-55173
70135
-74341
-19016
84560
33864
32542
-31225
-95392
-26990
20615
-91286
43304
-91026
-2594
-95089
17052
-63779
-31997
45850
11020
27946
-87838
-55467
55730
-41748
32980
-66363
-84070
44968
30101
-62441
34478
-4909
-77026
60473
-21475
73844
8543
-29370
-10584
41384
-57445
2521
88777
-29696
20255
26371
40768
54532
-33824
-45289
-88389
19227
93744
85410
88416
-49918
-15203
-82824
46267
-26310
-21978
32105
63871
76735
-66725
56979
-12933
-33742
-96624
-17903
4122
81496
69757
-23471
5462
-16709
96885
-1468
-27525
51502
3329
5230
-92652
-26706
50841
97181
-52044
29860
-99074
70838
73378
-67640
55799
14058
16994
22047
20070
92296
58396
-81884
-54395
-50451
48172
-42235
-97213
82134
-79035
-46204
40437
79702
-25342
-71362
-46086
-7070
50955
9801
-60368
55818
90912
-44810
55373
-40125
-69371
96629
59803
-80865
9290
-15720
-77550
-94115
51830
-21072
48595
3741
-55920
-1772
16383
78316
40649
8192
85234
34941
-74615
91417
17760
-21191
724
-28722
79242
81773
41049
-79525
-29028
44258
-361
31271
31782
-9462
-276
-11634
-48907
77910
42684
-43207
-58099
-66203
-49862
16232
-39482
-1514
-3754
-10735
50816
47358
48451
5218
-98683
35893
-92060
-23261
-30855
-97205
14098
52343
61632
48408
2700
-36991
-38932
-23311
-32772
67300
3105
-32521
-81438
77666
99144
-96759
-23585
93030
-62548
-19431
-93472
-89379
79732
-13220
-19291
