6200
-73397
21964
-41454
33799
-9065
-67050
60026
37404
85886
52133
85126
-24724
42281
29629
-9963
10346
35480
-23114
14918
-13626
-21759
-47440
-55954
16179
-69934
-97803
13029
-20268
67475
-16279
-6597
-27518
-5209
13552
-82936
48380
80817
40220
74081
56044
-10604
-21999
-70745
77778
59474
-5320
1081
-89521
-94954
96988
77449
93008
4173
19748
-57268
-98859
35310
-98579
-5045
-49059
-89573
-84668
-71337
-10448
-41889
70845
47834
29897
-32489
18099
94856
-65379
76206
-79652
-13901
19788
-96575
7943
91710
-64285
-51743
61557
-17175
-44404
-30154
67026
2636
-89261
3392
-65906
-58337
-19819
-72519
65244
-59210
51335
59863
53959
74
-94624
-60435
-95508
64241
-23068
94449
-62056
-64272
61070
-9128
35774
52455
59866
-60066
-54059
-32470
4588
47714
-82676
-96848
-72864
-73619
84267
37477
48495
79379
43400
79898
14650
57714
24162
49948
23287
16024
45085
-45470
44405
56449
-43750
63200
-8627
25917
-52686
-71496
-33113
-84176
-49520
21456
59686
56243
-67736
14142
-38799
52313
-93928
-55648
69919
-12532
88665
-63543
93374
-8363
4577
-43434
-83776
2938
54105
56030
-57085
73089
-73802
90311
55164
-88173
-73609
-81610
-46337
-19460
-3975
4254
-70035
-54833
26746
70842
-38982
51814
22312
60757
65881
-78777
19429
-38650
97031
-34589
89690
76026
50353
-37064
56245
9322
66755
91926
-94720
-66453
3919
17022
17951
-96285
-81835
18213
73766
72409
2485
1177
-22891
-31898
83054
73851
-32783
-22328
-76398
-58326
-10369
77206
58376
21888
78176
53325
48701
-58442
-8828
-68472
-27607
-28573
21004
24398
-47622
31393
56512
-77178
87391
94864
50921
-77627
-85966
-84108
-13299
32136
14978
-2182
98821
-64835
11132
26200
-4164
13371
-8202
9810
32518
1235
-33383
45016
50138
18046
-23320
-71859
-6866
-95051
13297
-23198
63726
-26400
63374
65377
48984
-41114
40280
39686
50679
-23005
59242
-78073
-11783
6904
-74547
-87243
-39185
-67844
-46715
46266
-5343
28111
12151
72834
11660
-12657
-78667
-80009
36410
22308
-31128
40612
-59460
94839
-89127
-44165
74053
83136
-95460
97778
-58266
-14277
86553
-3001
96673
56316
97208
27365
-2899
80602
-34200
58143
-98618
52679
63885
-98087
-29075
-27712
-60156
16966
20163
-89121
-79341
28811
-84098
-5042
-4174
-67774
-27451
2326
87600
-75109
-55890
-36331
-19068
-48738
64210
-99442
-71503
47372
47049
-1062
-51884
60707
15495
-36035
-64435
-58177
-27950
-18412
45384
79005
77599
9962
59815
-4997
39112
53609
65486
62748
-44627
10029
86090
-86873
-56860
47284
74783
-10513
-52322
27890
-8916
64334
73943
-45439
-76483
6378
-6791
-95306
-8979
76121
1358
-21169
51958
64673
71968
50952
-35113
-63848
10480
78220
-55264
15530
29199
-42871
61213
-88903
-53285
85084
90013
-49569
8665
28524
-82594
-50034
91244
16339
-51690
50521
-81744
-16522
224
56652
-54858
47989
-50750
-29067
94172
79870
70871
-84858
22919
11388
26909
66322
65408
-91987
-67747
3573
96872
-7662
50931
24145
-39
-57601
90361
70770
12059
38098
-94252
-96237
-13312
41280
-50598
-16134
46813
-74421
47199
65342
-48155
-99568
-50533
86569
-39901
-39492
-88391
-56520
-93037
-30881
95038
91455
-57762
59673
-74796
25705
49009
-32400
-57741
89374
20409
64196
85163
-96771
9341
32217
92304
25672
-89705
51988
-29502
-32417
89872
68801
-6697
-39963
-63657
-17967
37032
-2625
-68834
90145
-49419
3195
88018
-97291
-18123
79757
43701
-26877
99711
30900
-55527
-53844
8270
17467
81338
91334
-95436
-79589
35513
-43244
-89762
-9283
-64911
-91113
27712
86814
62264
-34051
77533
-25588
-588
84792
-6732
6541
-93161
16554
26506
-40418
11384
55932
-25839
-94759
-81073
-18610
-71886
6768
-28851
49416
-55364
2005
67414
13967
38056
80828
72412
10132
-40824
85880
17561
78662
52044
50050
81064
56872
-7119
-50151
23361
-65155
59015
-42877
36687
14943
96477
-9423
-16144
-55249
87755
-68352
40201
-81562
-62053
-8996
-73854
47946
-87980
-16321
77861
-32131
71461
-77737
31311
87855
30443
80902
-4848
17012
85215
40195
-52827
-35279
37599
87389
-60145
73071
-19177
-76256
-45489
25809
-13812
-81392
-99711
74978
-68859
78866
3602
39880
81494
-8469
-64160
-81258
-12662
-38753
-94100
-70595
-16532
-14981
-20994
-19167
-43470
65519
-22442
-26486
-18297
42067
71882
97969
99891
88330
-55999
-22789
22250
4868
-63862
-36670
69550
90717
19098
-78770
-87327
-79261
-39520
2338
63531
-8779
30215
39923
-34812
-76986
-94456
-18380
20254
-30079
-92504
16780
17522
44807
8533
38121
-10586
89491
26009
34158
43864
91327
63865
45640
15818
-7713
-69268
-48290
31338
98443
-15109
68838
-14148
69563
-47182
-68651
-77338
40075
-21568
-6610
-61544
25821
46704
7356
93398
88413
-38844
-76965
-37853
10144
-86037
-71376
-41077
43686
-45408
-91784
-15795
-73730
-46945
-19714
-79132
-34424
-94589
-87129
26481
-91754
28033
80231
-63737
59756
-22213
-96938
-17262
-11801
-68670
50909
5028
-60870
82603
-70262
-12386
-27885
-34228
56452
69751
65308
-55084
11096
23596
25565
-71484
94513
2884
5310
93774
-79322
-25601
-70358
54728
77294
21787
89616
63629
11247
-56318
49475
-65551
44531
6931
57409
10078
-84741
-87861
27729
37711
59310
16
-98107
-20183
12010
-22182
72287
92657
60
-43202
22416
80622
-25686
-61352
62044
89884
-93843
14165
-88679
-950
43772
10523
92822
-22319
58179
35605
20375
52145
44339
-71714
-76353
12937
90354
-3831
52487
24179
2803
80203
-48086
-10694
25057
-45306
78883
-78600
38325
-55118
-92722
87569
-15768
-88918
97067
-3450
-67902
-84271
-57662
63734
-39088
-1185
-8416
-38281
-47693
53771
-55809
-2611
11093
57815
12291
-93243
-50825
-90893
84001
-16719
69094
69711
-52262
22912
87117
4736
11557
76217
-16285
-18162
79659
35028
-66619
-48296
-99028
-75467
29982
80356
-56577
87814
-94910
-27641
-56714
55728
57498
85997
-45472
-32651
61114
24838
98984
-80659
-73905
65165
59610
11994
-5324
25654
-87802
16042
10979
70708
-16515
-83702
-80568
1444
95992
90274
-60687
9049
-54951
-54032
-91166
-46587
41417
65604
838
49728
76800
-63594
-47809
-61384
-71965
-3137
-11682
91766
-3577
-15014
1454
-86327
-65261
41912
35243
-18095
-45564
-58694
-92784
41321
-84021
-24049
-69170
-42318
-33519
139
-52520
68025
92954
79264
97883
-47804
4743
-84037
-88692
-8130
-50315
92669
-61287
30972
-20284
17556
-89087
-17941
-66766
70006
-22465
73496
-29147
-23174
-59998
-25828
-28281
86931
-20360
28194
-66229
-2135
-40728
-87273
83919
83349
-16993
62380
41946
-72391
-22237
4043
87876
12155
89795
-2604
73397
-32100
-89617
-65326
-827
8184
-38492
-63297
-28349
-7204
-55361
50864
14033
-41665
43955
-87906
-81427
84191
-29866
51795
20234
18874
51542
33774
95388
-52699
81608
-52910
97587
-73077
81953
-79951
-18881
-74170
5245
57072
-39246
60947
-73571
14968
43459
88245
-27794
-75943
-24498
82665
43460
-44646
-75944
-51263
-34010
79713
-57359
68576
17730
-97029
28914
52497
-78079
-80695
52838
35076
-91851
-33720
56197
57125
30255
-50373
3611
56346
52974
-26185
63304
-12134
-68878
72203
20064
18405
2286
49482
41715
-44701
42075
-63178
-66010
15133
-3351
8074
59520
8978
22928
-35933
22273
62711
79813
-71795
8044
89999
-60407
-51738
63654
67490
-67045
97905
14775
-20003
-12722
88442
83821
-11258
73269
-7519
-93601
86361
54714
30660
-12209
19588
-71986
56141
-32791
-11780
62650
89813
63464
-62854
-58859
33587
21144
15062
4878
-25370
-25930
55998
53737
-81254
25139
37843
-27001
-74726
70871
93984
-7779
43283
67523
19191
66439
-44223
-83697
23466
-43339
-42375
-74351
-79325
15875
-50607
4799
97569
-79193
39343
-14996
12943
77444
37421
-30034
42755
73755
-79450
-69343
-65072
-2399
-65056
-74108
-36856
13483
-21226
44032
-63023
79109
-9696
-10935
34
-59549
-55551
1118
48795
-66833
-46643
11498
50367
-67903
94773
24077
-41073
9517
-84048
-71052
-99389
81909
11336
-26460
92839
15839
-65217
96343
4753
10082
-55716
81085
-34117
-39622
-27243
58147
80193
-5285
-10342
72241
-51336
-65790
60860
26637
23528
-89562
91192
-83362
38888
5069
76644
2027
8981
-2884
86645
96289
-42194
-52985
82730
2227
78607
69638
-91431
-45988
1864
-61976
-11692
-66048
-36006
-83039
8824
97904
-48627
-28225
-28206
25228
33009
-64165
13997
68355
44143
45930
-64708
-33993
-87862
35379
9440
4155
7672
86555
-54889
77246
-51497
-43236
94019
8577
47054
58708
35282
-54140
86657
-2823
46670
-8513
304
10027
-39933
-5748
84653
56226
28296
-43422
93944
47558
43436
-84741
6712
-17570
17215
2967
36760
-48096
-39878
90458
10620
-12441
-57845
81233
81183
-3646
3009
18834
-97077
6504
-38191
-22143
-77389
-77494
-88125
27631
-30160
77505
54396
27420
51350
57383
96616
5789
179
-47871
-22013
41561
93156
2649
89797
17325
31827
-80341
-39960
-93392
-37296
39413
11671
-28656
31563
-57423
-66827
-79781
56748
4447
-96762
96218
-90737
76475
7678
16408
-47713
66447
-31388
-57536
63950
1377
-79325
-70428
-62738
-19508
85933
-92390
98223
-94676
98188
-78655
-459
13299
-71097
92769
-5675
-50535
42541
82544
-58643
-93328
80641
-1871
30685
-39659
44674
70967
77030
12674
-28651
67592
8413
59713
-98223
-25700
-43445
-62085
-69977
73733
-91804
-23569
42092
38824
-3294
-83714
1221
11305
-13890
-89374
-66514
-40027
-39797
-1729
-64345
-81319
-25297
47250
26363
-5408
85822
-35258
-99474
7129
-80139
86501
-20862
62119
-31089
53995
-65690
39505
57479
-58441
-11908
-81654
57195
54107
-39675
23116
-44070
-12462
44524
-4259
84954
34513
-37461
54324
14360
-51914
-48802
45685
-54019
-69731
96226
71063
-17111
-24494
34601
-41050
78350
8096
16862
74724
-47636
84168
-52689
-74677
-5660
-93747
-21188
-4370
-66436
9324
-66854
-99331
86574
-11862
58883
-88409
44909
-83515
-78306
90778
39477
11916
38311
25894
-64243
-98486
-74245
69759
-9572
-81314
-93053
-22431
82213
-79962
-47814
98510
97441
58266
49820
48435
-96520
-71819
-3923
-79191
-2597
-65075
-87005
55575
-87424
-67196
51825
43252
-21637
-12201
-14288
-44118
-74314
32596
17388
17110
27213
-21592
55241
39084
87432
57686
89169
44728
57910
14788
81499
26559
-28382
-41489
-57960
-84796
-9099
19007
32445
-70362
31720
9142
-95800
-56154
4451
-43839
-60174
-19961
-21129
-82895
-92560
-33842
-81739
-80317
41637
-75351
-82455
-49253
84967
40620
-34954
78608
-64468
-15946
97679
-87328
-70063
-7502
-55216
7044
-26170
-38855
-4297
-8161
-15590
-77099
42113
4368
-68321
39649
55973
54567
52794
-86004
-72345
-92621
22473
35644
2971
18745
-62799
58127
80567
-5886
-88701
-9220
69331
75148
92234
92248
40063
-96096
82867
-94283
-62207
35971
67033
-93723
18985
58502
98605
43420
89619
-44232
-46913
60019
4217
98492
-59221
-77303
51506
-20043
-86942
19012
31819
56733
90452
-97675
-23487
36853
72823
-38438
57944
59095
-62409
41020
-95974
46503
-21190
53945
94511
8232
-60594
97628
21846
88619
1650
60776
-48578
61602
8638
95476
-43389
65234
25071
2032
-48952
70439
29011
-63227
25773
-66719
-97075
21723
65453
32812
14470
-66316
59735
-12338
78897
-10571
50727
95930
38904
79429
-92799
-72319
61768
9230
-12215
-5848
-94602
417
-69599
29460
27724
31990
47808
36642
-75660
-54575
-25173
-4397
54976
33919
46099
-47259
-26028
41280
-59252
60861
-87375
-52545
-88987
-55425
87326
-39428
84968
-92288
11957
-28534
-73041
-47661
-72121
-37708
83041
11264
7533
54139
80264
-6957
82476
-40453
52432
72912
85508
-46933
21151
66948
74709
-65405
-76213
85430
-84817
28792
-46212
53693
-12684
8867
96928
99115
45484
-21376
-84412
-37529
-92635
-40879
92246
4824
6533
-62366
-74956
-67075
-92498
12840
51312
96346
-42100
-70205
64995
-67187
68670
-77725
54122
60479
-64034
6022
52290
-33226
88495
-12769
-23876
99974
91746
23443
38044
-91545
31429
30108
21076
-34526
-73335
-80944
45976
88870
-74130
-43716
40990
-81865
84941
71594
11124
-77818
-91327
63042
-71107
67931
-70797
-28915
45769
-78801
-6719
66964
48464
-29866
75531
68647
82699
53593
28761
-54150
73008
25506
2156
5801
28680
35280
16416
17884
-33746
-23829
51258
46469
-45914
78897
-26604
63942
-11369
3855
18082
-51792
295
-95765
6624
4007
3441
79966
-69158
70625
7781
-28801
44375
-99123
80829
-70694
79843
84944
-87848
-15744
-59272
-48982
36597
13368
92040
82231
5581
-60269
-66454
-33838
93388
83677
23262
-33132
53806
75184
73343
-54214
95923
52130
-81980
-83164
-85954
91294
-89486
-69894
-67184
-90480
-26846
28457
88091
-81478
97450
15115
81158
-24604
47851
59237
-51588
-88528
55735
-86902
27185
-89717
81245
16476
-67469
44544
10322
-15310
-66584
68967
-86339
-86890
-10006
-74694
89694
82213
63548
-82873
56732
34713
48167
1346
-23061
24804
47477
-36814
93975
-37710
60937
-6836
31151
-86447
-29287
-65763
94416
79341
84362
-66208
91725
-57868
92519
-47249
87480
50072
62013
55894
17232
18803
-30571
-89212
65543
82692
-21106
-27429
-29330
-66729
80215
29222
-3201
44227
6663
-14678
-78201
-69427
33177
40405
38254
-74774
-98169
-24172
30948
66530
40961
99008
-66262
19472
29642
-97096
-36934
-47738
68720
-20022
-14444
26253
-93658
39882
-82521
33162
-56321
28613
93784
-65796
-40247
33616
-66575
-99999
54276
94009
49257
-30280
-5250
81567
-37236
92706
-96692
29854
24199
-23070
-21273
39970
93074
9411
37216
29277
-134
-86311
-42367
86995
69962
-90081
-22846
-67822
33173
86592
46629
-13440
91555
78449
32622
-1396
-80906
-87557
68802
45318
91383
69910
48603
-65013
97410
54577
-24090
-61799
16971
-753
23034
81985
60971
-52661
-82444
-70086
-20533
-89220
-42445
-23919
-79061
94707
-60179
40510
24080
66273
-95828
44307
-77688
17046
-62551
32654
22363
96548
88963
13
73296
-49054
-58980
-59615
-97000
-22452
35153
-26182
-19877
-44088
87507
-44478
37726
-33789
-54169
-10169
-37938
94202
84278
-99440
14252
-21803
-49135
-79216
32020
-72339
88838
41656
-43349
-41874
-48937
85927
14756
9112
-97315
80509
-55376
-71840
-87047
-64883
-2432
-96909
-58574
73649
-99400
-36518
91632
30007
90801
96696
-40428
57656
29419
-41871
24690
-99639
50894
90661
-61140
46667
55899
-58918
-92372
17950
36596
-31688
-53699
-29710
44932
-9811
-32377
79485
69836
76145
47589
-46647
-27765
17955
36197
6821
80841
82258
-58149
-14597
34625
37849
-48990
20482
-663
-72670
86384
-70134
-97377
-35701
-52779
36212
-56783
-79835
47120
25348
53065
-92455
-28146
-84465
-82188
45413
38336
5390
-83379
49348
-90024
-34539
40650
-14356
-49249
67549
-85342
41777
-34442
-94531
84378
-35321
3687
99128
-21205
68260
5927
-89489
60818
7556
-87958
-5129
51060
35078
-76701
-20475
-22613
85556
-85161
16198
66033
-60640
-89763
-3252
25192
77865
96052
30690
99203
-48035
-87552
-48832
60309
-64584
67427
-59110
75764
-57973
71924
-52269
20361
26232
4639
49167
25399
-80102
-80167
40165
45478
-46783
28734
58868
56875
-5733
55176
-99315
65558
55982
-39762
-12467
-68969
-29887
-73193
-51122
17229
-51365
-80839
-8012
-11987
73251
97235
30626
80331
-63642
-35581
17871
58184
90231
77764
13619
-91495
57265
-48376
8475
-55825
-14888
52590
-37028
31304
62814
-21088
-94492
82578
-62079
-37940
-58644
-2185
-68463
35581
99337
-29047
-31280
69781
-83422
51212
44082
-74327
18748
33818
99331
27257
43121
-97289
-47256
-94901
-98304
45362
31229
14242
-17475
27060
-36066
93600
34985
-62424
-94591
67253
-49188
-8953
25536
97475
-3297
68094
30645
92624
33110
-3777
-92481
12327
-42726
-83743
-19295
-83893
-23771
56949
96584
60377
46054
-6490
94061
-2631
99381
-94516
70929
65920
93665
-99059
-40539
-40026
18852
1328
-62964
-53601
-79752
82112
70776
-96616
-15678
13657
-83471
1551
-34131
-7278
-27148
-38193
-26030
-3770
-76744
-66937
-55469
72705
59596
10118
-79225
-34556
-8868
-1258
97999
-75338
29266
-83406
89479
83879
-41064
9252
-60711
51777
84028
4608
70443
79117
-90515
94199
26488
-64865
55330
-59112
15740
-99296
51354
-3415
53449
-22666
53118
62366
-3337
-18990
-61918
86004
-34759
96533
-76950
56237
69450
-50145
77641
-52952
78661
38198
-31259
99740
1940
-45104
82071
-95055
71233
31806
56206
77499
-31192
54325
75539
-9261
68301
20793
-42970
-72364
-2806
33896
-49784
34927
-55711
92064
-11118
-39700
62512
-44018
-78141
-50434
54402
16916
63063
-78207
-24191
90070
85906
93842
99018
84002
-98340
-28853
-93607
67193
56710
16217
46627
37310
77354
19580
-15101
-39622
57713
51483
-62708
93002
25007
34754
-47939
16742
-72280
-76615
-49902
-4338
9718
-97790
15607
89618
-86462
-658
-33513
40063
55216
-61860
55763
54881
-67881
-24817
-43057
27514
31533
-38677
76262
-81987
-27966
80012
-51843
48903
97891
-57405
-13387
97307
-54305
-55954
59386
-78376
84070
17971
-13767
39674
-88372
29081
-1234
-54647
-68179
43139
-74277
-28703
-96405
45001
32020
-80865
-18861
-46988
63415
-18715
-43682
-41066
-29126
-27381
56979
-71868
66525
79970
-52534
-34894
-98178
32614
-94709
24169
57995
-30913
-5036
-45977
23506
29748
-14791
-88301
-15756
-28499
98534
50843
82808
-30429
-8448
50476
72379
28134
36714
-56819
73925
98954
-90012
-39527
824
29551
-25395
93207
-31582
-38740
-43895
35895
-85391
-98280
21373
25771
-58874
-74572
21047
-18016
-51806
-61256
41707
-30440
96573
65337
16408
-78042
36149
84339
41738
95557
-61021
-61127
11256
-45612
94218
32310
70861
-79950
-6615
-65953
5764
-57230
6704
-9673
-46996
29947
-16241
40446
30539
-62529
-27735
-56649
50783
99734
-84185
-49195
23488
-47562
-64855
-88383
37281
95761
46616
-50294
-56651
24843
42583
81002
88942
-30569
-26216
-40143
90656
23725
-50741
-2223
-90684
64618
-20432
-35515
-30055
62468
-946
51358
6181
13927
99516
-68181
-65318
26033
34268
86276
-97773
-85433
-83672
68211
44413
88082
56740
-48320
-68141
52122
60659
76888
96257
78077
-82618
88793
-8022
69259
54831
-6084
-92283
-21375
77524
-4192
-35230
75233
-83906
-87633
52683
-64150
91089
-96657
-16635
25785
-90090
-93209
-87562
-5508
-7180
-4181
-65824
84878
1854
87175
-34101
40501
51429
-30972
-49471
97012
39502
-27302
-31501
71564
57087
-2190
-70343
5206
2354
-93867
-47305
10294
7820
40439
61979
-18499
89127
-34598
24450
-42915
31052
36769
-71238
-80823
89020
-61198
-5470
-22295
9517
-28858
34414
-11593
30674
-78256
-53369
-36103
-80749
-15161
63823
95963
-31396
-71726
79106
28456
-94639
-54769
-7816
-89371
4063
-27968
-38457
-51766
8302
-32941
53445
81246
70771
57357
29163
-30994
-37919
51730
-92203
17321
-93313
-1389
-36315
78363
48405
-41196
27144
-89852
-28352
-85095
21648
-76972
-42523
877
91201
-23034
52098
6158
-14681
39190
928
-33608
-7772
23712
90149
-89396
-9208
5079
-62394
-13795
96025
76766
82777
-19752
97394
-18042
74760
26765
-28281
-25883
-82399
22814
-85242
52175
-69301
29506
-67815
-86604
-50668
48887
20168
42454
26789
71426
58300
55845
2711
-95836
52062
-18696
-58786
-41829
-54178
-14038
-48029
-25839
-14576
-12529
41968
-83995
-84688
24402
65285
69461
-83578
44460
-31993
-8059
-63835
-33469
-23592
-14738
-82227
-19427
30274
13414
75120
-83777
-15668
12295
-63598
98598
-44753
-85953
-64631
49825
-65181
-12748
4324
48585
26770
-99182
-81624
-83425
-75154
58866
42933
-70912
-89058
76392
-11448
81031
-66989
15017
-3366
-25857
73913
76823
52133
9539
7050
-60309
-76154
89653
124
10302
79870
-89193
-54821
57652
-45870
-32887
-98447
97285
-26221
-65441
-90207
62249
-51464
-62690
-18157
-53088
18279
-87404
-49591
82779
96530
21649
56400
-39606
-6850
-81467
-31853
14595
58207
1719
-90102
-72180
-62048
53152
64847
25989
-81858
-8094
83537
-62923
34708
-19416
-68575
-51921
-18895
25627
55466
-15392
-49435
-35715
-67202
84024
24347
49446
26507
-46477
-89952
31001
-47316
-81405
-702
-60605
66204
-88420
-86445
-4273
38021
-13989
13901
-4696
-9610
-41708
38927
-34420
-2380
-78409
29894
33674
-25625
52125
-24857
-81192
-96139
21301
-52456
-11821
70572
-44666
74798
-78189
87641
-88736
-43631
-36054
14198
26531
56764
24698
-61889
-58069
64609
-5904
-81051
-90089
34729
-36127
55900
95477
-34343
33087
-99121
-14517
35280
-91401
47539
89028
29933
68395
-55047
38006
-6835
-62585
-8867
40524
33906
68994
-28516
-42987
80255
-54413
3458
-54873
67423
95181
95777
71409
56070
-82631
-79266
-31843
25680
9167
-32539
-88930
-98555
83760
90492
-58725
66046
8002
-30539
-96265
-37983
33481
82430
-82947
25927
29087
84434
87781
38207
58832
81874
4869
29356
87636
67182
53271
-16951
-63255
-2051
35107
-78003
-80947
76333
-48375
14826
15893
11476
-64723
-27729
-46483
11045
53247
-29683
-17683
3390
56165
55350
-24429
-55203
12232
-44575
-92445
-6861
-88904
32746
73944
61073
-85443
49687
-95035
42431
75067
-54538
-70131
-67924
30337
-70047
3579
55935
-52754
76580
-86849
-53301
80640
-85451
66118
-66590
-99910
-36255
-89227
2752
-92239
-62840
-24127
63848
-19724
-80705
-81299
88269
-56874
20691
41313
61990
67418
-57939
-64732
74340
-74439
98257
-73674
48576
90962
17856
-56307
-81491
98031
-42178
-78230
66733
-90385
58734
-32298
91200
-83690
90777
-33026
-48713
47917
-79987
-1880
1190
-98025
-17182
-13999
7351
-48270
-96680
-31707
92699
9190
97884
83802
25628
77837
-58071
29226
-66673
-897
-62004
93483
48677
-82119
15552
-10164
13792
-69591
-31625
-22994
-11294
-15848
89274
-80164
-79072
-94476
-60185
-20119
69942
-97863
-54694
8997
41557
2940
-13785
-45381
-85865
65300
88963
62698
36339
41765
83010
31326
25164
37194
-31046
-59925
-24988
-99234
-33465
-34907
-67795
-60377
-86296
92574
25472
-85152
69127
-6339
-12185
11170
-32874
22967
37204
32750
69717
-81619
-83531
59225
30384
53922
14815
-35947
-86396
48535
-65177
-22953
-58942
-35643
-5872
29226
47020
-77065
-98018
-38384
78013
66113
22665
91792
84069
90592
-58867
-78879
-18318
9072
73182
86641
43658
-828
39993
-75182
13525
-10523
-58858
-60734
82167
12138
-69254
67989
26811
-50127
8360
-14847
51083
85815
-45897
27910
-59748
-93350
-19457
-9736
57766
-79576
-64339
79338
-55855
45411
97655
-80263
47275
-9452
-17111
-33998
35670
53640
-19363
64353
-66433
53995
26568
27511
17288
-11136
-40079
-7273
98248
-69381
-69698
-83715
-72472
87739
-19225
75595
50670
93991
-85813
79410
34454
-69980
-3487
79097
27164
-48976
16071
80557
47831
50270
-12298
83749
-96001
84334
57751
-51855
-88561
67848
8750
-94817
29638
-86635
-25228
55273
-24249
71355
-5116
-39042
-80032
-56205
3115
87915
88487
-49400
34722
-24282
-53056
62830
35735
-32585
508
51132
-84185
-47868
88988
60295
-67415
-70537
98355
66205
92644
33614
-78679
26459
41568
-18370
-91940
-64661
12506
22789
-20256
-89506
86993
-90101
97703
-67358
-76483
10932
-47684
-87904
-20705
-39355
-13527
81653
1395
28848
-81415
-81398
-99709
-67715
-33640
-38062
13077
64599
-12522
30047
21829
-6479
39050
58274
-18259
67859
-40621
2813
52800
-60091
61242
67526
-6986
-35562
37107
-82149
81121
-37239
-21629
-36067
59615
-5091
81595
19851
-11288
7608
26018
-38725
-95097
81455
91953
52150
10662
43125
15799
50737
-67646
-71587
-34467
97828
27581
82573
4612
-97335
8914
73217
-88118
-86733
-79389
73913
8620
80841
88686
85313
44421
53149
-71714
-66725
-52619
-77139
60670
23370
-19555
81141
26568
-73155
23046
-23314
-23524
-91049
73185
63719
-12276
-37481
-85655
93375
10964
19241
24485
-58884
30183
69448
82505
-84404
-13916
94862
51644
-49515
96551
-58279
45749
-97989
-57412
66396
-97154
8750
88751
31295
-62245
-76884
77695
44724
54852
-73318
41457
-49000
28557
443
28224
40769
66790
88906
-20751
57002
-70209
43258
38661
99320
-17148
83464
28808
88168
92358
58745
-69113
-92264
-40007
-85514
-38562
-92306
47834
-74752
-4241
77289
-79383
89233
35823
81858
-76652
-48687
-82022
39870
47860
-47311
-69305
-50733
-59536
-65816
8342
15476
-68545
-17656
-97851
11771
-4404
-16004
41570
-28110
55026
20704
92571
-45121
-43290
87165
68849
27305
-50828
-21792
-61237
-30261
-44894
-5867
77671
-55660
-59279
-77691
-39253
-36553
-10047
5609
42650
25590
-80364
-44310
-65310
-66553
7147
58775
-48367
-94368
85516
19906
99368
-36572
-17115
47288
-65016
33450
60491
-88550
-10935
-84250
15003
35548
18858
-3338
-75519
-35494
418
-27125
-67881
38034
64469
-39118
677
97730
-74526
83134
45831
-70369
-28327
-41644
-92500
-10961
66506
-31597
10746
35524
25592
-62371
-4145
59605
94381
99015
57635
67578
-73241
-15207
69257
-56189
89392
1666
-36524
-76618
52043
-36133
17558
14564
58634
80086
-53628
-1177
46077
-14141
-8779
10618
9413
-22338
7433
24309
-16250
-96391
-7641
-6109
11579
90274
58206
-3518
16419
83632
-16275
-60586
51481
-46705
87902
25130
-85439
26086
28812
87140
80926
8001
-21306
1860
-99391
74080
12300
-70087
-2660
12571
70838
-8544
-98251
-18064
46516
-5606
40566
-68757
92912
-21048
92705
16305
69008
1701
-66528
-34136
89047
23041
-91078
55622
27115
20374
12706
-22219
73905
79625
-84310
-64672
-10668
4478
8853
38749
60005
73112
83337
42871
-62243
-37428
-63069
-41962
-68483
25696
-45915
48141
-93738
21126
-18102
-64128
-15003
-48369
-64261
-30928
-60394
45390
64986
17829
37161
-94838
-1990
-61065
-46862
-30369
-83726
-41736
25850
-51343
-72825
-46271
8324
28878
-65722
-97064
69482
-73185
-14221
-34117
-4123
-97845
99547
50444
5099
39593
92870
47896
-46350
73311
2505
84677
67219
72348
61496
-30888
-70262
-69138
-33928
-71647
38746
46528
84017
-75772
-27763
26228
87267
-59804
57817
-68007
29392
-12307
66846
35081
-76457
-10050
-30836
-71518
-91807
-48078
11746
87711
18548
-64246
-53487
-93486
73893
29816
73215
57728
6442
21450
85607
-83431
-32179
-1871
-39459
-3054
58941
46702
-47633
50593
-41729
-39720
21415
87380
99522
-79156
54254
-9521
11663
29937
-22837
-78688
70239
38822
-94776
67776
43526
44107
94069
86441
10830
-86359
-7226
-60338
-41185
-21697
-18857
-1732
-40423
-13462
-37295
-78965
12996
-47760
97060
27520
61023
24296
61940
25411
-11499
-28918
19664
-63241
23693
92623
-62371
-38149
-42784
-79356
55697
-45251
-69594
-1935
73115
36598
-25047
-69216
-3296
53893
15355
28620
71393
-96148
75300
-47256
-67080
-48031
37683
-13880
-6719
-59502
6261
55216
-7914
26233
-20220
35128
-54734
-5481
58359
-7336
-2825
-67056
-37385
75798
64330
-67550
88177
89545
68060
26115
70311
-93496
-16316
9431
36706
-844
86280
75467
19586
-13985
87803
-23343
-64395
-92392
-9472
64184
89606
-53355
77676
29798
-7475
95163
-90294
-47435
28549
-11956
-45000
1960
-94726
-41491
-33362
-86135
-81887
-8877
-32289
-85152
-28990
75402
86200
11921
34064
-53790
39365
-82477
-34919
70838
21747
97161
-96552
73242
71024
44607
74984
61728
-60626
12994
66387
44039
-10745
-45924
80969
61441
66875
38634
-81940
91232
-62316
-68260
-63928
-77092
20842
65737
-6880
17795
57795
92205
58659
-68035
21458
52160
-41538
10427
16992
-45581
43979
77820
8968
-79671
21095
55676
90012
32080
10081
-9031
93158
-74500
8205
-16862
-70519
67038
44857
91487
29253
46470
71543
6328
56472
66418
-60007
81379
81730
-68879
-2053
-7316
60386
49880
-13126
-95357
33404
71456
-4541
541
46364
-48997
966
54536
77587
50001
68104
84496
4768
-19973
82136
33606
-40469
46747
-9767
-15821
-77846
-94666
-80578
12441
11046
76783
65877
-89438
-87464
55362
-66182
-11608
-96723
68505
-724
77216
-66007
-82098
97212
-13213
74152
-97858
93153
42907
27391
-98554
-56727
-45050
80512
-74723
77386
96874
41564
-56946
65943
-81770
-31133
88208
-17970
-21104
75176
-1533
-26674
-54240
14848
80393
-5531
-29256
99752
91327
78727
-90178
51014
-18345
-59428
-37064
86536
16212
98544
10259
-87319
51232
-63218
-65840
-38830
-90675
87334
29068
51101
44134
-93141
-78102
-83404
-47566
-62726
-68961
-68328
-16187
-14476
-89639
48446
-29182
-70676
39757
88276
-60688
50492
20891
-7839
22648
97778
88161
-72950
41145
10280
-68455
-63568
75464
20657
47151
33719
23175
-94801
-27100
54498
3936
26050
30424
43610
51295
42331
-95305
-59059
76521
14510
44931
84659
-59299
-79546
-67527
17196
6278
-99470
90339
28678
4346
-52579
-63431
-69414
-20462
-16260
89269
67285
-49915
-98400
5426
74773
79331
97451
-43840
8425
-13972
99167
-49017
96379
93451
-88686
15828
-59254
52146
-41218
55365
61071
-91629
13877
-33011
28289
13624
-98063
52709
-60620
65087
35145
-22448
-55908
4278
-67392
-48120
-39248
-87345
1400
-68598
23466
85504
53380
-58117
54763
3961
64666
35702
-50758
-30781
54887
-589
78253
-76494
-78851
46613
-3360
-79098
86312
51792
-89374
-64412
-53922
-49100
-98256
-60052
5140
47899
-10791
-48074
-39827
-23189
-87360
-11602
58445
-90167
76352
19465
-71476
-18853
43562
51043
-20601
-48393
-39191
91895
34640
-26963
-76665
-71046
85957
-37843
91592
57044
-21122
-20841
-33356
-82500
22880
-17442
67635
-36177
-42033
6103
94416
-20788
47552
-81948
-13024
-48689
68140
21495
89916
78952
-80544
43269
35049
6263
-75215
-81463
91097
-59161
64142
58034
7691
-94748
-37010
79723
-2547
-22598
82279
8836
25697
38283
-2016
54146
81470
-87379
-79265
-56192
-74451
93470
-89412
-896
-31468
-28124
-58057
-686
63120
-21114
-61275
36895
74619
-98144
-36987
-73454
14285
99559
61168
84068
-62370
61818
54831
25347
13385
-75808
-85849
-20577
61357
62884
-22993
4561
-64371
-33590
60226
93992
-17961
-57555
24592
95120
25986
-11402
-6545
79969
83792
50043
-26642
99458
98035
93873
80330
-87624
18892
78672
22586
69263
2382
19714
-29531
-78941
41537
-76217
60980
-7285
62947
52648
-72191
-1693
-12439
9813
-64850
-88139
-39581
55261
-88813
83139
84349
75530
-61169
-66380
69601
-76649
-25473
76057
-62726
11599
79821
-37734
45076
-44668
62176
59137
93663
-66392
-78223
-93917
60498
-6517
-93698
11622
88685
36849
-9001
-47756
-40874
-85681
-70699
14267
95589
90338
-72982
-63970
20347
-58963
-89196
41211
31053
-44019
-73684
69593
69503
-81030
-77221
-37714
27627
-96484
35499
-82229
-65792
-69753
-37765
-4891
-83449
40405
-63987
-65407
28673
13151
-33031
-53765
47277
-60264
-17851
-62414
72294
-8059
-76596
52691
67752
19100
73946
77505
-33485
-11719
67482
-41314
30280
-47305
7270
60025
-52912
-13391
-77186
-69804
-60004
25941
-69419
-1712
41351
76705
964
21943
17400
73086
-82399
-1114
-91580
-19147
43
-31851
-21712
11794
-89700
-32507
60052
-13228
87777
43397
21338
-38643
-97754
96544
45734
-2723
-3190
19750
-53424
62533
7922
24021
-55156
-52246
30842
26533
-25621
39913
35333
91757
43386
22865
72885
-94475
-46968
4225
-53322
8921
-93882
-81825
6325
23574
86535
-65678
25391
-74892
61670
-22243
-45276
91856
-98298
96697
-3606
43397
33140
25357
-28451
53943
-96087
80045
-49484
-65157
45677
24108
92527
-19610
52309
-94146
-47956
-655
-8787
-79121
59097
83654
46192
-52166
77380
-13079
-14028
73223
-71729
48006
-35805
94021
20671
83475
-41117
61599
819
-70239
54743
4381
-34895
-31547
30975
-71142
53852
74973
25979
-53986
38658
21377
-77011
-13865
-91118
-73208
-15301
54137
-22486
-44684
4276
99375
3727
13883
-21942
-51460
-10954
-48397
-11267
11251
33983
95704
-63655
2447
-57151
18045
88726
-72336
-76864
13390
-50659
91251
-46213
14525
7786
10796
-81246
45073
64460
-92350
62757
-19769
-16950
60520
30824
-65436
-10144
-10892
41363
84120
18406
-15011
-62779
64848
86482
9750
49576
-1127
1940
-17215
-13793
-45908
-48225
-51182
-80676
49114
83912
-84287
-12273
-12011
-81018
-22165
-13511
-86056
54618
-5754
-87073
-80524
38536
-95553
15769
-93575
-34685
-28110
17290
7677
56102
-99963
64106
87244
-38177
-67102
43134
-15252
-38298
-76721
-71575
95051
-39957
65963
-15268
-73017
-4146
69191
44330
-9318
67912
95198
-40073
2848
-76313
94130
61646
5959
66166
3845
-81136
25234
-68614
19122
85258
20362
8345
31462
93152
-14719
-92202
59261
8294
-5436
-39689
-79747
71822
-54692
27912
-4759
-18565
-94271
87032
-38333
-77580
35676
46240
60258
53108
31031
90532
-16405
45534
18500
54898
31023
-4979
81031
22248
-4831
714
64416
42194
20978
-78249
13433
-12912
-65013
47720
-84856
-76522
72230
-38543
-51583
24718
74122
8730
-94244
9368
72225
97744
53502
-9807
-8841
72053
44871
4017
3793
99575
39863
2734
-63000
-17410
-92227
65215
56001
34943
28894
79771
13866
-55890
12606
-66145
-76590
67920
-50929
54446
-72634
44846
-19565
26418
53956
82405
10127
64449
-29763
67675
89102
15644
54828
-73524
84238
-1519
96782
-72958
-64052
-60608
99581
-8861
12391
36538
26605
-23132
-30925
21637
-35327
14428
32669
-6084
31115
-62669
88118
-12845
82591
26809
-28706
12153
74770
-13165
37710
-99114
-76716
50639
72065
44468
99751
68633
76032
-7559
59451
-16633
-83703
66706
-90328
33679
-54053
-75476
-82873
-78120
84577
-20260
29614
28205
38840
-14241
-28730
77966
-46177
-67589
31946
43873
-34054
9796
-98019
-7162
-27709
-69894
67336
58632
-9714
-47088
92112
51375
-79114
-43000
-98448
-68942
94761
-63687
-27912
-26295
-93363
-17294
71426
-47199
-61682
34169
48908
-73111
15878
-20692
-5705
-14071
-37177
-84983
74395
63347
62920
93321
88645
-37871
-81751
-19546
12430
-8098
-78236
-66178
-25511
11537
75346
67024
95592
17971
-96425
65187
65563
-43118
-28116
-9979
-8633
66126
59463
-52943
12015
82576
-80343
-18038
67746
78107
64836
62276
-59599
46970
-5754
43234
40010
27865
57414
-91367
37237
22832
-93494
-79788
-29141
-36134
-93069
42641
56974
47556
29062
-9944
64074
55104
-1321
94700
27078
82809
38420
-43990
-74362
70977
18667
88463
7840
33991
-21671
-95578
-1000
58148
44496
-35394
83355
-59052
11204
-36119
-21611
-20222
-1517
7393
19183
39931
85455
25158
85224
-93819
-15383
83011
51087
85001
-78149
54478
-23334
60267
-4431
62029
-69850
-42694
-71979
-38506
-28980
-2877
55159
81103
-89508
-44864
-23947
89652
32249
31022
-96084
70967
-84655
-46084
-58373
24642
14903
-52321
-51152
34584
-80354
10690
-2158
-58983
77300
95003
-63413
83876
-98408
-85159
83503
-11049
-16710
-36039
67501
-86094
83342
-17672
54353
-89191
53997
-13533
-32269
34104
63880
-46070
-832
82177
50313
7635
18018
73424
77640
-92310
-56177
37488
-51162
57366
56747
-61769
46218
-14489
-55461
35724
-82826
45324
74408
13257
20421
-56575
85323
17787
19139
50341
51227
-69946
34152
-92055
81168
5414
-71309
88997
-69325
-63216
-26272
71493
96356
-45257
37701
-40672
61383
3754
-53617
-69015
44492
-21158
19219
-12290
81882
-18694
-42797
-81890
40536
-9217
-9712
79288
7960
91783
-65849
5790
-95648
-72618
52681
-81640
92501
-49861
71290
-18475
-92090
24401
22630
-37251
29074
32417
30395
-34015
-18504
-73883
-89
66964
34937
67367
47567
-22125
33708
-1272
6504
-95521
53342
41501
9974
-86868
-88029
37812
41631
51569
99197
-74636
17643
-27936
-58328
-83166
-9509
28272
55872
17856
-53342
-35883
-86000
13456
-17916
-79854
12856
69878
10762
32164
-89478
-73541
28511
26399
-41119
-92114
-13621
17431
92942
45413
87113
-81739
-84000
87457
62406
99753
44351
11087
-2631
-65154
-33850
-3093
-53991
30345
-53813
-83393
-93760
-81925
53899
25225
-50598
36374
83575
827
19977
63740
89621
80092
86425
-23133
-38251
-7220
68955
92453
41201
-75548
34144
14964
-73793
60
-3628
80875
-84458
-26682
68788
-54529
79643
55639
69165
20372
-99673
35974
29331
60140
63702
32429
-64390
-10566
37295
54861
94069
-20523
-10005
34958
-91799
65608
-91932
51427
-48308
11526
-99173
-17780
-85761
55995
-33818
76533
5510
89853
-46988
81148
50272
3873
-96322
-95792
-36793
4906
-76147
54388
-20090
73629
74658
-75805
-89678
-98512
82373
-94770
-35770
-99552
89005
26625
40927
-21598
32136
21283
-32368
-92943
99305
93596
-37725
57350
96972
89681
-10515
-77402
-15034
71563
39629
-21995
-64563
-8779
-27263
-55384
42017
-63996
-98588
-71304
89815
42673
17864
81587
72704
69090
37164
68108
41146
-76761
22554
80402
146
-69537
18016
-15009
-51755
33467
38376
-58905
89714
-72102
25142
50608
75597
63124
32702
76832
22242
95315
27936
44338
-69420
76122
33217
50691
-43886
-71575
-23353
63305
38180
19705
29936
-94494
344
-80606
-15408
-81846
-75773
-89699
24485
-33369
79670
95843
8024
-91329
-74817
-1676
-61549
-57911
-21223
-8717
27641
27169
-84175
-15634
54599
22100
-21419
52284
40965
92827
-3397
81216
53416
-30619
-43860
37514
9671
-39347
-8757
-66724
41720
-28885
-47930
-83319
-1401
-17914
-35304
-99015
-79662
-8345
-50568
-69814
-49724
17929
35937
96401
-66900
28268
-10945
58814
39609
-1272
-82573
55069
38676
21663
-14013
-32327
-84838
9387
-37407
11483
6773
46455
81110
46704
9686
70602
-693
-21880
31889
-98435
72372
-7685
-6764
79662
-36070
-46554
-95419
53197
20867
-42221
10872
-49132
55551
-99593
11466
-69805
9362
92500
-70628
-75159
-29895
-3905
35951
-86833
1435
-65220
-30311
80654
-50866
16389
-81054
-38639
47746
-70551
-59778
-8171
56078
90898
95462
39100
-36907
7455
64661
14401
-65004
-21329
97052
-94330
-22325
10623
-12574
86154
51014
33643
-59140
-84746
-84281
-36783
-29467
-57386
62930
-60077
34010
-19227
-99307
-60934
67988
5569
-97679
-48776
35
82941
26921
87494
56228
77397
-25178
94124
4831
42172
-57116
87967
-90945
80146
57405
-93308
-37266
-80718
93328
-79213
64589
-62937
2702
-81962
99213
37950
45409
89809
-13075
32758
4729
-50500
-99952
59028
-7757
-74196
54650
-46637
71336
38800
65191
57593
-18288
62038
61000
-72251
-2670
77933
40091
-38651
25769
-97434
-72731
19715
17140
-82508
47183
61983
-358
13010
4443
47160
42199
69891
55809
-55932
45480
23157
-59670
-76224
9231
20223
47880
-78975
8516
34121
96784
58856
-32328
-78325
-84971
52979
-24890
-72530
-94910
89969
84089
55566
-40396
-59378
4020
-74655
-32526
-66164
63234
-36175
-76791
-78894
-16837
31813
15496
88222
-21937
-6434
20053
-40105
-72590
-85539
-18901
-91778
31268
-72062
5553
51266
42716
80719
60215
-62030
-90864
99594
-47153
-21363
-79261
33890
-37626
1589
-4244
-2647
-90434
84034
-25953
50112
9129
41971
-67877
-72496
98404
21376
-10609
84276
91566
-38325
38601
57461
87619
-13964
-48931
10477
-32231
88140
-55826
-18228
-40586
99617
22620
-91207
-4180
-38088
-31350
32912
20787
-28072
86986
-14454
62177
73731
8488
-58182
73672
-35520
23312
16436
-60308
37843
77405
-10552
4831
-83313
94975
47532
95163
70274
-86969
-5001
23740
-38066
94226
85514
82167
69079
-13168
-7031
98299
5848
75440
52039
74499
58128
39402
-25088
-99692
-26278
35368
-72577
16377
52891
-2351
83744
-44839
-99243
-79692
9968
-69582
70744
-79410
-28688
93812
54615
-74759
1977
93564
-22312
32497
-74631
81899
-15611
11395
19355
-37085
21216
-15532
94149
72990
-65708
86219
86075
93098
24550
66332
3041
41797
55690
-42318
85597
-38319
-39662
-29128
-11493
25268
56449
79429
81642
34766
-56898
-14686
-33085
-57768
-49116
-71240
-39766
84758
80566
-4453
34222
-84552
47024
-48915
22794
29395
39033
-51408
-30354
-35466
30452
67308
97495
-26964
-79563
86841
-71462
52366
-75952
-9558
-95679
-2942
59470
70678
59596
57428
21241
14276
88025
52399
-39721
99570
61982
43575
-11469
57474
-55406
17798
-91818
33090
60267
-39166
-91307
-79466
61763
-12264
60292
68100
-35884
67671
10440
35100
-48158
-95829
-14070
-40382
-53192
44916
-53048
22362
88266
-17534
47877
63118
-65287
-77393
-56159
89535
-98442
-61158
-10493
-83579
4542
69179
85298
92581
81219
66088
69123
-11314
-37525
52259
-54675
64336
59697
2717
-85832
47706
56810
-97204
-26668
-9682
24418
-82204
-94010
-55901
86757
-34123
-48515
88278
89945
-82976
-52605
-80785
39816
42103
-11057
10187
14972
30640
-93513
96267
-15357
-67130
98690
-37448
-87278
28269
-59492
51026
66182
86256
32931
28404
39429
-32280
13342
72357
-57725
58458
-97139
65597
92257
5102
91675
-42511
84144
-83896
-32656
-56834
47442
13317
-39837
51438
-14463
-94060
-81331
-18998
-55126
-33106
-73480
97501
48625
-51725
-49481
57440
-19496
72035
-90417
51975
-78214
-24779
6867
48743
-95119
-97960
10189
-19710
49175
63939
47448
-79
-64854
-19205
-19317
37612
42249
-29663
38288
34169
97499
74101
-82990
-46481
-27057
-19221
-16748
21286
-31235
14120
-16097
43454
44011
-8935
-94956
56840
15276
64688
44127
78932
38564
-96195
-76276
-98536
-61530
-85467
-54988
-25479
15870
-22079
56463
-15367
-98166
-8875
28269
-72322
-97277
85483
-9344
83323
-24230
28811
2065
-67011
-14979
98138
-27885
-44972
37816
-59443
-11819
46172
86264
-43704
-72944
-91545
92844
-30953
-70432
-95800
94340
-38009
-79408
76479
-30949
-48670
-88050
11708
76017
45190
-78467
28626
46801
-27999
-20886
97977
-30830
-97333
16086
-90177
-19080
-93120
4529
57933
45754
27449
50664
-73262
-64034
33893
69013
-3058
-67647
-71159
-82027
73533
-13709
-17935
70968
-87010
39550
-73327
28817
-84450
29127
-64067
37676
-89434
99086
59586
10911
52926
54608
-69217
-56583
-96932
88332
-78685
72984
-15859
7138
-89628
-83177
13375
6870
29081
83299
-90327
-10572
98517
85615
58839
11982
33057
88766
71381
63393
44468
62877
4728
-49834
-27695
50739
-68220
-72412
-27778
92016
19325
83154
-88676
-76893
-67059
-1126
88168
-20952
-31730
-30295
-87795
84158
15029
72643
-56029
-93833
-23972
50756
34952
13512
31723
81857
75801
-6208
-20510
87757
-71602
82006
-64124
59352
-26577
-84581
95587
70001
94007
59534
-72635
-97364
-12349
-33778
-14928
-67938
-44745
-30230
-13033
-7035
-79826
8532
-92511
-17403
7707
-84875
93138
84237
32449
-23078
83928
-49256
49483
-91957
-93964
45328
5577
25916
-3325
82956
14087
40541
39337
3066
-45044
204
86745
48024
-5140
-49429
-1406
95260
80458
81803
55193
-11468
90798
-33209
27775
5928
-61313
7150
36432
-44069
48093
-24680
72264
-61072
-96099
-22887
17937
-53304
-42526
-92140
34797
51882
2580
-42585
-8196
-57412
49728
-42620
75947
30318
14860
-72097
27513
