6300
44576
78556
-96239
-70974
39391
84132
-46433
-94188
-34435
20442
81033
-99078
-98112
70041
-95207
-68
-78194
32912
97975
-86801
42666
26458
64052
94236
-78886
90109
28930
-50032
38249
-93124
-4538
-47872
64841
-49511
-1018
-59690
76688
-39061
67837
64988
-40861
80087
95758
89092
35376
58542
8533
50705
-40939
72867
-61736
-47066
-3874
10023
-37540
-70231
-84373
75619
50452
81236
98160
95313
47925
82520
-81705
-85960
-74971
-81811
-91392
-57470
12945
42299
-31832
34107
-85603
3614
-58457
19368
39799
-40486
-13421
-22270
-34939
-26469
-95485
42702
-2756
91623
-8722
10202
98514
37538
98353
-96810
-29109
9917
-25745
40076
-98896
23101
41874
50621
-35937
-75165
-56080
-62758
-42949
58301
90698
-3429
-65853
90313
85230
-40832
-42624
-35263
-55748
-58910
88920
72648
17349
-88651
67329
-21905
-47409
-55267
72143
95076
98997
87849
67501
-9545
-53909
-43664
52522
37258
4576
-77561
-50453
-53675
8316
95708
-56769
59668
18632
-35854
-60784
78541
-67603
-67719
-29004
-58559
81557
-94199
52579
44271
37934
41083
-6333
-82369
-84019
90020
91424
-97838
61615
-37009
-76233
-45405
50394
-17898
-54671
25306
-43870
19517
31405
-55443
-49657
-83477
-66378
-25805
-1220
-69851
3284
40263
-41790
17641
22910
-47595
95859
-51196
14061
-18748
-46181
24336
39307
-33920
-32383
69518
-93110
-53789
-79677
-63461
85778
76927
-49633
-29678
86674
80394
21582
6783
-40200
60327
-20214
10363
-99589
21517
-47759
-18199
68053
28310
21314
-15477
87119
-50906
52740
-97534
-87820
-67338
22597
34336
-29721
29244
60800
22635
69713
-39111
-86312
35825
-79502
-37858
25665
-38973
-61607
63388
-51394
-6769
15471
-57401
-88124
46814
27053
25254
-23490
-69082
-12627
-95783
-39318
94541
-3426
-94937
66976
-98373
37906
2276
48563
-28390
12274
-58501
-35728
94445
-19951
-97058
59331
78218
-58275
-59641
67130
-76619
8050
-49751
82593
-58661
78664
34552
-21813
85992
89933
85586
-77518
-59963
-88818
19144
63542
48177
-75570
-27891
62145
-13125
-52423
-40454
38604
-79591
-19854
-36868
-63814
-55191
-29559
1435
39714
-59071
16456
59751
-70294
-43020
9964
-20351
-12402
-35228
-73551
-81789
-10496
74239
69063
33293
65386
56152
16480
79021
-90737
-17950
-64789
-8726
51407
-93493
-97637
-61331
-73911
48435
89568
-4787
-5733
-30393
14327
-47434
-95867
-84994
79837
2805
-20373
24176
-24609
53474
-92103
-38834
-48051
20841
-74527
-93566
38156
78647
-19137
-51996
-18421
-94529
40222
-64363
-39026
48870
78676
72764
58278
-14383
41288
-91045
38721
-94712
42196
-16051
-53795
49735
27205
40286
-40744
16161
-58241
-94393
69284
23250
46270
-16572
60822
75167
48503
-67116
-89635
73068
-3811
92045
-82161
69082
-129
7769
2719
42266
-19634
10769
68011
67859
57661
10036
86258
99692
-16895
-54717
45283
54
-23176
-91907
-74416
-59527
-59802
-83214
898
60186
72026
34822
47846
-59739
61231
66629
-97500
-51779
-1938
21021
66192
-12003
19217
79740
22201
-57718
86050
18631
98655
26199
-4734
47603
18499
99156
24454
-70204
-90986
-54379
-20804
81760
41811
35610
-69557
-94257
-37016
-9376
47928
85586
-22577
67459
-47547
-51811
-83140
-87346
-79948
-47310
45743
-7647
-13399
-55142
-86807
-31362
99373
-22845
41915
-10640
24399
-32335
-29959
71384
-44891
89314
-19570
76821
-400
-48509
65769
85199
42141
-15928
-75179
-30688
30952
9964
36583
56608
-37733
-59643
-68976
-29748
31092
-32062
-99309
-14574
30501
17541
72720
31292
-54027
-9577
3070
-42762
80132
-65140
-87881
-5698
-48853
-73292
13165
56999
8194
54139
29562
-72119
97531
13598
81750
-70264
12331
-70454
38818
43328
66665
74707
-58719
-65590
-87985
-22195
-18042
85230
-77410
-82485
-43481
-53595
-20162
67570
22033
-27959
-67102
11576
-92106
-80037
29642
37695
69186
-61456
38306
-888
-76661
-97990
79176
-21355
-22361
-49681
14571
8608
7383
20376
14478
-50703
-69792
1912
-82580
91616
-92486
96407
-22794
-45209
-95646
-13846
-62216
79523
-80694
-53216
-80103
57255
63537
32459
-59391
2813
-4531
-76119
9493
93626
12771
-38449
42910
-32003
-43975
64113
-11961
-26876
-4188
-43760
22405
77738
-33093
-42368
52881
97857
-85204
-17963
34065
65032
-51988
12138
-33451
-39095
64202
-73139
9020
83730
90461
23946
50295
13773
66908
-33325
-22811
38975
3148
-4791
1310
-76455
-71724
56873
55691
25086
-83796
-54634
-70862
77586
69300
17278
-12080
24315
-87391
88428
96479
23288
-74414
-14294
18039
63578
-25023
-49135
-95791
25058
-47660
50031
-33370
-26247
-94637
62611
-78986
-83578
1397
-99401
-7580
-99216
89299
98059
-86274
-14224
-20226
28506
-20005
59601
-54420
54107
-76259
57031
42829
79638
-32873
82473
-78148
-25679
-49848
52429
92881
77207
-11708
-9025
27475
-14716
12595
-44387
-22902
-66577
-40653
-44462
40819
14611
-67175
-1043
-2355
-50468
45141
-45475
-68591
-90773
-79885
65739
-59458
7238
6974
-29932
-53358
99423
-61505
96098
-71724
-81729
-25757
5222
30030
-59249
-67462
-66636
34393
25603
-2596
-4230
-13680
6819
-39642
58270
-52697
-99400
-41054
-75916
33748
34383
82885
42009
-18773
1132
-50095
-73233
10823
-43505
-93669
-71499
8356
-66852
41959
41985
42634
71721
-42001
-47715
92708
-99415
-95550
-79620
32879
67311
-83703
26199
-99954
96226
-54426
6505
81146
-95940
-5515
70531
-97514
42558
87988
-41268
9568
2420
-36545
-60967
2372
28256
-66700
16421
-4341
19910
-40907
88749
-66960
14355
78667
-5205
32467
1707
-20440
94700
3335
-41266
-33019
-77488
29254
-50970
26538
-56482
-89596
-55569
24204
37441
-55584
48323
-68848
-33501
-1929
-28479
-61522
-84187
15699
6873
73904
4920
15361
-96841
-55974
7899
-94400
-56438
-95516
23025
-45675
-16912
739
-92674
77820
36672
-96954
84990
-30983
-4301
47803
63970
652
687
22769
-47704
-65790
-52174
-55047
-72427
48616
-7016
-22906
24210
-8037
14344
23571
35425
-59397
66241
64483
12474
73982
7421
62756
-88058
-52192
49407
95405
99959
-88648
86782
39078
-93118
20262
-24018
-77625
79418
-95447
42023
22265
54602
95373
-81996
-32424
37135
-82943
-74309
63962
82448
28551
26628
-78711
-94821
-72636
-16089
87788
9853
-52105
66582
-63676
-18467
95622
-50875
-16270
44853
83380
-36686
90742
44782
-4689
89428
99090
76184
-91834
-31132
-1140
-82237
54200
11394
-61357
-82116
8424
-92346
-98759
-41817
-69972
-26396
5791
-77898
-64316
-6469
-96082
99523
-15129
-40518
-99711
-15216
52601
27887
69408
90328
-38630
-7762
-9304
-54703
-96872
-20006
-2362
57985
78084
96531
6050
86202
-88542
-74628
97176
6964
-19526
-9369
-76767
82373
-51829
77728
-26224
72127
71775
-61805
79033
48166
22010
44250
-71572
-69044
-14996
-80217
85919
-32053
-88698
75275
88553
-89505
41449
-23584
-73685
-19682
35834
34841
-4407
51412
-19407
37668
2134
-12289
-54831
53881
39310
73828
-25934
-33085
-51588
2124
-67142
-95065
-4164
-93346
26218
87285
21019
98778
66324
-88214
-23590
16879
-63637
8095
-66990
40762
4210
-1326
-21519
53277
98519
23504
44066
52791
40217
-38341
-79797
77317
-4765
-3459
85680
-75883
43005
58890
-3787
67938
84504
7755
-41664
-97647
46727
-53076
99965
26183
-95731
-51517
-133
30501
-3119
-41829
-98637
50401
-80530
-95459
-13655
-13694
-24729
-91302
-48276
-39433
55864
41912
91511
13205
-22521
41654
56506
-67348
-27655
67677
4658
-49148
36705
-9083
-24140
49529
-43244
64641
-90294
72496
-93864
30632
-55884
2549
55355
93953
-9392
38195
-15233
4362
64020
-81009
35507
86821
-60361
-1503
69277
84384
-97297
27023
65555
26783
-81962
-50936
-56600
33704
-49370
-60198
94148
90699
-14365
-4367
-68339
60204
-11048
-45971
-73983
-90770
39801
-53026
19814
-8386
-88537
22623
-92776
-78919
41427
-3956
-20607
-34437
-76230
50913
-1944
78085
-82162
-49488
30752
22602
-28235
-59906
-79648
9750
-24598
-58501
60659
-37796
89410
58717
50182
21978
-54199
-85480
92575
-70485
-79093
63932
64429
-10199
-65490
-18838
-76550
-40196
-57220
-45644
2684
9988
-45697
-51951
28107
-34721
-80315
-11975
4590
45911
-20221
-36829
-39922
86379
48278
42009
-44788
62456
-50908
44468
68206
10308
8225
-82054
-61516
-7064
20974
54480
-69623
-7145
-75493
27613
25365
67023
-71475
-62658
-60945
48922
-92165
25311
70192
-35007
68690
-27716
-64669
-91762
-15367
-27659
65752
8125
27183
-93817
-41256
-23809
-84336
72877
-38542
-23062
13238
61778
-63372
28288
-46277
625
23670
-72871
4637
-55861
-60528
-64336
78267
-36796
-98645
-47352
25020
-27557
82869
22969
31823
36932
11182
14363
-1140
-66588
-4641
85133
-775
44136
66795
64099
76649
72963
-51074
78634
84544
86786
34978
-91624
-91119
18765
-89616
-74859
-52888
-99652
7779
-31584
-93021
26451
-39800
-85408
35259
-38308
-55342
58120
49760
-87969
-77302
98405
-46781
-12223
87971
-27897
-83
-21641
-73813
29961
-88564
-76443
79966
-34817
51727
12631
-56299
24124
45542
98394
-76389
26301
25580
11768
-48352
-52170
-98719
68047
62727
-74378
72016
-13875
53338
60537
-66097
84747
-57763
51146
76709
13314
93504
-43693
25734
-11794
-95122
8323
-14087
56573
-66302
-47526
-71142
28276
64281
34900
-30404
-75745
-66686
33327
-54170
39347
56658
63963
43454
-79550
27989
21118
24068
-28263
65182
67873
66037
-14343
62720
84026
62992
-89615
-44651
-18282
91316
86612
39483
-78429
62824
54108
-29537
47703
-34251
-62565
80945
82881
43246
-57574
-39433
23914
68048
15824
19454
-65433
60228
-89856
12138
-13250
31105
-55952
-51409
27763
-66034
-89215
-76392
34094
10213
-12112
-17723
-18230
45427
5992
-93838
-61636
35452
42753
82673
54366
7580
24153
-32262
54039
41448
44429
-26855
47017
755
70805
-75131
-3625
-95891
-83526
-24815
-58255
46437
-96076
-21828
25405
-43473
-28444
50147
-39420
-10464
-24022
94869
-44682
-66058
12644
-58169
-64261
24981
-84028
25502
-85033
-73172
23565
29738
46712
-92426
83882
38067
86047
-66723
-22933
63403
44585
-52872
90524
17858
80953
48437
-15676
-29735
86212
73682
-841
62670
97593
-8379
-4456
-84554
-77493
-63172
42351
31017
81436
-27841
60259
96950
36103
-47567
79380
-21833
-49078
-64267
-6249
6848
-24241
-67540
-65841
88177
-36075
92957
-99996
19435
-16384
86446
59811
15647
-26247
32143
99122
-18814
28611
86518
-9938
-41571
-2788
39684
81507
-80192
-34420
-14201
87143
87510
29197
36377
-8365
28820
-9002
83173
60191
7564
26438
-71543
31129
-95970
90474
-24553
99010
-57523
-52565
-87178
38149
36207
94551
-62874
-67691
48574
-16822
-43295
86306
-96179
88888
13980
94775
-91884
16922
-23891
29939
62252
91251
-81274
-13854
6934
48190
22943
69751
45493
63926
-13838
81896
-48676
31425
90848
72486
42690
79866
85425
42616
-80622
-67110
15033
-47501
32863
-50622
57109
50584
90805
34983
-61227
-39926
-91126
55962
53556
61802
-39148
-30029
22722
-69935
49716
-80167
-27358
-68183
33808
-80719
-71825
75112
-94722
-18207
79482
-47126
18651
-73280
8111
45291
-41796
-15844
-88426
-93794
63932
-46426
34869
-852
23221
75326
-86638
55180
-18934
63831
48021
-59653
-65184
-761
50892
-94119
-24148
81838
22217
6624
-6681
42048
32614
30081
30303
-13712
63977
82460
33191
44602
-70206
4252
-25361
-12915
67505
-51858
8558
-25708
-52412
97308
-45509
-85536
-32066
-30582
-10053
34676
38612
41163
-2507
19500
75217
-61983
-1214
-20214
73625
64527
41184
27358
-13046
-82403
17189
69394
71742
40232
-71920
-69873
38765
-54365
3067
64464
54768
58414
-91027
4545
55008
14993
94412
90835
-13347
89493
8751
-6113
91306
61695
35217
-40140
95286
78570
28642
3967
24118
-70912
92472
-78954
53677
-16044
-71900
-70623
54669
15263
-36513
-26715
71351
-18986
-94750
-70482
-93409
83172
67796
-93031
31435
6537
41630
-66501
-7878
-14642
-58469
5490
55457
-71388
90475
69254
60624
-3687
1319
-57734
88756
-6538
-47634
49397
-76619
46839
20766
68424
69632
13607
-90465
-52836
58399
-41256
-21479
-20935
40963
31356
-69115
33205
-54364
-87772
-75039
80823
-60033
-88686
-88067
43879
54270
45116
-5837
94068
-60682
23008
59764
-80447
64586
-10562
-99524
73901
-58836
-35209
-44185
7549
83076
15680
-14690
-87064
10729
-83517
-10838
-68481
-2804
6034
-23831
-33032
-67148
46664
77021
-84394
-17437
-1282
50785
-19018
77400
-63833
83192
95031
97646
-70903
-35714
16007
-65438
92568
8896
1415
-51726
56817
20711
-35750
-92064
86832
-50865
-22065
28245
42350
-23690
-93976
-71773
-52966
-34097
64711
-18141
65203
-40266
3316
-39299
-83233
56511
66253
-40826
43883
18087
-71733
64324
15968
-2964
37996
8780
55358
-94344
-66877
-21812
-54632
12600
12632
-62619
26443
-45748
-8579
-99536
50524
-70697
87854
-23006
-20499
5365
-32412
45706
-98724
-93236
-21386
11959
58041
-44356
-48404
-75018
-7327
-18192
-73182
-58184
-23493
-42986
-34218
53331
-59697
-80597
72718
79903
-51586
72239
42600
-49407
-14430
99960
13184
-42300
14659
-86877
74935
-32797
39858
-17563
55334
36131
-4474
-45569
44448
-92899
-81040
-87984
52444
83673
-95299
-90172
88775
70806
1065
90602
-29403
-4889
-44198
96292
73184
25463
1728
-2568
15791
76333
-66874
2435
-21596
40490
-35595
97932
10514
-21009
61542
-27594
88152
-46820
-86110
-85168
-77617
-76012
47192
16199
54028
-56772
-20807
38651
71826
-36831
-38412
42222
-87337
-68615
-17335
2649
4273
10625
38156
81497
58461
28102
1593
-87802
-34708
1536
-9234
-21276
-15989
-33640
-90551
40179
-59347
70539
75934
-43039
-18153
24998
-21867
-13600
10503
78641
69663
40977
39810
-63128
-60205
-39585
60473
96804
-16535
47785
-3689
-87143
25617
74519
-92950
-65416
76401
89166
14763
-91915
-44230
-94146
87212
55331
98661
82840
82077
27259
-93808
-10403
-32326
-60869
-44177
30546
31253
69867
-24464
-82928
1275
-39558
82991
34232
-67258
51783
55955
-11901
66175
82557
62147
-84617
-71379
-69674
-82167
14133
-60610
-76224
84609
82863
89553
13532
-52675
-37448
7390
17891
95161
48948
-90813
-79581
21557
-79314
-10196
-64088
-39307
6408
77597
70966
62097
38925
-47777
-32335
16889
55331
-10427
84191
36297
85468
17433
87174
-66107
98603
-40536
76400
7921
-72589
-75161
98701
46864
-97157
71553
21495
-65929
21822
-29442
48976
85964
-90848
50065
-76985
80608
78906
93182
58234
-11353
-6250
-49754
-24330
47120
-85386
-95248
5465
19781
-97841
80790
-17704
-34943
-33389
82953
-85155
36360
-75348
-17022
649
29512
20484
23143
-44713
-1846
13249
73365
-96288
-13675
-94898
-2352
70139
-56865
13013
-27195
-67652
-85647
-25335
41335
-52259
7318
-51105
94926
24379
-76545
31644
66745
64823
92982
68809
70203
-53699
60925
-51772
19801
-74335
-34237
-6671
-67041
96677
12354
44173
-27062
48599
-38536
48611
72405
51863
-27329
-52713
26467
-27657
-36917
-18657
-47483
79995
-60672
-61358
53161
48511
-64082
12888
-7264
-91592
34730
-89087
1546
-63662
69322
-92301
3616
-73735
73276
-67077
31518
77812
89731
-16060
61515
-89621
-84209
-35611
-23642
-37303
39417
38676
91823
29052
-28840
67448
-81201
-34407
-49726
48797
34341
64669
-66397
-31487
-72723
89615
-15629
-25205
76495
-90431
-97449
36763
86082
-80011
-64810
60796
63963
36443
-38090
-24010
92982
-15368
17075
17345
69759
-12317
97371
4115
-85922
-51094
-8695
-53862
69757
39377
65275
-24442
6903
55866
-91758
-64771
-46818
94624
-72281
-68430
69417
-37891
-24059
59984
97144
26636
-18618
98704
-79482
66729
55053
-28118
-99990
-9772
-90019
-69721
-12150
78292
-1132
-77995
-96804
376
48264
-10539
-76198
31481
-2371
-4018
-11198
83259
-40193
7108
-46393
-53198
-80926
15875
74903
-20575
66836
72181
-70646
83902
33436
-33133
76516
-62542
26097
57848
82247
11132
40057
-35311
98424
-36619
92701
-40399
-93300
-34706
88325
72769
-77778
42037
85941
50197
-33008
-7305
-9405
-33511
93036
17983
18356
12522
85814
16861
-45645
18113
-95968
87457
-75539
79754
-89335
60678
74636
49363
-19389
-92883
67149
82400
11007
-15362
-41536
32795
84248
61363
-71012
31208
73976
-37584
37308
70231
-60757
-50550
1914
73651
87806
-56280
48550
-65929
63123
85703
16164
-35872
87748
60247
3359
56734
78834
41091
42286
18916
-52311
-8242
70145
-44194
13041
-46376
-9721
6786
85300
91137
-86688
-5376
-34425
31396
6522
56595
47831
11268
60170
50233
16817
-80443
76905
-53697
-6547
53201
86281
-67274
-59656
22555
89746
33154
19709
8896
25629
89872
80240
-14967
-22388
40359
16695
-22771
-23420
67928
-14668
52724
-23480
43088
27443
-61610
37171
-23668
-31955
-42751
26001
-33877
-43593
-9190
-21477
-63329
21962
-92134
55950
-61827
42479
-73542
50983
29237
-61241
93674
67261
71579
-56588
-82886
-27974
55587
19880
78364
40695
9772
-13624
95360
81716
-28877
91452
35167
-82127
37672
-46890
-64236
-13013
61341
98524
53028
-41610
32091
-46348
32542
-23949
-64049
-65877
41246
16687
-43614
-96863
53163
-77223
-2330
-68459
20992
16541
34028
30281
86376
6177
64562
17874
58562
411
27833
-71682
-75484
-59251
-40267
-15071
64988
91486
-92706
6910
-50670
-9066
99940
35599
87497
43958
-96833
43826
-3388
7922
38436
-75344
76549
29580
-86893
-72150
71473
51022
-76083
-43294
83279
-68892
36452
13027
37167
2516
-21718
-57458
-65177
-30630
-66805
55107
96121
37156
59191
65448
45520
-56602
97783
-59943
-67287
-49637
18785
-30804
-27697
55002
58535
71839
-22786
-26287
-34615
-59871
-52631
78304
50731
-69063
89687
-22572
9409
28119
-76440
-87170
-85914
68342
61110
36975
43916
-86614
92439
33363
-9906
-16757
-82754
-59800
-26590
-78530
-23167
-54567
-94294
-72291
79477
-18757
27881
21570
-1803
49379
-82414
-46539
68290
93729
54268
-18193
95300
-94114
-99597
-25909
-49233
91982
60712
-67192
81089
-77999
38536
9533
37031
-66388
27306
69274
-59201
-22754
-88671
-4650
89465
-46174
-56719
-54918
71319
-48767
8479
-25974
-79277
48080
70241
-76917
2975
-52531
44277
30390
-35705
-94638
-81074
-8585
54259
-7436
79720
-31134
-52664
-94469
-3011
-25869
30447
-84291
-64752
-28992
15597
-73319
-51290
-31043
77425
-89587
34900
32812
38765
24629
-38668
223
21404
-10911
8497
8491
11105
-63023
49858
48875
8976
-31665
7028
-88402
-79546
-5847
89183
-11074
12018
53386
28346
7822
59447
-71627
49995
94847
95786
12957
-94601
62671
46710
44131
-44809
84190
-83361
-83348
-82133
-44258
-79325
350
-70200
25367
34428
84536
27054
-45355
-59645
-84404
89749
-29265
-91218
-36391
-64347
-5196
54842
-35319
-60252
51123
-58844
-1789
-34039
96167
99281
35886
53872
30525
62605
52868
-34137
-50300
-20944
-72946
48741
48112
12509
-45695
86682
-5877
-40540
-45963
97250
36345
-38201
27198
70931
79718
-58982
38889
-64203
-38386
-31997
-89259
2065
-65944
-99999
7019
5794
-79760
-22327
52859
-3607
54480
25068
36532
-84388
68650
26580
92608
-34562
15748
-20531
54714
-49462
-36079
61408
-74803
93897
32408
-72005
-49686
-60349
-42109
-98964
87973
38546
-12538
-83572
-47187
86033
-65878
57593
4006
-26444
-70027
54907
-57499
-88910
10936
-16184
-65785
-28836
-62731
-83678
-23954
48145
-13590
82462
72153
24330
15551
-67519
-99681
48017
-28729
52099
69448
-84401
97846
61109
46152
77698
-26656
28350
53593
-38899
94250
-13567
-67916
-26839
-77105
76570
58667
31802
77585
38280
28262
-72900
-1606
-73243
48120
38684
61261
18575
21853
20835
72142
-36629
63826
33677
-32853
38592
721
32696
15366
13630
-28504
-28360
-41056
52002
-89547
50375
-43101
-22543
-7040
59674
27083
-30111
5749
-60786
20083
-69161
87548
7361
60792
94539
-97993
82238
87116
-14007
-66281
38032
-38055
92752
-68452
80759
-71281
20317
58919
-5255
95820
-38334
23869
-30385
-42521
-28433
72154
60928
79257
-14574
-97873
13836
93001
-66149
-389
-52802
-96525
98008
79041
28964
-87436
70528
72875
-76901
15220
-34549
-61637
83268
59568
-26818
-7830
-25325
47395
33285
-71905
-63034
41488
87800
45005
-31566
12591
86464
55529
38200
-18127
-38317
-69049
-36329
-67470
-13670
95952
89948
-39301
-92684
33890
76532
98352
-38828
-79100
-9950
44444
83974
12484
-47477
66839
9359
18864
24174
-47214
-47119
50093
1586
-2753
-96499
43895
73304
75487
36579
-58379
-91696
-17175
15349
-67720
-59481
-3628
13259
66512
26717
41666
-97137
-68533
-46443
74633
-81256
-32757
8933
1950
-97596
42307
-17459
60320
-39170
-91954
84165
55807
10655
-76949
-45329
10119
-15184
-60199
-55956
-31795
-9394
-44021
-12085
91956
84838
20937
97243
78044
77408
94051
-53983
88616
68761
13586
-97947
24747
8
-99860
78887
-87505
-53118
-99389
54511
16097
-99112
-14116
-38654
40988
-77346
29703
40304
-65584
6983
-44576
25866
-92465
97580
63584
44722
14964
57835
28000
-29557
1712
32236
-59284
-10289
39730
-87105
67520
44478
-63182
-37599
-54302
35636
-69349
-91106
-70309
51540
70867
-26928
87443
-24032
-54744
-57467
-75832
58603
-45416
-11906
23275
-25371
-37699
-55916
70935
-94571
-23661
-12938
-45394
-33050
-62232
62541
38354
-26920
44895
52352
12093
-20585
-91616
74387
-40898
21225
77663
42538
-2735
-40512
85256
77228
9497
-84049
68612
-33789
33532
22266
77867
-97473
-77413
-56186
-84986
-43878
30445
84015
-24193
84758
-12937
-46024
66344
17411
-69846
-29283
-70748
87645
50008
-25339
-37322
-87791
97492
-65069
91812
62112
79142
66780
47047
-73955
-60120
-22861
-55182
87568
4225
-289
-20483
12669
29371
12398
5997
50814
54018
-29533
-46527
-3123
-8773
-76150
-48997
-6306
47166
52461
-16631
91049
-72910
90655
23984
-66491
37316
-9163
16212
54448
17732
39765
86918
11051
-59108
-57882
59819
-70782
-35283
78759
45092
-9942
-36217
45915
98527
-65662
-89659
53410
-11782
44156
-91645
-77468
57743
99733
-25602
72166
11680
92096
57030
-32834
10720
72993
22562
-59869
50268
13876
57344
29598
25796
-49842
-18409
-5923
-55782
48316
70811
26342
-58186
-1272
-73316
39337
-22221
-59558
-54276
-71442
-99590
29050
-37045
-71571
5033
-40269
45377
53628
-1697
-61037
-63785
-29661
70055
98000
-86846
22475
8574
-43067
-77555
85269
31618
-55975
-65839
75976
-45958
-46464
34644
-84574
85820
75547
-772
-82289
99455
-81605
-74962
13303
-28547
-78717
10632
32050
4484
85547
-56393
-72041
-45286
31713
69749
12466
31947
40586
53154
69203
4817
45670
21566
23811
-21282
-67631
3585
52050
19336
50853
90903
-92340
6737
-27715
-9733
-12278
-56174
-8619
7599
-88220
-73916
51853
-79979
42756
-77589
62476
31214
-19242
40736
-63935
-6676
16603
-84103
-2107
-57483
26909
-83945
-70052
-57353
62333
-57205
56923
-7006
18344
-31003
29667
-99705
-73944
50971
-1141
-76853
82518
66579
-64228
3527
-69522
73165
84789
-4992
37051
-22672
-9073
39806
72817
86064
34331
25163
48217
14104
-2424
-76535
53479
-65991
96609
-72144
-40601
-74769
5842
53028
-25834
46412
81674
54447
25549
76644
69372
41504
93528
-8715
-13311
-1537
-9179
7984
68760
94443
33880
-53976
-44531
-6702
18427
-11178
55927
-37619
99667
-71353
39450
47126
15054
90147
-96467
-10713
-22952
70362
48567
-7184
-9396
12780
-31917
-26765
-82104
5461
-17902
56960
-14695
-20908
19711
-98616
-427
-88681
76861
-16607
-2104
-1467
77709
78805
-38010
-28697
-48916
46439
50080
-43276
47513
27235
76401
-71753
51188
85793
63832
4895
-13950
86614
2496
44579
70861
79638
96410
-27760
-19927
88618
96236
-56784
-73967
-54647
-46589
-36328
4015
-54217
-86396
53327
21242
-95305
-33951
-29610
70138
-46290
-24089
-15783
-77017
70230
52339
-59920
59759
-72741
46405
-67054
37463
45974
-71060
-92521
-88071
71907
-58015
-51673
26091
-82079
-97680
-73532
16064
-1531
-75503
42738
97576
-73829
-72299
-67009
4083
81563
-5316
87538
28530
-65436
94435
38996
77950
30807
21338
-67819
-59054
90707
-91436
-70947
-46381
-91768
-65480
63793
-37391
87802
-95788
54013
38757
-61420
-26511
15364
-61798
-38106
-29567
-34207
9640
80253
-44299
48568
95995
-98850
-33685
-16961
52370
-55906
-14331
-77469
-38236
-48479
-90539
-29864
-58915
-86483
63092
-4352
35333
90730
-27214
-35081
-382
27576
50663
96313
-64524
79149
-18328
-95824
60158
56106
-25003
-52386
-72667
-78567
-67312
64932
34960
-83323
-99960
-52819
-92881
74133
72051
52858
9209
-17306
59418
-69814
25869
92484
-1202
-82395
-80454
8517
36088
-97339
-8806
93891
77838
-3358
-39847
-77836
-41182
91481
40659
7528
-36972
-40712
68571
-86050
872
-69400
73241
-68926
25586
83703
80395
19335
-25362
76482
37612
-33443
95084
-30661
-55503
67599
-94552
-5411
-53328
-30468
-12104
-29911
-92900
83120
12190
-11557
-75029
-72417
-61059
-18002
-17768
-11971
-42775
-91063
-19388
-53059
53655
-52283
14904
20452
26035
-97957
80581
66248
-32879
-82961
-78452
-91990
40891
-35789
-3046
-70419
68969
35897
363
-4621
-73458
3610
-5680
53907
-56497
2300
70891
31864
22030
16194
-82922
-13607
24293
-98154
33955
-78192
37103
-33076
30398
-73894
91200
88691
3311
30762
21620
63677
45436
83818
8421
25800
-22549
-92401
25910
98120
-49435
72983
-90996
-21741
37942
-72414
32093
18953
74033
85098
52320
-67490
-46351
61921
16548
98118
15802
59686
1789
-97924
-21507
58659
-62056
70958
6138
-64379
8944
-15096
82944
-72679
-56871
34267
82064
52032
15866
-4118
-79648
45390
67864
-62319
-98821
-93051
-73715
-38637
-42939
-91543
-22185
-52034
13021
-98880
972
23165
-89317
-30872
64940
-3206
-33480
-44332
78351
-69011
-20787
-1115
89213
46214
-61772
14625
13468
11507
-7093
49234
45636
34830
-7273
62461
45615
33511
79044
36030
-18804
-74455
68682
-4163
28018
26411
78124
-44273
-24079
94741
28763
299
-48571
85421
-42889
43910
99876
42045
-78219
-94450
92150
83363
-75749
-92224
-77659
38581
-44312
-46553
60746
84750
-21742
35570
-99898
-22534
-70425
14960
85618
-79878
14165
41898
37550
-54924
76997
79901
-18090
-64262
72097
-70574
95379
42485
-77705
-66084
62669
91949
42869
-57042
-54658
-66632
-55788
60630
-27486
95038
-10798
71322
-88181
10852
68247
88045
91664
-77219
15993
-3634
39077
-56311
45019
73854
33798
71752
45744
-5220
-2610
63520
-12451
54558
-15068
94855
22141
174
-15980
4301
77886
-5985
-83716
-15512
94184
-63286
43229
-52514
-51842
24905
36753
-59063
27005
66191
54172
79306
-79359
28195
-20710
71565
-38137
28215
95640
2996
50637
9449
38783
-76766
9942
41621
-10005
-71769
-95926
66069
-60069
30211
7993
-5674
41024
-63527
84672
41304
-47240
-22095
30852
91329
40660
-66070
-62052
-69345
57685
-42694
58827
-85191
-81226
-94301
76650
60240
76771
12725
-8219
-7945
19015
6138
49884
-70452
99267
91073
745
-21742
82426
49034
-54399
-62740
52553
-35829
37363
-24776
-14572
-61091
-79346
-95098
-24516
35398
160
-80396
-59476
-285
36184
95272
51667
-40334
-15987
-90392
3500
-27014
16279
-61863
30968
-10217
-82917
98834
-91506
-35482
14885
-53476
-68280
-1527
-34322
16776
38175
-33193
97020
-1491
5841
26659
-5847
23869
-93570
-41561
94651
-55933
60563
75278
-73998
23484
82973
32539
59937
-79217
93887
-17223
13428
75113
81599
-61473
-71472
-41223
72250
28831
-98984
-85307
92216
51852
51403
4584
-11046
-8378
-95670
82088
-73296
-47900
46647
-97224
12775
-80132
-81286
-66809
1503
36945
-48163
-19262
2331
71066
-88297
37037
32786
-19477
6374
-8999
-71646
-37501
-2283
69699
-82332
-92175
8989
62665
84634
33123
78120
13834
-90235
-56820
-1168
63320
48916
49457
96838
-27236
-16842
7633
92783
-44537
78672
-30033
22057
6321
33291
77053
-74677
86288
45060
95718
57802
6293
-21849
-90888
13784
42342
44054
77741
-84570
-1868
-5374
18517
97867
-11910
81885
73249
-36291
-81711
70694
84622
-65413
3121
67107
79531
-23603
-3960
-94995
93641
68259
-7376
9893
-74753
-95141
26961
-51067
-61609
68702
22483
-35503
81689
90026
22845
54763
-49167
8746
90223
-92730
-72705
25152
-19464
-39501
82556
27365
-99115
-87977
-64124
36584
-45625
-61250
-44988
-46
-65456
4616
-36672
747
18633
82113
10049
34325
4131
32463
-66214
-23787
69240
-97276
-21290
-81934
-26099
-98925
91712
53430
71719
-48288
-73905
56145
-83002
-98704
-38677
62493
79874
35136
-12384
-14019
19457
88177
14302
-44258
-57453
-21088
-54230
-88225
-15574
29652
-49819
44685
-68551
49873
-16713
40519
-36121
21449
89496
35649
91952
24306
-89733
85347
-70759
-44045
11799
-98095
-37362
-12168
5907
-30586
82137
97956
91149
67033
-58239
88870
76807
-3166
-66627
63781
98862
-85386
-8749
-84075
-65656
-84275
45970
81387
45242
97541
89832
45805
-29004
-21888
-13663
-31582
-9670
74856
46077
36585
95503
8786
65772
82214
-57280
34304
15720
30615
-52534
-14527
11503
-21371
48617
-57805
-88612
95509
-85122
59241
62177
-27394
-56293
17383
57187
-56555
13295
-12982
28338
-29245
57801
65349
-99868
-19111
23754
-58875
-75187
67194
-95444
16246
-69284
28854
59753
-49377
24981
36088
-84919
-36439
80422
70741
65995
69309
-32279
-86780
97327
60554
-49227
4973
53406
72486
-48159
-66726
-57481
56588
-54122
14346
78007
-28348
-70192
-95516
-72316
53472
-88143
85513
22998
-78686
-9214
81218
-85117
-58565
-20089
-66343
-56987
-28562
-57283
79299
80873
22483
64498
57466
33079
25272
85121
-3095
14329
69794
60777
17793
51403
-27791
-69494
-96023
-72771
-55071
-94469
16146
42759
-16019
-13494
-89880
33226
68046
-64175
-27100
-40833
36961
-34255
60222
56830
61414
-40594
-86848
-54099
14756
-61081
30262
24835
33963
-15632
-8638
-96456
-42703
-84722
-1972
-68981
7070
23374
24278
14703
15075
-24382
88109
-84077
-97403
-25959
15547
-75827
86584
-8870
46970
69794
-82458
64317
-59581
72244
61455
54566
75204
-24311
77450
-13634
94352
5172
-33047
-49168
-10671
78818
90298
54845
71832
-93182
-93078
-27907
21653
-25134
-35003
60083
36962
52163
20760
-44597
11513
-68408
-56008
-34958
69127
-8320
-17509
-94254
66136
24062
-38813
-46551
89457
-29711
61819
83653
97276
36021
-9254
-34914
-96162
99445
57573
27664
62373
85242
84273
-4237
-8803
-33643
16806
71129
-13566
6245
-61377
80611
4751
20358
10349
68672
-64075
14294
21147
73027
-34137
90533
92365
17952
-77358
-3655
-62430
-91452
3818
28090
1080
-78066
-51552
12544
-51474
-20051
76719
-45128
-14460
-82793
-31658
-94227
53087
64546
-57760
-90503
-93398
-88701
64735
-55161
-12970
-49822
-4361
-6525
-70655
79254
41558
-72095
-22540
-23038
36161
-34169
21895
-949
63626
31320
78751
11765
-79202
74206
-36136
63705
37882
16659
37309
40325
-9410
52492
-40396
81776
-4646
-69437
55479
70616
-31003
-16961
-15235
63290
-29364
26530
30903
-49491
37415
14159
-24906
85212
-2841
73718
-10263
-9378
-15252
-12483
97668
46004
19891
-62836
12157
-38114
13485
-14155
62704
87002
62506
49407
10595
-15750
1204
36558
-5917
-7455
59513
-20240
-1523
44953
-58272
76806
-94807
69076
88636
-64819
18224
7742
-28514
-51320
-72018
8059
-3388
14476
42946
26562
27824
-1305
61955
1237
52180
-64658
13437
31004
-38231
69474
-92839
23517
-45473
-12866
-61094
-83301
22511
-70560
74564
17736
-6132
-69935
-21609
36391
82871
73971
-81607
-61629
-60942
39878
-42511
13061
-94260
87127
-19441
13878
25883
-46203
6122
89106
-4600
-59663
-10494
76101
8068
-41535
-55677
27333
-62567
-94959
4907
-33717
-19045
33336
15426
-4625
-80387
57650
2056
66271
46144
-21649
15917
-80965
16261
-33865
98362
92816
58564
-25672
-98739
-68944
83477
21550
14017
-98902
-42836
-98899
91052
-50260
-12254
56910
11970
64945
-18002
25012
-15466
-21464
8946
40569
-48255
14435
16434
23482
-58597
-39816
-15073
-89988
-8282
-47624
90513
60346
69643
-63351
60820
-5940
-67780
15139
82329
52469
-97928
51939
97294
71945
69677
-36657
-72184
-28359
97207
24807
58523
-73539
-44985
-8412
-23284
-15075
86303
68944
29534
50395
93817
-95871
60232
3264
-70393
-69965
40264
-90302
-65898
44801
68369
67022
85004
71552
38560
28856
-65200
17720
-30867
23101
-41656
68736
41852
-50639
-71235
47093
-53038
19401
24604
85527
46533
-13625
66326
-38656
2221
-22530
-81690
6529
92535
-24447
-27022
-14694
29080
-15060
32715
17046
-17827
55694
-31665
40961
97121
99250
-45714
-15609
-26535
52233
-30263
63851
74697
-22091
98038
-16864
-28327
34036
-43104
-90041
-76158
35943
-68020
50758
-62301
71422
42486
35713
-82448
84162
64858
-54856
-44919
65023
-51762
2621
-65943
-6196
82636
-8496
-51659
-61255
64526
-56103
23988
-5421
21202
36481
25886
57238
-97411
18733
-18291
28592
-70180
77271
18960
-72338
71429
-84021
-1505
-49339
50268
46780
-57688
6655
-35599
-91775
57928
-3007
-52537
-95953
-92459
-49291
33648
85139
17496
-90024
-43309
-59188
-62696
86881
19152
-55165
-46511
-71475
6906
-86583
-91836
-18620
36163
-90421
-57368
64745
35702
74612
-69890
-52925
-44067
-87777
-51902
-79037
98178
61176
-84739
-83215
-32173
83502
-83209
85111
-67106
88726
77450
-13174
-47428
-33953
74642
-37199
16267
86446
-55423
93043
39892
-77418
48527
-45343
-93621
50165
-76530
-68163
10548
-91666
-40741
94918
50146
96830
96689
96033
218
75261
-62505
68134
48151
-82380
60986
-40764
49191
-9835
-58347
85713
9011
-77925
-96500
-22095
13276
-66305
50009
-82846
34624
-25836
76125
78435
-57253
-60929
40344
61119
81674
-41001
-29068
41786
-29141
-44267
-11780
84438
-47839
62072
-74966
-70718
-44620
-10888
-92771
38304
-78251
29028
98153
46898
76286
60762
73033
-10976
-21448
85667
-41553
15656
-67786
13481
-56644
-90206
80031
-79531
26507
-39633
-93079
-78199
-24856
-57026
-39071
78775
-13473
38458
-80569
97692
62126
-96748
-16043
9501
-4964
93160
-74848
87420
90723
67342
19800
-24649
21448
-97536
-75350
-70403
79052
-56157
29252
86413
-89861
73780
82616
-43794
-84063
20688
20026
41797
-33444
31711
-44284
67862
-72819
93151
88985
93978
48104
-26423
-68507
-81224
-2965
-68383
-19773
-21596
-34004
80799
-37991
-11247
80778
4469
-67490
-55596
58117
-6403
43964
2966
-31638
44929
-69679
-5962
-43737
-32346
27407
-30599
95485
66869
84994
-85458
-73710
19591
-53583
-84509
44006
32909
99678
-43843
75422
-95879
-12247
27192
76796
6477
41681
-39684
90032
47870
27673
51864
-99065
-64252
-43383
87261
-66622
-39039
-57589
-33767
35714
17675
29558
20783
-72866
75736
-81303
44304
-36969
-18939
-43763
8280
35107
18115
83388
-38457
60069
-65505
70528
85850
-38594
55724
-69581
63109
96509
64398
18886
90896
22194
11366
2462
4555
96544
-81643
-35815
17839
-63408
-67153
-98449
-16941
53506
2686
-68813
39112
50047
-15568
30967
-50287
-69942
-81954
-99377
42754
96949
-32455
-11409
84724
-53041
-46509
77102
44130
-30405
32135
-89301
42019
-29668
36231
34254
-22140
-10580
90880
-93784
96897
-48276
79020
51060
3616
31157
54707
-60417
29163
-51666
-68929
-81949
-81336
-51881
-61605
-75217
42806
-37439
-2874
69731
-25114
62624
-2150
87126
-43980
-38343
45396
16314
-71680
-42507
32767
-55880
-31059
69016
3586
-43851
11254
-83957
-10494
63222
-58328
33493
39477
79328
92480
65896
1605
-78888
-6303
43544
84316
-5111
-88847
65894
-57390
-8380
43986
-23237
-13135
-31231
42680
75184
93281
83139
16620
-57142
21621
64346
54748
-61629
92944
-99134
-15460
4483
22197
-93783
-48771
-20370
-28181
-57074
12552
11606
-4791
94213
10136
98641
44835
-47081
35473
37990
25937
-22650
93441
-7327
-59175
-42131
80721
24518
54712
75910
65959
49954
92242
4294
11804
44989
-27021
42467
-77995
74731
2945
5685
78400
38210
-48447
-86022
-71187
-35675
9666
23412
96262
68159
10281
56685
-43411
95244
-14950
-87781
-99920
45073
-60096
26398
47595
-24916
-97862
-15515
-50693
-51066
42979
8625
77146
11044
88123
10482
-4388
20253
19831
50701
97861
-12826
-25567
5311
93317
-55
-76627
-89829
-54255
56180
33882
-22225
57118
3502
-25855
11333
62844
82980
-20482
91141
-42098
-60126
-35912
49592
-43614
38173
65550
-30105
-4495
44972
-94881
-91423
18740
-98729
28086
55452
37280
-44792
73233
-15693
30400
-64481
7180
-13618
-38162
-19679
-14225
-39072
86382
-89264
-66031
-89079
92263
2325
80358
-52453
27647
-79334
2796
-11975
25298
75188
30319
57755
96846
46590
-66444
-58641
83950
98369
23688
-22438
18448
-3953
16165
16604
-60619
-73873
27709
35602
11413
-62926
-56986
85972
62557
-96668
58275
62206
-2490
-25378
-84085
-85491
-2925
-94471
38809
4447
-51225
68509
67855
10524
29632
-3785
-18937
10996
-28140
-32952
-13097
-25602
-47738
90138
-13024
-95744
-63675
39311
-60365
-16116
-13950
78802
-25695
52807
-86837
-85842
19870
-32827
44233
-46531
-68463
-70832
-70702
-93960
-34885
-54456
85612
80686
72449
20708
52063
-11184
-88809
-23146
15478
-92695
59339
-22067
-76270
1130
-10004
-59244
78058
24547
12117
-92712
26594
-88818
-20839
79622
-80313
41478
45772
18579
-34843
-83755
-10068
65173
-75515
3626
10219
-20658
34951
92329
-23910
970
-73832
-5411
-74189
-41058
20879
-78199
-58429
-78896
-16215
-98852
38962
42517
-80545
79490
89777
35701
-31134
-73449
2878
-34549
41267
91126
-80681
58408
93024
-87248
-64455
55768
19102
-11367
-75373
19132
35200
-48900
-20212
-87338
-61998
57966
94190
-67356
96660
-36352
24429
-92061
8406
-42290
79576
-89356
-20947
-59020
-22373
98716
62927
-44000
-32466
-80794
78672
-82301
11678
-65373
-10822
-86494
73142
50578
86146
89417
-64054
-79782
71661
17822
-72993
-7501
-64193
84947
54714
-74331
23707
31029
54468
-68183
97852
64162
71126
45164
-66034
80471
-80473
45041
-90134
-57305
-36465
77845
70637
47240
-3721
-16786
-5708
83336
75296
-11571
14965
-81315
81100
33827
26365
5913
-43444
-94912
-29822
70012
-2393
-1034
2852
18212
74468
21212
29125
19935
-88971
85167
93633
38497
68928
11410
-91188
87825
-98677
74934
60327
81405
-95294
-26668
-81537
-81042
45160
-7209
-26462
-4457
98456
22808
-36706
-59097
-69257
52993
-81608
31102
15865
-9070
-33978
84155
29836
-94462
17834
-2700
59620
1277
-46229
53951
-46172
80012
7729
-44883
-63770
-6317
-14947
-24873
35175
72435
-29693
-96752
38034
-2736
-70587
33018
28583
-8339
83533
-41804
33096
21426
4070
-92559
98336
99664
76215
8676
-56784
9275
18590
-96937
74360
-97834
36581
60059
62654
-40083
-35356
-59558
57086
70555
755
-25976
-57106
-73204
-37111
41272
-70100
-17123
-12746
-16117
47686
53536
26617
-41533
11814
-63749
-40001
69429
51224
85295
-34567
-35235
-44295
-94601
86616
-82740
89343
-25145
19304
41468
79775
-2957
-6586
19268
-22241
-12239
49215
-85146
48824
55735
-65273
1734
11559
702
99091
-97354
-76592
52777
-15149
85420
-10289
39486
24783
-76139
-34339
20690
65757
40194
76764
17156
68029
-5568
92928
-22753
70225
52359
-4071
-83741
-38597
-53432
17472
92894
82709
-43479
-59042
-31181
28616
-59379
-47852
14780
35337
-58228
-49270
34380
-70090
514
37592
-42355
69641
-1661
-95286
-70776
3894
99436
-8429
-24380
10919
-87403
-86638
48005
56978
75490
-34759
96949
20467
32057
71904
-50463
99627
28238
3045
75802
97589
-33063
-22723
24316
84481
61801
-51556
-2485
3119
-89966
-83587
87864
-9175
90818
10894
70788
82205
-78798
-9157
90876
95382
-51464
23766
94626
-9098
888
86560
1836
58130
90875
-38793
-80603
23914
-85800
36187
82098
43523
-65842
97118
91184
7203
88244
-99352
-2376
40
-34617
71396
-63548
96838
74723
-4981
-9813
90587
-4659
39627
64008
2481
1581
61139
59897
-91569
-95207
16254
-52925
1980
-95668
-86247
-63533
45777
-21963
74067
69343
4346
31980
-13504
32299
-10359
-47681
-56502
-60888
-46154
-13141
34804
-73353
2359
-54298
-21876
48651
-33096
30681
66477
-39956
74872
52715
-75730
21271
55936
85689
-48021
33282
-24256
-52895
80302
26814
-81657
72510
25145
80886
11294
-40914
-48590
92564
12418
-46770
11243
7043
44477
-90617
65613
11087
-72416
-90558
-22430
-73304
-93153
81015
18300
-82235
70345
37219
-76092
-43420
-73822
-39400
86690
19056
92446
30638
-97466
-87236
90877
89815
-67054
-21716
8574
29968
8164
69364
13377
47540
44931
-57609
-53444
85355
-2587
-20719
-47399
319
-25382
14896
78763
-41905
-17703
6045
41228
-25316
42661
30937
-32364
-56768
-28196
-7390
-47432
28991
-10468
6229
-41668
49718
-85486
-66515
4822
10288
-85343
-23447
-15903
53720
-90069
49100
-27462
-99704
-25282
-71298
24187
14720
-34402
-47408
43666
54386
43435
75933
93693
-79047
16559
76
37028
42922
37446
92465
3666
87939
-30742
64403
63570
-37887
32410
8072
65698
50509
-36441
13373
23190
-73898
-60581
-33390
-15860
8954
9990
48482
24520
38877
44774
32992
29356
-92067
-66062
-33508
-91691
-18916
36675
-75611
77652
66620
54304
30089
-44345
24361
-61532
-30920
-19884
67151
-68914
-91577
-17407
38189
97061
94352
2227
-28991
-99514
15542
-97662
-54301
-45492
83014
-86347
-12882
64858
14457
56735
-53800
-95353
46550
-87595
22755
62823
-24332
-24438
7468
88690
24157
46538
-52703
-79724
-89009
7951
46352
85456
70492
-15677
37082
80913
73457
10259
66438
-30321
-69837
6188
56754
-21350
67269
-7595
-21340
38407
32166
98921
-85762
11828
70200
-11409
91088
9657
-26277
-23656
-88824
26156
62200
56724
96324
-95727
10522
99345
-60920
-98915
11574
18129
-49589
43301
22795
-50458
-82068
-29720
73828
83725
-37502
5301
-59333
75237
-73008
-49734
24504
46474
-6056
-405
-57578
91411
9094
-33205
-3865
-63772
-20339
-27750
-44946
62896
-90097
39196
82538
84302
-18314
11201
-37006
-64777
49632
-71690
-76485
82778
11127
-55993
-69897
-51748
83038
-25105
-3944
67119
-71929
-3202
94322
37006
-62879
-71963
-39873
34898
63471
-34335
-19844
9140
820
63298
92272
-90208
7626
-86121
-22644
6194
-37869
-904
-7122
68687
-59962
-528
-62656
58339
747
59908
48573
73138
-26398
44772
-68780
-3491
47324
-8274
21413
-32396
94381
59737
-19032
-89038
83578
-17532
-73747
-79783
-17203
33179
-70787
-35157
-27513
7267
-3232
23106
37493
17252
-35912
-372
90619
-20112
-34037
94503
70636
12307
-14946
-60907
3836
-27111
-16260
29660
-65075
20470
62870
71997
93541
-44714
6724
33742
42369
-98046
43050
82934
38275
3243
-26827
-41723
-45114
24599
12421
95662
-16878
-8219
-99163
-53662
82603
-79042
93429
34633
-97340
-10534
-76951
-45793
28881
-49620
-26774
17898
77690
71660
-97446
40467
-74517
32319
50229
35240
-66488
32452
-27501
-53587
62398
-14595
44425
47067
14069
46680
-15057
-12810
94945
-68775
-14403
-83954
-17416
91943
-65009
27346
64446
-2768
-41080
92171
83643
55481
-97262
18749
-817
82309
50691
49621
64604
2657
-21349
46926
-75679
90954
-59606
-45273
36391
-90308
-689
-14855
-237
70745
-13862
61687
36316
-72590
65043
-46201
64471
-28620
93396
311
-48338
95346
-6511
61085
75696
-77110
-73224
15376
28482
-63497
87411
55101
21426
-89933
99339
-37850
-55828
-55801
10086
33597
32133
-51792
43569
-76711
30965
8815
