6400
43970
-23344
55219
87918
-44693
10075
-41924
-86944
-11099
18254
-6787
-25119
22454
6748
10009
-10635
-29028
-70116
8697
-58484
21935
90311
16510
77203
22818
-93812
94542
58134
-76184
-43504
-81712
-87600
22131
59781
69938
-8111
15191
-27418
-36633
-49782
99725
-42100
-83601
-776
15636
6960
89806
-41301
-8654
34622
5150
28850
-3431
11154
44160
22629
-62684
-46895
34734
85711
10752
47655
-55572
31862
22184
4376
42333
63751
968
74629
34418
-49373
-1021
76158
-6019
4608
6992
29374
76708
2301
72063
-36281
68400
20231
-36710
-50085
73477
36705
-73562
58004
-44244
50067
-6711
-42847
19916
95793
-94523
89757
43832
10886
15010
35021
-54046
-57762
52715
-83722
-51860
60397
-70514
-5479
91807
-18593
-23833
33676
80629
-64259
74006
-69321
-34416
-2312
41100
-80793
-79346
99478
45349
-35566
71988
566
-62097
38440
-8569
-20287
-78838
36818
-4167
-5137
25895
-89847
-90112
-17677
-95246
-84266
15363
52997
30924
76514
97390
-8182
43313
-90503
-63514
19681
-95943
-39713
55190
-71284
-68806
98703
-84634
-98887
-87094
90764
91661
-25427
47074
55078
-84035
35340
95326
-92084
16829
-56889
67937
-54072
-71339
23394
-47723
52315
-28446
-79264
42896
59061
27721
18062
81938
-22575
-42232
55338
47275
-74389
-34072
65390
-21767
23839
-87345
18620
-79409
6559
32498
75111
-1998
-36271
-31193
-12069
94717
-12861
-79528
95339
3684
-21108
-11180
-13323
82645
-57536
-22913
-70668
-38278
51599
-61846
-48414
-28197
58810
44605
40392
-84831
-52813
-97775
85987
245
-5999
86298
83252
89415
-8083
-47551
-87131
74283
59356
72912
48467
-44899
94600
71111
-72388
89509
-27411
53260
29063
-71786
97006
77758
79402
96560
-40431
-88534
-22789
23397
75422
-4330
-52969
-62087
56015
84475
-26199
39170
93748
39953
-49896
70031
79270
-86206
-99313
74469
14373
75200
44714
-6811
44241
-22094
-48582
60425
92545
53321
54005
-84531
-73340
6386
-63171
62122
66930
-42972
97419
86525
-6675
92056
20280
18311
-56135
-61479
67048
87821
16566
-20815
-80685
86624
10102
44739
35825
-10569
33663
-24777
6786
-20104
-36002
65807
37623
46357
-58394
87193
-81536
-94381
33924
-73603
-14157
23590
-15744
-90570
86421
-94279
-58286
-84067
35721
-64246
27422
-37407
94866
99313
29518
88339
-9081
-73472
-92725
25310
37458
68870
18456
96212
80036
-57810
-63093
-78429
-29447
62597
-81496
-33882
-41725
36121
29403
-11944
33142
-42692
40850
-72285
-14737
91496
-19979
21526
99202
27452
-25981
-21642
15262
-10459
61322
-2197
-32353
22168
-39741
37659
42096
70075
-62137
80212
56987
22563
-5198
-70621
17199
72312
-50925
-84414
-43827
-25867
-71220
65709
-24369
-91700
-57203
37973
37140
53671
16871
-24274
-50836
-77816
70735
36515
-90211
-12847
-20686
52522
62288
-71200
-9105
81841
-8485
33298
-99338
11319
82924
18153
93563
-28040
3726
-66680
48214
-2432
-32997
-18597
-4486
87201
53503
19795
-41648
-89920
-51868
95503
-10961
-73783
-67521
-64490
-33798
-63357
-73609
-33151
-63465
-11459
72685
-43722
9863
91752
98796
-71794
24423
87615
57519
19800
-12926
-76128
97801
85815
39569
42238
64437
-47258
-22128
2288
75962
-34852
20989
59489
68346
-74997
3440
14250
60056
22594
81490
-28803
-9276
-65038
21307
40248
74981
-87859
90348
-58151
-9951
18954
-39131
-73839
-59828
56261
29221
-27791
-74070
-9468
-97092
-94207
-9053
-89963
-21042
-65232
-52926
25747
-34714
-98395
93673
83207
-99084
-74764
2261
-22486
37797
-52564
27082
91784
24989
45069
72667
62913
78292
69078
45848
-59606
34762
90813
79444
-59184
-92376
10488
-2159
8668
-51467
-58120
21195
34578
77361
-31370
50142
82100
39761
56486
89556
-18685
-72808
35015
35087
-65947
39375
-57060
-7409
-33310
-49887
71413
-10399
-22200
28501
65958
-67163
-58577
-20760
-34599
-43526
-21417
-47674
-26880
-81080
57709
-80603
-10590
-15191
44013
-73921
80855
74996
24737
38570
-6129
11624
32391
52629
8204
-48462
5392
15905
87856
1179
48517
84441
-18576
20306
18820
-18608
-37976
-43887
6313
-42410
-9015
429
-71352
-15978
-29459
-46017
-91114
-14705
-16565
-32725
-66585
55469
48070
-89334
35153
-66365
34272
9784
-20624
-4184
-78708
-90693
85699
35371
-60448
-87922
46708
-63821
-28951
-694
71285
12856
-25703
63216
10758
17048
-64357
-84523
15955
99159
53063
-67990
-35271
-83274
32497
12839
4265
-35346
-16228
-22764
-46811
-56183
29452
45236
55912
9054
68793
5006
75491
-67865
88799
537
62113
81216
82610
-83709
-44789
-89985
-61329
55838
48392
47402
10894
75815
32188
-9255
61780
-3531
-46478
-33175
59013
-68293
-48364
26010
-34122
-61766
-49257
-10874
-78657
-71674
3380
21951
88015
-9422
-31408
2627
86427
66970
-94787
-58466
-82961
20686
-88871
30557
65381
-79786
-2924
88426
-70798
-60057
-15536
-54263
21725
-46624
93153
-99602
44172
-43839
-50189
87800
-8009
-20631
7691
95182
-38019
24969
84326
32725
-20779
98539
-56963
72779
-44707
-46503
28970
-10045
28558
9131
-30812
-59779
49745
-75727
1894
49825
38506
35512
65839
-43688
-94253
-80259
78754
-3897
27044
-54484
34125
-77527
87469
-21933
-82234
-34616
40806
-43288
81458
57176
-11394
84659
79775
74288
-26801
-62951
23889
17510
-37965
-313
-71142
16133
91888
44087
-42846
53422
-89138
-54430
67527
-25144
-10934
50434
9757
76645
82915
-93373
-20714
-88333
-1135
43333
65277
-79397
-97643
-16304
86301
74425
34924
-89259
-39042
-18375
94557
-11107
46543
45258
66162
-62703
91679
4034
98563
-2587
23813
-74930
-39251
90337
-67744
-76588
20002
-64563
-21447
-86553
23578
-61000
84549
88486
20584
-74715
-13498
33713
24359
-17389
28816
58953
39827
-33048
-46231
29060
-33868
-31431
-75574
-26775
-62796
-35656
-42302
35566
35410
-40069
-66246
-9141
-22353
-54811
46995
-51974
5958
45491
-54933
-14706
37689
-48859
13439
44781
64134
-33338
-72982
-17940
41880
-69350
-97652
-57851
-7622
-36060
7622
87671
76582
65425
84961
-46597
52284
1092
-11762
41246
-50610
47807
54216
14591
18328
93610
-96618
80935
26445
-34172
59308
-10880
72396
95267
72241
2164
-40975
9897
-33508
-79261
69576
-82491
-5193
-88640
-40163
46627
32582
-28215
31023
-73231
22529
-96671
-70333
96719
98556
-68213
-76076
36243
42728
-59643
-45337
59254
92466
63167
52925
38430
73353
53174
-25502
-47736
-62851
-98510
-5149
-55087
24067
31896
477
38882
8405
-81235
50991
-68874
9142
-40152
657
-29878
77139
-33807
70526
-11424
95237
54652
-23731
-20561
-88589
28925
97182
63850
-57067
70727
-86801
-32213
86867
-15803
-44466
-45124
98315
-53613
70121
-75262
3826
16250
-68351
11399
77202
-73658
48957
70946
44529
838
16859
40965
70482
60896
-99775
-84381
-48235
36622
94834
-69444
-71431
-71815
-24484
-40506
-75006
-96464
-45618
60538
-35147
-25723
2310
-19400
44289
90756
-27800
6807
5240
-12975
50123
69005
-32774
58525
22894
31543
-65934
74308
-68024
-99193
30202
-13625
-25539
3207
98842
-72351
58988
1614
5166
-8056
-17819
-40194
42917
37057
-76616
-85002
58341
16096
-38487
-16229
-67956
3739
-86145
88766
-13102
-5878
-56005
9706
-27574
-41794
94630
4557
57735
-3525
81668
-67327
18268
-41133
46116
36213
25019
84256
17945
-42628
64958
46685
-51517
62322
-9276
-19231
-3642
-94521
49396
-34374
-99171
-75159
-7971
58018
52487
26642
-90434
26401
-30177
-87509
6305
61630
72905
91867
-92254
-52253
-83512
64689
10893
-21108
92845
-29782
-15835
-20885
71914
-92833
-62207
34460
68037
29518
-36206
64704
-69016
55939
-83457
-69576
48597
-34206
-39055
97856
-77898
-34796
-20693
-51355
-35054
28812
-22384
85349
6812
-5835
-5240
-6367
14438
40186
42878
40193
73587
15089
-58559
73700
42857
-10139
-10870
22850
-20187
31806
-34915
26849
-52119
-15985
68232
-67152
6512
82044
66248
-16060
81827
24006
46219
15660
77028
76853
8849
-74893
-12665
-17120
12907
-17935
66976
-7908
5350
-89586
-72649
-7553
-91647
-49643
35288
-72176
96089
-27472
-27513
43597
-41370
-25786
10641
-73961
-62178
-88787
-93506
-69570
-83401
-10610
-57437
22565
74378
-27948
94164
27282
91091
61008
34230
-98540
-12011
-38611
-72654
-6767
98778
-78709
-93691
-27413
-33896
-84678
89972
-14193
36015
84564
63517
-93478
57807
8247
15465
19751
67639
-27235
79966
-30407
6104
-72294
25809
-44798
17688
-50446
-84616
-90674
16050
-30315
-59170
22543
28282
76664
10031
75845
48254
-72303
-80525
80842
-74423
72239
29912
-60745
-52031
-93453
-67353
27511
-9232
-26705
13145
-71258
10975
34073
35459
16997
-95266
-62805
19308
5821
76513
81563
-6273
-38932
-52155
-49934
28955
13073
30192
-25780
52744
2929
68501
-52181
2309
58724
59095
19191
84413
-46433
-93499
22422
25816
20318
37188
76388
25581
63470
14282
67151
-25708
-99756
59974
6290
47833
-39714
20382
-82676
26766
-56892
66064
22844
-6536
-20039
-26054
-16164
-3479
-26540
58548
-59305
-42514
-3882
-91685
-10393
-80034
-84905
33705
-97009
26003
54034
-33280
49138
29301
64777
51782
94991
46001
-52778
-70423
-80422
-96887
-82992
-22845
-12873
93190
-13482
99033
-76715
79560
55291
-94274
36837
56190
-93618
-77163
-95754
-52304
-95292
-90765
-65553
-93191
97413
15331
39016
65939
-69808
-60157
87909
31371
-40821
-56757
-89617
-60141
-47317
73838
95889
-10762
-74116
-61031
-74068
-18970
-26483
49688
-95368
-86543
-6788
9944
76311
-72558
-74919
-31033
-14505
-37788
68602
99991
45381
59185
-49765
37538
31656
38441
28207
38440
-23775
53550
49799
-8397
75549
-7988
-57122
-54821
59636
-59450
28415
-25562
76961
35787
-15149
-697
-93410
31688
-59893
18055
72476
-19817
-74330
68993
-98852
-85739
83423
-27641
-4307
-43695
95543
48419
-84350
70175
21402
-69832
-21841
86861
5552
-81018
-34048
53165
78723
19212
-6410
83729
-63160
99527
62943
-44715
63884
8281
17233
19542
68220
-40123
-68734
54145
41617
73303
93383
32902
-7850
-45023
-28312
-57366
84055
-89569
-94244
19964
-65944
-32132
-12890
-32865
-96945
33837
-99509
51718
98959
25532
-35602
-88129
-54894
2399
-10678
-14618
-18766
19462
18124
-49478
43428
42228
69579
-85044
16513
17093
77605
-93165
-22734
-1970
45815
67933
-32456
-29983
-67336
-18400
89878
-47505
-82574
-94545
93723
-50552
96671
39816
2575
-1985
59164
46538
18682
62761
10252
85251
65228
3844
-58164
30824
-21460
48755
19470
9438
-71136
79335
-80620
-28684
-72683
1434
74827
78388
-24116
71733
15618
-21617
-76895
-62958
82693
-14667
24761
-98149
5850
-14010
54280
-61615
34391
91746
29693
43433
8158
-7332
73418
-85167
61111
98126
-35885
4048
42184
86406
99762
71307
99827
-79010
-87067
-285
80012
-54166
-98731
40380
6582
-82870
-77629
-18215
19545
58718
94033
-30685
12481
-22183
26539
-11383
-7978
39663
-76528
-60352
-26700
-5784
60801
-3413
-85209
-48106
35652
70935
55236
-95965
1621
-28643
99878
-5244
-35414
-7637
-9276
96202
73890
-65316
44076
33431
-15159
-89150
49310
-93587
-96502
93318
-46073
86050
-37454
-11673
-78439
-3024
-82787
85022
-10749
-42519
14527
-38302
-63022
-30073
18833
89415
-72348
47201
78741
41154
-93820
-20934
-88440
-84345
-73305
7156
-49692
-94061
-54782
47138
-8625
34950
-41530
10235
43107
75304
-74503
53929
27739
45964
52210
-9151
61910
64017
21361
43278
30155
-72315
-70375
1414
1098
-97179
23626
43422
-99669
15808
-71841
87353
11925
23098
59329
65532
-4436
-18901
53222
-87747
-83304
-38041
13226
26393
-6609
21721
-66424
55780
-66498
-69368
69493
65211
43449
-70660
-93223
59382
-23364
-76935
-2390
96314
18877
36010
-43673
65131
-17263
38873
65135
-98626
-58217
-34341
-58500
81452
-62907
-67639
-23745
-22398
70733
82344
-37544
35925
-53461
73706
-21391
96404
-16242
83726
92985
53750
-10848
-64862
71224
-77038
-60748
-90839
-76396
-29555
11787
90327
23903
17453
37315
-10824
-84006
-49204
4125
-9167
-45941
32169
-11543
78175
50550
-72167
65552
-21860
-61509
-16485
7486
-70880
-96756
-55160
-72214
-18429
83272
-51095
90371
-50720
-84679
3939
6713
-13482
-82265
-80883
-82716
75816
82519
41250
-37099
37636
22883
-72686
20600
88225
57399
-78477
35298
95745
-67099
-50923
54269
5014
10214
51634
10701
-67903
30446
61060
1886
-47115
45482
-2063
36044
-60934
-34151
64418
-4241
36302
99332
-88975
61921
-49882
-91428
-93504
-7187
75410
-2450
-35225
33493
-85058
66245
75589
-76352
59284
-10980
85560
-94146
27007
-4482
42087
15546
-25653
-7364
-44036
9659
53608
51466
-56849
-38378
9486
-11657
-54146
-2572
92922
89160
-70023
28924
35734
-52176
25913
3420
44022
-33939
-21520
3897
-58626
39425
99996
57969
73314
48780
47318
-21175
88134
88515
23303
8120
-43324
30031
95545
-67889
55179
-72700
84939
2179
64484
25276
-99265
81497
-60144
-72688
58542
91884
82510
94386
9755
-74338
32121
-25622
-37276
83673
78925
-84501
44052
22401
57738
68561
81366
-11720
67121
17210
67141
-12403
9259
-35202
57118
36802
39881
56396
-43625
86328
-82330
-86046
79241
-51207
58921
51304
14024
-63070
-7705
-44886
-59693
-30933
55973
-16079
9767
-83884
-41221
11708
-74066
21422
50132
-41760
-78444
76612
26513
-83719
-14598
-43612
70093
-69428
23556
97165
2555
99259
30862
-35210
74860
-27101
-50181
49977
51565
-23722
-59987
84507
-50418
28336
-5423
-69192
25149
-76200
54737
-8689
35920
56917
-12435
-65176
225
-17142
18084
-16546
57491
-50929
-92404
15437
-15949
79598
-22975
39704
-70021
-64137
48826
76951
-89488
28416
-16201
5596
-53526
-10947
40726
-74208
-1612
26616
16901
-7921
53705
-77587
-17710
-21971
-32385
-81596
77279
-29405
36800
24363
-39055
81962
-45198
-48944
-85081
-63789
18681
-27144
3911
22960
-13166
-3969
66868
-34141
47392
-48916
17276
91265
52932
6896
59150
84130
12133
-56965
-67767
74503
46735
-98757
1327
53160
52407
58675
-47752
-3622
-34084
75444
-66237
-50150
11466
47354
11431
80377
41913
-68891
-96984
-51677
84754
-85679
-88187
36493
-95535
72853
82926
84475
-54075
-7723
-42156
-94165
39093
5060
-93480
-24735
39261
-69766
16165
16784
-92586
-64594
60761
29666
-28461
-48176
78814
68068
31431
-35898
3608
27025
-65052
-4864
-97225
45498
79679
36090
47339
-1266
-74672
-89138
-45961
25356
47381
-7373
-42849
-45118
16469
-28842
-47173
-33024
-48190
-44973
-30930
98847
56056
-30832
-31824
53607
-78110
-93258
-25850
-19871
-71301
66637
-74732
31354
-81806
99123
-15095
-79727
50023
8505
-328
39646
-73773
-62309
-45113
40510
51780
-48871
-93824
45919
19013
-84810
-26747
-57660
23708
-77108
-45728
-81483
-50580
-42294
82872
-47033
56059
52364
-69920
-76605
-96818
39381
-57014
21942
-14287
72492
15769
-97899
-51949
-91952
-12588
-11318
-10291
83544
-4298
57375
-28349
65260
-47838
61766
86691
5018
69427
-24318
-42933
-16234
-91470
-90954
-48761
87569
-94623
87624
73208
-54028
-7244
29426
-43760
94073
83551
96869
36537
-76058
12746
18585
-2283
10407
25186
-74570
-992
11272
10249
64600
-92622
-3508
79149
-19261
10849
38380
78454
-36317
-62524
-98769
-92071
-38211
-18990
-32606
43722
-27272
9192
-10891
62158
-46910
-21271
61298
70126
-32607
61567
-12326
-73401
-67946
15040
-95778
-17345
67823
88429
-87497
-55278
-91798
-22060
88482
-95926
58433
73749
-97860
-26611
40023
-33791
1333
-23280
-64387
67870
50996
-50198
63969
-9721
-2424
41027
-40813
-50320
-67003
-17109
22325
-5944
19331
46023
-44033
73015
91247
2022
74413
63495
-72244
55729
81669
6815
81930
87041
-40440
22121
-59327
15179
64949
-70315
63242
60982
-80204
59319
-32134
73229
-59994
-58868
-38660
4176
82630
4122
68106
56741
68092
73077
-41464
-27412
25214
-2979
-50947
-32336
64547
57797
-75922
80761
64070
-1489
94297
-83266
79891
-3790
-70133
30775
-85007
43485
-83554
-30511
42828
-61002
11923
28091
86526
80027
68680
93022
-93543
-94198
50326
-72599
86803
75516
-96695
-34038
-9585
1516
78909
-5768
-43516
-5323
-13871
-15123
-42676
33305
-67253
-99407
48971
-72674
54792
-44398
-79430
-67118
13982
-22672
-88305
-93456
-112
91700
8715
-54437
12973
-15199
-2337
37895
-82427
-73341
94076
-21513
-20855
9539
12086
88480
23294
-99044
66196
81133
-96994
-67096
19254
18396
587
82260
21603
46789
13040
-75021
10095
-22277
-70026
-41939
-78331
78411
94112
-60904
36374
-83678
48644
-59553
-72674
-85877
-62169
35550
95568
41237
11699
-89200
-89186
-5742
23127
-27168
59367
85500
90491
-95589
87996
99699
83167
-68473
144
-798
27151
50253
-24964
-56897
11269
-5615
16045
-34000
-2341
74850
-52949
-92917
84907
-3507
5638
36662
24389
-37492
-40481
-86610
-75124
-61284
-49264
2915
55661
59820
10745
-44737
50685
-77647
-58968
50183
-2385
38615
7716
91034
27438
-21871
-61866
-93545
58397
-42543
-83243
-42468
-61015
72212
-58163
-69719
-49977
35348
45834
50850
-33009
77793
63015
-95949
-12620
-38390
89485
64078
54815
57013
-67158
-62512
19880
55950
39345
-54719
-61007
8988
33031
-24134
-89762
42159
67153
-4639
-460
-73738
-2985
30992
26829
34285
-10411
-39468
12470
-85645
-13346
-60783
-65371
55417
-63379
-52093
17882
69847
82442
76575
41168
88121
-18218
16920
85024
-39242
23539
42173
63027
12801
-46190
-64257
-76638
16504
-44326
-21359
-8724
10202
-9486
-49496
-3693
-490
41067
77410
6227
4990
-68787
-39869
3392
69658
-41283
80986
86459
-24295
12231
-65086
54544
-1181
-39346
-50748
-71633
84298
-78963
30874
41542
46366
52553
70094
44919
-72481
-41835
16577
-17861
-13875
-6719
46792
-95085
-88420
4705
-15631
69222
-5628
-907
-55837
78652
-64140
-82886
-66717
80533
79974
31308
-98381
59175
-6002
-86218
-81771
-59405
47660
-97512
95789
-47677
-56959
14323
-99708
-78078
3485
37717
-99031
16951
-87273
-9124
45810
-13344
55575
89064
68064
-26713
11597
83105
-48160
-35453
-46268
-28895
-17682
-82450
-25839
-35072
30420
16830
-97819
-93125
-73327
-75549
-36990
-17344
2452
-44548
-75573
99033
-61593
-66346
-21645
-26958
-22935
-39806
-23593
42057
43892
-13871
45032
58929
-56739
8302
98049
1858
11225
-7335
43607
-5856
-98436
-50436
65934
49638
-53795
-83221
96936
-80
-62570
-34243
1368
47042
69672
44801
-95499
-33447
29435
60383
-68086
85003
-32958
18957
57930
29725
62909
-95254
7457
3041
-30760
-36678
-64795
-66934
53489
-88897
-6229
-30194
-3721
-21712
-10378
63478
-9810
19609
-23413
71173
50382
-86962
71648
-56189
-10357
39181
17331
62501
71472
29167
7158
29466
46757
3403
59047
-71820
79247
-3928
7934
-19727
25622
26396
35840
-96538
-97214
-68475
-70159
-30457
-80258
16739
8550
97813
96575
22033
66104
63780
89150
-3298
-32107
-36984
-21855
-20660
49328
-50404
-11592
-10075
-28903
-79442
71202
-97548
-74393
-86582
-62448
-92185
-30959
-10270
-15711
-27265
8284
2199
-22099
75121
-40082
-18330
82142
-61667
578
-72334
-93640
59432
24821
-54551
-16967
97912
-74371
-30634
-95782
34251
86713
73859
-48842
31796
91234
65737
93378
21364
80161
-37514
85626
-47887
-82437
31385
-92835
4821
-32985
-70676
85966
-22202
-4095
-62818
-7780
-6531
20118
73277
-26341
21701
-71201
-86787
-84239
87571
-821
-56921
23597
8700
44277
43361
-63023
-24809
55093
-30378
-1616
-11409
15954
59778
23090
-78299
87317
-41573
37493
-59551
82105
-70049
88718
14770
87422
98103
36141
96714
-31716
66309
-48802
-64689
-44843
82127
-14996
20511
-51868
-92985
-20128
-7645
-34991
47222
-11929
99342
-64922
80517
-7855
80499
-22532
72744
-22602
-86591
-26834
-31577
-78285
-164
60847
16202
58066
77144
86712
801
-66808
93268
46745
-68307
16023
33137
7793
43567
32852
-43154
-72199
-46006
-40893
-83358
69562
-16169
-40546
-68588
-16097
-90682
-63179
40378
79397
-45013
19375
-73907
1774
-23635
3630
70085
41845
-27194
-48879
-38346
65053
-80649
-33134
58759
94114
69260
75600
-10870
-31632
27911
-91736
-2563
39570
21676
55676
-18403
-52349
-51352
-23019
32161
11745
66015
72229
-18086
-92033
-90223
35557
-74395
-12967
82920
-14755
-90295
-71838
58976
39426
-84620
-69062
-9901
62777
-99379
-49604
3104
-49478
-41355
6387
41399
-95280
-90912
-61908
15236
-65220
21705
72742
-67786
-15751
51607
-27354
45803
58331
36042
53607
58426
-97391
61601
3311
-74084
60745
-59828
23421
-75273
70002
24841
41567
-20215
-82979
-64034
8032
-6226
8701
-96335
-995
-77107
59597
-39801
53880
85093
144
-24297
91302
47920
10100
-95413
13540
31729
99216
16722
-83961
-46497
56973
12900
80048
-28114
-92896
-58028
-98786
23606
-92811
50187
82525
6274
-80729
56358
-23588
28664
7020
-5842
56092
98784
7310
-17552
-34363
35538
-24108
68345
-72301
-96000
-14977
38512
93805
-14819
47600
96656
-71338
87530
89511
53056
85052
85339
-85146
51728
-21522
18154
86196
59538
-92245
-68489
58365
-34669
-34283
85402
95766
10933
-57339
11527
78431
56106
-60232
-91171
-19390
-91505
-25434
97035
27607
23266
9843
55583
-6742
90978
37759
99053
55700
1602
67800
97112
-27835
-58807
-92657
-73216
93348
91593
51688
49288
9101
92857
98090
73730
95929
71666
41303
-38918
-10628
67138
-31946
-69348
68007
-3984
-6772
21186
-97267
66638
51689
47774
39779
-51148
31262
48577
-67711
-75746
-15796
-23483
75973
36068
21975
-88867
-59178
-28782
-61446
83127
71942
-91933
15156
52939
65041
19871
-67039
-41981
-97598
71630
-90461
-49721
-27147
-44328
82623
-53980
8887
95354
44292
-75176
25225
87399
68773
-33668
-8316
26425
30184
9230
32406
-36846
82679
-18597
33962
-59756
99092
20677
38374
62648
-95062
42294
-80626
-25969
52734
66146
-65082
31059
48004
-46670
84404
-61143
-78834
26706
3460
85494
41184
-56424
-18619
-55845
-22114
37903
-44879
-56626
11942
67040
56905
-36970
27770
74972
22815
-76381
-55722
14249
88045
-10745
48801
30534
-64861
89109
-86978
37372
126
-45675
57537
56163
-77356
-81312
-17153
78542
-73300
-19618
-194
-6124
8009
-79206
62027
18940
-33848
-59713
-37781
51012
61087
22450
-38551
-22706
24069
-26101
-21682
-29080
98609
-93135
-38929
22774
78266
-81072
-17696
8510
93597
-2374
-68474
-11312
-18787
-87401
77451
-21936
81413
-96950
22314
13153
-79927
-62237
48618
22128
69003
-52358
84327
-4518
-80391
-71634
-36213
12091
25939
21818
-46052
65620
53962
11825
-59472
84696
86084
39062
27003
-32301
-79812
-84774
-80759
56248
-59577
-13070
-24121
19845
83057
94100
46331
69717
36550
86095
3284
91842
17516
36485
-36453
28724
98989
-38714
54409
52043
-4205
70153
-63373
-56667
79020
-26039
40097
-69620
-10899
5562
-81860
-61313
-95309
71270
92901
77019
-91163
-71575
-14750
-70746
-73804
-35003
-80397
47929
14916
47907
12227
80263
-80731
-85785
60474
40717
42106
89006
-42321
-45544
76922
-30361
-20293
95086
-84011
-9141
-38679
38746
48174
-22470
-29751
-88232
16199
53363
59683
-40104
-73413
-97424
-73527
-2638
58148
97948
-99514
34087
-77284
-85710
16562
-94448
-68575
77619
56999
76710
3602
31683
-69618
80109
73494
-80031
-17262
48573
-37476
76482
37047
36398
42300
-59000
35203
59359
58172
51044
44250
-81309
38192
19269
68584
23818
43513
59
-30922
62535
-18579
57645
-47584
70851
33175
87219
-64802
21245
-24171
83281
446
28380
-75936
24465
91954
10323
-31767
76028
-24315
495
28574
-84300
98985
89536
-75381
72753
-9811
-56927
-63970
6486
33418
62182
14787
-29521
-49764
53026
-19922
-39478
11054
-92910
-63882
879
-19538
59946
-26530
85629
-28160
-23175
76912
-19934
97774
-3205
76355
66230
-90052
-7109
32731
72117
86361
58019
96751
46103
70834
-21278
-84603
-26162
-16095
-66568
-91846
51995
-27197
80801
29726
9934
36328
-33445
-66373
83864
3107
30998
95799
-93170
80128
-77704
-881
-10436
-28651
97290
49347
-57820
60593
-60990
97169
39826
-21390
35949
29529
221
29299
27449
-99361
-76036
-24670
-22180
32431
-25086
-79377
99045
5595
6135
35360
48093
-75232
-93419
85633
95001
-84697
-61284
21049
-27233
38951
-92654
-32200
-52493
-3481
-62629
88205
95229
1121
-15504
16468
-11368
-1726
55231
97164
-68039
64591
-57697
70407
64378
-64543
17263
3002
-42494
-18479
-53046
1908
-1645
32302
68456
-23572
-64592
-75157
11860
2483
1833
47254
-96315
-55992
96516
-49789
-93796
-96438
77706
-18041
4345
42056
-19029
61088
56506
-73611
-39409
-4238
27986
25783
-6470
-20692
17537
-5218
46106
-88183
3445
-46542
5680
-96525
84733
53541
54809
86018
45926
73703
-5768
-81887
-15372
-87400
-79294
39889
72447
82073
42342
-52729
-30681
-26693
-31273
68657
74485
-50151
-88137
-23081
-90929
83842
23585
-91172
9560
34702
13587
-69981
-25182
-54446
97399
97230
88208
-60754
-19252
55777
-31539
76483
-11338
-69819
-54109
-81342
55902
-42967
-42247
86752
83847
59971
-83412
27749
30063
-59148
27336
8932
-64099
24138
95779
-6523
-80498
89951
77718
64958
-60362
11230
88793
-55136
37429
13478
98362
49741
46295
27974
34682
36168
-88888
-77720
-79036
-64219
3027
33227
98378
57183
-17195
-2007
-38466
89800
-34750
-18505
21162
10331
-20077
9163
63661
-80147
88651
-23081
86803
94850
89637
73683
-35889
12284
-8548
31545
-92968
53231
-73322
-26262
1885
59280
36078
-27282
-88859
7755
86620
33177
-76153
-74253
-12028
1929
97795
14868
45272
62667
35580
-97052
-69014
-65635
-8621
6488
-92463
-49330
-52767
87828
96247
-43326
23504
-95046
63934
-5102
22551
-5660
-41203
-97008
-32240
8364
-64197
9959
92535
84648
98838
17121
-82943
56371
-79153
-58045
18966
-44570
-82298
-68909
51309
89126
-25618
-15750
96579
-61033
38941
73668
-36488
-46225
-9357
-47293
74950
-1499
34212
-50029
-4194
84231
-24925
21817
-24735
21291
62380
-85403
71864
-56835
-23826
20951
-52656
-67912
68244
-98146
18037
-70672
20719
-17990
3850
25995
2946
-71133
2339
61968
49641
-98461
9215
-59625
45542
78622
60325
43872
-16695
-35342
61529
-18688
18620
72889
-85189
49142
64680
29675
99645
-63460
-24824
75745
-63681
-74183
24200
8500
93833
42355
35737
94340
49700
14818
-74924
-5291
-86187
16831
49992
37651
-45641
13819
-29534
56118
-90252
-65556
-43912
44864
17952
-10974
-2574
75555
-54222
4888
-68523
83265
-4449
-36794
75309
37387
-48939
-18860
56663
-63350
-64943
-98328
-88408
1980
56605
-96032
5885
-4778
-64471
35868
-79775
27113
-76539
-4750
-51948
-87201
31993
-59323
-94850
-92956
-54014
10416
5872
86945
-71127
-31781
-73070
1507
10240
10928
73711
95578
-10948
-68696
-31462
-45250
-65750
3839
-42885
-79924
48592
-14970
58361
94766
-52255
-61417
10758
42553
14427
72610
-27390
8528
-88767
69542
91661
81126
18224
6588
57004
-61408
13921
-82739
-48938
98264
8186
-27548
75228
42494
18961
-60578
-76364
31641
-75138
-2818
36001
-61589
20123
-81123
73920
44083
-75622
83966
46768
53900
-20988
81408
70879
-2957
83658
-6740
84206
-32410
19465
-97489
18304
-345
93599
-53087
36644
40672
93476
-36413
-68964
82976
-65080
-84472
38666
-26685
7111
-64886
-77706
61872
33547
82397
97150
-59524
52062
19649
82779
-4691
-88695
96113
45771
-2855
-92146
16792
-2271
-37844
-6785
-5021
59365
-28345
-47430
-34639
98985
43526
-61694
83240
75561
-1446
13498
99617
-15907
57237
-41408
43587
70175
-18427
5347
-38419
-4940
94519
80067
-83507
-88007
60893
-60092
16462
20460
39562
-82002
-55634
-40301
64409
-41820
73837
-33140
-68946
-68225
53025
63859
55188
77255
34279
72233
-63098
-59571
55860
-40825
32265
-98776
29321
-57057
23734
-52918
-251
-4437
3158
-3906
-80940
-86507
-30619
43328
86085
-57950
-71047
44729
-56966
-70788
14460
29141
-73480
-92326
40341
-13757
-27490
41614
-28442
75784
-86285
86635
53678
92992
24920
-96304
76494
-69965
20700
-2410
75112
-48816
18542
77458
71331
51785
2861
42183
15115
94410
99804
6507
-74474
-56553
-3855
-13484
-28159
-52159
-11380
-37249
-37415
-33276
-85307
-30595
-22250
2048
-59042
77371
35874
-51758
15448
83052
-35017
30607
47905
-4971
66789
-71652
53546
60852
2419
46317
74583
-5106
-36451
-72232
-37936
-37676
19452
31317
-52619
47921
-17596
71509
70574
94259
-87577
-16581
81504
-20909
6742
44219
73659
-58013
-79513
-18482
-30608
3027
-75438
-35697
-71680
-92385
37781
26485
-55760
49369
25272
-94226
55385
72078
19371
26644
82907
57176
-71605
-46706
-45391
61952
-87293
-51450
76768
-40435
-19313
-86910
73418
29165
72604
-17823
10207
44223
9355
9780
-56461
-12165
-8235
-24713
6826
96895
-43383
-88149
-96241
8182
28272
-87471
-51324
-73945
-495
33925
14036
23384
-24176
-90828
-26460
-46500
60977
-34693
-68727
-24960
37114
-37731
93107
97294
-27081
-93919
-29114
-132
-4649
-49530
86665
17525
68084
33572
15799
-97343
-28688
-59103
76723
-94125
-93446
45580
53209
-32081
-99664
13017
-97040
52470
-30753
-22919
-25285
73295
-86299
43286
98030
-46220
-33864
-84312
-6402
-93738
-41217
-76233
4049
-31954
86430
16557
11669
-2782
64271
28695
11757
-8881
52395
34680
29189
20153
5833
-84918
-92282
-6900
-89667
8722
-2843
-93042
64706
-24610
-52458
40484
-24462
95582
-4897
2558
-76239
20445
-8377
44703
-13654
-93734
-62099
-99188
-1167
-1145
-98380
77649
45768
-52707
36188
-76566
65661
77210
-2452
-83115
-59151
-71079
-81013
18418
-90317
-3764
94383
90771
80778
6615
23789
90918
-2287
-45684
42670
-97092
-6979
-18881
77442
16693
-83525
48710
-35442
91658
3252
21519
-30239
-35465
63730
83102
-39643
-1853
-9764
-62239
33009
-49299
30429
49777
-18117
6581
22051
-88537
73835
16772
19524
-47143
38794
32377
46459
42672
-86887
-43056
-21809
49319
-54465
12977
-33324
23010
-38374
34131
70027
-81879
23670
74443
3812
81215
19483
-34635
-24539
59747
-97280
89469
-64350
-22174
62302
95819
43820
-85737
60448
58441
3975
48065
-17482
10194
75666
-47873
-85239
72888
94155
87466
-54839
-20622
85483
78991
-15710
28768
58413
62471
-21748
-17411
-90451
-84043
-82047
29664
17707
-62500
-83382
71343
-98002
69083
91315
62304
-44603
44806
90141
62189
-98199
99489
91762
-88300
-69890
-73605
-8461
59592
56504
48293
6509
-91209
94363
12046
-12918
81529
-37286
-84740
-91005
-88686
21473
-34839
45747
92708
36526
-42568
-57977
-21580
-39910
18898
25362
20502
-19082
-12191
7869
-23752
-81904
54313
60187
-91511
-21035
35326
88539
30596
-92528
56614
18583
55581
89681
78859
16905
-6010
35625
-52387
70812
75102
-89903
-89214
-50528
-87305
9258
-38341
4952
-56958
-90721
-98156
-3858
11738
-91034
-20793
-47417
68713
66214
59759
30192
-64197
-9933
-73500
38071
-39395
-54860
77111
-47017
-5967
92326
-27253
37515
-68591
-13831
67598
77251
-47714
32088
97043
-62156
85156
86086
-78258
70666
-90133
42660
-18261
29433
-18019
10319
40011
87025
-99505
13798
31067
78256
-30994
22313
63379
-85071
-57849
-74500
-74680
-24574
-14670
88139
-59345
60851
-71076
25288
94959
-18326
36080
7633
-20767
-34028
-97758
80044
-76889
374
49624
-59980
-44762
23841
46580
96077
-27231
54596
-15934
-29166
13491
-65956
38971
42513
69737
-31994
-77964
-22932
-12550
70324
77606
-10016
-67485
37950
-11558
15458
-26013
-70640
40881
-62683
-89136
91522
36173
39224
-71595
54661
55904
24653
27209
15992
7311
-87467
-21972
-99046
72386
-6778
-27648
38683
36427
-73730
-85950
-501
-20368
-69631
2884
4404
82647
44127
37224
95363
-23155
88689
91451
20128
-60430
-39679
1195
83936
-29563
65801
-36250
-2224
-46456
-12524
-28975
4146
-83505
-11071
10786
-70588
-79189
-38361
219
7227
48173
74194
57636
53391
-17575
4778
22787
60272
-75927
22580
-84806
-20202
-60998
-18318
11773
-16714
-41256
-18394
13902
59088
66081
-54923
-79433
-54875
-76840
16806
-60893
-68218
-760
-46455
56154
34248
3858
20404
-86952
-89132
59862
-31703
-3576
71515
-27718
-84845
84642
-83546
93018
29167
-50082
67595
74188
-38328
49427
-22725
96014
-63461
-9615
-15367
-70257
38809
-25385
6821
68566
-29302
-32238
73974
-59949
-40434
-42829
-49273
95232
16958
83340
17096
-14924
-9934
18695
-68779
49860
5340
-54174
94051
-75306
402
-44598
39255
67203
64937
-51117
-34511
-22296
-15812
-26798
91941
-99382
-63476
-24552
-50294
76259
72386
53579
-12181
84429
30287
-35102
66364
-87478
-86220
-97988
90407
-95698
926
52638
-59581
-14806
35881
-52408
-91866
-12939
38533
-94606
50129
61848
95670
-8280
31178
-47017
82101
54015
-52345
-44041
-82636
-5069
-99194
-20559
23039
86431
-92935
74481
-57474
-29673
96991
-13173
13975
-49947
-77394
-76485
-47440
52063
19500
-5993
-69230
-55199
-67106
74067
-32663
8109
-42025
-8144
-18521
-68261
-94543
77827
-21687
-93954
-93478
-30882
82802
-89579
84678
-43491
72115
75371
-81726
82959
34924
-78452
-88407
16126
47435
59940
-96081
65181
-21901
-85067
-47462
79629
-12871
75700
35857
5259
56520
-62399
-76211
73274
19236
-6974
64172
-56055
-23925
-17317
7204
60161
55736
89483
-74028
-69778
-62527
-98266
20470
46503
87072
48171
-44559
30011
51790
94081
-4148
-48519
52811
20819
-68484
93724
23867
58757
49822
19281
-33622
78353
-5440
50151
-27792
-90685
-35175
466
-59024
73485
-44007
-65444
37242
1095
-76453
93353
35664
-42809
-8264
-5019
80134
76698
-84043
89932
-38270
-25444
67804
-79467
-68445
26169
-34456
61052
77503
-1600
32921
60523
52164
-86047
-64856
72260
93056
47747
51733
11533
-27397
-19260
47452
81337
-80766
-18226
-37883
19535
-641
41106
10907
-16007
23107
-21340
-78284
-60565
72358
90355
-13713
20910
-23290
-49565
11261
20104
-50389
25929
-98603
16522
68107
-36990
-91189
-87562
20585
-93583
77947
-7286
-20905
22547
79903
90605
36701
-80960
49665
3381
-41422
94784
69578
-3629
-665
61767
56568
18908
5411
-94193
-42066
-44236
-19383
-75184
39909
70041
9142
-27489
-65856
-22966
65766
-80160
18622
-27694
77814
-49303
-64631
-51724
-12412
-38347
74731
-29452
-54606
71490
-53600
10560
72842
73992
96390
-22214
-59269
-78314
-71375
13475
-14462
70602
71451
47781
88292
-45204
-73416
22140
22487
69159
-81880
93379
-56511
-70426
-50618
-77353
75928
-7097
68509
-36630
45992
78143
65019
-72282
-43085
-39350
-58915
88699
-35342
-33844
16201
-42425
-38598
24841
-20037
-87647
24570
54206
-46345
53122
11937
60506
51133
35089
-13348
36892
25883
94794
-75139
41162
-3684
-73206
12919
331
36830
-10887
-87483
6050
-52031
-85868
-68565
96583
-35076
14102
-77163
20964
80713
88770
80603
-95255
49857
-1392
-43930
50444
29570
2609
-33812
-41696
28684
-36735
96151
-7215
15019
-81079
-17980
-67014
15823
87213
-72410
25891
51255
33336
20299
82138
94348
28930
-30153
9196
88522
-82756
-65108
57152
-88935
-1064
28299
-40495
87610
9751
68116
65222
-63012
-12496
-63734
56624
-94513
31450
90034
2335
46096
18935
7481
87137
-7422
-9635
-48139
26777
-8898
-1087
-15868
-63817
-50111
-79550
-50607
-30759
-54908
52431
-13579
77566
-70359
-46665
95033
98595
10769
-46836
92986
83196
5258
-37198
45861
36496
32678
61961
69474
45361
7335
-11596
-39090
-90665
48726
56198
15904
-2663
-88334
56009
-54675
3207
49158
48106
13254
-78874
35732
-99004
35711
51401
-45011
47047
40587
-86968
-67678
61829
-20925
-20640
-53356
48665
-35003
-68057
-84440
-84364
59897
36649
22551
-29179
15599
40228
-64606
67076
-7452
-17571
-38238
-11108
-76828
-32034
-88259
87091
98185
-41012
53429
88535
20833
45096
41818
-55674
-27090
-43102
57312
-73382
-28666
-70187
-80437
-64369
95323
-4444
32647
-24334
23381
-73745
31828
87337
88923
24433
-91234
-96807
-7311
94649
15210
38391
-29829
37186
39725
-82193
-69088
50737
-9801
63786
-74550
32044
45900
34944
80201
-942
24339
-70598
47639
56282
32744
-39358
-63754
-58549
6540
56681
-44874
-99371
-27076
-71275
-61293
-61429
-57761
-24826
-38789
-71746
-80232
-4733
-42004
9591
83260
-65179
-72004
-67888
-35491
52799
-80654
87279
11909
-87320
146
70944
10879
69096
-1673
81934
45838
27771
17560
3038
41281
-31676
22700
-18903
-77154
58449
-46102
-54445
47675
-96953
-6550
-10868
-35667
63658
73511
-69789
-90729
27211
89254
-6398
74916
-25969
-41041
-9270
-78577
34519
-43782
57676
59039
-65775
-9626
56032
25073
1691
-13790
71590
-4435
-54705
-93970
7831
87707
-40401
11900
-2873
35406
80366
47664
66489
36926
-25063
67463
50142
372
-91680
-61805
-70868
-18466
-51579
82788
18072
64834
-88672
96515
-15889
75727
52748
10392
7126
-62321
-42382
-41941
-42276
11513
-96336
-53689
10425
36644
29093
48059
-11226
-49707
29083
58810
-44776
67385
-46
77986
76570
19118
88613
51545
-36858
-581
-34212
4244
-6113
-61215
27405
41457
270
27529
42671
95236
17080
-84068
-25028
-90321
-39688
-73870
-74558
89835
-99650
-92958
-40249
64227
-41341
91256
50519
82431
-38936
-18556
-39572
14078
94762
-49521
-67400
86332
41028
-45143
-21999
-59821
-44638
27870
-85703
-68578
-38915
57863
78793
-50791
-5801
-34820
71866
86628
-54635
62759
24976
30054
-15692
-18445
-54492
86606
76649
80804
-52596
7925
2586
-15999
-73751
9184
-1166
-52436
16140
-2719
-18075
84946
-50555
-39844
-17984
95229
81802
-89369
28459
5766
-25215
1547
-84161
-58904
-22550
30376
-84610
-65999
-40212
-72844
-91213
82577
-21318
-28700
-93657
-43307
82786
30179
44477
9453
-60366
-61697
-68949
-2327
18247
98467
49813
43139
-73613
2303
-7929
34453
52426
-40956
-3697
-47317
99658
-949
90037
30643
20388
-88875
11161
48593
-16149
-13651
-1753
-71217
94360
75882
59448
91250
56888
-3759
74568
-62873
-79694
79703
49680
-29284
90745
-61373
45056
49260
-73846
41266
-35365
57458
-52382
76532
90414
-71425
9920
35540
42990
22886
978
-56267
78253
-59596
1919
-57064
-79367
38141
23504
-93638
50577
52497
34428
-93606
81925
45838
85646
63129
22313
-39665
-61003
-5639
-2187
94018
6696
4488
91132
4120
-9165
39830
61511
-96427
-58717
25057
-45170
6599
82250
-87470
34514
-36013
61872
-49440
20954
43690
76438
-33389
36936
-79461
-37592
36387
19542
27331
-11522
-93313
-51662
66847
-96817
73577
35828
-79870
-42253
76286
40376
93602
-33262
17299
36701
94156
22126
-75972
-70695
-94728
58379
-39642
-68298
20407
88695
-36828
70764
97032
-7879
19975
51740
-68725
-78758
-57755
43815
53389
-53814
31612
-77911
81474
55857
-55823
-40427
86672
-86380
-85711
24686
47879
-60385
9336
75744
31215
61845
-67024
97849
-72133
-98799
55409
-66169
52633
-43913
90663
72014
19627
-92611
-84782
-77402
83471
-7409
-87834
-67217
80922
-3356
-54318
-13325
-69852
-89253
1118
12758
573
-5615
-11667
-70660
46206
-42302
-59358
-57865
26298
42648
-88097
-65173
61650
21973
1577
48513
87719
-5158
-94745
-56444
-45077
-41326
-41847
24795
-17711
-42114
36294
98787
-24029
25437
-43587
38249
30577
-74953
6781
37761
86759
-23930
71200
-58107
-30216
90370
95890
77870
-9354
-15992
-40849
-20344
78660
76134
-42741
50133
39779
36549
47627
-3135
12200
-6477
29744
-4164
-76978
89676
74036
-27911
-27800
8197
-13747
-34109
90671
63061
-58162
64311
55225
-97087
8813
31074
27147
-78398
8671
-10505
-76603
-66668
94879
-44307
77627
26462
83726
47539
-78171
98937
50229
-32879
-34260
-64226
98854
11037
88164
82865
-32512
57110
-4711
-34204
-35760
75296
37954
-43063
17492
-15268
-3821
36472
-44260
59491
48302
-49895
266
-51424
39417
72015
17656
66951
37131
33218
2680
-96074
66879
95879
18422
-6426
-86805
-7123
78330
26701
-24725
-37594
-2678
2132
-82538
-80432
23085
-22608
-55149
61023
30922
22175
-28028
-36439
-61650
91393
-3361
-5106
-98772
62097
19294
62274
24926
-69186
1933
-5383
-98550
15914
25024
76397
-48288
38654
40295
-72177
35040
55272
6138
23176
-69991
27890
63822
26986
2892
42176
-95862
-31240
-99793
18022
13811
83470
45389
-47580
91682
-35409
-89269
48383
80536
-59799
-75131
38972
-13464
-39193
62550
87548
-40366
40723
-49033
-96081
-97296
57381
-43330
80566
76809
88973
-12408
28313
66500
-36999
-9038
8481
-59337
-53693
84417
-64620
78876
84859
-74590
27403
3044
4876
-86901
-37263
33574
-46195
81983
41818
8368
58982
55921
-91139
-55106
50909
-70208
62096
17929
75580
-10463
-70721
81078
10081
283
79752
-34001
-78558
-17429
98422
10319
-29606
14343
34551
-53065
-8747
-64897
-24740
-84354
19731
88896
61293
62469
72765
-65613
43687
-11160
-33118
85954
-34028
77072
-6485
37243
-21372
84261
77027
53901
38125
-96031
81373
15598
73885
-60160
4481
-65121
-76009
-29869
69751
13639
99858
-66764
39535
-74180
25162
-4652
73290
-91551
-26752
63920
-42840
-41367
-53291
98530
-71537
-65542
-42049
-95404
21620
47724
96549
70927
77482
21744
38429
93297
55204
64782
-41345
-90435
-32664
4870
-81178
-6579
5011
-35048
17859
5090
-66173
-70432
20509
70684
-20828
-27559
45481
31301
48027
-92606
-27135
82631
90760
10141
86213
-50562
16636
67860
-30133
-51544
-9609
17719
1155
-83207
96540
-20512
48172
80332
-5197
18552
-7315
32435
57307
-32942
90641
8943
-79158
2740
-60062
-32773
-49534
-99529
-65376
-74429
-99565
50692
-64993
75570
-8313
-36994
-64070
-69592
-28435
-64706
65207
19659
-33403
54073
-391
-23371
-64379
-56898
75100
3787
-83962
-95716
14321
-24019
-61042
13537
-41834
-36471
-84486
15229
67120
-32502
6408
452
-45305
-72209
58623
-60014
36671
17206
-84101
-46584
71279
37366
-46887
-61579
-53664
65228
47099
71505
-21660
34157
-3592
51683
-78768
98715
72931
-41150
84119
-81421
86518
34232
39620
-37470
-3236
6082
-70445
57400
-12264
-15628
-86611
-2475
2581
25081
28159
-60160
-82870
38776
28918
51222
-30007
18899
-57639
-28513
31909
32905
76162
-80388
71998
-4933
-70918
50301
-30869
4492
23024
87311
87746
84769
-51690
20562
43206
29575
96729
-12407
-1874
-93196
-13958
-72213
-53746
73254
-89714
29462
10724
3944
-65842
-66397
-93438
-14093
14492
80084
-22317
91377
-25517
60522
28619
54941
-79095
-7213
55919
-87290
84708
-15423
-45058
-15055
1174
-14314
77051
14046
66486
-14021
32600
10467
56316
-62256
-28864
92789
-28583
-46146
86913
-26362
42161
61416
-90987
-67064
49910
-98049
3724
73423
44194
61556
-20713
76372
-44016
-13303
-66701
-39275
9656
-85183
43247
-94310
12933
-20746
-80036
69395
83797
-77047
-90927
74846
-92468
-13325
-83112
-75868
-52395
37626
31929
7651
-66569
49344
-80864
-14970
-10417
-30794
-89043
-42704
-19088
-34707
-58536
-37481
-9900
23117
28479
-75059
50813
3486
87822
-88357
30188
-70716
-79350
43014
41853
87240
26746
-1549
16541
-14128
-68558
51110
48746
85873
65469
39014
-67355
-68901
78118
28733
32086
-87245
-32669
80732
189
88766
-37345
-32613
-48144
75512
-58973
-72355
-40042
28357
-15840
23953
-12482
67391
92315
18838
3997
-7570
37173
56886
73954
-2539
8662
-84717
4536
-44951
82742
-79584
-30441
-17507
29128
-17786
56775
-35624
52035
-45466
77171
67336
81614
-88514
-89050
-94000
-57977
47397
51940
27549
-48273
-38800
27431
-16490
-82954
81463
10677
-17678
54303
-95118
-65638
-20573
9360
-39428
-63992
34032
82425
-52166
-4601
-55840
-72674
85461
20762
-24494
73730
51682
38960
-7190
78962
29027
5700
63014
94443
5927
-30062
-97394
24361
-3700
-35211
-17078
-80627
-57243
-39326
31629
-23
-62986
86075
-82257
31980
-20452
92561
52313
3493
26634
-903
-81575
-94859
-74962
-42935
49494
56470
-38415
80432
-84579
-12351
-30627
-82897
-25703
94785
-16422
-77896
49506
-86382
-16303
-78815
24812
-60171
-31822
22533
-38816
88339
-81200
-87305
-60281
91211
65385
-38748
3427
90906
-95420
-94140
-4008
72422
3187
-8387
-88825
76839
-4424
5844
87548
499
