6500
99168
-73000
63690
95163
-30412
-41772
-6349
-70751
10329
99948
-77410
51984
16828
-98924
-55594
-13214
-39848
-69242
2031
-23697
35577
-42342
-20644
91123
-79907
79102
80222
-48482
-90573
49427
-81193
-7943
81541
53413
-54851
13424
-47311
33220
84650
-53248
-52974
-92157
10895
18429
-7873
35853
-85047
-17024
88681
-54177
44300
-69203
89704
91365
52283
-5731
-73393
49077
-12326
-58260
-87941
36386
-78181
66144
-49109
81150
71956
96180
-69559
-63312
6290
89985
-18617
-11411
-2745
-34360
-14555
-63402
-79138
60702
10127
83886
-63697
-81356
19298
43639
-65650
-17470
-15089
-792
-17282
95440
-5736
-99316
2627
-25311
-99144
-3975
50901
-86724
-98465
-1492
-84687
-71976
56411
53374
53129
-56669
-70318
-84859
70747
-60433
61676
-99318
-75809
30778
8973
-158
70489
36120
65536
-64213
-12849
28863
46319
58021
-85291
-71825
-59698
-6294
-72316
-39492
-3688
-46901
70025
28089
26482
67977
-36647
-85053
88171
65325
85442
30887
-51227
68548
-83363
-56975
-66867
-62661
-66976
38866
-86651
67218
26448
15980
14116
18176
27731
48254
70803
-76508
-94237
-86425
-77480
95779
58079
-74344
-23697
-26654
-10885
33435
-83820
42145
30872
-39878
94174
31026
-86289
-29235
38469
69846
33894
-84636
93892
13363
75205
33805
58842
-73677
-90238
-28670
46506
98299
55288
13554
7426
43334
43062
5930
15608
40862
29428
29600
-13072
4151
-47647
57820
-94277
-46936
-48552
-66429
-88038
-378
26608
-2430
92000
33055
35506
-77997
-96971
-32560
-30746
-65041
65142
-74108
-38522
16912
-25670
-93943
-93676
-85406
-17424
-97776
-31801
-61498
-90524
93633
-7583
59009
-992
-95111
-81572
47751
-76625
68385
54210
9824
-13699
-50004
-28196
35125
-80742
-16788
98626
67514
74141
8210
61201
-72009
-15387
27520
91259
-87372
41211
-4211
17913
-28864
74643
14676
28315
-61602
69554
90553
18879
-54771
-17815
16058
74400
-33037
8703
64109
13318
96549
-45715
-29732
90203
-35563
29890
7225
-15586
-71271
50663
4991
-93648
-21356
71101
22120
-85684
58755
43746
-18299
-61676
-45978
72723
59197
75078
87624
23723
20004
81613
-39955
-54838
59383
80244
57624
48657
23602
-58827
41974
99145
15374
38512
-76438
-42269
26650
69047
18806
-67110
-20491
60550
-57534
-34635
82214
-92144
-6003
-30488
30168
-87244
-9683
-8486
93045
84239
84100
-94910
64477
-89813
78657
-42838
-20413
94420
35984
-98986
92516
-73525
67104
-54018
-45147
71892
-73842
93430
45193
-63254
33587
2222
61004
-35629
-35577
45462
-82786
65678
9008
-4006
29247
-17432
39019
-82421
-71949
-7955
-52203
-20771
-99613
-13380
-74601
72845
-27120
26164
-45844
32283
-70028
87626
82129
93941
-79817
77309
37512
18804
67595
-15200
-3256
46399
-35356
46870
99780
42381
6615
-96227
25302
-5623
28622
-18112
-65656
-57010
-54618
99504
98879
-57903
-43227
-45650
-72891
-42402
32859
53151
-78095
10555
16020
62721
31989
-4567
-91210
-2819
30852
-79992
49854
73618
94494
29274
90385
-49807
7289
52384
-68158
95464
3854
48352
-17889
-34442
-68355
9544
19448
-93635
31197
94253
-30227
52181
-90716
41516
25267
-4612
57968
37681
13539
89388
-33296
-7530
99710
-40891
-83023
-32669
40385
88298
75017
-78860
-32159
-68248
45658
63736
16932
47951
38211
18325
57564
15077
-83927
-57687
66880
-54032
26333
35820
82984
-75406
-67862
94001
88421
-20622
24382
81739
-12230
-76748
45363
54220
69947
-61622
89912
-73815
70465
54915
94880
65465
99784
-79806
18951
-16612
36453
-96277
54429
-46855
-218
-28106
54288
-65953
-4408
20901
-78886
35981
-81841
-91118
-76380
-19507
-21946
72034
49813
-81286
76179
-66154
94524
22819
89398
-39872
-11114
79880
-34978
-43502
31612
-73087
38504
-94767
-42132
43966
-94411
19049
-12494
-2199
-73882
66971
-28110
-69528
-12425
13074
39061
-22402
20725
10515
27342
37393
-10915
-84143
57032
7622
-6893
44960
-36498
-15544
-53637
-45438
-92394
-76824
-2120
-40930
58891
-29601
91647
24526
71349
-63122
-85865
-18537
-47001
8934
-82257
-780
7685
-87228
88667
8011
-8112
-97740
6509
50369
63440
-54218
32108
66537
-65379
64478
93300
-65513
9609
96565
20009
11027
-79059
-75394
-54951
-4247
38543
-25901
-46034
-24290
51949
-58771
-25460
35901
10088
69761
53389
-99313
67152
81096
-84778
-41496
-90040
-7464
58454
36958
-62186
-40466
-52837
-28011
33929
-99891
-63536
86774
-63417
-73985
6103
-28226
38642
91514
-12545
41586
85239
94046
-96030
31089
-59597
90139
16286
-42975
63617
-40464
83374
56779
-56924
15950
-96348
55427
-99506
98267
35013
40448
70539
59730
44609
86602
-68275
84807
24333
-58607
-19564
46984
-43105
75929
44538
-73505
43653
22675
-872
-78155
-53469
84488
91033
-56815
69895
-89362
52633
93693
235
25821
-24135
75785
70342
-14629
58818
17257
-66417
-11501
10803
-91079
14927
67557
-14296
-60575
-9247
-82089
-8087
17492
-38903
8808
21773
-62606
-7441
-955
9801
-58546
-43785
-38635
25178
-36023
7037
31087
23882
-33507
57138
-23125
82721
-91658
-6834
19606
-41044
-14278
10289
86847
-78685
28074
-37862
-46226
-27015
-49568
-35646
21492
-31227
-7496
-52650
-82338
95816
-4916
11280
19139
-80486
-16809
-85391
-25155
35766
48763
-30051
-21772
47198
-80995
-38190
-62122
-2260
56238
-86074
-35741
42679
49477
-48867
71012
-4514
44136
26884
25531
63796
14122
-45395
-51754
-84728
-65554
-70169
13117
2511
-96887
-12967
28875
58353
-55098
31642
55930
41197
93443
-78928
-66921
-80151
-88776
67684
-76908
-98918
72152
10686
12604
-72372
-40689
-66141
-55615
-55730
99948
5191
-48399
-56258
83417
18448
71175
88876
56709
49289
16990
94702
27682
54591
7745
34752
40586
-1604
1501
6293
50877
19421
-4456
9534
16261
69074
29754
76342
-99654
89842
-92407
-70520
-19934
70713
17204
-88419
-75152
74975
9509
26726
28909
-36139
84665
-62750
-77964
-20449
50508
44428
-60905
32649
60141
57189
-19168
36743
-66063
-60199
27313
88749
-98013
-96431
-9267
-48313
-36519
-70188
-60881
-5354
47458
-88166
29848
-53464
35547
85231
19623
49106
25185
-22784
-61280
-74867
40352
32838
-24305
-88469
-50934
-9460
71813
-44236
-40988
-87458
63937
8929
55738
-28528
98539
71860
-23053
26408
-66695
-77518
-48001
-16471
-396
-70018
-26708
-28291
-75563
72404
73304
62910
76105
-63138
69057
-39839
-85356
10102
38648
85439
88273
-89479
-332
-14079
-9384
79172
50307
25704
82680
-18546
-72868
-6153
-46557
38498
-16817
-40643
-49111
-28937
91293
-81917
-74211
86958
-11868
-98418
62740
-18585
62003
-30255
-66741
-18945
-2052
-90382
98920
-71766
-77401
-66441
51801
-88726
-88637
-74163
-63591
69162
88279
-96075
99217
-9415
-12713
17675
-14821
-46810
-34382
47732
99937
21364
-29176
77476
-9948
-61446
-583
93002
-7655
-70246
-90535
76952
-27411
-78437
-30273
73778
-83606
-81626
-99011
44658
-59086
48986
-3991
-21866
12071
72652
-25126
69959
-35027
68574
29103
-57466
36295
-65158
6089
46133
-65122
-96340
41112
70144
-83936
-8038
-237
71078
37765
66848
1
6440
19949
43468
15157
49228
28710
-74189
-84969
-97010
59529
95086
25116
-82012
8323
-19147
90199
24877
21617
72405
85673
-73355
-13403
-24623
-92780
-7897
-54906
-52717
18350
-17392
-87020
-89843
91825
-19060
-20856
-77711
-45777
-30961
40793
-86775
19299
92178
-27493
-38157
25634
60951
-44030
84541
-29200
23515
-14395
36633
-75154
-60648
-66722
33725
78769
72756
82861
-84838
10415
47049
-33732
59318
80659
-60910
-63330
-13464
-48336
9454
62768
-99856
62929
-2924
-31359
88432
-2770
43348
-57778
-76725
-35396
-61946
-54042
75737
77212
-9455
-65812
21572
-94797
-88487
-88709
6722
25241
-56506
94564
-79889
10090
-25298
-90798
1477
-22277
37790
-98097
22523
61671
62218
81439
71800
-11257
49038
87498
-44173
28927
3616
98488
-46359
73333
51669
-14092
-1671
-2851
17036
36115
-24481
-83408
-36805
1326
36683
81595
-15596
18634
-23395
1300
47379
43161
63744
14183
-34393
-61031
4896
-97938
68794
-90917
-86391
15295
84959
-44258
56478
-71233
71063
7514
82546
9780
90496
67096
-30586
97017
-79333
59518
-91168
19658
47736
-55383
-71100
73919
94272
15347
-72623
19414
67487
32020
-73221
-25303
-31284
57316
-28639
766
92790
-69314
-71733
-11523
76429
-98879
32129
96956
-48278
60528
-60150
-1418
-79781
54585
46208
-64421
20495
38355
-82740
-40639
11930
-14720
-75836
-35400
27622
-33614
-53666
-7493
95671
-15542
62159
90753
-25191
85243
-40636
42547
64552
-48371
29820
-80519
57596
16766
-55296
-43282
-36881
98307
-16960
-44302
-11828
10540
64140
-51107
-1451
60197
62187
93008
49265
4632
39900
7144
-85584
-28304
-30874
-95668
12605
76729
5982
-54426
96223
-67357
40885
73199
-34773
18021
61371
98594
-8054
-60993
13428
-33454
-1949
-50281
-53547
40407
-50332
69125
-48740
-72156
40690
-58966
-95735
20148
3755
-41989
-52996
65635
-52012
65372
27884
70873
-58076
67943
41473
-4895
52780
57675
11663
3672
30305
42641
36208
-61120
-61176
-38022
-55235
-96844
77884
-78331
-85719
24950
-29281
-17651
47098
-97436
15195
-25650
-79580
79626
-57772
-96632
57155
-25968
5676
-31684
-97164
63508
68722
44435
-6831
-92845
72296
1054
-94072
37824
76847
-77192
-60264
-44553
81617
9288
90791
-20213
-76437
96355
71106
-16901
56053
30606
26481
-55228
52143
56097
-29322
-65328
-55062
-63482
62562
30924
-28559
61537
26197
86295
-30766
-85110
-92144
-8234
-89012
54069
36024
-88412
-86442
-99661
16682
-34905
16842
-66479
10101
53566
2349
77086
-29448
66454
4507
-17141
-93735
45916
70547
-46742
37215
69260
99165
-97319
88941
-24856
-35756
-30920
88156
-97915
-17772
-88747
-64652
41791
-65344
-2263
97990
-44467
66096
96316
73256
-22545
72630
98659
-77426
-74492
87308
-48342
35329
-36168
-8229
92940
85503
60314
95658
63007
66352
-35957
-55775
30157
79168
24210
-81799
28540
82269
86861
-66813
-95153
-75633
-66046
98001
-14586
-5906
32148
76869
83393
-86011
47505
-27980
99042
-53502
-64600
-74954
71375
14742
-83208
-19316
-44137
58287
91075
19567
-58196
-23921
40449
-32911
-40306
30217
-1583
-88878
52105
-72424
17355
-73566
-24684
71324
3312
-4531
-39653
73330
-72829
38280
87511
32942
-58831
-17577
-23912
86904
-33109
63672
-48092
-18752
-61612
-44177
52922
25055
56982
64559
-59729
45644
35791
-60638
-48006
-69385
95273
24405
83211
-54779
-1528
643
26325
-23127
-15652
-39619
-24723
-40165
-87338
21811
59402
2552
34807
-48799
44012
-37898
16707
67736
47706
-766
-78443
26535
-17852
63224
73996
60135
-52538
-74498
93539
-35488
50893
-32258
8991
-28581
58132
41726
-4767
-87483
-14520
84573
-33637
-72131
-85878
-66580
50207
26619
18130
-21786
23891
96028
40945
654
-98175
-96050
-79825
-33372
64587
-7148
35858
-62077
-20613
-66762
3584
24538
45945
-10615
-67972
-16956
53270
57878
36812
73479
-87548
-28950
-37061
98278
22824
63738
-965
89571
-91960
99376
-42910
-17259
-17505
34390
-90603
34785
-23216
21726
-9918
26200
-26313
-84341
-78201
-49299
-95718
73344
-56848
-39151
-27394
-34717
-11939
89517
-89066
48238
46786
-8773
-39529
-58414
69321
-2814
37351
9031
-72622
-32084
25011
-97099
41690
-20859
7839
-65992
2425
-36654
61145
-27756
-44475
-52532
-48185
-87051
68629
78392
53918
-2911
80544
56356
-44652
-16708
43267
33152
21357
74999
-53087
62678
58162
-81257
83300
-83417
95105
-16675
-23518
-17116
-60931
-74473
-7076
-62907
-30747
-50429
71584
-40054
-53502
-24165
-73138
-66356
-56262
-73470
-72841
13567
71171
-39863
-81375
75591
-26639
-97122
84903
-11277
59759
-13615
-60803
58522
-81716
-25660
43730
61969
12077
-43153
25934
-81466
77921
35982
-46022
-93252
-70510
79143
33343
56931
88854
-26501
-86201
31827
21669
15753
24256
47909
-94171
19321
-35521
-43090
27362
52652
-14335
-55143
-27623
95901
-71732
28128
34291
-57868
38388
-38681
1615
-99801
-56903
70645
95544
18189
69006
52623
33270
-13887
-99788
-68173
-35072
-50641
77701
85806
66575
-70274
24653
30234
34573
71450
-11565
-8648
6124
16861
22645
93797
-78956
-44071
76273
24188
65716
56644
93312
21001
88250
92225
-56804
41445
63069
58951
31331
-333
32791
40560
-26284
72309
-1423
-95520
-11146
-88884
-6794
61136
14423
11466
78473
57462
81458
-59339
99667
-10989
-37078
-61477
-93676
-66152
32947
68301
-58213
-61706
22032
-91271
-26287
13441
-68298
-43096
-4433
-16320
-73008
-88944
-30833
2899
24540
-86889
87840
12737
65138
26277
-59724
-93346
-55835
15652
1076
-8683
20802
80983
66163
49432
-86283
83156
94687
62177
-52404
-81313
-94636
63971
-55021
-58459
15946
-67054
-89635
-75374
51759
96652
-49372
40975
22480
-11806
37256
-41509
-26832
-32889
6579
-40251
-37573
-74412
-87458
60355
-6188
-60874
-92180
-7309
2955
-6219
-6412
-14421
13226
-68319
-94436
92734
70446
-72613
-69664
90830
63571
-71171
-20174
66185
-66295
91943
3132
-25598
48834
-39641
62721
93164
35501
-88124
98977
25845
-26371
94247
-99845
48957
39650
-78617
26285
78193
9689
23856
20727
66568
27359
-53297
92413
32986
-95039
-92900
-25813
8920
14031
97923
7795
-6420
-18066
79729
62641
69806
-63027
99097
34672
87679
11824
-48672
-42874
-98234
-6168
70443
16410
77445
-25821
13826
-13242
-29993
-91425
77665
56599
-35512
42170
34395
17329
-31663
70950
-13588
-17904
93678
5304
36121
40617
53534
-26401
-56186
82351
61047
49457
6548
-93071
-87261
41505
92084
-72608
-10693
-85299
53773
15599
-6786
26164
-4858
-84589
9389
57093
68016
-30934
-73401
-54766
48851
37752
-33380
-99548
33364
6476
12752
25640
81471
26433
-77649
98886
84215
-16160
8359
-69614
-3849
85347
90726
-64549
49668
-71788
-41839
33633
-60815
-72556
-28387
53029
38286
85752
-18930
97624
-61009
-99442
-93622
-78603
21908
76477
-26727
-47638
55802
25610
3260
-56399
28157
-52489
86823
87614
28520
41798
81820
-80367
9371
23835
2084
37483
-80680
-6401
47469
-17827
-22614
-60607
1211
-10629
-93518
-12873
11660
-62672
63887
-65374
36685
-24085
91625
-17233
49906
23159
30810
-50086
-14090
-58711
-8902
-30931
3759
18354
-1850
34214
42636
-27499
18668
68727
-74833
29106
73142
2471
1057
-19776
-37680
-45610
87478
88729
27448
-1059
73342
-14609
23937
33812
-31067
-31076
54403
77293
84520
-2344
58914
-18883
97524
72964
-65350
21019
43293
70051
-42012
-415
71031
-87768
-32408
98832
-52907
20265
-24193
-5488
-20132
-6861
25155
67220
17346
-46152
-27723
21148
20457
73956
-81238
58004
14290
-67891
54356
5274
61055
-91127
63465
74589
-88598
41049
6706
-32608
6491
-5950
29554
36638
-30870
-6212
66865
-15672
-26991
97092
-18332
85994
-83987
-91764
36794
71595
83409
-37229
1349
27123
-75001
21391
-97853
-6105
-3676
46469
13449
-80624
-36217
2875
41291
3865
-60946
-57914
41162
-59913
-95308
38781
53786
-38045
-42133
-69490
29135
82627
-430
77678
55940
6119
65907
-88404
36615
5998
-74532
36767
25124
54217
56695
50814
89229
40855
24969
84494
-2205
97392
12995
-34058
54627
97789
-19000
-48850
-76624
61700
73916
-12842
-840
2370
-43707
12899
36806
39537
57186
-13260
25700
75049
92708
78403
-46549
52707
82316
-68874
-8151
53720
-92541
-71659
-11923
-78264
-96656
37719
-35151
-75626
95866
-31659
-43483
74256
-73830
-55968
40596
-7795
-74021
84014
14389
-87953
-44623
33455
-85360
-40375
-41549
-92802
-23477
-80614
-78665
95411
92753
53174
-89847
-13227
13982
-30651
25799
-46036
70505
-41115
3484
-49739
98157
79659
-41065
55855
35798
91527
-50201
-17837
-34747
41541
36853
13728
48320
7216
98526
14036
73721
-38767
19020
-45130
-44871
43989
66096
97040
6825
-38068
39006
-33477
-52803
-9138
33732
-9454
-72003
-7048
-64312
70281
-24590
-99564
87550
83158
33769
-74025
37891
31053
-58010
-18493
14073
22985
-64983
-91731
-19873
-14650
-64362
54553
-60789
36364
-65981
-3583
-66169
54918
80163
88628
-87418
94321
42889
62491
-6079
20080
80668
-10536
60467
14972
-19946
-47929
90477
-81416
-51336
-54106
-84394
-37278
17038
34129
46339
2086
8346
-75098
-95057
86349
49248
-17337
-39721
98450
56205
-26499
3445
-33835
58181
33786
6102
85097
-13880
54199
59546
-80056
24128
17596
-76728
16166
-10647
80190
-66485
6498
-16675
-37854
-85747
-72039
47035
-20256
-85521
-4267
56947
-63294
94242
-91933
96945
81740
-84955
-830
-30172
-35914
82907
14839
-97430
25813
61192
88126
-73766
-7336
-17880
41563
15661
-13203
-84948
47630
-52663
-72317
86674
-94108
46060
-86165
-9953
36138
-45070
31128
58236
92541
-26686
1349
79275
-40259
-97253
-97483
-86620
20832
87607
-87978
61200
52642
-16487
-34305
15713
-31206
-64776
13720
-54132
-42008
19784
-41319
11620
-77045
87009
-59669
40276
-60209
24014
-15382
63737
-33821
6645
65804
-20774
37001
34398
-11749
-50747
29606
-48927
-89698
16071
5241
-6352
40982
-953
18920
319
1636
76287
67574
22220
-87544
-27112
-72303
-43506
-81212
-29854
-73528
30398
74078
9389
-76454
69244
-77371
-1850
-44758
-58912
-18485
44433
-78194
82590
-83055
-82880
-93434
-32427
55488
52845
-62199
95796
29555
-78822
-72965
-95031
-67406
-97086
-57156
-21080
-50086
31131
34458
-75916
-63144
-50133
41254
-44787
91604
-99644
69220
-98730
78058
-65122
99228
12129
-73389
55567
-32435
12922
14562
2665
-28159
71949
-66389
-84496
-94212
500
78462
-5642
89422
-66911
62545
-86891
-12152
33701
-69893
-12087
44875
16154
65117
-81432
-12100
54259
72795
-73538
-12973
-38178
-74168
56905
-39789
-88173
-4064
-84274
47060
-23299
93614
-40170
91324
-4415
-28978
19528
86156
-85393
36557
76452
84246
-9916
43820
18777
-97075
3609
63556
4036
31988
17836
76099
55943
-85191
98122
95252
18817
-86181
-10411
-60067
62959
-70203
-34569
-58206
-13089
-8641
4324
-17657
48524
45818
-95867
48818
-53989
37065
-53754
-76209
83377
55151
-78339
67437
17711
34387
8437
-57211
-74677
16528
22359
-10533
-79732
-42967
-24204
-59330
7841
-27494
12018
55657
20127
2633
14672
41420
89686
-34917
-89641
91556
-25778
-31005
78943
-35386
-95325
64118
90043
-11780
69690
43610
56706
6598
-5153
-76259
63547
-76286
-14915
65537
-76380
8998
51257
-56939
-4385
38441
69355
82527
-51590
12609
-2055
-41483
-13863
79176
-15662
-3414
15554
-21960
36548
53926
82821
64917
94075
86479
-8954
-25494
-36137
63203
9576
40043
47528
68008
-60200
49017
-25783
-44486
39603
52869
16790
89219
61909
-54900
87243
18762
37567
58304
51962
31394
44452
-3257
-91544
37634
26640
97500
26821
99189
14646
-87916
-4153
31464
-61228
-37893
25186
-56671
-30971
-24483
16486
98831
-6429
91552
9396
88188
11286
-6898
29086
91934
-28354
-6287
95643
37645
-14727
-8169
49891
-880
-72623
-71883
37229
34000
3333
-62232
13059
-95378
-73678
64022
8318
26992
25502
-53133
22244
-61866
-50782
17056
-93286
29131
-57999
72493
69639
-8201
87817
-95361
93192
73777
-8268
71053
65353
-52718
36219
-11964
71238
36197
62312
8139
-15585
10618
32823
44193
74769
-62310
-4775
18722
-47529
91924
15652
-79640
-99300
7478
24602
57357
-16101
-36264
73491
46159
54229
92370
-3894
41677
-51154
55501
95106
92398
-93147
-54281
3731
-85983
-80530
-97904
33109
-86786
-96914
-81247
67239
80459
98962
85581
-67619
52763
-88947
-23808
-50492
-21614
17580
-28860
94418
37187
-65193
54770
6383
-11334
36326
93573
90778
2581
-49699
-47286
50426
80141
-13562
10036
-38206
35794
78505
-85748
-46145
-2027
-341
-35515
-29375
7007
83393
-55955
-99357
-6114
27727
31616
5369
-13631
-37023
87767
41302
-66120
64964
-73347
-97353
-79970
-88382
-73182
42256
-38797
-96391
-69335
50032
-45950
-68265
23452
-27501
86369
70069
95999
-76732
-62761
-71668
-8510
-60947
97240
-17896
-8048
22973
15531
33479
-8572
-96396
26924
33886
55739
41038
45806
-11735
16708
86857
-38408
54813
-43340
-22891
-33296
-63988
-55337
32920
58198
70595
69440
-64037
-51673
83523
-45246
14420
-53982
71771
-47113
-99376
-22746
33502
-33027
42109
31482
-75450
43393
-84271
-12057
44517
76211
29339
-37824
-70780
-52711
47844
-30462
69658
11904
20609
50646
39018
64780
23096
22131
47418
94833
-64371
27552
33387
-34630
-16216
57431
-78790
-16761
48228
-34683
4370
-18988
-88778
-45330
15243
91507
-33608
39982
99651
-77284
33873
37274
-44841
-62693
16387
-89979
-39233
-29721
94097
62175
-13052
52947
5707
-35593
-49890
78494
-32649
-64543
33454
46821
45086
64690
73620
23095
90416
42600
21806
-48759
-71595
96807
27118
62656
-91951
-16930
-3561
-35412
-18606
57096
-48492
52501
-19047
42575
-83083
-45587
-20669
87114
47750
91620
-1165
80359
80846
-60261
-56226
18788
62881
-18704
21363
92535
-18462
3256
56933
-72114
54809
-32437
60950
-56911
41709
59064
-89055
9731
-69634
-57447
-9468
28199
-13983
-48190
19305
-67650
-99655
-94637
83599
-93553
-60690
31853
-76966
-34944
-77171
-63
36211
-72319
-74436
1412
-49827
17736
89944
51199
39446
36790
95469
94274
86502
2713
38161
-76232
61895
44363
69149
47382
-57104
-9865
81929
-19474
21440
-4293
27107
-6496
-71100
-96407
-84500
-21265
42149
-91480
79375
75505
20145
41464
-1025
-480
-61564
-78509
-25684
-8497
47442
13934
26145
1014
11924
54239
80829
-92434
16205
27416
64204
61304
59704
63377
78337
81015
63184
3268
-2094
40510
66427
66322
-31888
-10620
-14828
-37565
-47710
-20812
-19948
55339
91773
-78687
-40932
-28569
11778
-92073
-46751
83911
-19564
-10548
-12556
-22970
36500
-77194
77741
-24204
-94309
38774
-8077
-87564
-11117
-72142
-28373
40737
-49998
87552
39483
31628
-34092
-25987
76858
-47327
5173
-7426
-81354
-47704
-64184
26590
-64928
7975
14902
-28041
-95272
86692
95542
99180
40721
-8697
-95035
-22046
9953
-20386
-88061
-16818
68520
28731
76394
-66199
41754
-12872
61867
-41535
-79126
-99365
26150
-29207
-91372
-74028
51846
96081
-11001
97251
2296
88240
-96402
33366
-46266
-47587
46426
57200
-32940
-48323
74510
24038
-74891
86615
1062
-47933
45355
34500
-33692
53419
40057
-19134
34584
-51972
-57753
-68889
-13972
56720
-97326
-50190
30473
-74849
52845
9981
44458
-87870
68184
-9073
96123
60562
33627
74126
-54099
-12753
88447
-37167
96281
-11044
-85431
39443
53134
-77432
36052
83652
-99399
10152
-48822
-41158
-81040
70591
-56386
-74618
81563
-25473
98153
98337
7167
77833
55552
-23996
-76184
-83119
-92626
19734
78963
-83683
53107
-37888
84405
-93972
-23016
-56227
-77556
22643
90382
-99379
-44800
74818
40803
53865
-6060
75910
5472
70544
-14161
83047
25153
43232
-66334
-7918
58449
45313
80406
85521
91554
33627
-25581
28117
-91802
24743
239
-63786
-73426
65507
38993
-35759
-45252
7583
-45151
26224
98118
78773
-96946
-97016
-13814
36118
-10117
-94596
32712
-50818
-25081
-76994
-82207
-41143
-54601
-906
-17782
-77856
11842
54267
-72787
58060
25849
-88322
-45860
-22997
-44590
59782
58738
66367
61328
53653
13000
-70877
1872
-88214
80273
66906
-30287
-84064
62163
78656
-10335
-33292
-5182
-88926
-71871
-76572
-41157
1769
-90188
-81934
-40358
-8847
-23863
55239
16888
-71624
72578
-30027
11588
89521
67137
-56555
-19843
-19848
-36402
2511
40713
-36767
-76153
60792
-84107
-8983
63845
-27562
-950
65358
-39962
98750
74888
-774
67677
26718
-12414
78682
-23342
59543
56277
21070
80919
-60606
35526
47417
1128
24980
-7945
-26185
54910
10460
-90554
89518
27632
99561
-1085
73598
-87354
40392
-50421
3794
92828
-41366
97669
-75560
-14544
-90011
-7047
82381
-62840
-4207
-97784
-20943
16834
-73453
14028
-3942
-38150
-3850
17485
-35931
40721
-77963
-52388
-97465
-45792
-36267
-98672
31873
-78534
21359
7706
84850
-41258
-17013
-66297
76422
-1951
8744
-24813
50700
-19105
-9895
12964
99110
65466
90313
38954
-67174
47465
72031
50960
-97531
59710
-26820
-81953
28590
-61492
-28063
83632
8248
87730
21678
79372
-51022
-67063
-40378
-414
91209
-97946
-91954
-22301
-56547
-28468
45779
83134
-66704
98737
87243
74483
-45317
62443
-19661
-50346
-48805
-2057
52568
-50717
60392
93414
-21646
72120
92646
-2139
-53462
-12941
30293
41639
98109
14824
6371
67953
91192
-33281
-47294
-87807
69667
-47191
52435
25116
88762
83453
42433
-79181
-21802
-91533
-18325
80433
5483
-95365
33657
-47388
10602
73467
76176
-91131
95751
-57692
1696
-93018
86805
89263
-68902
-56969
-51
-66694
-43905
-59788
7981
53945
-61996
5487
31229
-27622
49330
-57419
-84308
86137
55354
-71904
-26727
-85443
59877
80057
-42833
-2483
-83271
-36793
48808
-41229
-75817
-46024
82034
-36725
85681
3179
-82386
98727
11674
-53160
-46507
-60349
9718
33565
-50571
-33825
-98736
64870
-42790
-10369
-62774
36407
69960
79483
-95761
-10215
46179
-31549
-54235
-26337
53361
96691
-84866
-29485
-57672
80911
79277
99202
-56190
44891
72597
-58271
-84993
-49254
10493
-50277
-57079
-49375
81184
-71944
11202
-41386
75170
13803
90649
37834
-98532
-49416
71852
-6799
-63912
28928
-82552
66170
69848
45866
96715
95695
-10223
-64336
-44374
60715
-93131
-92221
-63793
81554
28974
-35364
-90533
77234
41446
-7007
21513
-93676
81219
-23633
-90062
20863
53296
68298
-20435
-99991
-38249
14495
-9330
-90981
83819
62193
54287
-8864
-34399
75048
27789
17321
-28482
-31949
15145
84864
46731
-27051
78607
70439
-12186
85971
83475
-2995
74867
40633
79415
-78292
-56273
-67132
16841
-96574
-95515
23407
-85463
-91415
30137
-17187
49705
55893
-54047
92703
-58931
-24470
-57228
28579
-45135
-9416
-76966
5690
79626
-21036
20323
-61628
36036
26900
-86155
67002
-4981
-46810
-11235
44888
71910
-11507
64838
16933
29053
29113
4935
-8416
31867
18947
88534
38857
47822
-81598
98778
-70519
-54517
-34548
2399
-61889
-77777
65997
-85021
-78681
-52159
-90883
-80371
-47767
-34605
-33023
-63363
-7556
83815
-13216
-78274
-28683
-18835
12000
-24872
-3664
-15254
-58691
28291
-46695
-90571
-12859
60213
-26152
-35172
915
10652
-74409
-99101
23397
-21336
-6735
61100
47580
57727
-9224
-48014
63377
84244
-79965
36335
-26481
-17774
-5422
-10530
89008
-87566
67072
-23077
-99561
-3540
87172
-58202
-59833
-34807
-16828
-75002
-39714
75671
72950
-24438
-75278
-40649
-59308
29419
62023
96336
36124
57293
-2903
-70362
-15743
-60188
-10772
-23995
-5199
12659
68734
82519
-45436
26928
82150
54293
75454
-69116
31899
2074
-22271
-97106
-62269
-32557
-878
90311
-10297
84243
-66362
-52000
-63345
-49405
-21816
-64185
37151
-12105
-33014
-32151
64269
-41765
-67066
-62255
3550
-85236
-23568
-70001
97917
52483
-81478
-7245
82007
-37908
-81917
-46856
74646
30101
20765
-60481
-83529
98498
72441
-5840
87178
74397
20658
-46843
-42682
-36854
75314
76258
4358
-24615
16389
-26084
-82780
63637
-30856
-66662
26032
-11079
-20179
-103
98958
-35646
-44802
-96887
-75671
-15776
-19700
-29803
10776
82822
-16093
74688
65931
88736
78219
-81238
98993
-17884
-68306
-70285
9770
3010
-79455
758
76516
68917
-61679
56438
-70892
41211
76171
-78761
6611
673
58023
79363
70291
86520
-23470
-19283
-51652
-8220
-9545
36338
-61785
2898
-62774
-51429
-86346
16521
52721
45247
-60786
-33446
-63410
67398
58098
-28942
25901
45448
-6467
-16946
-48441
28435
12539
70989
-50319
85388
45669
10721
-96796
39468
68856
-83745
48809
32236
78513
94199
1633
-80452
-7833
-98435
-49170
90604
25604
-85979
34690
2606
10337
-56370
-24382
85170
98110
-91915
43542
-86031
-36965
4042
-95216
-74746
88053
-30497
28534
-98250
-13344
19453
57902
84112
-13059
-88623
-26491
68592
-73447
-56700
-60901
17693
35
57192
-70417
-78894
-75129
-35442
82627
-18406
19115
-47948
14892
77396
34181
-15013
69816
-86890
-37289
88439
-2885
-71634
-19704
-86592
-12744
51396
-37920
34662
-1367
85211
58592
20193
-88212
34550
38716
15654
32586
73559
-78666
86197
-42204
18403
-872
-92017
79740
-76575
17166
-97146
99357
44961
-76898
-91604
87272
51513
18948
58093
76477
-54805
-93394
-18503
63042
-478
42640
26393
93395
-38565
-85659
92899
75206
98401
-25468
-70263
-42087
98480
-33253
39691
11323
-57413
1290
88589
60659
-43703
34142
-63805
10929
-55750
65704
-64376
69680
49128
25785
46926
-57916
43881
-72003
74608
-3835
-58192
-11342
57124
95256
-55597
-10621
-7092
-16617
79527
-43451
-62677
75036
89287
18509
36468
-76753
91060
73003
-58050
67017
-46378
68744
-54827
-60731
86945
-24872
75178
94754
62675
91963
22442
47991
39321
-23242
-78612
-83404
96977
16392
259
21712
-41813
-38292
-28749
97812
-57559
-45141
-29183
33220
-41659
-94758
90211
4709
-97231
43831
-57833
-57232
-21255
-51940
-34096
48913
-71547
23262
60234
-54884
-61254
32453
93887
-8627
-4671
-17753
34034
29562
99231
19555
-44696
-24617
12547
70583
-58634
-96602
65823
-77889
-87882
40185
23982
-35189
29011
70885
58451
16539
46212
11653
-93790
72505
73302
71464
-52616
-38029
11233
66712
14980
95476
20188
40456
-35799
64383
-24371
-65895
64060
38087
409
93833
-26328
-28563
17017
-67720
62641
43542
-24371
28632
-98091
-39256
57226
-11215
5774
5858
80144
-18865
-12171
2134
25495
64841
-6016
-18301
-66617
43758
-31252
-5037
43366
-52979
-81226
39533
-7765
-97503
10691
-35848
92274
-21033
-8033
-84050
40585
22142
-38494
31576
-73433
45834
-48465
5611
-38596
45637
54742
-87617
90596
38611
40857
-4120
-61131
-55968
-29748
11187
47543
-44568
41813
47679
-63053
48226
92691
43573
9828
90954
84187
21285
87435
-19574
80606
-26690
-62882
-38204
-59738
-24150
-33312
80638
30271
67780
-46580
56811
2546
-19529
-48533
-13998
-97619
81780
-49979
-6243
-93250
49999
-67788
65728
68542
44791
-11757
33284
-7477
69264
-29162
1071
79917
95407
-85580
24402
-71142
-21327
28478
2863
98068
-39816
-41261
-53372
46832
-17661
66028
96377
-58189
-20759
11475
68961
77909
23346
78321
-59984
-78745
-64942
-40380
-4998
-61360
-34173
32367
8868
-92685
33406
-36821
-87
48556
-42731
53916
-97013
-51334
-44880
60734
67796
39351
1122
-60418
25863
50817
96807
-24219
12456
20861
51900
-9617
71141
-70542
-73957
-55174
-4000
45520
-38638
-82982
-55974
-5804
46399
-32311
-2755
47171
91434
38140
-36859
48851
38591
-68016
-23411
-48599
-5530
-56925
-46670
-60547
69121
56512
-98970
81051
-73535
-51726
78355
14722
-14682
62521
-65495
-9745
57553
-16933
94150
22452
21831
-20271
-46207
-44095
-11004
-8030
23123
-46652
34041
-55538
5155
-21267
67557
32096
-87827
-47350
-98037
-56538
-15154
-9390
58133
-97091
50926
34813
-96635
19462
-91766
-77616
36692
32629
-95139
-65545
27561
50248
-82518
-12022
-24905
-94380
-55959
15090
13043
80698
28811
-43483
-51599
-12807
-8596
56780
11354
-21410
-15531
-56698
-46836
-97962
-96214
-86266
39694
96228
74294
65688
15022
-15379
-29359
51777
91386
50416
-49492
58051
-29801
-22316
-15815
35903
41537
-97510
68793
-45515
287
24114
-55517
56807
-97470
-76951
-90578
12125
-30470
5055
-67332
-67839
-4459
14231
-49949
69162
4085
-98873
-66728
-79434
-2995
34575
-72582
35344
-86856
14759
41529
83089
-65739
49777
13793
-82686
54595
39054
23815
-7232
74645
38925
82254
-28488
20211
-62531
88534
21970
63789
69219
-96318
-89365
-22148
43591
47909
-50694
20022
10793
-59575
-47852
42093
-56495
-77093
46410
-69722
-6716
9654
-49424
-88463
-59822
-31734
83193
-49110
-70644
33193
62206
70730
45076
-97554
-62499
70890
-25011
67466
-86914
31510
-55951
5804
-26767
47690
-44800
64460
-6797
-65012
-23018
98069
-71728
60325
-78890
69741
70178
28605
-51262
38370
-50249
-53102
46189
65714
-10352
38165
-22905
-88521
16454
-18463
24535
26285
66440
46040
8072
-11806
43839
-26724
44634
13113
-24942
91559
13561
-86886
-92987
-15672
-37269
-79239
30076
25979
-13534
69954
3294
19299
54129
-23650
-29291
80614
-164
87909
31985
-39259
30600
41440
76524
44439
34641
96953
79624
-42175
-12230
-78398
-26411
-5036
-62721
23390
-1201
-13854
-56825
83728
46179
-16578
65269
55326
-52398
50672
76894
-19999
-22545
-60910
21077
67564
99842
82315
96225
-62889
86799
-11675
-1456
-16281
-43600
-33460
-7195
35099
-74849
42021
67116
-67051
45456
-92344
78383
-60573
-99589
34012
-55039
-86038
91703
12750
-29065
-10514
-21694
-60946
-85833
-69504
-35875
11110
-31512
-45179
10900
62423
33353
-31650
95324
52433
44317
-72135
-93292
-24913
-41340
-61004
-66386
-43571
-50202
83753
-77273
-17944
29768
88858
96242
67920
-20736
64122
-52685
40588
69189
50006
68902
98954
36704
85022
-94752
-94911
11519
75988
21294
85669
-12248
-92400
58778
80646
-12597
-49811
19660
-67386
67312
96468
18700
-29323
49231
-34909
48549
-67381
-89026
-49095
48805
-33535
-7099
75745
-42494
-62004
81101
35864
-65769
-95305
41399
79804
19083
-20773
-25974
85204
-96302
5886
-46396
-75594
22477
35078
-33839
-98279
95181
-44648
57753
-35017
-64715
62674
86388
-92706
26621
80737
-82503
68820
-7725
58559
-50380
9893
26396
45836
26805
76811
61720
58376
57029
-86600
4835
25643
-51340
31298
-59753
32033
55694
58347
-86705
78053
87724
98188
43783
31353
91558
34846
-31265
-91265
-87130
3685
-63426
-79112
-33064
19834
-76781
35862
-38275
22195
-14345
61055
-12257
23473
-26066
76385
43039
1605
-85107
-87188
-30614
74623
-78731
61809
23178
-77035
30141
63957
80152
-21907
-58130
25841
87568
-76089
-95577
84106
75389
12298
-81119
-18776
69331
-72470
3597
-1579
95835
65458
-82470
-39309
6793
84915
4243
-12230
-16919
-12599
-34460
91406
39608
-4922
46844
34297
1039
83326
-31218
-12342
42298
79215
-74765
-83767
2471
46922
-7382
13333
-21958
35746
-33985
-19108
98685
-55440
-52151
64055
80565
41345
-28980
83808
69072
31101
83583
-1839
-33798
-90348
-11927
97594
-73906
6278
75557
-3747
-2326
15
6980
-63862
-17765
-51154
64785
27762
7287
-5423
-90641
86123
-2102
-88033
67359
-88641
-20824
-54559
77662
-73615
83810
72974
-94165
-22003
-83885
81585
45478
36203
-81830
-85703
81556
-94080
-90910
-61219
32703
9120
-49572
-48790
96443
-8812
6670
-47958
-14333
-7533
37829
-13518
1473
2977
422
-45175
14316
27841
42403
-98256
-75124
50072
2697
-44589
-3879
92704
-51659
35530
59393
-67707
52071
-20276
39113
25376
-22802
-21711
-21941
78029
39427
-94879
31709
-61973
35250
45022
19346
-94993
-22861
25644
-65446
64101
75799
-48295
-62779
-53179
-25314
15340
-64540
32174
-61147
-30098
53904
-29823
12988
49871
-57020
-15075
57174
16759
14565
-57870
84698
3179
-84253
63428
3734
-39721
4727
88318
3667
25470
-77620
77808
-92541
-36165
21562
28199
-44393
42994
44397
-42776
55341
-1959
-77916
61896
52135
-52451
86102
-5653
-95593
-3214
-87889
50839
35030
-15558
58423
-21708
47284
11025
-85100
-80158
74761
-57933
-65754
49719
-99862
96842
56912
-70764
83895
95448
30295
-62237
-28078
-66242
13794
-60241
-80662
-76825
-41119
-93537
86453
41108
-53301
70480
-87300
-61692
33151
60494
36112
-13249
71436
53615
95130
-41217
88716
45581
32848
-6532
-91989
-55650
57220
-40109
5829
-75662
-94314
25426
-8339
57416
27466
44770
-57525
-95476
-18444
-23215
52765
-53071
-36976
-68484
38750
-17113
64238
-53291
-59069
-76871
-63990
91223
49378
84102
51706
13059
52526
-18534
28480
12245
74525
29033
5823
-31800
40810
-75737
-56117
46595
-17610
-88889
-8679
65887
89866
-74994
-47979
76501
-97481
-30958
-8877
-90231
63902
-82924
62365
72301
20812
-19593
-81749
-64237
-8131
71133
38704
-43820
52226
-62883
93905
-85802
17789
-20318
-76560
31676
11464
10723
-9049
27760
-83275
-42694
6481
-34490
-62672
11044
34306
-52275
-28223
9236
58070
-15881
-96786
-9548
-4825
83938
-30787
-60231
-82024
13250
80791
20833
-37426
58925
-76088
72204
-7873
39235
86051
27892
-77598
33080
6915
37387
58374
-20416
-52628
34544
-26881
42134
-46065
49741
-12870
54568
45612
-81649
31410
64226
5714
43587
-25797
91541
-91454
85834
72572
-54204
-67726
9336
6842
-32117
-73683
-44529
-44081
91373
71895
-41133
-33735
-22216
-79345
-43318
25422
28247
-70803
-53038
71118
15220
23146
-77218
-31727
75911
11231
-86193
98975
-56192
66726
15979
-75490
-89587
-75299
46908
-17818
-72760
49609
51015
59889
-26175
-3242
60520
-28114
14115
-78916
-57785
820
18821
83710
12665
-33837
-4977
-52467
51701
-55033
-7225
-88631
78896
-55098
-99657
76199
-47336
47224
93885
-35859
81770
26055
98159
75226
-63823
-75380
45928
26724
66460
51944
34676
-67303
-29254
-40396
-34028
31527
-89644
76304
-79442
66999
-54681
-93096
-7020
-49101
-32708
87349
24047
33833
23462
-88177
-69497
-39353
-63144
-6752
-94990
73222
15136
61732
-11752
-78940
46916
-9363
49694
-96503
-67017
-19118
-64393
3211
-47560
-68217
70339
99405
-16248
31624
27874
27970
34310
57648
-21414
80079
5288
-25114
-97439
7375
-72424
78646
-23545
-68240
-75031
-11714
92418
-93190
37620
-23681
38616
-7632
-27309
-61677
-47389
-86257
-50375
69118
88516
-28813
-66259
41180
89767
-9767
36833
7866
45806
46207
-99597
51137
53180
8296
91647
-67827
87457
23228
43423
-46179
77981
-50997
-1984
20770
-88173
-35342
41314
50490
-23157
-94378
78315
-71050
97892
42318
25577
95639
-12204
-5539
85027
-14568
59997
-49956
50714
15269
-15473
-89481
-34335
-72151
-91980
-63922
75798
-95035
-82853
-12037
46332
-79140
-59964
92723
-36298
71499
-51995
18437
31074
-64458
-40233
-15744
-70896
-55874
35360
93490
70750
-15410
91421
-48758
63026
-86891
-36916
28319
57810
-45426
-70604
3529
-68061
21882
49585
-74195
-68420
-59088
22048
-31337
-97946
74506
-20445
72000
83186
-53119
80273
-41618
25335
38739
-19779
-11461
-57817
76896
93857
-73875
-11059
38421
8424
-79164
-81754
-71681
-17451
-98221
86105
45121
-13101
-85370
15123
55713
38425
7554
29059
-91780
54201
72170
-84753
-15462
47174
54973
79026
-79524
-992
74268
-77550
53138
72478
-83479
17602
-97303
92822
-71220
-28943
7809
-98613
59535
88588
-25699
-27468
59305
23767
-5900
-7387
62872
-51677
46244
-47907
-16921
46189
36038
16939
-7601
21331
-13732
46973
-34438
21620
-77721
44678
81826
4834
-98602
55179
-51560
-70586
51736
76363
-44703
-3311
22610
-15799
72891
47003
-69395
-45705
48765
44122
58502
-54016
69212
-43073
-48567
26610
44170
35312
-53736
57671
-97416
63774
-5212
74063
-74947
31492
-75873
58491
97423
19451
-57016
36488
-75923
92027
-5915
57157
-20641
69298
10383
8451
23573
-90758
-22617
63705
22125
93627
-85721
-74863
80912
-66723
-72365
-18445
-31620
-47257
-13491
46443
-28836
-67207
-36856
-52839
-98670
5602
70741
-92746
84567
62495
98457
-68258
-31046
-67919
-30624
21118
-68860
-65126
-99574
-64166
-59331
74163
-44125
-68613
69127
4269
83089
56244
-98905
38434
-93082
35344
-11420
-26793
-3371
-70374
-60536
-40751
-83902
78729
-53181
-9328
25266
-10939
-15505
63468
-26718
-3622
3375
15051
73267
-44040
44912
61629
43906
-57564
52177
-79308
-33962
-66049
-26529
-59933
-32077
60465
26489
74097
37579
-20942
25939
-91302
42708
-35979
52949
-58525
70005
-1615
-23325
-78664
35418
-84531
-12104
42083
74534
29927
-21845
39147
97992
35841
6292
82375
75879
-10360
-6008
-50115
11639
-98942
-84545
56092
-7955
6548
-81001
36242
9167
-61010
-17998
-47509
-98716
-69356
-58758
87783
2443
-183
51396
-28746
81000
4954
-26542
-17454
12345
-45116
-72141
-16711
2631
86339
44485
-37050
24119
4152
63707
-49429
-84288
-11147
82105
87373
-48137
-96855
6076
41788
16517
67299
90583
91406
35323
74436
93623
-43625
-48964
-65082
-71608
72710
-60072
-59357
-36975
84895
-58310
88483
59515
71056
-31945
94853
51311
5747
-22074
-33271
-45028
10719
89551
3544
-56680
87595
-77732
30033
39902
-82560
-7252
-12047
-30218
-61734
-77082
-90850
-41230
-96101
-67221
-56752
15764
-87860
-57468
32413
-47091
46257
-80325
-49313
-94432
-34361
60549
-2173
-39963
-4324
-65124
-49039
-21462
-12917
64747
51091
-68428
-56173
-57501
-67003
72611
24212
47787
-46121
9651
11621
43828
-1791
-63393
-27564
76586
-56988
-93792
92283
55430
-38343
-62189
-72709
78720
-34280
-79240
20632
-27102
95271
47958
-58255
-42056
-17315
35709
48794
-75676
23218
8419
14680
-13490
60709
65456
83896
-98760
-32535
69717
-70004
-60945
-56019
-28457
-49021
95709
50567
-87638
-16540
-45316
-27588
-86536
-99225
64805
27694
24321
-47312
90822
48931
-74596
60712
-24654
-14866
29019
92090
57555
4092
13580
59367
78842
-9220
-37604
3143
-97385
-3988
83607
-76195
-38140
66493
-55798
-69035
44347
-74654
98314
13788
-77591
25914
15181
9820
17690
-1512
11829
-85933
-25709
12267
-20371
-26801
-16642
89615
-23700
-29560
-28224
72943
-61417
35226
90599
-89644
55235
-13283
75775
87567
-20264
62627
-30268
-44929
-16175
41485
2161
91456
-51041
7306
27639
-10960
17517
96749
46345
28447
-19329
-12950
-10412
-79789
96180
95278
17292
-87884
-19926
86616
32866
-56870
14784
99991
40081
95026
2486
-7839
-63144
27399
-96783
3788
55490
15475
52188
3853
44321
3297
96936
-14772
-13159
-35651
-21645
-96032
97240
-4933
69638
-14356
71715
82241
-44615
-16043
59404
-4174
92529
11423
-57344
25752
-7030
-4637
23036
-13779
26191
-22161
-64864
18566
-83610
-41670
43164
-39651
58761
-41534
-1593
-18439
80111
2692
55054
-88004
72393
-47337
-16503
38345
90920
8742
92969
-83312
50747
-76344
23502
94199
-4746
67902
-61067
9062
-86641
-6904
68495
51695
8994
75620
76908
31513
86389
-4060
-73194
-97656
38677
92331
-33349
64138
47519
64899
53250
-73152
-75621
8542
-38786
69927
60930
-65240
-62976
92802
-47840
-16955
-29306
-74010
-92012
58732
41682
-26975
-62603
49823
-61290
-86840
94735
-11002
-87861
74332
41163
-13081
-64031
-88808
32556
581
-91887
18778
-85066
-54318
-88370
-23125
93865
-20591
56537
-52691
50923
-17651
84276
-34272
19459
87151
32366
18577
-42943
26496
-82787
38623
-32964
-12740
-93974
-57173
61236
-97905
-39738
-22309
71253
48623
-2309
97035
19293
90581
-41443
57682
20372
92377
25119
-51284
1018
-50071
-59326
34313
44031
29669
69671
-69455
18284
84250
69062
81682
-55713
89178
51319
-62104
18163
-95628
92334
-61625
-39426
-3498
-81212
-96952
40884
63227
-32400
-9778
26792
-12910
-33068
40115
-42957
1453
40628
-62700
28269
93858
-6207
81334
-95784
86338
19859
-51820
-36131
71411
80630
-14586
29806
-19347
83035
-12785
65994
14093
-89232
-84541
46815
39449
-42358
60755
43017
-90671
90173
96503
-8007
-90450
16718
50871
-81167
-8710
-91904
87957
93035
29579
-84726
-89830
-85671
-90467
93738
-30596
7048
98699
74771
-77528
-75106
-88214
-81918
-40718
74306
5314
-45265
-57513
-20390
-44950
23454
-38613
95471
9343
14676
-30813
-45074
-71423
-69081
-10559
-4984
-65654
-66705
-8296
-26056
-13397
-64423
59
95012
98532
26202
97158
-52835
9024
85055
-71160
-15231
-60149
45347
460
-84160
30641
23675
-58237
-92165
38517
-54005
655
14408
-83766
25403
45422
44626
97297
-53372
-15423
-65378
-3152
69445
-17864
66408
-54133
6194
-74212
24044
-73822
-14869
24825
-21568
-48441
-80149
42598
64094
-24582
99095
8947
-2496
75747
25974
-24979
51620
20843
-56512
68816
-46993
85175
-2801
97482
-12434
-48319
21874
-76376
-16329
63637
-50207
-67361
99566
-60314
2506
-94855
38371
-46069
77002
-53861
95897
61145
58615
10607
-13214
82845
-16934
15730
-92891
-50506
47930
-75045
-2750
58637
-97453
-66777
32652
-21069
-66586
-22530
-23243
-39851
-47382
-58173
17544
-41378
77152
98941
-66801
14889
-95804
-37091
33620
-62558
-62113
17579
39109
90552
88249
-78767
-9168
-87872
-49620
84932
-60754
84329
-23788
-13237
96733
28184
1187
-92755
-8378
69920
-92847
45371
-3427
-51809
89648
68983
-14362
45240
69661
-100000
52852
-45784
-95533
-30693
82188
-59129
4761
-51968
-62743
16158
-41700
-72834
-55143
64415
-54569
16619
42949
67461
27374
53163
87054
87369
-86053
25660
96914
40062
-78017
53597
-18483
-75447
88538
-67879
28444
-37311
-9258
-62284
-80355
-94241
25150
82544
35827
88034
7116
-74116
-81818
-80254
-68129
-26438
90855
18702
41227
20140
-83344
84260
-81653
-58566
2826
75149
-89007
73314
-6296
71731
-31810
34620
49713
-41153
69421
-99607
-84965
-21293
45034
67544
-35853
63585
-67967
-92044
-14791
-45978
33456
2670
