6600
-60920
-48165
84263
-64678
-77205
12428
56448
-80791
64932
19268
15677
-19941
-53511
-69268
-4811
-56178
18224
86265
62158
-57865
18098
-76054
7405
53418
87051
53532
-15227
-52024
-24050
53837
75473
23365
-62891
-20117
54108
-44204
-20698
19928
2429
84722
17650
90557
-90335
13516
-9545
33736
51905
29454
53829
80259
-95758
3978
-17891
62546
-6310
45376
-40716
86985
68800
28624
67480
69160
-12995
18617
-96470
2420
-15281
58893
-92087
24050
44493
47283
38287
72835
31412
70936
31285
29591
43295
-32716
-77934
-8049
6805
85301
3712
14515
-80259
-94390
36511
86028
-65428
12941
-8205
-32864
71135
88013
-48023
18184
16132
33463
52215
24495
-98766
67169
35553
-62295
32122
-24972
90711
21037
-51243
59379
55996
-30415
-96708
31020
85953
-76767
13143
-6599
81264
83515
-34291
89907
29765
74890
-17286
-85771
-85962
-87364
-44289
69064
80916
-48350
-13133
-47376
-48951
-6460
39478
40274
-68031
-28257
68006
71744
-70810
60861
-35989
10915
-70781
85039
88686
37124
10058
88808
39527
84279
-63759
-80199
-22574
-80028
-45194
-32220
-20413
95283
-51964
82976
-16879
17939
82478
-35607
72430
92648
-90728
68416
-3945
-64177
8181
41734
11110
-63154
-66582
-20303
46277
-27299
-7087
-11224
-28803
68299
-27174
-36479
63212
98575
14029
48853
-50539
54124
74411
-84228
-21487
30527
-33998
-7766
-31580
32360
92286
-46939
-13461
34515
-53300
58402
1585
83938
-5734
-19013
-11104
-59911
-49749
43024
-73196
20069
-44250
26103
-21749
-52822
7134
-70175
-70023
94439
-24019
-59958
87864
-49560
-95111
16924
66781
81480
-29032
-18335
-5722
-91135
-36464
-22877
-65393
-62574
31735
52771
-90045
30539
83321
-4942
-89360
37688
24184
21934
-29965
-57560
-2866
-6116
52275
-82343
-86611
53279
90122
11713
53544
79507
69981
-90821
2699
-65207
-6388
-68979
-72412
63583
-13371
-21934
-69147
-42118
88115
24584
-67167
94051
-94956
-32648
-67532
-10437
1001
-62914
-69824
-43620
94470
63796
-77039
24398
15625
-69249
-30174
-43933
28327
23605
-92935
-45392
-74974
67050
95725
57512
-9065
96982
-68984
-27370
80435
84580
56647
-34762
33542
38169
1150
80497
57136
98975
-25320
-37260
-42633
79598
-14659
-33108
-84805
-63594
35340
27488
18880
-60501
-29753
-47958
48363
-63155
23246
-41389
14152
28946
9412
77642
-42424
48659
31886
9153
41928
23504
-59014
9189
-69684
36416
24124
57912
-88182
-5766
59155
-55220
62307
79929
-5046
14365
-84883
99855
-37542
-28788
26219
-83287
-25684
87604
-28450
-86789
98493
-11093
-11724
83016
-36453
-66857
-26273
63759
84812
-3414
5505
-97515
17869
-16389
2947
-53684
-49544
-48702
-59131
-675
66175
67952
-145
-95849
-69612
-23191
-18778
18931
-7573
29663
-24229
62083
13911
-69428
82237
19255
66577
-24757
25231
-86196
59672
-94316
23572
-67246
94834
-71150
76966
82008
-83632
24163
25830
79926
-17777
-95764
36237
6966
90139
45909
-159
-481
-45522
-48920
-57404
-81312
-1738
-50174
82278
64534
52565
45875
-84965
-82758
99522
-9224
59656
-88918
16140
22738
1334
-28270
20863
49922
-94008
-65225
-27745
46884
65609
25056
-41327
-31707
-91809
61217
62874
49251
-55395
40709
-24706
57183
-3340
14999
8138
96481
-68728
41805
67374
34921
-82591
21650
-66814
82445
-96264
32558
-62679
35700
46834
34069
-92013
-35731
-38423
12937
-65188
-32467
28965
13612
26898
74019
87273
40614
-27244
54138
66218
-8913
27029
71403
60635
-78535
-53056
53947
-32285
-87299
-55178
56280
55344
-98079
-89230
-28084
11877
36163
89358
97116
-85265
81509
6174
-38593
-87755
-51403
96570
574
-30547
17271
70170
-89883
-79284
94353
35738
17507
-37611
61555
80220
72323
86931
26401
65356
67207
42082
-66658
10303
78750
91367
82102
-87051
12931
-13857
50600
18237
-85838
-72683
5679
-65161
57350
48046
78636
-52043
88436
20958
-83022
-12677
-84578
-77699
50605
9126
94485
-7564
42287
65321
53358
-56303
43481
-40590
-40065
-94149
97378
-57045
-65289
-73921
30087
54876
-75689
-18808
1679
44141
-80047
52461
72186
96073
-29381
-46363
92934
67039
97456
55318
51549
-75262
86404
-42422
88734
6704
92641
84482
-67834
-23376
-59710
68005
67899
-98604
204
47057
-85195
-18978
22532
79891
33929
13055
-19791
-92943
-44525
-92357
-97329
99364
-69248
-35800
-27347
-50205
15990
91669
18020
-39590
31520
-83642
-75660
28282
35481
-27938
45180
-82519
-40332
-88170
-10218
60250
-71834
27625
21453
-67208
-33903
51922
61115
15932
58093
-69779
-16892
51551
8085
57786
-94167
29673
61484
80001
-69623
8039
-51350
88463
38458
57722
-13562
8990
-21824
99532
96322
7570
54056
-84770
28622
-90208
10116
68925
-98022
-18743
-91197
73940
52923
71236
-57876
-42470
-68487
68282
-9
60076
-28109
52267
16456
14901
-85009
41518
60169
83273
41410
-82475
42531
82065
27544
-84561
-38952
86753
62945
67111
-85184
-40154
-58088
58185
46749
7355
-35919
-89883
13469
-87590
-29281
5004
21997
-14673
-88321
-21897
57525
-27000
75044
-62904
-28813
-79831
97792
-41112
42615
125
26411
67535
41209
-15002
-32109
4450
-11758
-43659
-3647
-42442
90653
73461
87940
95410
-37141
56930
28988
-2093
93277
-24201
-5884
34762
-24926
39589
39997
-63232
-75634
93279
44724
-56327
-52589
-12142
22895
4886
4830
-23629
-15911
38580
34192
97136
-19833
-92557
-25385
89800
99878
-63983
76393
-53706
-46525
6644
-25251
-39991
-34697
4486
-29018
36943
5613
6330
29804
-37329
3154
11374
-33336
88854
86423
-38039
53532
-57782
85606
-3773
7758
33306
96799
-6236
5279
-10378
-93171
91876
54571
-78885
-36438
32338
-14081
30950
-6965
-44144
-16750
-97718
-52759
87132
-414
56989
-31858
-81367
54509
-44147
93657
6571
-33976
-13521
-10963
66994
-30690
-26248
70460
-27858
27273
-27580
-30805
26065
84550
51220
-13725
-77038
-34600
3093
-14028
-78003
13628
47899
84709
-48825
98628
80365
20380
72400
-21421
-42247
-40218
-53823
45236
95720
-39964
40421
-36969
11788
-29933
30644
16616
-52042
52214
21754
-243
63333
95330
-20457
83837
47385
-15066
-2657
68920
38725
6101
56034
70502
-72862
27377
-30075
63760
28832
-57547
54991
7029
13495
-642
65216
16522
7388
-4328
-56613
-47278
-57328
46689
44229
-14955
92562
71708
76102
14592
-10507
84501
-52372
94297
49292
61420
-32818
85724
-33663
-71681
16366
-80329
59845
-43592
51128
10143
1697
11888
-40089
64973
50540
89342
-24953
49177
-427
84577
4245
52849
-65888
-99451
27586
22262
86062
12277
-63466
83827
-63756
-97442
12850
14074
-44018
90364
174
-91811
-88788
-6556
61856
-19450
67178
53292
-37954
29108
-36098
61370
92571
-16750
54987
-57816
62669
32182
86098
58769
-44816
-38221
2568
-81669
-48893
1243
-95294
-96159
-61009
21268
-92980
-13029
-68376
12949
-46374
-43156
-12051
-72002
-26538
10600
61481
-98670
-64360
71744
62396
98642
61620
54571
20115
92150
74348
69811
85171
-73846
-36474
-43110
-88874
45220
-6023
99943
98668
6014
60737
-8944
19010
16180
30738
-86267
-92928
-14117
-49559
7575
-27764
3899
75197
26947
-79731
90603
-78828
-98785
-1206
33032
-97101
34656
-58640
37521
89838
96453
73458
4770
87901
69796
56011
26827
34031
28559
-57441
-93555
-18024
-38109
-58305
-18320
-72474
66029
55755
18820
-17102
52152
-73422
-1102
77745
-99017
-5098
24445
37418
44427
7562
-25765
-73278
52978
91453
13866
97395
-80370
77424
-30767
59931
12237
33315
15732
71088
52857
16974
-87533
24530
88158
-66357
91648
42489
24019
94289
-69701
40909
12967
-80550
12971
45141
71146
34598
70203
38663
-79339
16473
10639
63870
48470
896
-11742
79625
1276
15153
-49026
-25185
58428
50448
-85482
53425
43870
-68306
41603
43864
-68281
20619
-74599
-34194
-51485
76924
60518
-64968
56430
78952
-31481
64128
-59744
5420
-22426
53058
92659
94431
-26925
-19332
-91566
-79057
22206
-57304
58848
46186
-58225
12422
82913
17177
-74526
45074
-68727
73095
-95966
-33322
85343
85215
17537
-92712
-23538
-10253
-50799
4595
99592
-29607
-44542
38915
38359
41648
85048
35770
67586
51712
83400
-46512
78168
89919
-28912
52567
15516
-83536
-88400
15468
60813
-55258
-63255
69193
29328
-3097
28880
-33416
57724
-70741
7470
20514
-95678
-65660
-12617
90502
-35977
-65257
88997
-79547
14208
11848
-50191
-77415
74009
30388
14446
7718
-63934
-92328
38466
-81879
67398
51087
96769
27021
-56215
47352
-61976
-55332
67117
36086
42610
79826
-19135
-71152
-14438
-32818
-52921
-56327
70446
84130
75328
-78101
-51891
-75703
-43753
61676
10813
-86600
80710
77299
-277
-44851
-7127
8868
-96512
64612
-8163
-14090
-39588
-60471
-14444
-74379
-20879
15303
35129
63331
81023
35039
4346
90810
15271
12628
74295
38221
24815
-285
92805
9996
55761
-63791
-70114
-78938
-66048
70556
-26839
-57911
80952
66003
15458
-82427
-79424
-72575
76070
67790
-66945
30661
39646
56480
92344
-59331
94789
-61699
-75612
-35743
12311
-82478
71147
-57044
-86440
19576
-5634
-6028
10174
55894
-46573
-67685
11068
51555
-26690
-44770
-39701
95049
42025
-73909
-68393
-1691
-23952
84687
-5276
51691
-53541
-62995
39644
-37337
-9159
62731
-55338
6494
-44779
58534
34051
-57005
53784
4710
-77160
-72923
12219
4685
-51949
-35435
93542
-26296
-81043
-95066
49962
-18264
987
-58211
28184
-43158
-63744
80296
-65156
21234
72178
9371
-88071
45399
19239
-9195
-11070
64407
91772
32513
-62797
22571
42785
-89800
98826
-49290
-92379
-4732
59908
-32553
-29030
69696
77720
-27362
65637
-95141
64906
-9126
-49756
8763
-96466
37328
2940
16446
12794
55753
62590
38363
-97850
64259
-28555
-31449
-75230
39047
73102
40948
-68332
74010
-44060
-98476
-32404
-14259
-75096
94715
35078
-79825
37866
42754
-12644
87203
-86138
82760
-84987
-42036
-65235
36275
25166
69220
-28337
16404
66100
32748
-24414
36329
-80453
20222
-79022
41595
48301
25342
66757
-43800
-974
38703
-26487
-3461
-66871
-83550
48285
-67593
-25951
71433
65241
6131
-76202
18473
73146
93727
73803
-65682
75086
2852
-41376
-95400
-66888
10730
49488
74707
-50655
55219
44650
46565
19900
-56092
32874
-62655
-98061
-21916
99956
-7944
69235
53597
41260
-19185
-53039
-66912
-90572
-42773
20951
-10331
34435
-3863
-1745
73392
64158
-92534
-95829
3790
-83658
-73204
11503
29439
77151
97620
4092
25006
44584
-78522
-92903
17755
22043
-97673
78304
-78119
-93230
24954
43682
-88333
55860
46423
52152
-22742
70475
98714
32551
80922
95491
-32185
55727
-30534
47746
18411
97968
73282
-34146
-79091
-79366
74087
21951
72004
21039
70914
11091
86434
-42153
-17585
-39577
31758
29952
73104
-62679
-39889
-46448
-34607
-95241
57156
-60823
63559
-15197
-90351
67959
72914
-50938
-83724
82649
81826
-10627
3158
-92247
-81547
-80635
-5315
-54486
-80130
-23569
-91523
14477
-91614
-29249
-32370
-73376
-91045
52455
65337
-5420
60351
-64549
57709
-8279
23003
47441
42606
93176
15161
56535
82477
95708
-51583
-82736
-37902
-1474
69308
47244
-46282
-91268
-47437
59331
-73843
74806
5622
-17938
-6144
2036
6713
81283
37945
-51273
38360
-11125
25687
-77477
-46533
-52319
91938
45541
91476
-26167
-35304
50479
11973
68842
-89498
17709
-65313
16490
95026
13211
40710
5604
88597
-53563
72752
63944
-71962
79922
91404
-62384
-4175
10350
-47425
-65253
4999
-30605
22729
69928
-12945
61555
-13114
-88208
86330
7749
26449
5663
-71308
77545
92419
81649
-98889
42298
-89831
14566
45401
36975
-46925
-79583
-5435
93965
27577
-84637
-39385
-55123
89240
69150
25665
80869
-65430
-75399
-91685
7702
-80140
91423
-45609
14226
-1911
3268
16290
-22104
-20597
-40778
-97081
23181
-18159
-55461
86750
-90648
7397
31373
45537
-34567
-76508
26511
36830
-47385
-58104
-7382
95497
-14682
-69245
-69464
21289
56962
28801
19308
32691
47562
-73392
-43412
-33100
9115
88092
26445
-9433
-86008
-48045
-19750
-41754
9635
27623
53664
-31171
43819
-526
18536
17563
16914
179
41489
-69278
-46807
-62090
-40886
58589
79786
84690
9898
85649
-4702
-308
-4564
-8788
22777
81177
78858
13787
83871
-8063
52980
41399
-36139
56863
-41747
-95009
19605
23877
16195
-8735
-37857
-25092
14377
29009
41378
88553
-57678
-80004
-92285
64779
-88980
85495
-37620
-24928
2839
-6128
-62156
97127
-98943
-18778
-68409
58753
-26433
78037
-50766
97457
74186
-87095
-14419
44034
-8205
-39372
32517
-45880
66372
63194
59589
-45698
75253
-14455
-61504
-78385
-3576
-26265
45310
-71504
43457
49699
85761
-26070
14469
-83251
46194
-29899
-12658
-59774
99757
-5312
68617
62528
-98906
37646
63629
26072
13430
60794
83895
35649
-10042
-32293
-52058
14216
-15082
9346
57744
69669
-16085
-72352
76607
-15382
-63725
78149
52780
-70891
59030
-75325
56374
-88572
18939
-75215
33663
-89016
74035
-6261
98980
-33135
-42714
-74825
-23658
84169
77721
58146
6234
-91586
14201
-76407
-67303
16823
61511
-62636
-71580
-11353
80415
-78628
16265
-24961
52262
56461
61770
-84962
94223
-61529
-39744
71140
-23413
-6049
69196
-45852
-82741
77026
-35275
-49608
-61389
43641
25635
-23378
-3492
-34105
-9
-41825
-29882
47024
-29371
31712
12441
14676
70127
-15214
58774
48569
71647
-47723
20383
65415
53408
47193
-19425
39724
7450
90516
1879
-65760
38056
34320
-7930
-32446
45016
80092
-86796
-10975
73982
34850
3932
-99688
69173
-52007
-16588
-24111
-29197
11921
38682
46506
-74616
-94293
88156
-82380
12467
-69973
-89756
18200
63841
-45530
-75009
-70380
21187
74901
-41656
60387
-50229
95948
-78603
-2309
-13822
-20988
17853
-36496
57673
72148
21029
-23242
-80086
-50689
-9370
16515
50842
50214
67389
90195
-57907
-25954
-89137
-73403
-80202
33052
-29130
-35165
65114
16717
-2260
-22721
63888
-4861
-19885
-69896
-69993
-53431
67102
-73060
-82797
74903
72032
75623
46182
225
96303
54314
-34841
64202
37172
-4345
93634
70262
-75950
-99303
-2068
28540
-76111
53488
-73279
-75269
-35290
97082
-77701
22340
47233
-66691
45265
-21324
-89998
-36736
26218
37925
-56424
-11894
16892
-84421
-4056
-97598
8518
64601
-22218
-57227
33446
-1034
-8477
72886
-23529
53322
82532
44192
-27125
12194
38698
-55689
23201
21523
-90893
62765
31235
33867
-59091
-99392
-28513
91587
-32830
96128
-75520
55504
-19260
36015
-89464
-90599
-21193
-67391
-70964
-21341
-85387
-34878
-27892
-54008
99586
12631
10446
18503
84269
-43684
40533
16308
-22817
79469
-84157
-63600
-79101
-60032
90824
-89741
43346
11311
69958
96934
-47303
41300
40579
-10611
-12950
51918
-72438
-5439
-54020
-55840
-74466
-69636
26816
17271
-64996
-30611
-95647
60748
67372
-82260
66359
-45024
-30173
-57592
-10456
83748
-52103
-80453
-70981
56571
72418
34687
46651
-37865
-58357
-61639
25348
30912
84850
-42028
18861
-53709
18914
-8087
-79599
58663
9226
83290
-57092
-9301
86777
35902
-55889
-13461
-4807
4022
88913
57553
36933
44702
36402
73159
93607
61280
-78340
55515
-88333
-83806
49272
-1604
70426
-5729
-9734
13409
-49237
-68269
61547
86025
76332
96528
-6735
83101
73553
71790
-40515
93105
-59561
55072
86896
-2135
-31424
-61727
74602
11320
-33429
38348
-16271
64644
-62385
-7861
-8901
37734
74004
-56472
-76391
-83187
-77362
54271
-21888
40130
3222
32788
-91276
-36155
-11129
-72511
-40813
66711
-91694
60168
-54533
-54447
38463
-18361
-62631
60850
-54975
50569
41423
2486
-39372
-48072
8961
-30879
37045
26225
50685
25051
-98530
-16464
-6012
41589
-43236
42346
-99399
79689
-59601
62010
83557
88384
-95234
-49229
71909
-11090
-43179
-66924
-17423
16215
87612
-34343
9161
2069
-40651
23342
90557
1873
34833
-96642
24026
-93329
-6289
-86934
63148
51910
-39278
-49002
38517
37004
67998
-47139
-99416
35921
-33937
8292
-52318
16290
62678
-68532
74214
-98290
11953
91329
-69165
-90043
-86618
-94544
-72539
-52389
52796
18005
99556
64428
44182
31538
-32084
29018
38668
96987
7322
-49166
78567
85038
1552
52397
92409
-80287
74854
63570
33687
48436
34349
27385
3701
9413
29089
-2582
-94948
36482
93034
66979
-72182
47609
-26865
88056
81318
69579
96248
-62699
-17186
-89665
11550
88223
-93537
74674
-79727
-75207
43376
-7188
-18075
-77853
95020
94223
-76998
54076
-42982
5033
-37657
14760
-18838
-20248
62019
-71796
51086
55981
-67057
-18122
-31117
-46983
88899
70362
-54693
96516
-41484
1719
23065
-6932
-20642
76185
-60056
-35958
-85484
-87177
72935
-75167
11649
-74308
41141
87408
5594
-87581
-79643
15591
-88286
-31621
-62178
-62218
33049
85834
38674
-22656
-54526
-55346
88153
13486
17872
-10145
-11735
39840
41836
-72208
-39052
16959
-79963
47284
34846
-66258
50037
94237
-52582
9503
71660
-43841
-53984
-97726
-98692
-2605
-96179
97303
-35424
51224
13335
-9499
-65047
22164
4650
-16125
45350
69817
-32540
-85421
-57361
82146
-982
-28721
31694
75580
-95131
44859
-20533
91970
25949
10106
92691
-7328
42864
6397
-67196
-46343
30894
52438
-1001
57028
59220
78635
-67605
-28719
-65948
4293
33898
4138
25053
-76856
-25510
-11308
-43812
-62787
32002
-78795
47631
24651
37494
98191
-26223
5701
38338
91050
-64536
-59300
-62737
38928
53591
-61643
94453
19314
-70625
9238
90941
-94232
-19559
4281
25232
-7594
16169
47875
-29982
-20438
35488
89486
-69899
-81471
13104
95523
-25492
71401
-89204
21123
-3923
-98047
88668
228
30065
-29635
65626
56505
-23957
-27962
69260
79146
92818
-70786
92126
483
-63795
-99359
3931
-29304
20026
75207
39496
55686
-14117
70534
16989
17413
-50850
-44044
-43743
70010
88200
10890
-99231
91480
5949
26148
-81332
-47770
-71762
40932
49070
-80084
-82593
-26057
59719
-93881
27348
39343
60487
74588
24472
72784
-87959
-41111
-82903
-58394
80233
-45705
-2749
57875
43939
74028
50951
-92697
-77622
8957
35784
77480
55297
57856
77619
-94863
-44967
-59233
-44392
79990
-5144
46376
35289
-22683
-42878
16194
-54995
-10072
-43945
5435
-34158
-76537
-44951
59836
-16627
-57685
-45720
-802
32095
-84931
31531
4693
70406
-51219
-49331
97098
-95956
19215
-41758
-89337
8560
-16993
-41579
-1716
-85360
-77595
-92705
-39554
71984
-8716
10918
47103
-48183
66956
59120
62425
-8719
-16161
3394
63699
-29246
22449
-49127
90726
97130
-90472
39300
-14262
-23217
-26141
-4708
98089
79837
-90473
-46942
-96203
-87059
54356
-33933
-31915
-21421
19479
69482
19258
64836
-29351
98194
38544
-53918
-92460
-36474
28177
42854
-28443
8488
30771
-63959
98061
-51334
-69886
-30001
-1263
55388
-2872
88464
-16958
-222
-59928
33060
-77289
45969
12490
-45237
25206
76599
-79312
-86730
-81071
-5020
83623
-22827
62829
-75960
-38694
70590
51070
18794
50369
38007
44335
54403
87286
-35168
36733
99381
94888
91776
-13501
76971
-53400
-83926
51536
-76146
353
12043
87284
-3744
4005
28115
-72166
-42631
73122
78270
-10033
-81572
-83213
-64130
79265
-21834
-80109
-42937
-46430
-75918
-9684
-63498
80460
-261
10765
76255
66430
45391
-92357
46194
38117
-99331
87070
84424
62646
45755
-77796
-27952
-61481
-30682
19203
24593
-80739
-75434
-45216
4955
72048
-39523
-43987
-59122
27211
13405
-50330
-90234
-7264
47043
-43076
61986
29976
68260
-22941
-96784
58488
-35214
46918
18358
-55457
31194
-95974
-95905
-63316
71998
84944
38081
13948
-52662
-41564
-61177
21457
-19787
10515
-88064
-91698
-94314
-78359
62914
91230
-38944
-25608
-10436
99893
-900
-41563
-90024
70703
-75390
-29348
57033
16084
-941
34531
-83402
-96707
49365
-89524
-90238
-58032
-41844
-74363
16632
24550
4562
-69623
-33200
-35826
-65421
3833
38496
-48341
-66265
-29755
36962
76920
50220
-72380
-39970
-62484
-16896
-14812
62708
-69767
-58056
-17285
-37624
-61586
20352
98556
-97142
-4804
33200
8709
95840
-11819
63878
-45740
-82957
-69968
15494
-20582
-1197
-10391
60459
-408
53448
-87034
-87416
-93242
-48970
32341
-56768
-1181
-79188
-14864
-67042
48806
34057
52835
-44398
-6174
29387
-62428
32201
-54295
67189
-32192
-34136
-5257
46364
-97577
-70556
-78833
22671
60926
-29504
14052
56161
22466
68900
-97235
-10475
99212
73559
-95013
45604
5792
-81959
-6809
2797
81855
13408
-47676
-74246
80557
-40403
86772
-20950
-48627
-44727
-88329
11265
-37208
-86303
-21154
14344
-57396
-37957
4093
11042
-9903
63764
-53634
-85971
57655
88408
-6638
-99695
-7893
35069
-80381
43752
15912
69373
-22362
-32758
-25093
66222
81324
-41484
8031
10047
-99817
-93036
16326
-76911
77321
-64589
-84103
20143
11639
58175
-85226
46892
40829
-12364
-71
-77224
1228
-28377
-44938
-9122
19902
33519
-12030
-69315
-58358
97840
-23055
47841
-72429
-81787
-85351
17566
37147
76873
-37226
81800
-38444
-32958
-24793
4593
-34537
7019
-82698
22464
-66706
98205
16821
-47382
74059
89561
35620
48720
9372
87156
59503
60469
73782
-50080
82099
-95654
-19026
-42030
16353
-96328
-53945
21909
97019
-48934
-11195
-55637
12156
-28332
-27616
90523
18900
58979
61204
-61220
-57135
9891
-33579
52572
-39207
-42713
56544
-30931
99732
-60424
-63187
-88051
83878
77549
8705
54096
62938
9124
81951
-99476
-42022
27610
49438
-27935
21659
-32275
-1450
91011
-34859
1451
52148
-35227
-29648
-36906
86638
16228
84346
90167
-98352
54157
59669
-65317
16372
-62996
98222
31406
53967
-40142
-18777
18803
4008
-2238
-21673
-62114
2277
-22440
32231
69198
86398
-9642
-62883
45994
-81070
33261
-2763
-27561
76120
99812
-2645
-91373
-94162
68488
-93290
-94287
-13683
48368
64238
-52687
-20962
26284
70446
-14469
-29979
-98614
-90411
77496
-45093
45380
47622
-36338
67355
-8055
-6449
-1482
55218
47974
-58042
-38533
-43623
43857
39759
-95983
-63554
-37998
74171
3215
-66818
-97713
61259
76298
-32784
85106
68178
26768
-70757
-36615
19128
1150
-76089
-8999
-62181
-22722
-44495
-31216
14607
64993
28312
90182
-73274
-69419
-76748
1951
14475
45251
33862
-24800
51240
37768
41930
66043
-15960
6285
-92726
-82568
-91529
-84091
77388
-66046
11557
-62334
92908
-18676
-3895
10613
-79356
46942
-56062
-27008
-78457
53376
45977
3385
-7507
12417
20738
-10434
-34616
-42012
-61182
39344
-42826
-32344
-31126
37198
-85201
35507
-53247
77294
89854
99098
71104
-9895
64973
59984
-52618
51652
29721
84328
-49332
10343
41092
98440
17763
-19652
27145
26284
39065
31062
-90230
-70316
62123
-11300
71109
62796
75956
71136
88869
-66154
-72108
43104
66165
41653
79340
-55400
14767
-95144
84165
15425
-54349
33826
85840
27754
37843
78034
-63352
61746
-85621
-86764
68148
30751
28750
-25181
32840
22367
-76613
73305
-8149
-40552
56558
35220
-26156
99502
-61837
-14201
-64371
29713
31254
-44198
39386
-20929
-1706
1791
-2829
-59683
-71752
14163
29676
41454
44279
89260
-33803
33453
52888
-99771
86270
-73971
-43364
57411
-62733
15819
18191
-75741
-89307
9132
-61506
-82173
56712
-13607
47557
-25399
-11239
-92973
-5434
-41804
83544
62164
64822
-83971
-89933
70020
-303
5929
22211
47956
-96530
89582
-84817
-47557
-95955
-62913
-23314
-97397
96780
-7754
98923
90159
-67175
6749
40641
19267
26818
-90278
-62875
40848
-82936
40244
-55709
5411
34578
94470
84929
8712
-48162
46911
-62656
-82200
30610
-11630
29632
-57796
-67407
24385
67907
32237
-62743
2242
57802
-61046
-71288
-82485
62683
11365
-32113
-24961
-63772
-90037
63711
60469
17274
12253
-89136
-44959
95290
32719
-49439
67873
67024
2493
52809
37286
-84650
-96347
65516
84797
15316
-39867
13673
65401
3686
40146
-17200
-26881
53819
67346
-32975
33390
-64455
-72809
-25969
73704
-22850
84056
-83212
-14206
-57150
-91027
83934
92676
22232
14758
-3625
17821
-34733
-35191
-21342
68774
-73403
92647
66065
72209
-32029
-41318
99124
-23378
40132
72989
99436
12313
-2744
19656
29149
-36988
75286
78182
56514
56413
98109
-7691
34394
-63397
33404
-44359
18048
-70102
-4835
-70275
10648
82161
-92229
84647
12581
-32388
14501
80887
-37768
16651
-80485
81308
-24957
57334
-70219
58931
-41460
-79045
3363
85469
-41859
-51482
-70193
27067
38744
-61284
55263
-12600
80327
-85565
-2154
76052
12369
86417
-21990
86745
-74135
-20816
83792
21180
57633
-34485
28195
-52383
95868
15544
99940
-469
-99616
33474
524
-10097
-97302
-57391
-612
-49325
-24420
-98888
-63835
-32215
-57295
-22885
-2204
-24734
-73390
-74821
41029
-66927
99169
-41632
53064
50749
-20111
7970
-18943
-88638
3993
-74093
81913
60036
52318
38988
84211
43537
-18931
72659
-8759
37266
-8854
-11738
-57164
-41426
-14526
-79385
97194
-16964
57949
62371
90721
-90462
45904
74752
-56782
-33905
-71953
-49981
-98215
88529
-52513
72572
-49767
99987
-4088
8335
-42756
41847
37034
-46305
42552
-40372
-63737
84184
84205
-69908
87806
-52775
51339
90613
-61768
13949
-75695
15458
-94725
-78459
-11216
85189
35868
-92573
-26034
81891
-26607
-38747
-74074
-62484
73188
-14532
-45044
-71211
36356
26089
10830
-27052
58038
-57597
74294
-80137
69225
-82905
-11731
42594
49574
40252
24314
-12573
-22426
57697
3879
-65549
-74115
54134
-97852
83596
36789
-75964
-13179
-53599
-75722
47114
35846
2303
-76128
74725
71856
67838
51707
-38949
43251
-78173
-32890
29699
-91277
33942
44844
99285
27967
16570
-28780
-2230
47612
8622
-69033
-27601
24672
77344
-15923
-83572
92634
63049
91584
-11413
63247
-83192
41218
-38905
-61056
-52961
-14501
-85741
54727
-68412
-2278
44579
10176
7973
-10804
-88453
-12603
-55620
59339
-49037
50897
-25718
-78546
-89981
-63546
2099
-94818
-75407
43401
83573
-14904
14100
-55029
-11962
-3922
84995
-71005
18570
-65319
98015
4119
85742
-64983
-45766
60410
-37468
-17268
-99741
60655
2875
-35571
7888
40843
-2791
83460
21030
-32679
-35560
-87188
81191
-61769
43771
-67567
2296
31261
58380
-56984
22670
2686
30803
88633
93941
-25913
-57228
71095
51005
-37564
-4506
91632
61377
99234
84300
-78241
-68715
-4273
11506
-28065
15371
64637
77861
17658
9634
-70970
-96337
55456
92620
7210
31853
-14989
10907
65907
73039
-98305
-85177
3641
58028
-52729
-88482
99778
-92480
-45254
-58296
48129
-81341
85317
-93002
13887
-36506
12994
61223
-64745
-63764
34446
26007
-54373
96675
-84744
65156
-29483
-77569
66452
11357
59816
18001
-68496
-46390
-85484
82025
66782
73235
-75945
-59643
18800
-34962
89585
-33676
96130
98919
11329
-53557
11825
74286
-8245
63299
34858
-81544
-69669
-49298
-16291
55763
76674
84564
-27633
82443
83199
-84626
-27953
-53135
-48902
3774
-91072
14094
-7895
-91127
49045
-2780
3157
18482
27740
-50275
-48521
-71691
48241
96211
-45764
94396
27539
67899
-72472
42977
83411
-722
16663
-57407
51816
-64746
34270
-74631
-74848
72497
44943
84736
8497
56965
-42021
-80415
-33362
59233
51218
29011
-73259
-16309
87303
-47946
-91387
-89077
-70641
-61972
72396
-17325
-15385
74002
-29474
-75639
43829
-79398
-54365
95155
52071
-14905
-33305
-17922
41912
-29501
-59595
-73749
83665
64672
96061
50263
-2868
-29463
61298
38949
84627
96293
3569
-2742
39271
33192
-14501
-29260
53245
-8363
2371
-56296
37059
-48973
-23293
-68970
26368
-32213
-17943
65548
37529
93084
16783
47540
21039
603
-60728
80442
48870
5578
-13258
-96289
-9471
43091
-39559
21379
-86679
-78910
96514
-90542
-76084
38012
-66555
-71410
-39710
-81696
6221
57524
92683
-76103
-34519
83214
74965
29
20100
48468
28889
-10331
43539
97216
-13756
81864
31719
29101
-47884
-30378
28514
65515
96952
-36401
47686
3874
-57350
75550
94313
27871
41977
-16843
-80251
88576
42990
-17658
88684
-17032
2192
75995
-63848
35328
-22477
-43054
-54944
-23909
-70069
42745
34119
64195
78479
-32894
13743
61877
39737
-27677
8875
28118
-42774
-62324
-35663
24129
85481
-27258
-49618
-21586
-60212
31717
82420
48320
-42833
-59799
6735
89131
39393
-40777
6261
83007
-40481
27183
-15013
67670
2104
-1943
91684
97494
65999
6417
3316
67876
-48833
-90404
47395
97766
48473
-13978
-41266
15730
-19576
28970
-47289
-33768
-71466
69085
62060
-62584
83655
-94169
-20139
-29726
-92061
-11393
-81561
25305
-31022
-84574
-17402
40578
8223
44527
16743
-35777
70815
48226
-95037
-37118
-46741
-84053
37415
56256
44680
73578
-69848
25780
-70104
-86966
-8907
-74611
-61494
-10441
-17083
-88586
55868
81341
44142
-57793
-55488
1790
88407
37805
-24115
-25456
64390
76763
23788
-98639
59475
-54325
33411
-16921
-43970
-27955
-19985
39993
-82596
87562
-19574
20099
91628
68461
26636
34874
30343
-66897
-33971
53309
60406
59134
95336
72339
-91810
-34166
15996
-73337
59606
78956
-96756
47773
-24807
16371
-39610
-42896
94167
-75317
-33695
-57111
-95642
-17972
-50017
-62562
-56171
65757
50226
25412
-86943
-59261
-62405
22675
-43007
10826
25261
-36683
1052
-46258
-54448
-43030
-57765
-7130
-30942
69243
36376
-36306
-42600
55192
84085
22512
87426
-55664
48778
13166
-22132
-29331
76086
-52145
-100000
46890
-33642
-29980
-68695
-59374
-81324
-58859
16051
67895
89175
12524
-91602
-60277
4824
34110
3857
78110
-91371
39217
58652
-6348
57758
-16465
-68619
93762
22732
-25242
-11212
-79035
23505
1849
-4422
-88832
-96917
34054
-34372
41872
-34317
58324
73310
-26131
13906
29849
-30598
93823
-52206
34534
40447
-39590
-87982
97072
74102
-50856
36308
98684
-35424
-90158
-73616
-29914
66108
94523
-53972
-54899
68133
61144
35107
-34338
85527
97631
-21471
99900
-37294
50668
46481
-22455
343
-63782
48781
56916
16911
-76412
-91819
-32929
99595
-90344
40156
19019
83686
95188
-16069
97058
-44985
-91999
2696
63745
90691
87624
-91326
98592
-52449
-96491
-38365
-96896
-17869
-98297
66264
-17552
-94999
-65104
-73651
-30853
68517
-40208
-95135
-76815
-53057
-83192
76153
-40368
25323
-74339
72305
-16048
73914
-48116
-27028
-54840
-32903
-28
62668
16896
-457
39044
-75971
34004
-24859
-15726
-69908
57153
66774
21525
87062
-4081
-85403
13744
-80261
-29029
-62347
-87620
-5519
-39808
36947
23424
-684
-74846
37496
-70320
-34981
-21034
84972
54015
51654
8625
72900
62145
-19405
42284
-36020
-3294
-25456
97905
51839
-61731
81387
-71932
-85069
794
-20122
63057
-16110
-3704
-93818
-88754
-78078
37330
32810
85772
-42778
87744
-79912
84704
-56322
82797
6323
-48792
-63254
-10335
70409
69052
-59764
-21686
25673
91443
54986
11548
-7983
94927
21107
-5054
-19482
-84666
-17863
70591
-45891
73646
-35940
23398
-89930
-46589
-48408
59314
-43288
87896
82773
-44349
-6697
21273
50188
49334
99394
-14024
75081
-1377
-40103
-61956
80859
7141
18444
92450
48329
16123
-36865
34863
94095
62135
-6438
-40045
22533
-49136
-50820
-90245
-17119
-88263
-56305
93876
-85613
-96364
-36682
50615
-58098
48661
45347
83669
-80153
-26124
52230
-32832
2453
-85874
-42528
-9293
-59687
-59751
52790
-15041
-59721
62146
26336
-54540
-57246
24677
58881
67560
-59851
73320
76433
-57305
74334
56949
62229
41207
85909
-17518
-10832
76934
77130
36318
46739
-47054
71389
-22550
-38255
82677
-59833
23025
29262
-58133
99094
-2699
-69995
-60734
-11435
-70216
64839
41917
-20471
1749
-30543
58021
-20968
15993
50551
-55412
-60731
24768
10349
41023
29526
52784
61509
22279
-43625
92044
-67422
61468
-96585
-53482
-38773
-45977
-85169
-47771
-12229
17714
70275
30238
18069
-78481
-38271
-20718
-65932
-51806
-729
-81932
-16031
94635
-87551
75445
4894
32052
53359
59582
48543
-20877
66149
-70775
70680
-46692
15117
-18659
-60367
82215
-68729
1572
48151
-78343
-71408
39146
70700
-25806
-20480
13044
37598
-84270
39789
-29573
85973
10376
-36754
91460
-46970
56665
-8070
46685
-24411
5033
66030
-11851
93879
-918
-96147
-30247
37637
20318
1505
-84537
52524
61322
-67360
6960
17554
-14855
-82965
18703
-33997
69929
-31600
28001
-67559
1239
-91089
-27136
43946
38434
-53543
11040
57243
59550
-51884
85220
49219
-10248
21435
-26594
89866
-35775
-64062
21730
-58432
-62119
66584
17093
70474
96761
-86491
-29129
68086
96988
54707
-60614
93744
40459
96424
14910
-51570
-11772
59249
20827
46342
-45050
-39493
-2518
-11713
-49668
-78629
-54207
14596
-85821
62990
-58487
78613
21658
28442
65277
98456
30181
11667
-44864
-47891
49566
36345
21147
-78497
40921
38143
35283
-69706
-97871
-50841
3555
54505
83668
39240
78555
-93904
-38616
-44111
-32555
-44744
-43879
-72024
34447
-78928
47041
-96949
46250
35136
26674
92312
-45890
-85030
-4253
-1400
-52456
62056
17396
-74283
49105
76773
12383
39261
-40436
-32440
85501
33823
-69557
-89510
96370
-33950
-14290
-20695
-56265
86452
29834
-74859
-17726
-20080
7842
17479
68884
91673
33221
72834
-79841
30595
-13180
-20015
51217
40209
66253
-68768
-81279
-16008
15720
-24345
32885
-48157
-39538
-14079
78286
77840
-93407
-36261
-40495
86679
-47091
94791
-53230
94283
-36679
26416
91071
-40327
64297
7976
66246
76622
71155
-60834
6756
73173
-76133
77547
-61877
75933
6414
-7413
-58513
-2824
30520
-77655
-13266
91360
-12606
-74606
-56230
-53451
4395
-64884
3300
-68702
-98046
73152
-50906
-70115
26877
-31982
-18356
524
-88711
-67759
-66016
-19579
-60721
46922
33074
-98898
-90801
-20873
-70304
-5437
42460
-77867
-32057
-42250
65060
83155
-64506
-64015
570
-51930
17835
2487
8785
-25159
48573
83240
51095
-36862
88358
41443
93867
-85200
-93510
-89722
-85507
23552
60136
86481
25985
-62673
-60100
22248
44688
23050
93326
81911
-45477
48609
-2613
-11600
50252
67162
92381
-14673
35451
-29727
-16262
-45761
5577
1213
90630
-29962
59933
86078
-3482
50043
-86087
-10925
98915
-49240
51576
37752
39478
16522
-37722
28172
90166
65797
-88325
-98560
-47269
32085
-91338
81708
-21970
18735
-39917
-20356
-52977
49158
-60504
-99193
-12510
-84055
-35742
59904
-67369
-71287
4310
51397
-69739
-69031
36806
6997
50883
67982
81075
-75169
-81037
91974
-97190
7733
-91541
-82043
-13556
-47137
-98736
27098
-85395
-62964
4081
-7712
73417
78564
75821
-53344
-86066
35000
-69117
88852
41002
-5925
-19596
90310
-59070
29898
12375
-12201
2443
-76922
22905
-19556
73289
90307
-79250
85475
50018
-48072
-65992
-46957
88542
79575
19411
-88783
-72066
30807
-74597
-64129
58869
66220
41307
-68929
-20217
93721
-32845
-92459
78589
-8101
-17691
16650
-44222
-16826
93180
-77779
-64738
9262
-18535
57620
-55604
-11460
24091
-83136
12793
14944
-18006
90398
-53604
-79643
89761
-2262
25068
87968
82390
11310
-81277
8898
-60922
-70680
3213
7181
26914
-47286
-3860
-51869
18992
-66661
23788
92666
30752
-27845
76510
48556
75116
-49917
-12781
58155
-214
-23669
-89865
61330
-54415
79749
-185
75030
-90906
-56570
304
67867
38754
-99675
5126
-65885
17025
91516
-40355
-52959
-10102
69260
-77048
46636
-95050
11133
66284
32527
-673
-42430
41023
66813
-25914
18331
-35870
21730
45953
-82252
-22119
-33708
3455
-45397
6947
-19352
-75591
-87057
-23110
-5279
-9928
50243
-45079
-80188
99197
10658
91205
-53625
-52848
-67907
45641
60455
-96472
-62560
-83182
-25447
-20749
-4494
-84941
-55848
-45052
37019
8694
-37667
-37737
64256
-62992
66285
46465
96362
-55680
-18548
73848
-65276
45028
-20017
-2244
93251
-92361
24847
-14238
-69792
-92981
-77574
-82821
62209
-26977
59459
53093
44726
-23747
66041
-3923
13598
-79117
87798
-5280
79338
-93141
-15698
-13779
59833
-17047
98791
-93640
27363
-83615
839
34429
7122
52083
77001
-93473
71305
-83836
-37174
717
-84152
59002
-5696
45455
25736
-65901
90761
45619
-69279
98723
-76127
-86578
-99444
-17496
36078
63921
42626
-36277
46902
2986
-65917
68982
-80528
-87692
-41678
55180
-58504
-72836
19357
-74614
-53093
97936
-87781
24888
46226
91942
1743
12299
60108
-72825
-86263
-31334
-92572
69910
8459
-48261
35826
-74687
18152
69626
34429
1475
33992
62773
31438
31571
67273
14999
16224
50988
69440
-67153
73523
50362
221
55084
43775
29470
-55444
88375
-24250
32926
92856
21421
-32446
85420
-55862
-68488
64062
48529
-95217
-25719
88065
-62090
89943
19956
-43804
31823
-7046
-32729
69573
37605
-22955
-55800
39380
-9730
-82382
36459
24203
-28438
67782
-90067
56698
-21203
-71981
-74129
-89472
-77564
-95634
-87950
12694
-86890
-3749
-92148
-10619
51449
-56428
45061
7608
71965
-35032
73105
34540
-98343
-27263
96617
-85117
95696
-50178
-17080
952
-43713
-29890
30463
-21587
86310
77950
-17675
25825
71569
47706
-49345
-5635
71106
33328
35800
90189
67197
87586
-95299
-48436
-75984
-78727
60327
-36008
-34884
-74009
99622
57028
56804
-50075
-72617
-90484
-9583
90299
10306
64291
32959
31326
-52526
-57559
28296
-1293
91569
-74823
-50485
95090
-75008
-73762
-53767
-8283
-91216
-64027
73660
21072
13120
-31219
1156
-40213
-25197
30107
-95762
2059
88365
73482
-19309
-64225
-30134
-39328
-88981
-1515
-52261
88028
34077
-89764
15390
-93748
-81692
80517
53464
-28934
-57313
-79613
-50510
58822
81909
-34735
-31890
-97457
-82910
47090
-73212
-83701
65187
76820
-96035
-49161
-87750
77646
-6485
-88600
-10529
99848
-97309
96447
-9021
11322
61720
95034
-41023
-55731
-72331
57384
-21084
20381
-7337
6709
55375
-93472
58757
29347
77965
43616
-3252
1369
50614
28132
-12357
14933
30522
-33491
-99784
-65858
84365
29340
382
21909
-75665
94897
54324
59081
31383
6446
-91222
-10455
11387
2137
-73038
-17612
79550
-98463
80665
-49396
-81737
33304
32705
97417
82778
36895
38812
32042
-64314
63711
83079
-69145
46762
-65357
13569
-33054
18900
-94492
-20602
52283
-9832
45452
60940
70723
-99815
91035
-69159
-46264
22327
18232
88831
2255
30741
11967
38582
-57377
23109
-58647
38740
77370
723
62601
31979
-20121
62891
1395
-44737
47786
-62360
70711
-35550
-91818
-65926
72395
-87634
57657
-18190
-31482
33759
89845
-95699
54409
52298
-56082
55963
-50952
25598
70751
-75989
-32922
-96842
-23417
65557
-25713
-60425
49601
-80957
-25666
91532
60978
-6116
-53105
-85924
37468
2927
99279
20133
44559
98425
-78401
-41257
-95938
39316
74872
71567
-99921
1788
-45144
93358
8588
-86274
-56326
-30762
20375
-61569
85140
45121
89979
-37658
-68550
-59203
50941
42599
8784
60808
93521
94957
-43972
62276
25545
-36893
-86998
-73513
-52312
-94688
61801
67873
-72171
-87379
-90446
-88613
59499
-62157
-31735
-28023
-26259
-92026
98941
6939
98455
-90104
93193
-49498
29712
25019
-13923
-92551
-57861
9767
-94922
53727
51628
-69404
8745
-91919
47095
-76219
-16320
57237
36645
-31391
-20613
81303
-86976
-82497
-40520
40482
38158
62493
-53011
-85414
29146
88413
-60591
-10791
-35091
-87731
-19750
33541
-35300
64465
-15326
-95989
84475
56879
-4445
-77062
-43089
-1545
-73503
8958
16481
69197
63847
48503
26127
47893
-43671
30837
10364
1721
1096
-19374
-7224
20314
-27979
-29203
68954
-75632
8365
42366
51065
37344
-50270
33371
62970
-6791
53818
-47354
-76076
46251
94448
-60176
-12913
10149
-88167
-54577
63195
80745
-92415
82647
-56899
39438
-59916
-29800
-49180
7601
21912
75827
58394
9850
94327
-42374
74966
13638
-40357
-36637
77230
89078
-45038
-20119
-2135
7571
72913
-72640
-11661
14109
-82187
-81101
74986
96175
38756
90139
-62955
-48624
-35566
95741
16756
-3176
70752
-47807
-56590
69948
-27297
-39349
8183
28025
63665
-52360
61082
-4967
12496
-36617
5748
-20315
59049
5953
55311
-94424
5216
-47370
1726
91227
-39497
-31978
-48954
61170
35529
96664
-32134
5314
27696
84011
93092
-22003
38086
-59194
863
60140
14985
31918
-91646
-74601
-24296
-29308
40375
62164
-8870
36744
21801
86586
40766
-8018
64219
-7647
89244
-84453
-74666
53353
-89798
-62980
-3141
-51357
-91541
-96701
78070
-60385
23379
-60736
35219
-75053
-99387
-35176
-96149
86244
-72051
28708
8630
9044
92681
38376
-42364
58697
99570
14830
50183
51894
56377
-95746
57608
62760
-98228
69885
-56774
62063
20215
4512
87020
-31769
39975
-26741
10775
-222
49035
25354
47319
-87693
-25197
-31510
-69577
-21414
-99110
-72011
32549
-21625
46688
-46199
33860
82957
-68432
51348
43041
-29148
-14559
36078
-72067
53978
-54921
-14509
7944
-84136
34281
-31812
-29713
-19187
37309
50264
59404
-10695
-77680
16812
46460
38808
-24782
6724
-51569
24105
-63251
80916
92760
-70759
-48986
82160
81635
76561
62877
-35803
-30266
-44711
-52337
56690
46864
-78873
-15877
70182
73567
-58360
-24063
43479
-3058
83306
94181
-97924
-6966
-33148
72051
69928
49094
-32030
-22787
94564
24965
75152
8832
-56345
67732
97955
73061
-78668
37530
35359
-65949
11409
-54137
-5752
-70271
1119
79274
-62392
93177
-61733
81055
-46407
-61000
56048
-79771
-6576
-62078
80118
63822
20583
29811
-65717
45327
87078
71648
59852
-2185
-26419
-6884
-85839
-32003
-22625
-19881
-35710
54898
-97042
64736
45050
72725
14144
-35573
54006
3781
-90917
-37971
-37350
-24751
37298
95812
64641
77483
-68564
6452
-51170
-15876
-84915
72684
-47244
73041
-52541
-45401
24366
-13454
40463
-35889
65308
-62445
-70002
-43909
-75766
3556
91684
-93543
-57793
-50621
-4604
24999
20815
-19886
-31459
72027
92445
3618
82724
86947
-7951
-37298
-76102
27143
-62094
-8859
-58821
-84822
96320
-91969
44707
52207
-65168
-38608
-21348
-55881
92133
-79653
91048
49417
-40185
-62434
45607
-40309
-82077
9067
-52666
63341
-59041
-83210
-81532
-34203
72024
-10166
35234
-71020
-29030
-1545
-12377
78472
38971
9958
-6131
70107
-9452
40461
-79029
89720
65053
-21379
15296
-22531
-84572
-78312
8825
-35908
37418
40225
-12257
-57188
-37798
-64916
-32896
37149
44391
-99532
-84232
36281
-49279
80395
86396
-79771
-83533
-84
73858
-21449
26268
46060
-77040
47009
-61945
47695
90272
-72933
-91798
23287
91501
43103
93368
-5640
51806
62478
-48413
-34362
-80501
-42128
-75662
-17520
25520
68825
-8710
-55258
88173
13606
-81604
41045
1463
16615
-48229
2387
-52961
86871
88568
90901
-36483
70214
-11284
1471
-85063
35608
79073
-86669
30197
-45531
-82163
65738
-37926
97857
-4404
-3231
46462
-20201
-34727
96203
-97361
75247
-15831
71716
83423
-47281
-15451
-82299
-48405
-55939
-52094
-55341
-41910
-8158
67262
80690
12558
16905
-4552
89176
-59366
-18169
-42516
81404
52769
55861
87179
16172
-28458
-94887
-49293
-30786
66166
-22237
-23792
-71458
-72338
-84013
17038
98503
78505
33463
11450
-96371
-62406
-67950
-10636
-23146
81763
-10599
-4653
-63383
-89024
-61289
-24235
21662
1171
-24848
-54783
-40395
57581
54146
-83812
31875
98485
-82393
89028
3847
-4328
37207
53996
-64293
25165
-44693
-83276
-44346
-24829
91644
-90333
-34514
22698
-69590
85636
-67413
63707
-17992
-33188
8438
22309
59285
23492
-87680
-81547
-54602
7974
21087
22881
-17954
-25576
19043
-58351
37439
-7344
-29945
4490
34938
-25405
-60861
33689
-64765
-65057
31871
15256
-71776
16289
-2719
-98528
79696
-77997
45767
98379
54984
-12698
-76848
-95836
81688
-55576
-22251
57134
-63059
51617
-34826
43725
73392
-28848
590
-96107
89931
-97027
48328
-66450
88459
47227
-2165
1248
60832
76284
-6831
-6015
-93054
-87920
-2666
28600
-32146
68732
-12117
-16275
21198
-89485
-19543
-33905
-841
-99212
-36861
-47231
17868
12543
-98699
-98590
-41217
-843
97497
-35593
-28872
96075
-55016
19256
-40882
90986
65533
-48460
-6478
33895
1573
-29343
79787
-50278
76883
-53372
22651
76061
13856
-62151
95201
92515
87311
-48480
-39496
-83022
-49985
44324
93437
-5442
-1543
-15511
20718
-78108
98217
-18863
141
13760
-15382
77867
-33853
-87317
-90438
-97030
-37278
-34284
-179
60957
68099
32249
84541
-13088
86222
31427
43422
14942
-5480
-15940
-83600
-45872
47975
49966
62382
65719
-64559
-18919
74883
46498
-638
31632
12956
-50148
78619
-80080
62360
-35914
-2120
18878
-19940
-19092
59850
84572
71620
30071
-33309
39528
-22860
64559
-8943
19826
58444
-55078
45601
33175
16826
-10027
-8699
-65026
-93207
-73763
-85296
-32913
-11241
-94469
18653
44811
58436
43722
-94192
81068
98822
-89050
13236
-19559
-91526
74803
-90684
-33690
-63084
71175
-75067
-48090
49112
64373
74512
-48370
-87518
76663
-86674
-8472
82591
-66889
-63013
-38800
-79970
40698
2477
15951
-59583
18217
65550
86257
16333
-27778
-12955
60485
15521
11143
-32748
56785
-67068
-11942
6234
-34193
7703
-99050
-68777
-77849
-22167
-54895
53488
-72854
75561
-56861
-44279
-81687
-70666
-96882
-86545
94864
8403
-60471
44632
-85405
31926
21799
-19135
-90061
-84865
68969
40823
99132
17606
48861
-22222
-99746
-18483
-86288
25499
8247
-32683
55383
71855
79513
-89972
89558
62203
82989
87267
73324
-38841
83235
1662
50395
-30897
-66795
-33595
-56617
-66388
1015
46616
-74101
-98478
-57155
-19553
-89534
-28750
43594
95742
-89864
30848
59919
2664
71422
40783
-66872
31435
33028
27992
76623
69545
-87802
17177
-12452
23239
-32490
20762
75802
-96515
74498
-78326
-62746
-87634
15201
44041
96486
-88366
-21185
-89025
-90620
4591
97442
82153
-22330
42343
-33927
37876
79628
11242
-2912
-30271
-13531
-17333
-55790
24201
-37171
51185
61932
21594
17415
-46492
-98662
-21632
-63981
-55737
-13792
