6700
82264
94538
-10655
49036
42674
99635
32374
-91624
17370
-10747
85938
91269
81997
92543
-76123
55369
-27190
-79504
-90772
-2705
33649
15150
57060
16485
-76986
-4560
41914
-11932
2645
-44919
-62178
-23753
-50896
-68606
-60970
-6741
94548
-76334
17583
2386
-58710
79420
49806
-28365
-91927
84869
-66716
-2991
-6376
-87343
-14848
6358
28209
-20199
-56578
-12387
-74655
-3381
11485
-44839
-44179
-98433
65390
40548
36142
57297
-23383
-43800
-6019
63583
49882
67236
34473
-21344
19256
34012
97381
-21601
79062
-51232
-34561
-31532
-96397
59126
-50549
22813
72492
-93658
86878
-69858
-46767
9123
53558
-81166
-40876
-63535
-12617
-22004
44125
-81481
-66288
30703
81147
-98301
-27396
51590
-74378
25780
50405
-4576
56704
99176
-61789
24076
99338
-96638
91361
-60339
-55118
7479
83488
28411
87577
31350
13909
12790
-65261
-87246
69230
56327
43256
38029
-54285
-89900
-70697
-63646
-761
-2496
29194
-78609
-32627
-3875
75237
17053
64295
-42993
32840
71406
-88679
2366
26196
-92542
-57204
93367
-82438
99398
-88273
7136
32943
-69382
-99080
-56874
46204
39196
-52984
54373
-18703
67318
-3411
-29533
-25799
94145
67009
52649
79625
14197
94703
1455
-19917
82158
99669
-96189
-23977
20348
-6843
-95898
47800
36295
-99162
-77949
-94292
-62755
-95112
56077
-96402
-46054
-58571
55795
16270
46259
9810
-31933
-25529
-52641
-36059
-19239
30705
23394
4576
78657
57613
-87561
65403
14897
-99266
62681
86128
476
88663
68142
-85152
65012
8975
-9007
37139
-75585
53009
17210
-15587
-83307
72496
-35252
6875
-31053
20664
81339
-53411
-54913
31648
82648
-52450
20633
35483
97787
33902
-70950
22861
-3508
-41871
-33684
34715
41262
88384
29638
-36261
-1720
55789
-69374
-10005
-35280
-12509
-72868
38301
76662
-75348
91785
-32752
50571
24397
-83726
61018
141
-46196
39820
-83679
-82896
7954
35925
57929
-7990
14634
-42196
12039
2362
36841
-44275
63828
-79626
33128
-96471
88766
-12559
2157
93662
-98792
35045
-85912
-49768
-93550
-23166
-37031
74691
86947
94579
29967
55596
-79518
-22199
-22710
-35789
-24843
46790
71810
-21393
99808
-18360
-88703
17438
13695
53521
42347
-58937
-27185
33519
8734
-22738
-13530
-85812
75380
29299
40195
83348
55845
-72312
-48576
32638
-70262
88717
4644
-35334
-59524
-44470
14677
-59147
-28389
-46968
-64790
77260
-40918
34316
31135
971
-46824
51761
-52254
54304
-62438
-56031
-26038
97120
-25997
10544
89959
52149
-68651
-41067
-11468
-61980
46497
-54651
-31767
-10761
-42933
-8914
88621
-86325
15961
-72307
80041
91832
92234
-34836
63672
-16232
67603
22140
-48646
63286
-8635
-55158
-48376
31957
14026
-85087
-82815
37082
-52978
9533
96451
-31337
92986
-53017
9654
23028
30363
-52494
38722
-86340
-52639
52944
-14880
1089
81732
22865
-81074
39661
-895
8442
-30308
-28185
36418
-91394
-69084
86366
90396
30876
-63657
-20107
70066
71124
74225
30987
66487
-28025
-93170
25574
71376
-43606
-53033
-34309
-55209
96614
98133
-21668
21244
53840
-73114
-49922
-40762
34176
32012
-27674
-72393
-38256
49763
5488
84046
92915
36651
36668
-3674
-54673
-85821
-55947
74044
-24328
62007
62015
-92146
-6933
98992
13053
49694
68323
71178
65532
-44970
-25092
14275
511
4101
-20702
6286
47399
-32313
-18604
-78841
82431
-47677
92475
-89086
70882
-99442
-66591
-91844
9929
-29778
-79728
-14669
13621
58169
3592
84178
-71627
-58149
92443
46340
-18027
-61131
89257
-70935
3555
-13725
-92108
-73562
-57313
-81322
-13601
83735
34110
-39648
26696
-19552
56795
-69105
-91330
-39647
48443
-75920
-49439
-37177
74043
-31499
-8171
-80449
-52008
61681
42594
88134
66971
-51201
-56532
26140
-59105
52163
22089
18263
-50688
-89016
-65916
99860
-93982
60553
43118
25224
-32293
-50933
-50149
81268
89086
-15769
95744
14071
-55803
-36058
-53337
88381
89818
-52156
43020
-55082
7298
-42537
-85416
86753
-84889
77513
5431
-77529
-31616
10305
53336
-26044
82335
-56095
-8640
-91777
7254
-54360
-24500
-31877
10951
2038
2689
95943
27335
-71696
-5359
39056
82031
4922
-39571
-24586
-68609
7329
-79999
99131
87726
-35301
21393
-49000
83090
-5147
-20370
79978
23080
57612
68884
-9463
-74431
72072
-42397
2874
-43830
54786
9720
32506
20854
-98377
11048
-19590
-77558
-77132
50137
-97685
92036
-13887
-40708
-94417
94377
78170
-43926
-92242
-70742
4824
81050
-52534
59442
-72785
41021
58922
92943
-5040
34294
20339
7738
-20177
51833
76501
61124
-15649
5439
39233
83295
-11815
-90973
-68999
61127
78939
-39395
28991
-19189
-7379
14168
8047
-91908
42431
-97359
87593
-51152
-71250
-44914
5734
29427
-49243
34521
-7956
73548
88544
22808
-57700
46823
-69684
-1685
12329
95780
-33014
-53663
-86429
98427
10131
26294
82161
95881
44725
42733
96989
48316
38524
-34746
-5878
-64616
-85588
61469
-40320
-93597
-26390
87327
47464
71283
-92294
5225
-93101
82578
-88222
-76801
29812
63627
-87506
-53211
-89298
50644
78093
66781
87368
7255
30297
73662
32062
-93281
-62924
-66322
-95503
-8036
-93491
-18372
67070
-16046
-59966
-7844
43691
32100
2464
88192
15101
17465
71365
-63793
34984
91016
-73817
-30204
-19426
-44666
-74899
-17306
-2999
-73047
-58501
95839
15571
89175
-49973
92092
62882
62192
77622
-55296
21986
27765
-31533
55525
25338
7059
-89610
-99856
-65504
-30768
-33766
1968
-64824
54033
-54759
-44525
-16137
58757
89495
-30172
-39113
53938
63935
27748
40291
57242
-75675
-29436
-67358
-46839
-19189
-41539
-208
-94786
-95169
41549
29080
26932
-93727
2319
34750
30795
-88317
-65803
56600
-95336
50985
-67868
-49603
-43194
56303
37803
-60010
-86041
-20790
54369
-31311
89819
17703
-41253
8884
64411
18863
48839
-27730
62883
79340
3305
80329
-88070
59653
77167
80220
24095
71717
-83598
-13475
-81646
-32902
50700
-58253
98939
-26086
-13872
34090
49147
-54401
-68182
-89152
-36914
68403
-23724
-5092
43930
61703
-2638
-24866
1494
-54467
-4660
-14511
-79654
-40379
75557
-53123
-94593
45284
91708
-98790
-60494
13425
-48545
-55329
-68454
-14470
26662
-40393
2979
-81213
52499
-51435
-65433
37166
-22460
-17505
36921
19190
16338
-75515
-18675
96213
-82038
-36491
47111
-85882
-70010
72679
-47394
-539
-50841
-82349
-62163
-30286
92272
-55869
4310
44916
45250
-78718
-75821
48826
81776
-5388
-67109
81533
-21442
25023
25133
63969
-45381
-65305
41403
41498
24440
76792
-56970
81899
22820
-6116
83762
-97910
-53563
-7284
64566
23840
9173
-9309
-349
95980
-53769
33998
47743
17159
-44844
96288
29660
-17726
-12585
85506
-73751
-8533
8449
3464
-85419
-87185
10921
-69666
83931
-51815
6036
18593
-5841
46649
-19987
-66486
99331
-53664
-79839
-97787
92470
-48889
17881
73056
-70502
-15537
94165
26975
18912
-95966
5858
75564
-48862
62649
-55369
-85333
9229
-99912
85618
57644
-3031
-1612
92394
-13766
90055
80340
73456
71504
98822
-79531
28647
39787
-17983
39015
-70211
-90821
88600
-90635
-31739
-49101
-1190
-26494
-65549
127
19276
-63249
-36621
90133
-47783
43801
-95642
72997
-99627
84575
-3782
11434
-10065
22529
47780
-54046
54387
13091
-76995
1626
54074
-21647
85750
68195
-94545
-34595
-40903
-20319
38910
-8188
-69346
-17599
-15142
17583
40775
-71606
-52437
94838
85401
8589
33043
-24450
98391
15735
-24676
-64542
-8292
-14267
-52416
-51793
-95371
9430
-17453
-26294
92249
-71716
-3247
92397
-14714
-81556
2496
-17330
-9415
-78410
962
89824
-41911
88590
-52679
-52558
-9376
-76312
1366
97782
93719
43683
88961
54493
-67795
-83204
83871
-42211
81316
-89181
61378
88276
80569
92842
56627
-70330
47742
16282
-61868
-27133
-52779
-16288
65461
38052
14475
83365
38134
38067
-48626
-57925
-20588
27242
25997
17715
-31919
-47596
-11414
51659
75204
-46448
72798
92484
-42374
55285
-37270
-2862
-21304
-32625
70134
62893
-75601
-24186
-56760
-89275
50282
51999
-9950
45842
40022
84636
95288
-2039
42686
-27905
92876
-42710
-74941
-69523
57704
53622
64292
-78739
-20296
9407
-19600
96911
75649
76119
62469
-69399
-60222
-16086
-79677
91069
54885
24360
-51117
-16266
94242
-78054
-46451
-73711
-47631
-87914
-91893
-26407
-12503
-75762
-55096
-7286
84602
1218
-49421
-11177
66563
-77098
-29034
67464
-11951
-81154
13214
65211
-3530
-64747
65222
57866
88577
-64307
-76572
-74355
-35489
-24831
-64432
-16586
76493
-27481
72941
46875
57081
-69535
64725
97809
-1163
-39886
6949
51507
-26346
40270
-44126
55042
33967
-88886
11718
-30938
38117
-38478
86123
-60909
95855
-17863
-15341
-30713
13869
-54389
-72878
-10769
-37471
96575
-58280
72682
85710
-46360
70047
26917
-213
-13942
79917
-49179
10180
-71318
-76858
-45405
-60178
-80577
-87886
-20335
-43931
-79228
38246
-57093
-4348
-66321
-92078
-43895
50783
-45829
20614
72481
80768
17570
-47870
98153
-26051
2663
-92328
-19862
9523
-26353
17024
-36656
59937
47023
63352
85005
-72861
63137
-94186
-92770
-94520
-41136
36716
-39642
13011
48563
-3626
23478
11403
97495
-84382
93422
-76673
-85676
-23715
-29700
79130
-29023
77046
21507
9246
-67644
8529
24984
-82624
21154
-19029
42982
10720
7860
933
69425
21732
-55526
-13265
-93961
-7568
-56502
47634
-57357
-21372
-11935
15833
36603
561
-98022
-82787
43977
15993
88732
11116
1750
-27774
24749
7254
-83870
36151
33349
-29421
19217
88828
34429
-17708
-41041
20939
-58842
-95004
-43500
62256
64246
-32389
-97117
19165
13982
10912
-66964
-85141
81911
-70217
-75599
19886
68442
-786
64134
-97677
-47922
-20928
98577
42648
57052
-2075
-34191
-87544
-91009
-96745
63804
-35245
-58056
6848
60896
-11866
-25475
38725
3946
52715
82257
1321
-22491
-62720
-48913
-75745
539
21260
60192
-67855
-88265
-83836
-18068
-1146
-86646
-21639
-92307
80467
44204
10138
-85761
-72671
98235
-25330
-13741
-48010
-68865
95782
-60381
-1181
60142
-9917
12608
-91926
40715
10628
6983
-58551
13032
-88343
85874
91175
57805
96329
-58486
9754
-86031
89004
-97670
19923
91685
-53434
81727
-69465
8528
-56687
-42372
4986
38869
82821
99370
29194
-69103
-27401
-17939
76437
9216
-13812
75457
-40408
78399
77592
-66093
-8058
1068
-91689
-30676
-22991
-24983
-6586
69960
-65704
-17152
34847
-32891
-8100
3936
-84624
65591
-12992
22790
32599
99416
-50451
97591
43996
52765
95328
87529
-76629
-63901
-23439
-33982
-12436
-85240
21313
38840
2945
-233
25214
-92713
50139
3355
-54315
60577
-53895
-38956
40950
45967
94463
-42552
11581
22902
33455
-19024
56642
-55163
-25466
1555
-22018
77098
55733
-13135
3672
-52267
46970
-53867
45515
-64107
15323
-12082
-33674
44446
20159
79799
-19839
-87061
-37975
-24271
95206
-4352
-94895
95986
91427
6857
-32735
-38409
20795
-39010
-31479
-83627
78435
-48024
85311
6189
-14192
49309
-90089
-72130
-68645
-19801
51066
85461
94797
19874
76358
90655
25293
-31356
-13630
34399
54691
-64552
80700
50682
-34200
70435
70721
-27472
73292
90279
91385
-25691
-85436
95045
-5732
19805
84046
9085
-10283
50311
-81438
-36398
-81871
-43216
60855
-15735
-25468
-14888
-16594
5711
17689
36450
49951
69306
6611
25956
13375
-47896
47652
39967
-93653
69572
9065
-24184
-3885
-70937
-98783
-65787
33669
-96102
91785
25075
-11115
14778
-37675
28004
-94745
-55820
25868
-89818
-86695
-4944
-66176
58238
20047
58955
-27159
29940
36572
-63812
-27682
37320
-41719
-97704
36271
38530
75654
40944
2145
5671
31979
-99560
30663
-85305
53609
-10173
-67975
10740
-24047
-40374
-23756
15821
71489
-44597
31950
62200
-94297
91182
63636
98542
-17613
49987
9154
-67729
-50339
66055
93277
-83561
37200
-77114
21425
10441
-33102
-60710
-63261
19271
72400
82449
97522
75172
38955
44333
-94770
68880
-43687
-53116
51477
43539
-11238
32328
-76058
98389
-18184
71521
7140
55897
857
-91658
55241
-70390
26021
17419
-34332
17838
-39090
-22908
-56592
-5321
-27648
42696
14035
65144
-30809
-56703
-33488
-47691
67991
-58625
-98455
-14765
-33059
77244
-18956
28462
45920
78394
-38440
-2679
-46606
-93239
-4411
-19104
63289
-35163
-30578
46298
19316
-53061
51268
-55845
-68948
62476
41264
-88395
39354
-5205
46124
38590
6127
27744
-95906
46844
72995
-12625
92114
-62915
11293
-76365
15795
-61308
-61860
-97117
-98202
74397
-61632
-78154
-21692
-26798
-53352
25955
-78158
57782
-38263
40706
22942
-28258
-65961
-28466
29399
-2512
-18797
-84149
-7543
-16365
-38111
-74812
28692
21254
-6875
-78162
14153
-82419
-38262
-64791
38081
-68411
430
31652
40345
-6887
18349
-80801
11853
-54515
95177
-55860
-77072
50103
81971
6287
36677
96270
-67207
-10075
72702
-69669
-55733
-93344
88974
90380
87659
91216
45677
-8665
-70799
-41666
-19544
25564
-70408
-16494
16482
-66445
14953
-80044
91755
12260
12705
-33905
3066
94469
-21054
92881
49482
50590
-72877
42448
-88433
-53992
35093
-62489
-52972
45076
-17757
-55683
4403
-49127
44484
-2297
29552
-97755
54545
-29149
52146
-19164
829
69989
-15330
14335
-73082
50031
26769
24651
-3849
-40903
-43590
84194
-5929
-6095
34323
-21681
17778
14716
-21126
-10461
14785
81818
24240
-49116
-14408
-9433
-2324
46757
-81107
-75523
-99299
16241
79904
59703
24187
90273
-2837
90897
-13879
3341
11911
-1429
-75927
-28001
10808
23852
32859
3331
90774
-53693
-90860
89786
-26502
51337
-18761
-96050
21185
-6653
-59086
-94048
77632
27907
87800
78621
44996
13805
99862
38415
90820
17687
-28940
21648
45158
3530
67627
59289
-7830
-28506
51005
50104
42231
54689
-65419
65504
-86656
-56081
52252
-5158
-80045
-88322
47253
88794
22206
5913
15062
-78996
-10338
-15828
3331
-79795
-84155
41191
-85079
93974
-36729
11259
31891
-1133
93089
49473
-54515
-64526
10887
-40070
-64525
-19433
47369
88241
-40780
56845
-96607
-21379
-13911
-91562
-42277
-53790
53708
42659
-73759
-6377
64022
-24737
95330
-53533
-56327
83941
57055
49505
90295
-4845
17746
-74718
93277
69110
91387
-80527
-87072
-52956
-65400
-33871
51602
68265
-81632
-95389
50241
-83367
35788
28868
42925
47877
-76990
-13101
99939
-17528
49808
15921
-27398
-93055
-73439
93728
1577
-15525
9967
64942
-45500
-53241
-92410
95019
30417
-53877
95665
25813
92683
27316
76995
-38891
39218
45223
61507
-80286
-87219
342
58229
67140
-40066
45390
-29375
-64525
88448
14700
95683
10718
35263
38640
13870
99015
-81837
52137
-53347
22987
66779
13456
-24072
-50817
370
16369
-20161
-49546
18641
60100
37878
-59360
93633
16794
27885
54029
97402
-41741
66475
25679
62621
-96404
-25929
-89732
38539
-44331
66690
-22062
-31136
-54879
13940
66870
87888
-76809
16209
-15915
-93668
-10139
20872
-21397
-26256
87668
-84840
34722
-80740
74518
-76833
29330
33581
14588
-80767
-23961
82600
-25788
-33935
68768
71906
-28080
-87201
-79244
-47297
-92366
63166
-28721
97093
36419
-78031
14266
-77540
38995
30481
-38760
-13788
-99078
97757
10124
-85389
76365
25151
-79560
-27607
94444
29303
-30303
-69262
-87239
39526
9902
-30120
61347
82617
-14129
96834
-5920
63728
63291
20686
-17095
-39798
-72943
25670
96447
12815
67360
72385
16411
54202
-53886
-90023
9475
38400
-12317
-15228
-38391
-97023
78623
-495
9229
-5494
8202
-31423
-7341
-58235
-1271
30144
-95121
-22146
-58979
6718
23581
51026
67776
64495
-85907
-76938
81768
28443
63387
19233
8680
25314
-34691
-94697
65974
-69936
-25963
12948
-67193
-13159
-53498
-59119
-68522
94833
20772
-9355
-76476
57546
50084
-76005
-8742
-75733
28082
86972
-22614
-32342
-13598
22713
50323
38854
-68866
97096
79202
30051
-48514
-71496
-6123
63266
18645
-15518
-9220
93340
57000
43118
73401
69372
85210
83327
-62874
-68362
-51326
-99012
-5675
59688
34942
83452
-66766
59979
-24223
23821
-68475
-79274
-7737
-8478
10964
38447
-53302
-74986
47974
-6194
-56947
-28895
87905
34161
-94987
-60586
-89515
22454
79288
60374
48914
-16360
-94643
-36139
59891
13320
-89533
69510
-63426
45671
18158
11238
-3741
-32098
31228
20578
-35870
82331
34853
-82650
11786
17576
80833
55940
33180
36393
-16269
46205
78158
-58190
-24701
-26066
73771
-19389
-27894
29593
64471
-39519
-97146
-19185
-42127
48018
97869
4792
15633
81908
-12833
74559
33969
-31558
11220
-88932
21095
-35964
88180
-41089
-65264
83866
-80283
86102
-74039
96582
67647
-11589
-67241
76555
1660
14397
-96474
-54395
-64757
89161
-58513
51038
-64573
48502
-50190
66154
67380
7786
-5981
13152
20634
-59861
-10911
16566
55851
71494
24801
12824
79504
17558
4393
-53628
75760
-42959
-93063
-8315
87655
51893
-20156
89737
88341
52458
53659
-53407
-37165
56084
39403
-58410
89601
-59240
96029
-21854
67707
-33976
11675
-50222
-96406
77197
60531
91510
14454
6192
-83564
8065
-85991
77829
69812
49092
96719
-88012
55572
49410
-10710
-15131
24475
34415
8065
52679
-67553
11146
64072
14462
86723
18068
-59140
-71769
-65606
89131
13365
-31223
28074
65096
-26851
12313
-81045
-57646
-31425
-62039
72942
-91236
70841
82415
56891
72514
-89780
-19858
78418
11227
-12846
52739
-37005
-90853
-28273
69454
-2311
-21816
41055
-53317
-86046
36567
-87665
-97876
69674
98979
55816
38341
-82284
12489
45095
-27821
-24438
57122
-96536
32730
27868
54622
-30720
-61255
97252
-89095
-10871
-14916
-18358
83165
-54312
9854
-98844
20372
28138
79353
47029
-96024
-88963
-73236
-35050
-23270
-32900
-91225
-67597
-51717
55954
11510
12908
-71511
-30496
-8088
33179
-25942
26889
-35461
-97675
68318
-67926
-25755
6857
13668
-81945
12225
6182
-884
-97311
-88427
88026
-40140
74948
22204
-30188
-7359
-7364
-57227
20651
-50372
58247
93126
23032
33030
-18075
61262
79197
80249
33517
-154
85545
-82147
81210
46963
-8236
-35772
51778
33804
55333
-48637
-80058
-48446
19635
-30643
2149
-72752
-77881
-86611
61388
61152
6689
7840
35144
11512
12306
29196
63868
-13825
-81466
9889
-43666
-6416
28964
48331
3515
31450
80910
83985
-60309
-85295
43523
16269
-56993
-58763
14244
63816
-32857
-41188
-73004
-78287
-37392
-50465
83448
-29702
-88421
-51010
48605
-91696
-14296
16049
-14471
56373
73745
78860
36554
59899
2611
81805
29659
11742
-29593
-53243
-13595
54335
-55504
-59359
-6574
-30855
52492
-78187
-76643
29218
81261
41444
-78827
-77088
25922
-21618
23999
36197
-51538
74005
-97381
32456
99738
79854
-10817
26369
-28058
60609
-49952
-36863
-54982
21853
80112
12780
-38085
76604
289
-50764
-51494
77741
77255
-99885
-93690
-75164
-34149
-69659
72449
30554
-3941
-9313
-86064
-21726
-67889
53488
-58484
46410
-37273
43186
44566
-35094
33729
17549
-4760
61388
-56762
-93335
1478
-51337
17076
71693
-59246
-97574
60214
-1191
-26177
99410
-25041
28636
34398
-84136
-84971
8915
52244
-92022
82490
66687
86957
-63852
85735
-84575
-36855
24827
19617
-38955
-51404
57926
-51699
29896
64852
15689
-22609
-91240
-1669
-13873
38030
-69817
-17059
26531
81396
59290
16731
-22213
64209
-89644
-35011
73410
-39873
-37366
94527
-46783
58337
-21405
-4414
-52503
20388
-78482
-99293
67135
-62681
-68960
-93911
72356
-5257
91368
82648
-91648
-59213
34545
95714
-88309
90959
53812
40573
51383
-99340
98935
-21296
-24003
10115
3877
-58041
-27069
-71046
-53109
3590
-50073
10032
-36371
-85511
-24533
59578
-79101
78794
-57155
-18064
65683
7916
51233
-87479
29996
93460
30525
-91997
96188
68168
-47935
-56288
55247
79312
25585
-83030
82916
48456
-13424
-49514
90477
56855
53546
-75034
61476
24570
54591
44457
-73339
-39366
-23033
-62275
-78996
56764
-59546
60341
40267
51575
52782
45589
33991
-61440
69195
-52550
60720
513
81999
45399
64603
35528
-51557
-25831
7518
-97925
-32282
-64980
-23640
-9366
-43027
10903
77818
6461
32695
-73789
67334
27404
-93500
44825
802
-12787
-39214
-85239
-67223
-95128
42827
88294
26351
69543
-17138
26478
-56546
-85815
14104
-58840
78066
75702
-99697
-82714
97805
-15092
47275
-69782
5943
-25001
93825
87013
-62858
-62176
-24658
75546
-94970
-11044
-15908
31010
48310
78533
43380
72
-13921
57798
-84192
96468
48897
76176
-59333
-69979
-40133
-12150
-89960
-67465
-43033
-4123
-57812
76421
-40112
67789
-76903
-43576
16656
63419
-22441
78685
-73013
24999
73921
47044
58434
75099
-51078
93380
47572
-62109
-23046
-33427
-83624
-73951
-16071
54
49679
35517
18678
68036
-96695
-81031
-97564
-55604
16599
-5470
-13070
37583
-43927
46114
54197
-32124
-66813
-54093
15797
41108
-23712
-14738
12817
-8385
22115
-38078
6479
-20068
-59018
88320
55620
23229
37442
-65902
-22500
35760
35401
-73012
-13945
39266
60195
12314
-90047
-20257
89171
85977
-18949
-76363
-96443
31299
-19925
78774
10598
12866
-72915
11035
79200
-51931
24916
46725
13297
-97360
-73390
97503
-57689
-85299
15615
-63008
62330
11169
82761
2733
-63483
-3078
-42247
39259
-19101
-93788
89694
41426
94434
-46885
-9448
12045
-59993
-92710
41539
63165
-36130
51922
33981
-64307
-47781
-22282
24790
14145
-74798
-96717
24403
-86856
37423
-12483
-72161
-58544
77843
-32123
78351
-50328
39084
-32057
-58480
-11712
-56656
-4609
52976
72061
-20234
26363
-35835
-49718
20529
-50100
97981
9176
-43511
-83114
-4732
-9915
81304
-16185
-61812
-84197
-79298
-28124
-17348
-74897
-78687
45567
4599
-39062
-16956
72837
45703
28132
-36989
57908
-16602
80876
2728
-90007
66345
32292
48685
-78121
58954
63625
-99633
18772
55248
3345
78284
28813
-30691
-4307
97337
87578
-90861
-77074
-89918
-3284
20964
-83324
27262
-17181
32054
88289
-37331
-83652
-56401
5883
16210
22696
2018
-80591
-53081
11320
-53163
50117
-82814
33267
-56082
-71929
90818
24586
-58694
-74669
8437
-9117
-23654
-75535
-75318
77329
-49013
-66726
-59795
-37787
86032
-37990
-90427
926
29182
67921
-10618
-15173
-17372
-96493
-11213
37425
74325
96559
-23884
27193
85267
-10995
-88369
69504
-43623
-22928
-11194
-69118
-51643
15132
97101
-99535
-19808
-79215
-32729
86031
67595
86837
-67748
64219
81097
-7985
60441
56359
33315
815
54244
33864
95932
-4564
-71430
17832
-6927
15558
-88314
-16650
95532
-67030
-84864
8956
67782
3219
-46816
-53232
-2218
-61619
10622
70692
95963
40660
98568
65593
-68415
-39140
-76769
47728
-31596
-70486
-41586
4929
-4866
76895
-66649
-94524
92606
-68331
9596
84013
38568
-33630
-87881
89045
37010
20026
-76713
-30989
-26206
20529
-39417
-12759
-65422
-4579
-31779
97659
-89955
12825
-90004
-22438
68265
84199
88710
75551
-73071
96429
-66799
68179
-51987
27040
71940
15531
-87040
57214
87231
-23343
-3106
34933
-4283
90333
58808
-23903
-54441
31586
-27194
92275
54637
-5275
-20465
-93779
39123
-56983
42776
-38391
51871
-55706
-66265
-26695
11979
91991
41010
86154
57395
-42062
-68247
60834
36012
63155
-96803
-70872
-10626
94610
-88437
90882
86336
-41005
44297
39801
-73265
-49412
35084
13626
57130
-95712
-9516
34166
-17811
-73574
33076
-19928
-15000
14358
89857
25718
93660
33737
-88681
-89551
96145
71488
82243
-32073
20119
61462
-94256
31992
-12841
-24384
89265
29909
-30892
32770
83592
-99292
96580
81732
66385
-78064
26949
-81793
-68562
48222
-13634
-35374
-84145
-24566
43475
-96271
90685
-24944
22980
34493
-15676
78918
-64605
-6610
62779
77670
-72592
-69268
-11983
66090
-97774
58941
-10
80400
95540
48921
-87293
-2051
23866
-95910
8007
4798
-8673
74319
53902
-12695
7213
39344
34512
63586
-73577
62059
18196
48825
-57418
20253
45567
14385
8286
-88676
-92419
23836
-75427
35185
66891
-10078
98384
38307
92638
26528
6689
46766
59187
81772
-17184
13459
-56716
31671
30909
31497
-13308
39180
98464
16977
48743
75253
5605
46823
31057
39228
-65289
-26156
-86070
-80369
98440
-10847
-11398
-9667
85418
-20698
-90921
-85155
-46259
-43392
43815
17997
5846
80288
76980
11096
16280
-85696
-59700
-22159
-14287
-49295
59378
-64740
35267
-73263
72677
49708
-98738
-5352
35658
-33177
-24089
-49391
-74888
21637
65623
-3867
40800
83031
-2669
60306
-25321
-49723
15123
-97413
-32318
-40912
36176
88858
41821
-81034
-82017
98769
59368
-40237
-68507
46813
-69074
-93852
-53962
72107
91379
-43577
17551
39429
-3335
65951
18347
-45531
79983
-52492
-7547
-51094
94391
-48265
10540
-42200
68562
-63453
19324
-87206
-88277
-54210
83774
65010
76029
10303
19294
-78575
55457
45001
-75067
-65197
-82377
-11691
83987
-44287
77489
-17425
-87430
86058
-43657
-93481
-86342
90443
30266
39176
-19660
53803
-85479
-64939
-24914
89924
-17047
-76882
-7390
-12517
71717
-91198
-30653
-21007
53554
-33345
-9715
-36974
29644
-3468
54791
75466
41875
16536
-10408
94839
91564
2404
-39741
-27078
15317
-74149
52289
-87865
-83703
59690
67386
-41636
21196
-67735
2527
-77873
-36076
-46655
79591
-88641
95636
-9496
53475
-45268
78950
25032
-79744
-37149
1299
28095
-54695
24722
-39550
24447
24311
-53510
-60804
-69356
-31130
97410
-75880
-34234
-51212
80615
99528
-69420
-32887
-6383
-62530
-43871
8734
-72127
36092
51819
50012
17383
-34249
79221
14929
8145
-57049
-33209
88465
41533
98734
1036
-67673
-89585
18082
-50983
83063
-85410
80697
77069
92785
95656
16464
-44653
82292
80358
41560
47300
-31107
92475
-41443
-52374
-87542
-93883
9780
29856
76879
96726
57409
11733
-85100
-23363
-49694
34287
-99287
-17091
58044
-23413
-99833
-67681
-76384
43555
84357
25827
23129
39689
34419
-17006
-37420
-13488
53783
-34513
50988
-73719
72898
-61236
-89390
23595
-85875
54712
-44842
91020
-54859
-80682
26516
91276
-2352
33993
-80899
-36335
-96277
63435
-4671
60332
-73021
-37923
-24426
-79974
82716
-21991
-16344
-43289
95232
59235
72477
-41235
-10409
-79298
35523
-50373
-70496
9274
33881
-96111
39626
68939
90423
17607
-46735
33910
27483
7948
43832
-48604
-97456
44428
42495
51161
10684
88235
-58879
69310
18055
-18001
37005
-67046
-82844
51770
-58465
-98721
27709
9204
70939
23713
-76097
99975
13797
54113
85823
45956
-9249
79048
19399
-9245
62400
30255
50498
40103
-98098
97691
18303
6432
12728
-22266
-21595
-55926
51410
36120
-15692
-4653
43437
34421
58355
-7814
-61742
65456
95100
-34925
-18277
60701
72992
72231
-59665
-79165
-17928
2360
-72040
-91216
92041
12769
-32765
-80921
-17773
77148
41875
75701
56246
-93602
-23007
-27166
82050
17757
95892
41858
-48102
60273
-99046
-49301
62083
31320
93952
-89536
-21618
30484
-7564
52012
77216
-36305
-41644
60843
-64741
-92065
-88462
9666
-46101
63556
31399
-71025
-48145
55181
62545
63675
-15615
-41477
55978
-70389
-81308
-3010
19654
83606
1801
-93573
62377
-84143
49150
49903
46274
-85882
12724
685
53000
-43741
-83157
-35837
-46288
-52945
11324
-18565
-69624
16279
14402
-55683
-14989
-34905
-59930
-69550
-56959
88852
62726
-13629
98666
92278
63746
31136
71784
67219
-78365
-89444
-14930
11413
96807
33173
63944
97950
32109
-43534
-12208
-77902
-83911
-27994
-12982
-45869
16037
44561
-11811
-64662
-30555
85381
66799
-15391
-70539
-25243
22107
-38835
-48927
-46166
31250
97993
-19792
15807
95755
80606
20206
65548
58280
66846
-83691
79249
88743
-39856
-77096
-664
53825
85061
54539
43820
-21022
-45879
91058
-14727
54150
-54795
-22236
8457
90285
38242
70427
-48387
48698
-52232
28187
45245
29742
-65692
75581
59254
-29701
-10584
64344
-58558
85640
33228
-80054
77670
-23871
3762
-62936
-13708
-37353
-56441
-23488
-24879
16539
-9515
44807
5457
72370
58742
-94492
-17026
88694
19684
63576
-6536
10090
21931
-80568
74294
-22313
-70657
52712
33898
-41465
-85526
-9082
-11261
-34403
-37027
-56592
13644
-33521
75560
-17725
-53262
-33022
26181
-50478
55842
8385
10959
93935
-27503
42713
-29744
-11111
-30763
-20269
-11785
-79742
90737
-81585
69097
-83781
29102
-97287
-76562
-12226
30884
57131
-66356
23192
57624
-61089
93041
38641
86143
-91569
-90231
70777
36129
11115
-83280
7729
92569
29814
-73727
-43373
82425
-3906
-54579
-99809
84746
64374
-35288
75972
98416
49329
60829
-89305
90860
67069
79425
-49454
-75972
-66726
-93083
57788
30045
-75306
68005
-15759
-47696
68294
-62435
91806
-73862
26147
85052
12347
-6842
32190
41264
-35243
82725
52065
-42239
-43273
-50922
71684
70650
-68556
12864
-81559
34497
-32556
73372
-96491
35848
75097
-12305
-42901
51356
73964
-32139
95654
-69797
-32279
-86054
-24206
21634
60804
28641
75048
27940
56918
37288
20964
78775
-77176
93186
80581
8073
-59686
-91516
-81535
-87920
-99119
62108
17186
89054
95099
39130
1953
40115
-84768
-28782
19165
58477
48263
-22886
-34952
-82278
96994
-70481
48847
-25938
64663
-16780
58004
85840
34283
69146
-78327
83790
-96243
47515
50266
-65486
-53315
62303
-37736
77420
88919
-1214
26510
-79890
68608
31917
-88062
-25257
-31765
60705
92489
-22585
-43511
33042
82567
-4079
23947
95152
17027
85838
-60267
47936
45539
-87794
-54400
71465
-12088
41194
-32564
-74485
73032
65781
27169
-93558
3780
-71663
45248
28905
43942
-44131
24203
-12784
35193
-68020
14317
-16080
-81307
-35631
5991
-72899
77061
17910
7736
-44646
-71193
-58228
71657
-95725
70943
38205
20530
27011
-52088
-62851
-66484
98006
-46695
-99105
-236
297
51807
-93244
95833
78222
-52772
-17618
-58494
31019
37500
96434
-34657
4674
10160
-62196
-8822
80971
53546
16205
17913
-61443
38707
56623
98468
-14997
-95316
-69175
-95475
89163
-84769
-43747
-89295
-83821
-80447
38607
-20023
-95811
-47610
96241
71805
-79063
-81375
75385
-25818
-19104
2519
-82732
50174
86710
19455
70675
-6937
-99190
73240
-80188
37652
11176
-21497
-38372
-31592
-12083
61163
82703
-78711
-96310
-84130
80130
-62832
-48511
-30773
44440
77008
-40820
-65433
69993
-66255
-55298
54350
5969
6152
83905
79738
-55580
93669
90270
1954
-13313
-66248
19868
37229
43834
-57248
-98241
25745
-57095
-64942
-17423
58701
28898
-32798
35839
-4289
-77015
-12943
17274
-32990
82246
-11660
60350
-34264
63176
5404
26319
-37392
-10045
64615
82271
-23835
53029
45699
-31444
25074
45287
-50598
44806
7717
84511
-60929
16558
-49185
-62478
-33677
98330
-70027
65446
-48557
93014
-28569
-71147
-16222
94084
-51589
-49923
-37137
91780
-18123
-30219
-86045
-78418
-43404
-85702
57193
-93956
-25492
-82712
-24518
-47867
87931
-17660
65668
26084
44586
21750
9718
13303
14211
-57452
61738
49347
78986
-16103
-22544
-48395
27289
-26380
-17357
59651
14939
-35843
7627
-52431
-70555
48130
-27874
70192
11884
50880
-90189
-89567
-93849
21229
-87403
-83081
59522
-29326
35744
66234
47355
66806
82731
-28185
32221
71638
-90798
-93451
-99369
-39823
9758
44210
89977
50015
-14125
-25268
-23414
64001
-61417
-41236
-3256
25267
-72646
-16707
-67203
-89570
-63706
86475
-18182
-2901
-46428
39686
57395
658
77384
39205
-41930
-28592
-57989
86951
37129
97079
22115
-8844
-79584
-41761
-25999
54114
58104
54330
23110
-66539
-92333
53702
94339
49022
34064
-44965
-59988
-19452
96550
2596
87159
52927
73277
-77526
-92297
-38176
-59927
54412
-87392
70959
35395
51147
-58890
46381
34150
-65214
33047
59288
-30909
43570
-71967
80717
-40094
32187
92481
-65017
-80586
75303
13081
25925
71067
53793
57101
78794
91054
92291
29419
-48770
95177
-16435
19188
-59470
67545
26161
13323
73409
-84578
-52534
-44231
85906
-9473
-43027
-57317
71097
-14072
-26920
29289
29885
-23231
-98744
1507
47988
20076
-44889
-15654
-22261
88666
-88095
-22952
39330
-33878
-3817
749
-90220
-14817
-55507
-5545
-95276
25117
78334
66061
24883
-52864
21935
-27736
28286
-66727
-74847
65582
-40125
-57081
-86720
-3011
64180
87341
30840
-68207
-38043
2261
-17208
81138
45296
-97951
31470
88189
-54088
-3095
33090
-79284
29194
51958
-69089
-32571
32799
93914
-78276
-64772
43838
-43862
-8872
81926
-39170
-71078
7060
37147
-4823
-70797
40154
82214
42109
-48845
-74309
86573
44684
89281
-75497
-69352
-2493
69835
-95307
17056
97031
89278
4787
-25195
41339
75041
-87401
-49141
68830
42511
35459
60386
-89326
-39409
-40761
78897
68279
-5423
32273
23247
-81418
-59320
16255
-76803
82586
-98850
-71339
-40973
66328
-13672
39626
-90810
57071
-55416
66813
-35406
-32278
-70295
64389
-68150
18563
-15910
-26778
-76551
61666
95994
-86369
-53452
-43261
-42276
-47201
34110
77365
97319
11288
-55209
58174
-18355
-77203
-6078
68252
-53274
97413
37874
82662
-25304
60737
-26544
-72303
68421
-22966
-32917
-62193
-34590
-3581
51773
-36462
21551
-50082
18454
-72337
-34265
-93430
-4248
-91555
14438
-70582
-65170
-30372
930
59425
86969
-94990
37959
28970
27928
-73904
2739
-23036
98979
33172
63563
6121
-76124
95464
-53320
65056
62883
-44217
-11326
43977
59469
-59680
53255
37078
37312
-69293
48535
-46823
31542
-87784
75503
-14921
24843
59647
33745
84028
-56852
98129
95292
75209
-32674
-91242
28621
15336
-6744
-78480
-68750
-27904
-65889
97957
69255
-74845
-44532
87610
-9841
80645
-12229
-91462
24208
-81784
52451
-10410
-56117
83442
19501
17254
-4778
-93440
12323
-25842
35864
56596
80758
94844
77089
34121
-98133
-57395
-5917
-79641
-31772
-47217
-52079
74226
-39033
57121
-38125
-62819
-68787
-12489
5987
76764
-43543
-58246
90567
-11241
-59054
-55988
50347
-96582
-9809
41833
11354
68521
23326
85929
-80871
-70319
-63902
7009
-56096
-43046
5223
11050
47606
87480
-2126
15225
-99096
-18911
-47191
56365
82661
-6503
-94596
-11864
58233
60393
-31057
9748
93860
86510
91398
60871
60247
-10227
-75572
19009
21514
31364
14591
-36974
80956
-62116
-57829
30937
-69752
-54982
-63487
-5593
32737
-11243
17348
80897
-68950
-62334
59409
-45372
10100
-94356
74680
-34973
80469
-91681
-26149
95116
31905
-29565
13234
33706
58184
38565
23928
-78909
72076
-2639
1141
-60736
-89315
-1988
-57751
56461
40274
75390
-41390
-55977
24966
-61539
-57254
-53454
62285
-34396
1249
30941
71314
-36590
-68446
-8611
-88625
48271
2052
17029
3943
95482
-99201
-45225
52195
-99875
-14935
-54715
-21625
-74430
88029
38800
60880
-71713
-16954
-58606
96589
-16212
-56499
91095
-68265
-32491
8669
-72923
-75409
-76469
-34225
14236
69746
-78218
-43209
81528
86075
65733
13834
22068
-4011
14821
-30934
16393
-63909
-40369
-65584
-54187
-69137
35004
-13803
-31274
2771
-44748
12701
58453
-42073
-61756
-49567
77599
41343
-79538
-14185
43822
29088
32442
-18113
31847
48280
10315
22732
70781
32311
-66100
77870
-48077
93613
32297
-28232
72382
962
91609
-53069
-53560
29292
-64519
-99010
-31279
-79984
18933
-85408
39152
86232
24095
55404
-88520
-79763
-65567
-25905
15606
-14895
-3761
-46598
66134
-7716
-30698
-86874
33317
94737
-45294
968
-45776
46429
-63365
36307
-96692
-98069
84350
-88859
44783
78694
55146
-18097
41468
28876
26753
-86012
51228
91628
-4433
-92899
75271
-74820
57559
37830
2467
-96039
-25464
37897
39683
-49765
52942
-60171
21456
50004
-32987
-93846
79173
17254
73097
20804
83732
-51906
24681
-4318
-35738
-68751
-33863
-85294
-45632
-76431
-83481
-62182
88129
-15061
39909
96997
55367
69697
42533
74569
-43918
55071
2787
-31951
24256
43004
97947
4844
-11432
-19793
-94436
37457
23266
-9493
55413
48716
-38573
-13543
-27253
-79094
38150
77201
93836
57981
-61946
52916
95550
-56756
48744
71848
50033
27227
98133
-6671
5139
50674
-70938
4841
994
-58036
19752
26844
42620
-76418
46782
-24254
80722
51074
37862
85337
41467
-68064
-78700
-98273
74213
120
-22726
77225
-87130
74734
62313
-20573
-42384
68402
-37935
11045
7459
-18134
41572
38893
-12035
-87105
-88999
41279
66541
70401
63309
63318
-13115
-35976
8196
-12731
91149
-63352
-6516
-76497
34291
56128
-14654
-47201
29088
-28865
-9490
-84219
72615
15683
40138
-39602
-97641
54351
-72672
35743
-41424
74169
-88623
86701
-49550
-72627
93425
-18053
12496
78369
-42800
-83087
17540
81719
93524
46230
64316
19400
69058
11819
-57166
-49421
38043
27235
-12199
40002
-52957
-4542
88563
71188
79229
-48880
22847
58605
-79375
-51142
-37936
-5289
-68080
-68090
90809
13618
96559
67057
99621
96607
-34801
-3481
99331
-80571
8605
59167
-2658
75006
-47596
-19952
-69878
31074
-22912
-28013
56186
-71506
-50082
51094
-59921
92176
11680
-71814
-38197
22609
-3700
-47989
95044
26975
-72892
-58151
-716
-13834
-47392
80567
-98612
-3669
-55305
51343
-74839
-48619
-90627
7392
68863
-23720
5062
-1194
-29134
-23025
61929
-78971
-51069
87125
34176
-57471
-50329
71600
23115
-74276
-42572
6683
-20812
-59267
-1932
12591
25965
91865
89308
38893
13813
-17967
50903
83178
-31814
-31704
84795
47640
-98471
60511
31261
19821
-66367
-19856
14079
-16015
-17675
-70557
53672
48809
-2704
-31665
76749
-39269
-76126
-17231
-89109
94078
-87655
-77534
70390
75136
4283
62072
2667
-35085
-53009
40252
-68542
69525
26396
24451
58111
-45190
-66103
-43925
-19672
-97448
-39836
-8205
-10991
-43729
-37986
20536
-33069
-89965
-35789
88008
-46821
-5289
91463
-70939
52382
-39016
80620
-24744
16106
-73053
67968
-92562
-58920
-72828
-46732
86356
-59682
89260
36199
-69558
59649
-7298
-85072
28487
-12249
-6858
-36549
55722
-9654
36726
-86326
-744
66761
-36241
-23715
-62794
-75303
-45848
77741
24772
-85544
-40210
88146
48020
38978
-11367
35588
-50714
-3780
30006
32254
64546
25678
28758
62142
71986
-66130
-40718
76073
93753
-13129
7993
-96308
-6413
-80711
64312
-37570
29290
52585
-28315
-56671
75602
62969
19528
18119
84354
-97405
67527
-90767
92175
-91746
46220
63346
-38521
75731
-96299
-51982
78279
-45718
-91048
28238
46650
34845
-26736
94749
87086
-23122
-63128
-72178
-90988
24212
47171
23021
-48940
50257
-21850
61060
-33141
29023
17475
98526
-79262
-27192
-58141
62119
-26228
65685
-20498
-43601
9179
95134
-75878
-58995
17920
56833
-52370
2080
-58083
-658
1330
33841
-19575
59742
-95691
6324
61791
-55965
-24902
-82387
-81085
-85541
-99968
60592
26227
7102
84589
28416
-34299
-20329
-7978
-67111
-83901
-11312
-11154
20106
19359
44709
90632
6713
68500
-89477
-55158
-88693
36188
-8439
-33360
64411
19720
41076
28218
16743
-68225
58489
49716
67722
-91691
54916
-92128
62755
53831
-78307
-38911
-81067
97937
-9022
12166
-57112
-25812
42127
36690
62862
-19033
40282
80804
-4865
27681
73819
14440
85125
-31903
38728
13209
61524
56978
-54273
-36527
-24751
89438
-36195
-59410
37619
2213
-6996
36899
-58553
-55910
-10056
-91304
63821
-62342
-35454
-97345
78080
-68630
-40178
91829
14899
11629
-7977
45072
-2025
-67009
-11933
-64821
97113
-20400
70513
87243
31208
-23008
-2354
7949
8148
-4173
58695
67951
24978
4402
18936
5719
-66788
-79650
-56061
-34748
20597
-39311
52189
80303
81226
-21421
40322
13213
-36364
-47499
-84216
52356
-69861
54414
-93743
-5737
436
-83088
18779
7088
-73942
-47674
14514
-25510
59419
-8595
9861
9848
34489
96235
60117
48340
81169
-20464
-22007
35656
77160
6952
47903
-7229
-30207
63897
78653
26489
4860
59360
-34971
9513
50585
78754
-10873
-58612
45785
44721
-71567
76183
61317
9502
-19358
-16147
-99896
13430
29436
96421
-85065
-63270
-21801
-92685
-85454
-50113
-97998
-32267
-24862
-15170
-80572
-92836
77921
-89960
70961
91317
17978
48586
8216
13139
-68027
-37623
-52151
72475
-65867
-65317
-1196
83052
31533
87826
-50692
-91095
86860
-37147
35659
-54684
44426
-3284
9343
-6232
92410
-63880
-10078
8227
66223
26124
72951
-37138
68091
86012
51920
-79813
-8109
1185
-34819
97306
44110
53878
12062
-98137
96012
-64109
98202
-55724
-86477
-81981
-9944
97551
65173
18180
-31350
-58417
3245
-26918
-75430
-94464
-37432
-75824
54845
-51959
70465
-78260
66356
14710
60133
22862
-67247
-75385
-90443
-79739
4102
-89260
-39927
4814
56857
-67813
-7855
34762
-84620
-8984
68279
51674
-87592
39968
-53343
94906
13874
57641
-75566
11447
-47802
6265
944
-93298
-37496
-17670
-73504
-54685
52425
-68137
22093
21018
-98994
-42010
69000
9110
-78531
-91726
-74039
-20404
65265
-81244
-34476
-44221
12524
88013
70135
-39318
13868
78610
77680
75285
-53610
-91916
-58005
14294
31375
-16646
46952
-14220
-69142
32574
-453
24587
21115
-58158
95789
-51777
52554
56909
-30464
93342
-21020
43509
88400
19282
-93813
-16630
-60075
-34753
35341
-93267
-55675
57151
87346
-92117
92118
26871
-56434
45162
-85855
-34154
60471
-36881
85282
-57750
57297
-85302
99548
-87650
50373
-8865
-78630
-33516
57168
43537
81488
23131
-85448
-51380
79327
60045
-76199
36079
21751
-81528
-59235
73749
9815
-20857
38538
36863
-68880
-45220
15092
25951
-35289
-47156
-48300
41283
-42823
-61561
47793
-39331
-30854
44226
51067
-61333
39158
42419
36343
62983
33464
-88216
-51885
-54195
98536
-56059
-88869
48996
30159
83928
-56444
-6805
-91913
7450
22246
-63870
-90002
-11003
-60601
39922
20841
3469
-2990
-73990
-17724
82940
-84185
60407
34343
-18835
32396
-78929
-21563
-41052
81793
-3910
-60034
-12407
-54160
52621
-33116
-52481
86147
-95644
-53925
58789
31888
-79477
-23462
-9751
-35600
92170
63182
49668
59245
29803
-75619
-14634
46425
67689
6983
32670
-67717
-17481
24233
-77547
-90715
-2071
-38884
-80152
-23263
-70333
-27398
67409
52553
22365
-5439
-58223
12726
25967
-90609
-16884
-66287
53823
99277
-85696
-15483
68900
29417
21795
-52971
-93322
-20869
39961
-95159
-34988
94729
-36785
-56828
71569
-64986
-80777
-6287
40507
-35595
-13088
86876
47818
79627
16689
46877
43618
36082
42497
-23506
-14779
-20022
44246
-20066
-54568
14091
-71879
79006
1744
-72155
79922
-20295
-39111
-440
61158
13537
-21213
-27969
99593
-93340
14505
25847
34049
39998
-79393
6110
-43431
15623
-74089
36647
32862
-44275
-20848
-3414
78618
-64644
-16004
2983
77290
76986
-45971
-29717
31166
30864
80795
-94901
-24275
35522
-92652
83405
-54349
-95105
-39167
-91097
29896
-42701
36304
93791
-78051
83514
19715
-85487
96182
-43984
-37227
-95921
-67426
-47964
46084
10082
-10740
78315
89408
21039
-16175
-83120
-62738
58933
-41350
-96215
-1511
-96589
36744
-60475
45558
-73241
83081
14273
-13358
-8656
33938
-22662
24794
-71723
-47652
20188
44294
-26082
18361
14169
45220
-38048
99889
85814
-35011
63575
14845
-69697
22629
80747
99167
-93349
24676
39061
-39332
37882
-77892
81179
22935
-21654
-8937
91639
-87348
26953
37647
-71914
99173
29269
-82663
32700
-83460
-54817
-9841
-53500
-62482
76703
23128
-73403
-27496
50912
10550
-56815
-76623
-59876
79595
33175
-508
-30174
-86455
97064
-52280
-50573
-31275
86422
66845
33709
51479
-85447
-62554
-99553
10049
-36917
-33731
-9413
-87559
-62029
-30825
-36951
54917
-92769
-24522
13816
17234
-1014
-43131
74287
32865
-77731
5331
15298
48207
91569
47983
26656
-47489
-55629
-51108
53545
-91162
-12191
-18895
91965
26482
23281
-43312
-12560
-92456
-56240
43776
14745
94841
15495
73962
10314
37232
-83654
-91219
50394
-68422
-79605
99102
36573
79874
34075
10399
21173
-74743
-7951
-22694
54850
-38673
53683
-72933
25973
-18208
-87536
90184
-76094
-41506
12992
86717
50356
73958
-97949
-94776
54554
88002
27846
-13570
83167
-725
50629
57336
-35657
12248
-93878
96749
44149
67175
-14477
-8083
-39814
29159
-32814
24632
-10615
44160
22030
-91591
-96331
-94209
-82138
-12318
-11397
71554
-47466
-37851
52140
-20036
85714
31372
40963
47142
18863
23861
-11499
-61245
5025
3374
-40922
72654
-45921
-25303
-88169
6145
-97693
71836
97981
-74748
77
43000
67726
36273
-70553
27267
-28491
-74688
-65661
-41900
14405
13588
-34751
-97622
-17911
2785
-81107
-57750
82874
74104
-89019
-18700
-57974
96496
45272
-11231
-64355
-6541
-91831
-55910
54871
91874
-18381
12696
70096
-36442
-2906
96819
-53724
-25452
79184
19241
25576
-3716
58232
-3794
-94537
-50674
45219
11242
81834
-18966
81497
-34220
22502
-30461
-17663
-67863
-51122
-37522
-75799
-13752
77849
-26675
-96926
45165
45503
98514
26056
38856
84238
74546
45152
24121
57497
-89751
47194
15275
-30001
-70749
-11915
-18934
-25495
39758
29441
35682
-2307
43706
-80832
-39467
-84624
-17111
-51034
-34119
64521
-89927
-52096
-7604
10848
-6933
-26831
-70252
76789
31375
-63465
-61992
2652
45390
86027
-75916
44694
-86701
-98361
54493
1788
47191
-75357
35122
-3500
22793
-26952
-78790
75526
-23914
35301
-8128
46440
65434
21808
-9080
-19338
55779
8068
68525
-15267
-8547
35864
-7400
-30794
-49504
-71247
-14753
14864
-84141
7166
94200
3686
40635
-53600
51992
49648
-60956
93325
77868
76437
37610
-95478
-52941
-68035
74788
-15147
-17098
28933
93614
8805
24293
-68084
-3118
73609
-4912
-34582
-48621
64621
-15746
-50111
6229
252
34861
53099
51244
-5857
-2905
-25005
-84545
-14173
-55362
-55841
-35240
70584
96868
50699
61580
21973
-7255
-51439
-94654
6649
-28463
50372
33889
-18867
17169
93245
69018
-82266
-33434
-23828
37455
93030
-27373
-60080
-16162
-51007
-61707
-14719
-24241
-92195
-57980
68714
36886
-82093
-16920
-42283
-78332
-11373
-62475
42719
72208
81636
69573
55306
-22146
-22456
-55759
-68687
-62614
-63363
14380
29846
16307
-21408
-13637
6999
40967
42541
18901
-68800
-79994
89697
63763
-81414
88277
-45440
-22765
86560
-90942
-50445
25647
-20750
80079
7305
-55659
53346
-33955
-23714
55491
-56564
23159
13849
-96990
-1661
-5385
95887
-76292
-61690
40600
-74427
47450
95826
-32038
38098
67582
-82927
62668
51811
49977
-36112
6329
-96615
34603
9678
-44751
-68275
-51051
31568
-34957
-92621
64156
-87023
77812
64540
95069
72503
-49202
16789
67943
-17375
12680
47789
71705
9916
-66498
-32556
-76007
-21067
-23315
-6369
83694
-28983
80093
-81432
-51973
-65097
35499
-14317
-73447
-71145
16818
57515
57871
82629
40662
33258
14257
-75915
7212
