6800
97083
-27251
-71690
-42459
-55055
875
33102
25935
-16477
-7602
49733
-60070
-98919
5638
-37221
48552
-65987
91425
-8845
-91761
550
25665
-32093
-74236
-89486
79513
-39637
-80410
-68596
-34300
-4605
68261
-15219
44225
91981
-59955
-39298
41871
6378
79731
-13572
-95711
52329
-454
-57676
-21761
70873
82818
16270
-28167
47359
-8850
-17881
-88696
-66525
32209
75446
78274
-65787
66933
-73136
-80839
77997
-92665
43590
-20302
-70752
38178
-30292
-58755
57774
23286
-75467
38198
62888
62037
6266
-28522
18608
-53350
-19943
76406
54889
-42634
-73286
-87134
14221
-51240
-84243
61014
56924
69816
83119
7192
19122
-127
74828
-67215
-26318
-95207
-89122
-92919
-96418
75214
-67981
-44642
43273
42142
53196
-7903
31139
59811
40130
-94547
-84109
-90599
-7292
41956
-43804
-88882
40891
79336
-88266
14885
-17586
82867
-61483
-30842
-20671
-22828
42055
-86683
-15240
-64377
-64898
54894
41370
67119
26381
-26870
27473
-86670
8888
66257
72173
-33167
92196
-31988
-54744
59427
-75667
-98907
-79932
27149
-44458
-29522
-57263
-93728
50715
89546
55819
-80402
72163
89660
-69729
-59126
91985
-36342
36174
67068
96890
48461
-94933
-15906
2865
84504
36286
-13673
95997
42307
12619
6577
66604
-26157
-78356
60696
68353
5767
15195
-88783
96072
-57727
-80436
15700
83595
-4081
59575
-18968
-29091
-62762
-87501
14362
-36909
-65958
-83522
77690
36883
33580
-20903
-61070
39812
-83087
18704
56931
82533
12810
50200
49501
-49735
-55515
-81136
-83013
77024
43552
37866
-4071
86914
49237
58339
-21708
-12508
27654
61742
-99364
61660
-15898
-43985
11160
-39391
-81470
-94622
28438
5756
99914
-62564
-38771
-14949
46656
-44118
22065
53124
34684
76310
-69294
41383
62873
-92152
-74862
46604
-72960
46024
84545
57195
36239
-58079
46103
-62822
66021
-33567
-10291
31265
-4723
60990
-10152
23145
75268
-72877
63939
48467
12136
74183
-59417
57830
-46912
1038
-90806
68960
9826
-36343
-42222
43373
-57979
52489
89508
-70539
-89309
-64143
84894
-96368
48522
11833
-49299
-92075
-43328
52623
89099
65424
14097
33816
94744
-50223
9783
-12972
88660
-8031
60068
73055
-35721
39824
98542
9619
-40531
57514
-16617
1803
-56079
-10104
-72136
-47485
-38651
-1086
69898
42267
18251
10946
-16559
-53830
12932
73652
-95066
-90737
-82910
48921
-8929
-2061
53451
-12549
36381
-72022
43949
-45061
78769
-97079
42424
-15674
-52053
-51151
5053
-66074
87745
44153
-37279
-29644
-46759
44714
24701
24812
67251
-99997
88790
64729
-20682
-67555
-50188
-6801
-94314
44873
88097
63991
-11234
5334
-30465
-77915
-6369
-41521
-69242
37893
86581
-96992
-49894
39316
-70350
-98760
50245
-97685
-2070
20362
-75562
-99306
64091
78767
-37867
33475
72694
-90778
-86879
-73962
25550
-70981
-47768
-47399
-44452
-75131
54403
-3951
22253
3336
-58452
52332
-94103
-91589
-39011
81238
6784
14117
-42554
60330
-45390
31905
9193
53382
19771
-14272
-47146
4855
95130
77453
98622
74643
-30787
-71573
-1801
61286
95563
-94309
93131
80324
13
40666
-69635
-61314
36218
9383
9689
75119
-31459
-3934
37751
-40906
-88987
-71920
15692
54142
25737
-44485
36396
98296
-60778
-91529
61792
3626
-35370
-86849
-79137
66273
-90210
13437
30317
68610
-96459
-91416
-67571
-26113
-94244
86920
98660
-54299
50239
-63339
-4308
-69359
-93450
50813
16529
89027
81592
69189
38572
58506
-69475
-55161
-26919
351
95949
-38439
33015
-60210
-68150
17550
-14597
-17585
82520
-65898
-78927
-56525
79173
35073
20049
-5062
3288
-47008
122
-18239
-22118
74316
-94707
94872
36987
-86656
-97751
-52558
-84829
-16479
-8514
9910
-91177
-74657
91792
43634
-65149
25651
-10166
13871
23530
32840
-54532
31
2343
-28106
-31949
-42253
-98018
-61527
99252
39049
-99451
8544
13972
-92093
-78007
23186
69623
-13581
24606
-17237
-52317
-18318
-87706
-82317
-69440
4560
21565
44368
-36114
11813
75167
51042
-83517
-6394
47990
-93364
-97184
42131
52356
-94253
83119
28462
-74902
32734
-75397
-4282
76947
75293
-63637
93969
41024
-38457
-37796
-63400
75696
-20933
78298
73708
96363
-13560
38523
95094
-76565
-10168
-93607
-67668
-68952
59751
69354
-75552
50623
80001
98814
77106
78462
-4823
13204
30758
-82034
-21177
-62312
39248
76413
22745
-4803
27756
69288
858
-52045
35146
-22911
-64897
84229
72678
10179
-81058
-52334
49622
57583
90090
-81050
59868
23553
-97255
-72395
69659
8884
77670
38899
14503
-98065
14514
-93677
40245
-31349
-31098
62042
19825
85441
-89869
-53090
-70737
-2507
-28902
-66080
23673
-61735
-41784
-21693
19783
-36417
3833
-18199
-15540
65600
69630
51305
-94995
79746
-77575
-69266
94092
-36376
-40444
-21265
-18685
-77988
-56463
45958
-19923
-29134
-87700
-25360
96350
-95687
42493
-19872
36978
-16669
13994
-81024
9155
18126
25337
44037
81524
-50834
-23149
78637
-88726
-25767
43780
19672
13275
-84177
56479
5952
-62850
-33372
46847
78359
-77214
51948
-5016
56956
-19685
77634
-53813
51801
23446
-91372
34216
-37925
79438
16398
-68530
28815
-13289
24065
-63810
-71850
-24424
79728
-32210
-80764
-27818
-45705
-13847
32795
36203
-86695
75091
32543
46997
9508
38731
-97962
-78230
-55997
-66007
-40290
-57622
90208
-32538
-69014
59245
55347
-70373
43419
61179
26604
49570
36535
-65990
-64135
38361
-65016
-64126
45876
-31547
-56685
-53107
-90963
56338
36084
-6902
-73457
7224
-25197
78544
98353
99578
-56507
31343
-7621
73417
-3455
-83101
-2701
-66171
-33092
-63774
-71197
-82333
58084
-39980
95017
-44951
53430
71843
-80485
-16618
11133
1384
4244
-79392
92776
-70780
3616
-55659
-37754
66384
448
-93661
52704
-51540
18906
57395
96371
-31244
-49216
86383
36488
56785
60763
-24667
7794
-74389
28211
89987
96292
-14660
-77794
3522
66924
44032
22596
-62560
10704
70921
47242
14213
55235
79918
82019
59655
43972
38115
67311
-98423
49812
-62172
-27954
-75202
25362
81932
-39418
-73525
-42764
48322
29005
56587
-80412
14482
30707
-38612
83381
33754
57006
18678
-11072
30683
40388
68268
-95073
-51729
-8049
40203
81349
58202
58928
-43217
-78983
33464
34707
26965
-17171
598
-55398
-26949
-36609
-5283
-55448
-95452
-7477
-40343
77197
15544
-18901
3769
-80823
-94969
92044
-97410
-59329
22574
-37074
-45418
55927
98002
-14537
96210
19216
-69046
-20491
12147
52800
-10983
2351
20660
5193
-70952
-53530
-50495
71931
50291
-91347
-61883
28832
31498
33698
91617
-50105
72567
1608
23992
-61328
-8913
-71230
59367
-78703
89281
-48722
-34926
-80637
-98308
-40164
-89702
-13556
-5970
35498
-59478
-87479
-24250
33406
-22351
63416
37467
58590
-10774
34080
-71355
-87889
61142
48285
82729
-79160
-91188
13132
275
-18830
-83290
-16305
-58628
-50754
-30371
-48195
-3414
-1405
41839
-93463
-17417
-18957
-40516
29389
69289
72345
-33423
-31916
61824
-34190
88539
72001
-56113
-75675
11101
43583
56066
58079
-62275
99077
23166
-83441
65368
-99227
-6874
-37637
-47178
-18510
-55239
41598
2360
-14516
79576
70878
54254
-22774
-94171
88910
79621
-55998
-73848
53181
-87459
15479
8459
65368
41145
-77664
40421
45283
89168
-87407
-85100
5999
76224
83913
32547
-46215
32674
-99753
63499
59231
17912
-98327
22902
-83392
-71165
66098
40926
84526
-94094
8631
79700
90834
12212
-29641
45213
-6435
39022
30837
-82697
-32025
-38199
10531
63929
-58842
-74398
48108
-59240
-42229
47909
-94050
-250
15612
85940
-48269
99316
-99862
46912
-24133
-775
27472
-45829
45351
-46901
20039
-95452
-44428
8041
-99321
-91199
-70799
53659
-578
99435
41455
-37039
14982
-89533
-63931
33193
-18937
-54717
-17091
55756
-5015
79087
-41697
-52424
10483
-64279
1367
-98152
14917
43044
26181
-58738
62190
5617
-38942
-56365
42923
-97931
-73654
-75466
93437
-21508
74922
-2560
-73946
-65242
2374
25337
-5121
-55233
-89177
87811
34745
4653
-26976
54307
-77330
-9342
32380
87904
31459
86193
79942
85572
87453
-20322
-16843
64575
96668
92046
-53519
-67925
66936
46974
78598
939
-15081
-58609
-26268
-38868
90185
-22754
-77872
-61811
46528
45170
36651
29723
6511
2319
13981
20981
-88643
-26073
74718
-79601
-18906
-99088
-49631
-9967
11503
-2159
-39843
46367
-58876
-57674
-46407
-88268
42223
-958
-20013
16871
-14793
-48988
55213
-10736
43923
-96317
-61836
-52860
46665
-1261
76270
51387
79016
-52215
41984
-50285
-43106
-88917
-38822
85230
18807
-77312
-85888
-44810
35955
26215
84917
14528
-97534
98116
-49466
-99570
34590
-76523
-43984
-80017
43781
82979
45487
44097
56082
-22637
57060
34455
-55881
89820
86113
73589
68249
-26541
63189
-17032
-95032
-45087
-25265
39379
-72998
-32617
68400
50675
77795
-45672
-69454
-8572
5266
36276
91855
31693
4971
65750
37071
-98249
-64676
-62253
-84047
4587
-74049
72162
51893
26520
11627
57259
-22972
87572
-25289
-98888
-60483
24410
53708
23176
-51043
-90254
-74458
-13118
91530
80494
-64281
-11705
82812
-38128
58968
14240
-62199
40585
7037
83863
-11445
-47460
-53165
-80607
-75409
-81503
680
-65288
-5731
-55450
60823
-34297
-74369
-29840
-75361
-81793
6385
-90273
60384
86023
83715
-37969
63857
-62512
-42067
-83749
43296
3526
70224
88732
51015
-54622
-35227
-39665
-8761
16732
-91836
-48588
-38364
-42306
-77997
-7342
-8707
-37292
-71607
-59335
-44122
-58176
66974
40351
-17052
-22806
-51823
-72020
56516
-41132
-85483
37905
-54952
57931
-20711
-62317
-7601
86777
-23565
-44250
97520
61848
-472
-78156
-66061
-18431
-67750
65341
-64452
22946
5903
26520
-60876
-12018
79002
45975
-49658
-98385
83368
82376
-12557
98582
-63192
-68776
47251
4723
-76648
-63981
76009
-50080
-27479
24454
66273
80727
-57138
84742
94056
17669
-7386
-60023
-90008
33462
-66428
-50831
-53281
-98641
-18665
-44759
12187
13594
-39301
-28632
-15788
-52324
81307
-48237
65190
29059
-97792
-64065
-22551
84443
-43461
-7340
-64081
38112
-36373
36173
13465
-50675
52716
-61605
28054
-74797
-13284
32297
29881
-19675
-47733
-18885
-27786
94256
90751
70512
27386
99368
90656
-28890
40292
-84610
-97658
-87620
355
-70163
-23074
65522
40301
75508
-19277
4141
-89128
-37922
77279
73304
7641
5501
91149
56996
-46120
69813
2409
-63121
-66388
29172
54887
-16254
-3400
89535
74157
5749
5729
-60824
97438
34989
-40533
-65572
44996
19718
-31889
31192
-99751
-37749
4027
956
-15950
-19422
-56762
-42952
83593
-83259
10062
-54365
-19483
55211
-66544
-59222
-41432
-96571
72675
-44699
47669
22820
-26894
-5883
98812
79927
-50156
58730
-41245
37298
67850
-99631
52818
-66805
37524
94763
64859
30174
-50128
-16440
78469
-94799
50352
-96846
-62156
-44079
30071
62679
44406
-3493
84751
44126
9324
-92009
-87126
53338
77459
-58306
-96204
-82404
3310
57244
-90671
13794
-36590
13200
77496
-78098
-41331
-9807
-77333
-47246
-26572
54795
78482
22951
43784
35015
79475
-11139
-87548
33512
-51951
88173
74630
-22478
52062
18922
34135
-45979
-35235
-27851
-79335
4775
54233
21968
13836
-42625
-48517
-22198
75069
-97731
84620
-30343
-22389
75384
49224
-28346
56279
-66768
62875
-18846
53063
82065
-87941
67543
45495
-63911
-66975
-32967
-22466
-89264
1765
25915
10840
-14474
-35019
63198
88693
-1413
35057
34819
-62947
-6232
-33690
49122
49726
60059
24358
-83757
92564
-21265
5120
98762
-67725
39418
-49694
-83232
-26764
-39440
40455
-98484
83194
12068
-63010
72624
-50465
-24273
-71687
-26288
-53376
-70871
-32722
-35
90594
-82348
57486
84079
-77632
-78119
85695
-44718
-41550
-43542
-6727
73463
26235
-21434
44185
-26996
6447
-83045
-10587
19430
-57729
-56379
-33187
99161
-95581
-39115
62458
96106
-90333
48621
33030
-47460
-99199
-54489
39639
11110
-65722
-82155
-78807
45382
-91224
-13820
18839
-29585
73556
-81062
-93514
-81570
-3618
-35010
96078
1419
-74365
-53802
-69450
3706
18903
68587
22667
-88400
74127
-58006
-78643
95939
-70675
41092
43286
24587
-96444
-63500
-13641
30133
82727
-3552
-10704
12854
44018
-87463
-15476
-88485
23668
-35011
-86697
46719
-96776
22076
-82115
-29097
41711
-13705
92225
8999
10619
-76284
99734
1943
34842
32270
-15651
6368
55981
-29094
55100
-35743
6820
52516
94103
76046
8840
49000
-31634
63431
-33819
90620
79699
-34297
-19374
30234
-23098
45875
95007
-30532
-79121
55442
-14375
93856
-50121
-59748
-14404
16363
88771
-68885
59702
-44758
-6963
5646
34388
243
56353
75965
25419
-85526
62322
5222
-99163
72927
-84713
-30106
56327
-34795
97253
81619
17243
-79778
-34903
89398
17502
-37727
-80510
16854
-70393
-1538
-30823
-25425
86099
74184
58623
2626
-27158
62129
-24607
30982
-25425
-48828
77866
32828
-49687
-62389
-98251
-98720
79817
63248
20974
34299
-86249
23617
-56956
981
-58563
-31700
-33652
-6136
93296
-7958
86005
-49680
38647
64857
-60700
67327
65689
-32446
18604
-18195
81447
52505
-91925
22732
-36317
39010
-10876
89913
46732
4720
48564
31919
82055
-80120
42323
-36555
25196
66661
-94230
-45320
-29526
90965
-90261
-56205
-71913
75201
50065
-6646
56663
-15798
-77611
-48265
36072
95374
-45686
12891
89161
52745
-78315
21878
62149
96600
40013
-88974
-22368
-82087
22315
88474
-24420
41583
-4306
-47512
41640
-14494
-95922
-23301
80998
-15901
-32934
41319
-85736
-83604
91376
67047
95718
-12090
69017
19693
-33714
-33052
73919
-66342
-26392
49325
-90805
-95223
-96555
10135
-61537
98054
30276
58223
28909
-1571
81760
78709
-8014
-11188
-72614
-56669
58195
5146
-81714
-9842
74130
15809
92564
39910
-65619
-79802
-55194
97560
3795
-85014
72297
17426
98755
-48135
41818
81446
63044
-77953
73110
-28792
-71685
-79462
-1659
3378
24428
60843
-43739
-69657
12240
-55642
25007
-47661
4366
34121
19367
16017
-75558
-29590
68293
-14137
68967
7272
98555
52716
-88118
-57661
-40861
-15062
-59540
24904
-48953
88735
-52564
45989
-7412
70205
84815
-74213
50235
-26224
-31196
-53808
77997
42015
441
96196
-14125
-73940
-66125
54236
-28129
3735
58382
10522
-69997
68447
-22606
-37714
85604
-57465
-91794
-87195
32842
93783
-54957
-31424
-83737
47353
61551
-78688
20817
-42876
77605
22876
-87938
-74985
-51418
68341
-75701
65435
-40626
70369
79273
73834
3165
-48765
-7771
-63858
-79216
-88132
53330
-16543
-14949
17115
67540
20884
43014
-60496
53516
-8692
88993
77822
-95525
-6745
58533
-63154
55637
67997
26153
30304
-54588
-72767
-35906
82557
-75306
32101
21159
7848
35748
5981
1272
75059
56671
-45219
-91446
74605
-64423
73660
13016
-20103
-3475
-9063
-8903
14842
-53171
-37412
27578
12074
-59226
-26218
92311
-72182
76402
-2878
90902
40499
-4007
-29395
57089
-99060
-15419
-69071
89406
73429
-27199
2525
88844
-79521
-16628
46961
93596
-70818
62464
46468
7946
93207
-56166
-28792
50550
22387
46181
-74586
-61181
94390
-12280
85379
49900
-1271
51752
4452
-45506
86259
16507
77934
76086
40806
-81045
-22330
-37321
90742
32290
-75625
19751
-31964
-93832
61682
-71256
55449
38391
70735
-29778
-83154
13255
-92175
-64702
-81240
28731
-40088
47186
87873
90486
-75280
-74830
-16415
2363
10167
73075
-97876
-91695
10812
31070
73844
-76081
62099
-98866
26255
23177
36421
-12441
71044
-89577
18260
55607
-61537
-68353
-30949
22055
32548
-27522
-32620
73437
-81504
-20744
86132
34034
55579
89593
7281
-6005
51113
36839
95395
-4714
-97504
-96761
-33592
43555
97891
48488
8802
-67172
8221
51311
79803
-57117
45386
-56896
-55415
-84410
-40081
69254
-15764
-80735
53674
-98272
-1005
95953
-44828
-20567
-77889
61392
-82270
19809
-11360
27378
63931
-76355
90203
88315
59556
11079
-71443
45147
37671
17331
55593
34951
-70798
84032
-62371
6964
-61620
41991
-22125
-67854
95906
80100
-91277
24484
-73280
-706
60934
43352
-98277
81204
22933
22727
-16950
-61083
23151
11178
-22251
-12068
61834
-24010
-31514
51095
-98303
3318
-35363
-51790
97084
-25276
67007
-93195
93934
16484
-37106
-32585
43127
-43907
-95373
17836
-36311
-67467
-4072
17938
-99673
70760
71186
-50251
49961
2692
-29700
-24550
-18147
-47036
-4129
-1650
-95704
-80314
90957
68107
-52342
43531
25805
51715
22880
40651
-7888
-68020
-69054
-6413
-14142
6185
25996
89340
92060
-26319
48443
5801
35159
-9953
87789
11933
-10469
80501
-61814
38678
13781
25485
-47806
-77430
-73338
18237
-62164
4508
-91976
9702
74510
-58117
-67635
8409
6394
45144
98032
56295
39381
60225
-92948
34564
57587
-71073
-33573
96727
38942
4296
10486
-71135
77302
-76542
-89588
65095
-70734
-53675
-2354
-97475
89028
-20596
-96505
86161
-35557
16136
-64792
-88174
-49662
-55808
-42239
-34405
20454
-23528
46604
83583
-51532
57117
6884
-93294
-40799
13531
38995
40466
27267
55323
57544
98737
66780
17917
-85017
65600
-21064
-64210
-3205
-82823
61356
-75963
29575
-66839
-31554
-65921
-73542
-8648
9251
-22827
-63552
80663
-97117
-38344
-19723
-31804
23193
-55703
44916
-25155
50070
1910
-82674
98559
-27738
-49324
791
-62855
-90262
-43242
-65318
-19694
77028
-81720
-69140
-36972
-77678
-64534
54494
-24909
-57935
-67188
39884
-53314
6754
-15229
80146
13793
36202
-16571
60510
-40236
-9196
614
42913
-12124
98097
-77840
12768
-67108
75904
47192
-60825
3472
17128
99683
2396
-17787
-71583
-76203
-42575
-97856
89651
72913
-20493
-6678
-5481
9042
43520
-52132
-2246
-70972
91413
39117
78111
-73792
98437
-51947
3043
30755
-83194
-60387
69660
80074
6246
10022
25755
29291
-70629
-86542
-51695
93267
29623
78418
6414
-34760
-91270
-28723
-48860
8826
-4414
-40726
-6614
-20805
25437
-30629
70557
93847
-29057
75142
39008
-27134
-41713
-77839
33252
-40771
-64293
29192
-91038
-96267
-83796
23502
-73403
-36424
24565
-2978
-56922
82708
89381
49885
-49937
-82034
63772
-95041
-98272
-45060
66553
71794
39792
28608
83410
-68118
-89397
29665
32381
49098
50746
24007
95755
6252
-51743
-15277
61781
-15475
69281
54937
-13010
36568
53982
5499
-80904
80525
99739
14115
48338
-86770
33536
-86436
-43985
-17722
81406
-74867
36226
53238
63753
58068
-46955
-92322
-82556
-64197
-81287
-18172
-21381
-22630
-25512
71396
73481
7753
20902
31092
-30246
43583
-20746
56786
-8501
37580
-25047
57932
-97618
-83665
-1471
87756
-72023
-46315
49747
-56482
-71171
74927
68187
51871
-47387
-91602
47786
-96379
-25259
-39266
48762
18309
-55199
-64036
42146
-59163
95423
61749
-63516
94942
6949
73949
-27036
-9363
-25524
-64311
-8076
13046
-73705
-45591
-68470
-56619
58252
63685
-22701
90691
36992
-30797
-35936
-63774
-69294
-16461
-36802
-90650
49741
76007
-69659
-56289
73905
41393
28230
7398
26700
-61461
-62457
-61916
-64319
98494
31051
-56646
14890
31
48426
43152
-63142
-29524
-73920
-72194
-22725
80671
-98975
94544
51670
81324
-72406
12089
-77006
-14211
22003
-56040
44115
-57080
1888
32927
-85021
-6199
-53545
94118
72239
-80223
-21300
-2805
-17912
-89717
56055
45891
86730
10103
89063
-44094
29945
41669
2800
51395
6278
89567
-19520
-85708
58866
53747
79120
17857
46218
-7668
-41866
76220
-45360
83020
97174
-23130
15866
-25592
-36423
-48675
91667
16512
-68746
-25119
-89792
-24071
-23604
86020
50206
-49095
-11822
-94802
36358
12830
53829
-98230
-73230
45340
86337
-21487
86905
-751
76747
-48591
-72778
78727
-35957
27609
86215
6405
43415
-16604
-94607
-85486
63786
34655
45601
92359
-85837
-17479
69453
17616
7434
-27194
65721
-10113
-60803
72048
50710
-58612
90889
-24198
-62651
-35475
-540
4082
23289
34830
10359
-54093
66874
76206
-21207
-33388
91397
-67050
32791
-1807
-22576
-92298
-34785
-99628
-87700
-69475
55836
40511
29764
-36076
-29908
-27176
98370
61016
-81684
48113
-92463
-11533
77061
20915
34301
84278
2272
-53656
76854
65685
-9675
-36126
-39757
-93665
-4671
82250
57458
-8744
21654
-57464
9438
-54860
96332
-43444
55114
-333
5781
-5512
-49446
80212
-50834
29354
-32254
-14985
91762
99561
7461
89490
-22391
2475
24671
82767
73725
-24192
-45858
-1791
-76819
96031
-34133
-23550
-58406
-29429
17351
-23510
-61090
67362
-5328
54638
47677
-47166
-70717
-83246
4180
3992
82875
27340
76526
-59257
29271
-8841
2038
63281
27098
45808
18374
55588
49388
-91247
-64610
12580
-67810
4424
-62544
37265
-17077
93843
94551
27957
-5542
66522
-57304
-57812
-91873
78056
76001
-64400
24737
52232
-8577
-33984
-40522
-75720
10987
-45011
-7733
47436
63636
8449
-40896
70946
31896
-33652
-69008
-86338
92187
-47668
-1458
-44542
-61317
-96712
-35094
7243
-84582
-21271
28371
57130
49242
10726
48151
-4099
-33881
25034
24550
83498
57133
40916
-32555
-36425
-6741
57995
16510
-88951
-29921
-97588
-31804
-17096
-87455
-11598
20340
-38325
-19956
-36128
4103
89621
-59946
16109
-66108
42411
85313
21677
-20414
-64256
97514
12120
-71157
-95264
-58241
32090
18461
12997
20366
17334
94986
-18727
-57608
37399
43967
-49079
-91580
-10763
-59551
46146
39056
-27680
-78317
24395
-91486
49389
26324
-22401
-18852
-84422
-15930
49061
-84594
39647
25289
-69266
88166
-95054
55558
9226
-27838
41463
19336
58663
-82970
23011
89924
22279
60169
-69173
7929
54588
-31926
-72274
67506
58755
-49152
-26981
89897
-68421
21614
47744
-4410
-4032
-65898
18833
87428
25577
13412
89937
-56267
46618
-98293
98944
-80484
-36666
-42323
52066
-2632
-13564
-55308
-13401
71008
-5619
-57218
-29892
-73591
21840
-77131
32813
52901
54834
-74052
-45835
58470
97253
-26043
80996
6368
73124
-92481
-87509
-26035
-4856
-33299
-87737
90026
-20598
93714
-30968
-60034
-11754
-83192
12797
15162
86152
-82511
59070
83132
46085
-4796
-41002
67886
-4999
36937
-59126
85067
-74264
1568
-73654
-9022
-8269
47482
-58636
69875
80298
-17493
31935
-77418
42440
85848
-76918
-16325
91663
-68853
-80255
91691
57281
-3163
-71127
-42898
81080
-26957
46090
15910
-35678
69529
28918
37017
-92963
-92822
-59719
-74292
-36309
-99494
72991
20682
-11950
27723
95644
50116
-52141
-94269
7388
93010
-83132
88511
-2136
42136
-17332
-43039
-65935
52675
36091
-27964
48445
-27085
84484
55024
-83797
-8013
13720
33449
59236
13411
68383
-21598
86752
16887
3989
40335
72082
58392
42176
-85224
26482
75496
1417
-79127
-70427
11299
-14338
-47770
-28470
-67935
74851
53820
-13853
71223
66993
-75437
-25186
-49667
90860
23199
36735
-89621
-55388
64854
-9043
-2211
63048
15484
89814
45430
-97503
-28583
31615
-95776
16563
84493
-11349
-9295
-44565
-17862
45927
-78039
-71676
21471
86704
57752
-14595
73733
-47358
-7331
24047
-94063
-61121
-68088
71117
77498
-14984
97953
-35779
95701
-102
83138
-86643
-27828
16888
-54113
-4973
93550
-41808
-65690
22630
-1504
-45059
-28223
-7565
72688
601
-7367
84988
50122
59533
46516
-32269
66883
-90794
11743
-36305
-64429
-2123
-58009
63177
-90080
90836
-62560
68246
-97099
-31088
-84023
75584
90833
21543
70055
65923
89116
-58177
-52531
-25407
-5323
54545
15613
-64829
3750
55856
51049
-96563
87481
-18758
-96942
55901
-53980
-73702
-30894
31744
-93153
-44489
14516
82960
-57898
-90052
-42303
-53491
30010
69957
-14442
13335
-83726
-19677
29808
92485
-95824
94924
16394
15654
27742
-23454
32797
-90734
-62410
91230
-1210
27179
97073
-99687
-92154
77045
71703
-93321
45411
-66353
23477
-90960
48043
38542
-72339
15932
-24936
7157
-84697
-5798
60815
72594
-74586
85310
-9021
-1865
-54475
-91499
95799
20884
-44481
3958
91616
-65298
48254
-38874
-3032
92926
844
97288
-72433
41256
50517
-76897
-57940
96598
6766
-40255
-57710
29041
-99202
-72613
63821
35580
-52198
-22181
36556
-3699
-44433
-80194
-95528
25832
26904
42550
-10302
39801
-15536
-62729
-61732
-59794
-54719
-10658
61341
-86609
-11397
-95874
-21144
-44293
81024
8841
84646
57888
47420
-87784
-73841
-87786
56146
87575
28616
-8711
-95599
75024
-82585
12834
-12091
-35950
35666
-9055
-4566
-85058
64709
-24424
-6148
-39699
-29518
-51081
-27350
-30975
11330
-89841
77800
-49593
-1222
469
9123
8454
91961
-21130
-94000
-73433
-92323
-72687
49886
-48640
-89850
-94634
92682
-48449
-31246
-583
53840
55663
22279
72850
94463
7082
-29584
67284
-71258
-95204
-38817
35943
-63510
-70353
65584
74981
2297
22168
-51602
43694
36953
71421
-39186
-49943
23834
77378
-31079
66583
-94870
-76817
35464
36949
53383
59071
99848
63918
-86897
-77816
36860
-66726
-39629
34434
97634
40984
-38134
93813
23854
-32669
-60094
-39229
-61614
-65900
83889
57871
-50721
13331
-86199
68809
-44795
55803
22250
-93288
-22026
29834
-41902
-26974
-25367
86529
79983
-65285
-77765
39198
-53227
18151
94255
-80396
18251
-5234
-56490
-28828
45888
37115
-80438
49402
-8421
94672
63636
-69594
-55760
7050
23022
23637
3534
29101
-74206
71211
-64459
-16564
54737
-15521
-57371
-78345
-43953
-97356
91409
-50047
-59668
-18032
98803
40940
67342
-30149
22457
7859
-19463
-97803
-40035
84084
55793
26291
-3054
45561
43447
-28744
-17126
40866
-75090
99021
26356
96688
19041
65565
4211
51312
42142
99631
49834
3970
48570
73280
-35452
38661
34104
16572
14000
28193
-12923
37465
-90887
98288
-30374
-67184
10739
-6455
63684
-78727
-95215
69867
90304
-91517
-63916
-41597
41600
-88051
87070
15258
-92790
-15581
22181
45342
-84544
-64744
78659
-64309
-91526
-25284
72937
59062
3791
9594
60404
93174
-6221
72081
89624
-7057
22394
-18323
57592
11772
-69445
-71647
47000
-6279
-41329
31939
79594
-60374
29817
-57179
57732
56267
-87456
4523
-91405
-98700
-11401
-76338
-10519
70633
92925
-62868
51857
-38276
-50464
78921
71940
74591
-82179
5030
-85421
-68278
26626
-17348
-18876
51205
73077
-3115
-57125
-78637
2445
-67832
-72115
-40709
-67714
-93873
7130
-5900
38738
-44410
23347
-67156
57843
-19134
20630
-87819
-48187
79052
40699
40396
-51472
-73735
-44250
-46392
82747
-81945
88925
-64420
-98796
84886
49780
91016
43244
5728
-57980
74018
-89921
82070
-87814
-66307
48561
90617
-84277
22323
47252
-65774
-96699
-87147
-33146
-57297
-68607
39147
55992
-89798
-35147
-72151
649
82167
1766
44081
-28208
-70247
85690
35071
-26503
54594
80811
36470
4614
82262
-25384
89028
-98825
30075
54134
-54668
34949
2415
52387
47248
81415
22853
77211
-44240
58040
79549
23363
-82397
56720
-85377
-39005
26233
-79794
40308
30705
-4244
57367
-11263
57992
35497
87160
-74911
4792
-40130
-64888
-69986
-67978
-55647
11241
93868
70644
23258
-33235
54498
-46388
-76914
-1388
-16554
12437
49002
-46540
94739
-54632
59816
-49166
-56839
34333
-20543
31276
80818
48606
79151
38201
-32435
14429
-12450
47752
63800
30417
24494
68133
2334
-20164
54311
-29478
-10533
-37800
-65414
-42446
82968
-71825
63472
75736
-20024
40522
-78670
-92449
28542
-24575
-8333
-77413
-32600
-21583
10814
87596
-2068
-73716
58839
59995
-15203
27019
90577
-87460
17626
-10946
61868
-94797
39427
-8061
59432
58484
-59303
-25963
15850
-84318
70129
-25924
21706
-32967
52309
96354
64183
-21944
-52488
-69242
20680
-56139
-96749
-86326
26527
87780
-18080
60070
-6660
-14157
23218
-2497
86364
93532
58223
41682
-88693
53054
12780
30090
41869
58997
-19421
74546
37
-92571
10195
89733
78016
14294
4020
30880
-56511
-65735
-7850
56920
-98902
-57847
82453
-14936
33507
84429
26299
82371
99370
48826
12274
34504
-65896
5173
-54940
-49644
-44916
70709
37489
-51279
-30026
10567
-51892
-9813
76674
-74837
6003
98691
-50274
-15012
-89207
-54019
44650
-96531
49617
-44588
40380
-49905
-7095
-49906
-41204
-57041
41249
9706
24963
82428
2518
55221
62235
-43194
-32400
15547
-10446
-5758
97492
71515
-10383
-83158
-82426
58868
88467
-6143
-4225
-98117
-62187
91444
76455
79599
-4295
59548
9840
-56221
-16458
76705
-91313
73914
43391
-83336
6551
1010
-6418
78156
93619
-45289
-1843
-3717
44863
32535
82561
-71241
85828
-25930
-23468
-87667
71182
-92136
79709
-27134
74476
82171
-55346
-63399
39108
-36920
85658
86706
-26288
-37442
-62399
2572
-63623
26382
82489
-10645
-59442
66438
97018
-33323
11937
-48155
-47449
98550
-28290
-33651
-13548
16291
-33783
-36906
79160
17979
-57741
-5954
-96976
30762
-84520
71039
-45331
-77881
54585
62329
91516
-32675
-96303
-38577
-40016
46215
45782
-39538
60398
-52043
-66547
-32249
60565
16651
-58230
-89283
-33720
38888
26051
25978
-22951
94532
28816
-36996
4371
-34318
-30718
-84723
86820
59781
27805
7536
-92763
45519
46195
78967
-64952
72772
67422
7154
-24163
-69058
-85223
25217
-34495
21146
84603
-30261
58211
-24129
-24046
81927
-72780
-91393
93272
42551
39595
4949
8660
-61963
-20942
-82034
-44464
6630
-10064
72325
-60429
-40437
69748
11399
-74566
-16778
-1285
64149
3543
82585
8286
-99513
8294
-52550
12571
-83507
-68536
51650
28669
1361
26590
-48075
54699
-94024
76132
-54147
-32053
-3896
-4249
8031
33617
16548
-86044
-1329
58344
-98382
59263
46878
32123
-77795
-77155
-32943
-800
87414
-90274
-13810
-28319
1589
92666
-63504
-22103
25246
-97673
-36487
-8056
89343
-31612
-44505
4387
-88811
91638
-69281
29435
-66225
5212
-25338
1240
89194
-12672
-8785
-56943
-6661
-96003
-8146
20795
75211
24888
31819
-87380
-98404
68156
-90030
39851
27082
22134
-71288
87285
14477
42953
32248
-65106
11099
94671
-469
-61597
41194
10606
-53515
-68040
-50541
-53358
-89300
-67149
62354
-53748
87540
34019
-5654
-63417
41846
61742
-72602
50402
75247
-22602
-91271
-7825
-34204
96744
85255
-77304
-64716
-63071
-49987
-34935
-54778
-11460
-56678
95725
-38816
57212
91857
34248
43993
-3245
-23801
8798
-21337
-79987
-25033
12191
63826
-17444
90037
53504
-96566
-89920
-54448
59703
-33901
9875
31120
72723
-59106
13614
8030
75061
11124
-14533
52355
-94225
-61749
99033
74953
-36617
15419
3173
-44034
80647
74570
19499
22614
80597
-63453
-11799
-53904
-12118
-43930
84220
-15631
-68510
-1319
-73238
-32819
-95937
40123
-12213
74788
36777
-62855
47444
-29880
-37306
33018
15425
39133
-60302
-30891
11103
-90278
33755
5538
-22989
-3860
-26244
79726
41738
-59015
-90060
-64440
23263
95425
15938
-1288
-43294
-88415
37152
-20336
-8085
-44750
-32520
56026
-46149
-754
-51577
60528
-24086
82482
-51571
-51029
-72653
-93761
52142
-43277
-48104
-3045
-41623
59318
-18957
36020
61490
-27340
18395
-92379
-81875
38006
62191
-65295
-75191
58910
57346
-20244
64951
-87782
-63645
-13000
-42362
-19789
97351
52461
63517
-6654
-20075
-15854
11540
-3519
-18674
78728
97647
-13377
-15656
-79161
51447
89069
72357
77631
23927
-69802
40900
-19936
63952
90412
13892
-2123
49209
11261
-18367
58091
-47017
-24379
-49012
84528
-14091
-62884
-79429
-96265
-81312
53456
-57206
1111
19426
45837
72940
-94189
-74599
-66439
12466
-4875
16947
65244
-63337
84371
90696
47293
-42075
-21581
67155
-89976
-74168
-14197
58958
-23254
62510
87393
-65366
-53249
-94953
-12975
17512
-28317
54142
71213
65431
-79195
7396
-14658
-22550
-8678
-59531
-61783
22901
80461
90329
-47059
42180
-24044
12570
76873
-85480
33662
-51987
15610
87231
-37080
85215
-10334
17999
64687
-28259
-34107
89534
79871
89440
-87252
46881
-31542
-30029
-37076
-48193
-35051
-46494
28545
-66030
-20884
-16895
-65773
36377
10230
-59946
7131
84252
55459
84260
94431
-11970
6401
17109
-44839
-42440
17454
49027
-34378
35640
-77656
-20446
-29894
-37099
-75840
40526
81664
-31571
50670
-99987
-76001
-90339
49085
72641
-50263
85916
-98265
-70195
781
85044
14075
-73696
21532
82014
31162
69122
72168
92218
84098
40762
34888
52072
38754
99642
27513
45510
-31796
-57687
-83425
-45242
-35800
-40437
92841
61418
14597
86990
-27886
-70113
-97366
-77645
15939
756
48395
24470
-16939
-18251
-22249
-33444
-86731
69672
-37074
-6599
40097
-24797
54512
72155
-6066
-36408
44337
13943
-78612
19743
-68984
2926
58177
-6386
53447
-74213
-6798
32375
-86331
90748
-11615
-61778
-64810
-26758
-86097
97429
-14756
65174
-49118
65175
62071
57586
-57374
-34179
1751
38522
-64226
37104
37555
69485
88076
-33332
-6446
63500
56525
-20772
98247
41309
89326
-84680
68218
43292
-20597
-392
-75744
70335
6670
-18732
-6260
67813
-22059
73178
24863
98650
-61454
96778
-96164
-98935
95435
-18671
36630
48255
-73694
13664
-70006
54359
19568
75561
3145
-27960
-56150
10934
97998
81927
-66779
41254
16622
-43494
80725
88836
47597
-77061
-48399
-73723
-4628
-69467
32179
47454
-9600
95230
-46085
72064
8735
-43488
6547
71281
10100
-3323
-15539
74632
-74606
-58353
1545
77381
-32508
32882
-36141
8010
67267
-3841
-14231
95418
22977
-61811
23833
85165
-1374
-12090
21193
36173
-27830
1227
46545
11920
-44975
96965
74050
27730
-22893
93769
-89014
77262
27109
-91417
-7185
35897
75554
16592
69817
-94981
-50845
-12255
76141
80266
99532
-36720
27763
25061
-637
-47438
-807
73899
33724
53286
-57104
32021
63856
4642
-91756
89302
66668
-18088
76298
83598
71750
66628
9858
-75995
-59798
22613
61819
61322
29202
84149
58053
-50488
78420
-99529
-96286
-25086
-77355
-83940
55366
-27765
-15845
70082
-74882
94820
79553
-56470
-46995
81299
37379
12324
29360
76508
-59207
79705
3619
66399
-98463
56501
-85379
-5555
-18347
90031
56599
25096
-90149
18998
13706
20375
-32549
49529
87861
58243
42027
50067
15966
1489
97735
-14318
-56720
-65061
34588
-24669
21090
-96819
63363
-36133
-87432
-89031
-92149
58980
52003
-11176
-13649
-12606
84612
90590
-2202
15297
24591
24952
71450
9725
32458
-7387
-36240
-95666
-76493
29358
81862
87566
-31999
36675
-97733
-93369
59587
-85004
82407
-9026
-85851
-44535
-47445
-50090
23122
-77634
-4764
5411
-61133
35742
-31047
-90100
-80108
-99526
64980
-67940
23208
-21690
-62866
-94683
48099
-38639
-48382
69009
82181
-22048
44515
33862
-6089
-41562
-68055
-95051
-59251
99041
12551
55232
-40788
21331
-34504
81990
25157
-23845
29528
-62708
-41729
-89808
23375
-3575
-82573
-80261
18216
-94258
-22895
-56370
-21952
32784
67872
-47100
537
23507
70114
-10315
20046
25141
20245
-79082
84577
-53867
-11050
1708
-67984
-93922
-87391
18859
-24377
25268
-53773
-60561
-18546
-1799
83472
27094
86243
-61188
23649
18744
1475
90558
-70155
-76220
-30751
-82845
-47704
72952
-93479
-3150
95521
-81476
-73218
28489
-96652
84188
75407
-80992
2409
88544
-45047
-63561
-91628
-84726
-73770
-13601
40291
-97940
-94557
25122
16630
-29213
-80305
96785
9320
95988
14655
69992
63085
2497
31630
-3745
-15084
-14681
94498
42640
-89877
32119
-3366
9151
-78015
-51248
63907
75339
68166
-24554
-99158
45360
-76721
17745
-76949
7991
73142
93220
-48216
-12933
43103
1063
39094
44056
7381
42980
45169
-86671
90834
70123
34064
-21154
-46051
95762
-9005
85745
37390
83725
16089
-20317
-2707
-93530
-60466
41696
71097
-69095
57921
28204
36612
25166
-46061
59056
95483
-49101
-50165
-49115
-19068
-22859
-31673
58332
-85312
-62244
-96434
23207
-4624
26689
41280
-21272
87347
-57492
78894
95476
57261
76302
-38970
82082
-63100
22999
7079
81910
-37244
-46091
96467
72293
-15390
34539
-35390
54597
-3234
68041
3091
-37357
-98239
64014
15134
-66272
-13562
53206
-22428
50456
4693
-72639
63336
-36688
-8598
7203
-88809
-81940
36885
-26463
-38878
-36790
5850
-95954
-43667
61646
-36616
-44638
-75041
20587
63751
99700
-72742
-82357
27002
-748
-6524
-69509
23173
89448
-58236
17078
-89576
-41120
47305
-24051
-56312
24952
31364
79919
41487
-8822
-13386
6235
-79894
-87027
-94557
31327
47648
39790
13926
-91701
-20765
-34999
-63010
-39241
96271
-53820
-98746
66926
-88817
72776
-50461
-52810
58655
-29027
90454
-34691
78892
-37279
41425
-75102
-96105
-84507
-99034
-82404
45016
5604
-99973
-1013
-37569
-77151
34394
-55783
-20522
11868
-59611
32269
-15261
-73616
15271
45996
89866
-65140
-57403
73932
-27570
-17460
-4909
-43018
-21384
-22221
48514
61623
-36080
-7161
65272
-31933
18376
-42678
78328
36743
-46279
-45680
-42816
20682
-50556
24130
-17742
26431
92635
-6227
53162
37609
38872
-66233
69166
-70357
97738
-53824
58691
88747
-63215
55553
-29540
-74654
-12705
-80891
84078
45700
-88354
-78448
79519
44038
-14416
-67313
-53860
-6832
24978
58766
87177
-66495
54490
18512
-32748
71769
-91361
-60146
-76061
46792
-35273
79247
57963
-1520
-30629
91936
-64158
-56103
16807
44017
-42292
-15471
42046
-1588
-80014
19325
-48117
-58574
-63374
-63903
-92830
66900
66479
76104
-83324
85163
-76504
-83407
33153
93364
-85593
14166
16184
-68276
-77360
23258
17914
-20701
82393
-94642
-92083
89440
43416
-49056
-29492
31505
88951
45344
-10324
62157
-43579
-53840
-85607
40361
27175
83592
33855
-87725
-21588
-49693
-49564
70542
4862
-67958
26866
-8886
59059
86075
-63533
-92769
62851
83766
-7435
-36122
98005
11299
-70803
29428
37938
-41245
-25481
-71500
-47141
6065
99355
-76256
77493
-20939
-49940
86172
42978
-67419
3371
5103
-31444
-75496
-75320
-26786
28891
-6231
-58488
63207
-98010
64644
92866
-58089
-66938
-13872
-81469
-31736
20389
13241
1105
18427
-88586
-22440
-12531
-31602
36254
-61054
-15759
-18406
-55473
71722
52025
-87445
68470
-51148
2719
-84643
-89654
-10153
-60354
82575
91909
30445
-35112
-13049
35312
-45222
80947
33250
-23914
96151
-88802
-12682
-39590
54874
-37999
-64442
-13979
-71260
47602
45600
8311
-92442
97140
-73513
97183
11217
13018
-58983
51014
49337
56602
-65044
-92315
11236
92316
-40887
61207
28405
-19359
23189
-67000
73200
-7551
-5768
-61747
-67031
-27571
-7652
48334
98766
67283
-60604
53406
53709
-35841
52166
-42069
83043
54942
74087
15761
-69565
-25154
-29359
26697
46239
8306
97203
2302
57045
25458
-85835
3008
82937
-61026
46871
-71471
-51205
-95965
89637
20957
19573
-41802
-44007
42887
-55148
-32386
62925
45023
-12704
-22002
26395
-37265
-97239
7120
7187
1013
-56688
36413
-14184
90282
55983
-56184
51415
11393
-22490
-49893
-56475
57643
-7933
38008
98164
-50217
77389
1218
-53262
13752
72301
-98539
66687
-74818
-47174
44687
2184
79846
79583
43954
-89403
51693
32939
-25822
98443
-63712
31605
-94328
82254
54799
-83030
7257
80887
60319
36213
41969
12062
50175
-54327
-81447
-76315
61107
-26354
9768
-68368
-94324
22118
-73979
90308
-1608
-38758
-46518
96571
46965
-79834
-36924
58401
46369
-87907
62039
-97297
-74322
-14022
-92802
-39262
-26959
20613
-69135
-23946
28377
78367
6431
72708
20348
-34582
-83942
14709
-31219
10839
4243
91618
20010
-50163
-24646
-88118
89746
12787
-47929
6575
-79692
73818
99607
75981
14242
-97590
-10194
-70216
-19099
-24985
41947
12753
83178
-15104
48633
89636
-14631
-6667
67601
65633
76678
-46526
11997
-65931
-32064
-92180
79528
-31483
34311
-32378
-19759
-25593
61148
9056
-4306
-47876
-86608
-84339
-14260
65550
-7618
40528
-16107
42818
-88588
6755
3659
94425
92044
58275
22000
-82615
-40966
-99237
76808
72083
-32066
87851
86454
-92991
-67559
-72492
52995
-21826
47964
22115
17214
4753
-37221
-6920
-37635
80952
-68927
-67213
28929
52381
-75459
57594
-29128
-11529
3163
94440
-20453
35840
20077
21461
-83528
40910
-59033
22910
-95030
-18287
-9525
-58223
70084
16616
72185
15832
76589
54496
-16728
-51073
-94044
40329
-8206
-10877
13701
-79369
54601
35961
50404
658
95111
-9479
-56586
-60454
15780
-64219
61776
78908
21761
-77735
62407
57033
-60511
-4303
-1866
44569
-44617
92017
-21155
62395
-49447
43221
82022
-69353
-37292
21430
35972
12899
18394
66966
63796
-36034
-6825
44808
-23451
-5012
93922
-43073
8116
53871
38158
-74191
68752
91006
83679
-74713
44029
-4763
-75047
71204
7412
86072
-61004
-58641
35687
-94219
-4499
-32513
38049
99317
-94346
-70845
99212
64463
-9650
-51125
-1011
63754
26283
62422
30922
75516
22035
-84807
58571
15363
-56375
-62680
-25282
14943
60581
-35292
-13356
-70229
-42499
-23679
2890
-93898
-9409
-95405
-75582
38978
-72671
15989
88463
-31976
55023
1397
-63408
27078
69123
6239
-37325
26487
-59245
85220
-67621
-31635
79652
32935
19612
-53475
62109
13157
32099
4327
-28042
-79298
-23885
-48848
-85937
72356
13258
-10338
-97699
13343
-93278
88623
30975
54330
57363
13238
81199
29902
99157
-85900
-52397
68264
-42460
7759
59123
87386
-98820
-29519
-28154
77339
-87868
-20864
-45723
61339
-84473
-28875
-52127
-7640
-10531
66715
-30352
-73930
85800
67046
-53630
38286
91898
65838
-78990
45206
85524
75206
71000
88121
-62199
-88899
-47109
-50254
-64446
18673
69219
-51654
-4646
98763
-20339
-63412
169
17114
-32008
-31919
9823
-21553
43101
75310
-47994
89299
-66693
85670
-54807
16833
50640
48620
80659
48963
-50268
99593
9648
-96628
-38786
-52186
24849
91055
-98374
-95625
-74229
18587
88819
-60284
-95554
20852
77850
-9515
-94157
-42162
-94488
-75270
10271
-31736
19888
-32396
72453
84099
4365
94724
86903
-28098
-3717
41165
87164
90191
-49406
-37976
86797
-22336
22221
92484
-79750
10756
82073
-98696
49258
2389
98633
-19545
26239
-60053
78230
44815
3800
-69542
-81629
-24210
-70096
73737
78318
64849
-96669
55370
-12061
-42950
-98991
36571
-79925
24685
27035
-10696
-85151
-61225
59083
-12709
-59963
25180
45712
-70830
82186
51388
75174
-48006
-18582
-75680
1748
-33955
-48743
74759
24207
88678
-31434
-56184
48188
-61891
16798
14083
-59373
33027
-54245
-13656
-69537
-81365
40378
30691
27810
-8397
30906
-51357
-53803
-46146
-99104
-58682
-93556
65488
-79768
83299
-37576
32997
57110
-57549
69575
-23378
48490
-71652
-11482
52009
-77711
-44708
84902
38044
87480
5582
-19204
-723
-13476
31516
8738
9057
93373
58114
-61028
19887
-45487
-198
-2859
-89920
-56300
69770
77352
-73594
-14755
48486
-56518
51574
-23668
90755
37060
-20637
-55776
-49799
5230
46265
-40731
-24877
46359
11666
59210
48759
38193
45944
53329
-85396
31882
31352
59615
-92147
77221
415
-5133
23369
70726
-81708
-80781
75476
-82611
52817
91106
59822
-43654
-56576
43887
-20082
57039
63854
7206
-28629
-53101
-49554
24585
-99866
-6670
62093
70906
-3753
-53118
-27667
-64113
25586
-59552
-91648
-44344
6294
47033
-90269
-78116
90610
-81243
-4268
-24849
6036
-68051
-29678
31201
84367
9133
91344
-94208
-10679
84757
-59499
92573
18975
48457
-82829
17532
89013
21928
74209
24101
-83683
91114
48183
-89961
-33374
79587
8198
-88868
-5133
-66524
-56302
-45896
25767
-16255
35246
-43845
-51919
-69332
-49870
76214
-33695
40704
-85478
-97974
89940
44570
-58306
66972
92602
87202
16106
-77084
83906
-9624
-27367
-61595
3556
-38296
-70189
-44681
71562
-91216
-80992
-40256
-50084
-35431
-69081
91841
-4697
79472
47272
6732
76649
-14919
22867
63764
-10437
26505
38083
-14435
5339
50578
5978
-64622
90325
-10692
-34503
13877
-51378
-82962
-38628
66672
96173
-87061
-61359
-15029
31399
-68519
-14253
47159
-59995
-15522
85831
-21369
-66605
35363
-45998
-11138
-41017
-41286
-95467
-16381
62604
10268
-54202
34225
97163
94283
-18452
95243
-2091
54294
-67145
-67379
14671
-41093
3513
-32931
9915
16998
-44795
56672
-1953
93016
95267
26985
-12012
98211
-78164
-92467
95980
96081
-76472
-13870
-84095
36453
26434
75270
-59818
-64583
-73531
-27221
27565
13830
-3146
-7728
-2395
88578
12589
44859
70028
-72348
-55344
-69054
-49527
81411
-25330
74297
-90017
-62180
61750
24197
-51617
13235
-77775
-73713
-63443
-14256
-58782
58516
78764
83690
91609
-23910
58377
-70302
-65170
36349
-6495
-13594
-34944
-86680
60176
-10314
-58102
-48673
-94569
79491
90654
47992
-20823
-85709
-55550
44906
8530
23490
48420
94781
39877
-66302
-23622
37345
-56192
-28861
74042
-95973
58398
12493
55859
50394
-54535
-81014
-14521
64680
-42183
-61567
79237
-40196
-56066
-92547
67943
72684
39526
-33460
84069
-24449
58171
23587
85683
13792
-31428
54623
-43362
-55377
-39482
28902
511
12850
-61985
-68692
-43239
50601
-42017
22289
-61099
-51009
-59204
7656
-14825
-57636
78704
-20525
38396
28055
-14391
10506
76659
59721
50893
-90182
47605
46653
31239
-44086
34978
-67709
-63054
24568
-57671
-20700
72385
34722
1780
-88017
21321
31201
50686
-15310
-91380
75152
-94126
7429
-33949
-67734
31793
14208
39815
-14319
-81537
34508
92156
38187
98619
15831
-85478
23207
-33511
-55775
-90823
35614
44862
56500
-20168
21844
20248
-47312
89898
-10595
18199
70404
-8290
-4260
28811
-25863
-36470
40487
-76837
-31832
16788
51526
89183
97036
91452
-45925
84763
-25166
-31384
-45349
11929
35277
21453
-43270
-31902
-17242
-39688
-16795
54616
49008
-30857
1577
-91021
34169
-89434
-27727
-74730
90301
56985
22508
23757
2325
-25181
42893
-54170
17868
10177
-48532
-8983
-11566
31846
-75766
78197
58186
-38940
-58639
-60104
-11138
-22732
91706
-40822
-46286
-29150
-15831
-49241
-1642
90200
-38798
-52153
-58027
82437
65759
93980
-87734
-10903
-18999
-67481
67026
-14592
18051
-5897
-67780
30472
-84009
-64320
-85091
-4559
79016
-28716
5441
-89759
16246
-16256
-87620
-4768
40256
24326
-85282
-59161
-61820
-38734
-23676
2880
-23006
-14501
57483
-69863
-91169
-48200
21472
96555
24325
-78244
-48589
15682
-47321
-62065
88394
80424
53953
-64629
1522
-10766
32574
22480
-51568
-87706
98388
-82588
-17579
93895
-56501
-37205
34383
-87360
-15141
-14818
40413
94889
-36174
17323
83323
-75720
-83180
9321
4411
26759
80861
-79882
73365
54333
25186
22768
10581
-18404
-8586
51468
-51918
-44569
95624
63190
87167
69614
-59607
-80379
46139
60151
-16276
-8006
78467
-22389
-57689
68053
46823
-62182
-77355
48372
51161
24139
-98595
17994
91329
-96796
-61202
-37481
98478
58771
34753
27657
97640
32599
-26368
54255
-11295
52814
53189
-38762
66313
53019
62523
42882
-91007
93427
-15135
-66998
92391
38085
-41875
-54767
-59312
-16764
85325
29213
17172
28242
-7608
-31403
-60990
-31606
-67069
-70629
-32140
78634
98848
-5948
96702
-1572
-18175
21488
-72768
63263
-88662
-44725
1691
-58346
88005
2783
-3264
-67027
12286
89747
-5596
39908
38798
-53885
73616
35322
-17194
84605
-50412
-48330
39073
-94634
-63781
77972
99468
-59864
-55910
-5813
-83646
72105
79523
62007
-7137
-12248
85718
21800
-99658
55462
53686
-33465
72814
-47794
-93159
47647
69895
-67310
-11783
-91505
89594
72292
-85591
-1205
-84737
-81714
-60127
-71478
-40792
-98769
34298
22288
60523
85779
-1035
-25512
-41091
97197
20725
22045
-18471
-10765
-7155
-70587
