6900
-1084
86236
43019
-97699
-95826
26878
33822
56907
-40648
-34356
69052
-54497
45045
-58622
-60954
89746
15522
-9946
-1227
64524
-67000
52801
-69489
58870
68932
-32773
96502
-91747
-85597
18642
-60550
30911
-24409
29943
8783
44406
-77209
63749
81337
16574
-58222
7006
-42140
-9627
72596
-91932
-13296
27982
24145
-98543
-53975
-19935
-63794
-28236
-74444
-37293
-77201
-57015
-77466
-66739
-23717
-89485
56527
-16389
54651
51096
-24205
78388
18530
55129
-92807
-88575
-8185
27373
-6147
47308
67629
1881
47552
49959
-84445
-99506
-49537
20853
-25433
24415
31777
-54087
-2842
98013
-75703
87481
-64993
33936
11404
-52402
-21851
-68908
73212
-79093
94211
61455
48291
88456
-62279
-66293
15116
1674
31077
-37260
83194
-29296
21245
-79313
78972
-36036
-36935
3732
68184
74333
22094
-89334
-77660
70869
47124
21694
39605
-12245
-72439
68352
41582
8112
-88658
4986
49466
11014
64719
-67635
-44780
42385
30432
-67127
-58877
73278
-59965
-9975
-2780
-10517
-75481
55529
85087
-90318
60618
39526
1980
25877
27550
44432
-29170
21703
-1526
-85970
-34227
32085
78087
49390
-18174
88496
32875
-76857
-60325
66263
-23613
84269
2718
15013
93720
66032
36602
692
65492
7218
94329
12909
-12802
23683
-24046
-43986
22754
-44197
-42468
44630
54412
-34509
-74148
3824
99506
-14208
5887
63353
97009
-33267
-49757
37135
28016
77043
46095
79033
45345
-35080
13572
76301
-80026
-95230
-84757
-62590
-72112
7222
-63187
21011
-32958
-89486
-27103
-80629
-69452
77603
-26848
-26125
-69997
32515
15669
20502
42758
43506
-99151
-38354
-27892
79856
-7333
80173
-74303
-395
-2108
-65111
-3008
-31123
74359
-80668
80609
11476
8143
54199
34851
11561
-38428
8155
16549
-82670
-59363
-364
71695
41292
15017
-13253
20878
49228
48649
56294
12796
-62409
3141
1718
-42979
-22789
-32129
33276
30597
-55160
53540
-7672
-33768
-84881
50942
72848
-25750
-57067
-72922
-26630
-10683
1555
29399
35719
-57720
-82834
7582
54491
68780
-12242
-16018
47533
-79134
13661
6289
-80761
-67880
-29155
-21960
-75718
-98917
-62938
28339
50338
70487
-50660
-78340
43409
1849
-33911
-73299
-30949
-24203
78204
76626
85438
-29405
-20547
15257
-90069
93828
62315
-44506
44853
26083
66997
-22845
-13931
8919
-29007
-33355
15704
23973
55516
-48983
230
-10366
-48209
-81907
-58385
99062
3802
-18948
-67789
65691
57887
68881
-88146
-71035
34510
97693
20127
45756
32921
72243
-2124
-16348
-79981
15328
-57644
96894
-92598
57336
39624
61191
77629
-7029
-21177
-36802
99131
56823
81948
98691
-14117
58391
-33226
17755
-45742
-44903
9932
44176
7796
-16082
-91797
16245
-11254
44762
-73571
-30777
8460
-45589
-16136
2351
85179
-48378
6592
-16347
-59619
80860
59769
-89554
-99754
-6788
76558
-74298
-19616
-22589
-38057
-29288
25831
82862
50827
-54743
-46844
68560
-79870
94933
19347
-673
50980
15346
-92301
8040
88948
-63343
9625
80931
-31757
56035
-68527
-91487
94002
6775
-81005
52833
-52808
28321
8702
-51709
-82357
-37769
10163
72788
-8929
-79307
-11311
71112
-87656
36224
68104
-66939
-20290
41863
57308
26971
-11076
1542
7032
-15982
32085
20133
27052
-22883
87204
43709
-27899
58282
15629
-87622
-41272
64923
71686
34267
-40501
-69362
21180
-85674
60783
78040
49187
-52071
84541
74961
79581
9516
-86948
-72695
-7162
-68302
-49427
11289
-29734
-79473
-38781
-23405
27204
81635
93058
81883
-52860
65971
-69037
71887
17659
48361
66881
30242
-6378
16242
49203
80646
-97067
41669
75206
87751
-95945
54916
27910
-51979
-38716
36474
33098
17978
11318
-71163
42089
-37430
84869
-15731
83740
-57161
-60274
-12622
-62606
-70236
-59105
21892
-4374
-29358
-11679
-78741
2224
44822
81890
-27609
-81161
-38805
19263
94002
62447
10468
-69141
46018
45027
-95622
-57762
-58901
1523
-60093
-55204
13152
-15127
52292
66400
-94822
29561
-61155
12453
-29487
-33446
-67038
-53166
35239
-21765
76555
26496
-11292
83876
7873
-76695
94300
-75798
9048
4014
40173
-68146
43036
62724
-8027
71283
78340
11389
71168
-65797
46212
-36753
48782
63037
14014
17539
75315
-36956
-52008
-10660
65352
35623
72169
17121
-11296
22816
56076
-86935
-2587
69132
-98025
9666
-16288
-59618
-79706
-52130
74775
-19712
98192
79323
71504
41639
-80965
-64083
62132
58385
-53044
-25366
-29361
-55202
-71114
33010
72628
10888
-74060
33529
-46146
54465
57746
58611
-75216
15720
2404
-7269
75134
11879
-51558
-53345
-3419
-25493
4524
-8021
-44363
4929
47023
-86192
18735
16778
-60342
-43631
-43383
-2341
-50814
-52086
95886
-71309
-90128
91454
88418
72089
79061
-71109
88419
-80750
51396
9004
-14548
62076
73981
88891
-62733
-56502
-4838
-82911
-10414
-94179
-73182
88075
-71069
-20741
74300
-66198
-49404
55662
-15939
94168
85113
51068
10850
-49054
20593
-9602
-93927
-44170
46497
97119
40314
47082
96077
93619
-25261
-21082
-40027
-95823
-2976
-4112
72716
-2289
36442
-35374
99443
-8392
-47450
40682
61412
28333
-52178
-21618
38939
23989
-47475
-69223
-25458
194
-3484
66071
67726
-40414
-32118
-24247
8454
-88290
20384
-36843
61983
52851
-56383
-96179
-9786
-89750
62425
-99046
17861
98390
75021
10181
4430
-99798
-70760
-53919
-46569
-2316
80246
-87143
-61218
31034
-14984
2066
22350
91567
-89800
-32516
-81798
3026
36263
-50182
56902
-3484
-17278
-44181
-48923
74372
34915
72405
-45188
38824
-46348
-37586
4838
-33606
86654
-43066
91345
-6643
-7649
5524
-78203
3322
14362
-38245
14597
-23653
-72695
92664
97486
-29340
-2067
40843
-68164
-65831
21478
-11456
29516
-17489
57854
-55687
76604
41027
80607
70105
-25585
-6735
-22619
-54992
62700
-7277
70990
-57858
4006
-97130
71118
-39706
43671
-31558
49983
-86159
89061
99622
-85450
77627
3174
-51803
56369
70846
44704
-79807
16300
67897
24617
1722
33875
-46980
-88851
31459
-71343
-50733
40270
-5926
-40698
91404
26022
99618
12696
-42457
-95704
-91617
1249
46938
92196
-41747
39174
-33730
12777
-34084
4135
-27047
-70524
81868
64370
83912
-78489
95138
-80750
52425
-93083
52132
10181
25315
-60774
-45321
17996
-29774
7848
19634
35259
-88621
83100
-13346
30768
-63064
96750
-18868
-11936
-46904
40999
63891
66637
49414
-66403
9061
-48044
68317
-21222
-79794
32674
-80139
-25765
35592
48199
43732
48052
-67587
99363
99172
88017
-40614
80252
-3236
61847
49547
-28622
-93810
38056
8025
-64054
-40435
-90811
89566
51366
-86535
83279
27233
-82411
34729
61926
-90350
-90105
-1485
-49742
3235
22937
40730
5376
-82496
82447
-53995
59076
-26579
49055
30520
-16195
88763
88426
78850
-81802
51495
-97978
85698
64424
-72433
-28810
55974
-4611
41426
-59781
44321
-73809
91843
80131
-11912
70799
65416
-74176
-32022
79010
-89323
-59884
77178
-60634
20673
39912
98330
6834
71042
34844
14390
-99077
85962
79257
-92518
-93454
-47491
50690
-89472
27787
94157
-64888
-76550
75289
16436
-76580
-97736
-80299
-20083
-65344
78391
74558
91408
3767
-2554
-73318
-19608
76635
-63498
-27558
2483
-947
-51938
85531
-32683
-43706
22664
62857
6329
-2740
26620
-66594
-48731
94209
39654
-58360
-83591
46422
76966
80937
-8252
12060
96629
95288
83523
76283
15663
35397
-36809
-24069
65025
63449
49250
-23168
75055
-94661
-58722
64403
59714
35919
-5159
-23078
-78323
72474
82736
-94806
-49189
-77663
-82457
-67021
67447
35246
70979
7450
7320
98868
59972
55204
-19546
-98998
-90045
-28083
60909
-77101
-23389
-47623
27101
-42049
31351
66114
-97541
21034
96240
22192
-24215
22818
-30463
-70522
-3700
-81658
-68527
-6983
-16417
-91447
-55524
-68676
-4716
72662
79527
77110
74786
-80946
82078
83029
-86352
-52884
95308
-33156
-61924
23626
15541
-29224
-40344
74813
68691
61008
23489
50202
74668
44443
-38674
82268
-50996
-30165
-2350
-69666
9316
16711
17949
-12350
-53697
1142
65941
-70476
-76771
46807
-60804
25545
57070
-49202
73119
-84543
97132
91801
-33413
38955
-62827
-73216
86412
-5016
5636
-24597
83251
18439
-66645
-36019
-48061
-5296
43887
3902
68136
72796
64736
64679
-69260
-91487
-49196
-13610
8775
-65396
92063
-75982
42971
-45881
-13776
61640
-33814
-32038
-2357
-57661
-98948
51501
-7970
-38981
-17968
24236
95427
80932
11814
-35837
29585
-89561
79719
-1144
-62497
45453
-67598
-63815
-21353
92056
-12860
29274
81010
-73492
18307
-45695
71573
57642
-61465
-77267
-68728
99422
-92474
94608
85391
6542
63482
16429
-12761
95347
80241
28892
-11554
75332
43792
84523
91599
-87827
94661
-46177
56889
16223
67432
-76712
65468
-46655
45644
53970
17647
-63420
42600
39175
-11168
-38828
84445
51762
77929
37802
-84188
51631
42795
-42626
94230
37631
-68630
-27814
69590
-53401
-72763
97930
58334
-68297
-56944
87279
17381
67048
-21680
31411
43114
55263
8594
41687
8224
79054
-16728
-3351
88118
54970
74369
-22383
62658
-72041
39012
97289
-84535
69647
7817
96557
99309
-63967
-48492
-86936
-32140
-21082
-11601
-32306
52913
-38673
-71230
-45304
-80175
-75381
-88238
-92310
20228
-13339
-98509
-63583
45445
70985
66283
86472
72904
-33657
-97819
-46055
33664
47472
-37681
-61440
-75702
-47426
61904
46219
-8775
-74352
57385
14590
-75010
72466
-92441
-38524
-79628
88187
-93630
-49088
-94394
-35792
44438
25600
47358
78662
-7749
29395
-20182
7652
34499
-43727
-81172
-82233
43407
11481
-14049
12576
83790
-27848
-97438
-50728
76883
84613
52098
-2189
46674
-50070
-5176
2770
-66376
-73444
12827
51155
-50076
83531
45012
-42733
-13947
-94795
38749
36627
4369
-42475
98820
-21384
-27809
53050
59746
79084
59617
15026
32738
-90589
54978
-24155
94896
-34632
48344
72125
95744
-77899
91846
-47165
8696
54961
-72591
-22779
-66053
-27116
59741
-16269
63315
-11082
73123
-8246
-63238
-75994
-73135
78952
-72251
26823
53726
16573
64366
-44268
60296
95778
45692
-12541
-45940
15492
-70383
-61368
89537
18617
-79856
54960
11986
-65869
-13719
-42450
-10794
-74478
63682
3187
-67314
-18861
68355
49206
-78534
92646
46846
-79597
-18152
12574
13050
-53425
-96326
-958
61979
42938
-69949
62656
90031
-12051
-91138
43457
-91945
-95181
-40742
-65832
-59952
-95292
71110
-76013
-53027
-27347
-65627
-99852
-93677
56971
558
83898
74624
27445
17827
-38632
34809
89402
16812
71303
94655
84480
61968
20535
8781
77771
76111
-48032
-30335
60958
77662
93816
3876
57404
-19585
79101
-11048
72519
8509
25137
-49955
93834
60865
-36506
-9024
28562
10580
15279
70688
28534
-68622
79158
-88738
56184
-84921
-35732
56032
-36796
-71863
-30245
-92414
56725
3569
-37801
16923
-5449
33879
13651
551
-9369
75177
69711
67990
-31018
23431
37615
-24528
-5044
78270
11367
-82461
34602
-63136
51731
-16917
-96440
1789
-84189
-90660
13885
16576
13556
-56241
-79236
-20761
89145
-24921
-22757
-64096
920
29183
64816
98621
-5167
83442
-98668
98132
18393
98694
-37111
78134
-94907
85045
73976
59018
93666
79834
59218
-97915
-15455
-95563
76441
9927
23087
14490
41143
22613
-40093
79740
-37684
64943
69521
-92270
-43835
-87346
-33669
63844
-63385
-84932
10599
20276
-40596
-77297
-13172
13515
67332
-52157
-70170
-35297
-28100
54835
97257
-61474
-20228
-99276
-63854
-20391
-59030
32655
-67304
-98096
-95123
-74088
37890
-94378
98188
-73809
5394
84513
-27468
-98861
-38433
31728
-58728
18846
96000
-38439
42675
-30175
-98460
29678
78505
2012
-13633
-30197
17419
-93222
19871
-36353
-53062
73959
59229
-98475
-86365
73967
89454
42046
-1752
46965
-60711
41244
-11489
3372
25603
40557
-80205
87798
32550
-47342
91944
27958
-62112
63931
-49731
5652
-79640
-75790
58282
81292
-34597
72768
89481
-6861
93620
80447
48017
-75576
95707
3134
-37956
19955
-93292
-91638
-117
-58915
-59304
66463
13280
-8341
64129
-41109
25864
33176
84254
27899
53020
99501
23270
27333
99836
17056
69514
-50607
-38724
98119
-84893
-93052
-21221
-67849
-18165
19402
-60434
85885
83463
9183
67612
59512
50530
60603
-12734
-26415
-81963
78168
-69513
-27239
-95967
-3103
59561
80701
-45377
45432
-1242
-60632
-53073
33380
-94537
-96202
73710
6550
10535
57104
-28925
30806
26785
50664
-4489
-49841
-83913
-95277
-57436
-61197
71487
71742
-18522
-18676
87384
-2546
-97041
92193
96266
19800
-21577
-15679
-54069
45881
-19440
9966
-1314
56980
66071
8105
36951
-84314
-62970
-67817
56121
60423
52327
-32563
2688
-94336
29539
86909
-19078
30595
-60615
69052
82959
18123
63114
14319
25442
-23791
90704
-51694
35216
2472
84207
66148
-21674
44022
-98460
21555
-80497
69199
5786
-64769
-91942
-12497
16667
-48434
50138
10196
12451
-87221
-51817
-83210
53265
47772
26689
-42396
-36937
80191
76373
82940
23568
89695
-41639
-15865
-29551
-775
-17215
-38609
-85224
-92571
-66508
-34595
80449
-72764
-88472
-27021
-54376
-78907
-71255
-91869
-62104
-13229
-40007
-98454
-89678
33567
-55982
46701
58617
48005
-69625
87726
-30598
-16227
44616
-11733
32890
-15263
-33212
68947
-33289
-91146
41385
-51994
29952
51993
-81721
-56344
-99231
90663
34130
95681
6070
-50999
-64186
82228
-70048
42362
45477
-61126
66070
27702
-12772
77882
50771
14464
-71612
27560
46189
29264
49860
-95753
-20538
-8360
-21293
-11588
69467
-18190
43995
71137
-19462
67880
98489
-58622
-30640
1311
63393
99367
24160
-93728
86815
-79970
91600
44612
85624
-36555
96030
-18308
-42193
46225
-32145
-33733
-13021
66990
23112
48768
-47211
-16460
-27626
-53693
-10936
23602
5351
-35205
31937
-39303
67131
-33974
-90834
29336
-82763
8902
-96541
71599
12204
59749
-78657
42162
-94113
-11388
67821
13948
-60411
2196
-92985
-39283
1857
-56222
37716
-5854
-28044
-78527
73266
-44112
37549
38165
62799
-75140
-67141
-34113
-16303
39770
-49820
-84000
-62122
77760
-978
-62388
-95019
75589
62170
81357
8675
59516
37552
74833
-77614
-93465
-53258
22321
47540
81882
-54406
-60962
-84483
-38546
77967
40554
57030
61982
-60652
34288
2094
-83135
-4689
-7646
-91429
-97692
63257
-9235
80926
-22141
27539
56075
-8267
420
95159
-23643
-7958
-36847
-12375
-90206
-76072
-47696
37740
-25648
-52339
95360
-75631
89518
56715
-5710
32650
15891
-37015
-22558
-28004
59327
-29929
-6672
-55501
-44419
-63169
-68097
-30833
-36239
-29434
79434
20060
-60413
-46223
2590
-68256
-41112
16549
33080
-67314
-12726
-30458
-57221
24759
-58028
26625
47566
51232
-38949
57062
81808
-76498
75116
-18131
41145
-80258
42862
-23782
-77874
-75695
18868
-42374
-22976
49061
-43742
-92019
-89566
23391
-45704
-20226
38021
35299
-72896
-58099
74866
78086
23120
89037
31236
-95077
-69251
-89463
-1313
44010
-75172
-47998
31377
-12481
-13066
-3948
39811
89822
89351
45367
67227
2900
-78029
-39968
5298
-75352
-85498
-5177
68205
-4111
-29594
35012
-66182
11585
-23080
-98797
-23767
86271
-6549
-90890
-92572
-16877
94916
-43142
-50611
-92678
53255
62033
-93134
-62727
-64224
-75426
-83345
-59411
51563
-75184
-31647
44545
1670
26469
-1086
-2246
90160
13264
-96602
21868
-47138
84598
41617
41680
-51174
89553
-35149
-81235
42968
50103
-20159
83314
95447
54261
-25808
998
39408
27285
55888
-842
33727
8128
-91580
-41555
-5973
34108
69082
21571
-22061
-69803
96075
-90996
83478
-17638
-39280
-74095
61631
-22785
-37794
56636
70092
-82976
-38591
81324
-14695
-38427
-14447
-57303
22766
83264
-34926
65649
74274
-29677
-30162
-93327
-82710
-11537
58439
86927
-22718
90296
38204
-23772
-87370
50276
59834
-16377
53261
93026
-4164
79812
19475
34327
81888
26604
26818
-86461
-65689
70790
95628
82818
80969
-49117
-37688
44847
94131
-2160
5878
-40989
81630
5284
21040
52059
6413
-79240
65456
45112
96291
12470
-92744
-77217
-23010
28682
-71518
22528
14004
85814
-89532
26548
-65272
-27262
9855
89664
32649
-18992
90469
-57225
22568
-2930
55876
35963
39220
44676
96275
-80156
14867
90253
18168
10041
54623
20450
45044
72282
-26406
-72750
-42132
23937
91600
44238
33301
71197
-46584
-34336
39674
5406
-64858
87036
32621
-38705
52512
15151
56840
-87716
-48933
87604
-3234
-94091
31713
-475
62340
75659
27521
-16945
-98827
33784
23876
58014
56294
-61381
42887
-65481
-22489
-46240
-93702
-56411
52531
71486
42547
-51350
-91628
-7334
-63440
98935
885
-52566
44711
-66632
54022
83123
82892
60102
-34746
-40045
-94177
-74432
36080
21979
65582
1460
36548
-48620
-17682
-72074
-12496
-97373
30194
28499
-9061
-11833
-57274
68704
72335
59134
-82773
-91797
17792
-94393
-4690
46419
21309
7875
54311
-29964
-73358
29173
69643
90618
30103
90472
2479
-79657
-31175
69552
-95206
-39217
-12765
36104
38149
-208
-38743
-47269
-19343
96
-28080
42654
71717
-40818
72925
63130
55171
12683
-96519
82695
-40634
69361
49725
-4012
-96997
96321
-1312
48580
21016
45067
-61446
-84686
60509
37894
32500
-66699
14790
94847
-52081
-81506
19594
88878
-84531
75166
24947
70885
74816
88453
-36230
60130
5229
-76315
6718
-80637
21211
25749
98913
-20327
56126
91345
11583
-79787
1147
30719
-18804
23966
85272
4620
-86327
86085
54722
-81675
67363
-30256
-92999
11106
-9112
-54605
-7268
-10580
67494
87325
-56628
16704
-95518
33005
-57920
29083
64050
-34875
-83163
48117
-80200
-82441
86831
37242
99579
10141
4737
98035
45603
-52603
84149
-38204
-10479
-7800
9544
-61554
29337
-49028
-12315
55156
-31075
-43777
44876
29307
73479
-72716
-65377
49995
-82334
-67126
-71159
-88366
-91946
26615
-46644
89800
74942
52165
-37723
-95027
-85785
98947
98461
80494
-97880
68316
40495
-75194
16537
71812
-17647
-7743
18545
9294
-11231
-57732
-30144
-87718
31085
69256
-42619
81516
-6177
83790
-7635
64473
34051
54476
93673
50971
7735
-63427
-70038
4867
-84946
12375
87804
205
28256
2094
82172
78863
15506
92086
-45769
-32756
37565
-75739
-68767
16613
-77794
-27529
68271
-11473
-80615
69195
89489
93984
90379
46123
24975
37602
-60501
-53271
-95937
-50678
99931
-82076
-8479
-72798
-78959
-32022
7383
30818
-15588
94264
-86012
-65282
61654
-10340
-35073
16857
-59803
-33861
-19404
-18537
10733
20015
26775
43024
21462
-95864
-48442
18784
-55883
-38028
-95493
1947
-82535
-64647
-64214
89246
85876
44126
-92611
-32768
677
-57110
-83414
-46104
350
-65916
-89363
-43784
14199
23801
56359
27111
90766
26716
9427
-45907
-70952
-84472
-58975
23063
41609
56257
73777
41530
21660
18553
35693
-90044
-20097
-48722
24195
-71954
-76641
10032
-88322
66061
86987
-81535
-54784
-54840
96647
67605
40862
-39708
10544
-56264
-84072
-52421
-24058
6991
-58701
78668
31131
-34698
-42315
70955
56535
-55095
-82883
-58791
-24602
-60802
40380
-67474
-47298
77360
83348
-97165
-42160
-50890
61899
-61300
78474
-42062
41195
-34798
-26297
30246
69114
48063
45140
-15744
-87023
39107
9632
82294
-65700
74035
99903
42316
-34515
65761
77211
-97357
-68099
-78906
33848
17739
-25921
69020
92385
-26423
22434
-55287
-10316
-79628
73508
-83467
82055
5705
20942
-6532
28918
91391
42320
-8577
-92789
-59675
99257
29013
63432
-48473
-87662
45023
-75245
1263
-39784
85498
-60610
67688
-90667
7949
21043
68765
72986
-42047
-92999
17152
98843
-48880
62437
-28537
41831
-92745
2271
-66255
52802
46789
-18992
-91097
18465
-52394
52453
89405
36097
-64423
-29949
-52713
72612
31052
-89017
-47384
28073
21961
46008
-67754
-56377
-56646
-85812
52218
-1179
-64151
32979
16323
92889
-64782
-93820
-79174
15548
-90023
-27037
97312
39079
19768
2187
-66957
-99380
-43503
-74147
-68273
-45582
43586
-52923
82802
79310
26326
-33946
47576
-53829
-73224
-81502
4421
21655
-1214
65095
84385
37305
-21965
35353
21885
43858
-81409
-39304
2868
-66721
71425
-79122
-78804
57032
-7284
18775
87548
9560
72095
-1235
-12313
-40806
-25354
12527
-14457
-7860
-97667
3438
-36539
-50237
7520
68532
79685
47195
-58755
-47855
92382
-19048
42939
72259
31430
-16034
-10444
74753
41933
50633
43534
83556
52992
91114
-2137
30003
20910
-4129
35950
54729
-2361
-43826
-69169
-13275
41184
6909
92486
57678
98514
53393
-20907
-96927
-68605
-38878
-44336
10361
82940
35959
13078
-81735
37625
9315
27290
-72264
24704
-7109
37535
-50550
1769
44082
-25918
-48921
-40068
43220
-61583
-34501
-79817
68699
-49798
-11894
-68754
-9295
88510
-3907
22477
94915
-39868
-24948
-41734
40062
89193
27786
-34667
-66710
373
-80760
-19807
-72481
-83702
61415
-3396
7399
64310
-44802
-5302
-98766
-28249
84963
-87632
-52816
-4738
76250
-38980
82319
-84804
-86824
9250
-23215
-40359
10354
78242
78984
-35277
-33881
21701
-80847
-38685
95302
-50171
78123
-94164
-48066
18380
72082
12237
-19648
75157
-44163
69750
-25838
-98001
76944
4823
38387
-20896
-43842
-90157
1895
-80154
18654
-34733
83934
-74087
-81175
91960
-16827
25132
52558
3816
61608
14802
-27022
68874
75714
98877
70471
6156
-62941
38785
-95032
-88031
-60228
16919
60814
-53559
96394
48062
51346
78216
413
-8516
38656
26296
-9276
-46205
93364
314
98391
93294
82387
-10552
45473
20010
-823
66598
32936
-51726
-47782
-71689
-34471
38450
-29913
28844
96213
86157
31552
279
-97198
-16518
-96224
48670
25135
-3255
57545
23178
-75815
-40380
30269
2623
-97005
-69264
-50922
85638
73829
-74509
-60733
56326
26787
-30897
-29409
-89710
68312
-67060
23727
-91300
-66352
21941
91384
-71802
-83713
-3912
-27269
68121
-73647
49841
52174
24591
35023
-21952
26457
-83702
-8854
-55466
61737
88744
36072
-39793
46900
35694
-21848
-11591
9322
32865
-56557
46132
-42764
15667
-75807
6321
51147
-60902
12805
7132
-86088
-51843
-28041
67414
-32412
-89208
-40548
11931
98075
68192
12819
35459
25633
96048
-44642
-69276
-21839
77088
-11669
-66412
-40882
-11801
-449
3916
41224
-81161
82366
20456
29070
-80617
12569
-79605
-6486
-13233
-49900
-25249
82397
-2436
-46862
-26118
32471
-85693
57472
-48228
38611
64738
-84164
-2347
-17971
74018
7968
88067
-67167
-33623
18638
-64007
42561
70700
-87207
-39748
-50861
-95039
28205
69351
-18587
-54126
14365
-33490
-79794
86190
74567
52927
-88990
-38535
-93402
-67004
-43887
-14780
92660
39685
40860
46903
72250
-58389
-18763
-40981
88245
-26337
17715
-92524
97702
-72623
84655
89435
12407
-11755
18110
66122
68037
-36185
-38518
-63967
43278
26063
52111
-81722
-48327
3744
68528
72216
-60164
-96358
-93517
58916
-75923
38703
-68896
-51152
-87895
28835
-53711
-30155
-97509
8524
-33226
-60757
-26070
-78151
80904
39356
72641
-59665
-47577
-55078
-19780
-56049
61619
49964
46380
-46253
20099
24931
967
93047
39142
7596
36207
-62092
-10700
18238
41117
69031
8207
43666
22954
-20911
3643
-89613
-39622
62903
1816
-79765
77317
30250
-51144
52125
-93373
26913
-20511
78833
-41164
69826
-94432
68521
37577
-61057
85448
12051
-58510
-48931
22022
96535
-84475
40912
31906
-78928
48711
44163
-84524
6711
62171
26356
88512
-26469
-9276
-11141
-28400
-67219
23129
-97622
57709
37656
-74620
-13232
71898
31918
53302
-37928
-2451
-76899
9259
77135
-54678
-93760
78357
20611
-28291
83474
-13464
38534
98452
23421
-2239
-65070
96983
-33776
41076
49542
47813
-54256
-99792
5455
81708
68709
69777
-77150
-98491
-58443
-33534
84581
91305
-69106
-37491
17709
45492
64317
-50879
16354
-43787
84796
18111
-19649
-64626
64839
3681
6902
-61969
27983
-39546
17009
31081
-56056
-85698
33522
-29839
26653
-76017
-31141
-52236
-68668
94882
-68790
90961
-71829
59469
19932
-7496
-64815
52414
12371
-52387
9458
62976
18386
-30248
-70822
87597
24389
88348
18075
-8143
26077
40210
-31014
60662
-50503
-92399
-89277
97969
12704
88444
-76835
-60023
63659
-97863
21943
-16737
99200
-53175
20610
57726
65080
73929
-20359
-71263
-70814
-6076
-79622
22683
52897
33523
31736
53223
-48784
-6894
-75382
-35316
-11834
-66593
-33829
-65236
30101
27698
-12668
48554
71724
18484
66231
-22282
56508
32253
50322
-78665
-43081
4878
20947
84691
11604
15079
-73045
3102
4911
-17081
-52437
-43108
81614
93950
18075
66229
-21505
16432
47722
-52748
98269
-31192
40703
-58821
-86031
-45226
92270
91271
-55180
-3545
78726
-40484
37042
-68545
10055
37197
-68789
88150
-75856
8106
-39596
-34452
59639
87942
14298
29930
-19694
-77469
-47354
-13993
5106
7485
92060
-15501
-7984
52784
49758
1075
47200
-31098
28173
55770
96801
-59807
-63985
11185
64406
-38847
-8980
-75293
-53169
-23693
-21454
-49353
-12832
-47593
96441
-9558
39603
33164
20033
-87896
79674
34106
-67977
-92889
90492
-27397
-15657
50529
91857
-666
87915
80556
17385
-65158
-16271
-37641
97542
35108
-58598
1443
-81526
88557
-86481
-3589
-47510
-30076
-81586
-22382
70338
-67357
62675
-36104
-47997
-84065
-12142
36440
56071
59857
74496
-51791
-40123
-4195
-25487
-38993
8352
10844
50363
-25115
16474
-83862
12538
81130
-67418
-37107
59885
-92915
34714
67072
39678
-93387
-3005
-78564
-89953
-20902
8147
82722
-53616
-21862
12981
13479
81789
-17223
94145
32092
73795
-35528
-15285
98553
-91181
-44336
33750
-1786
86063
-86965
41126
-92858
49234
-63552
-8269
-15680
81773
29929
56953
-33493
4427
-51806
-48788
-4299
85845
5441
70345
32048
98994
95436
-61112
-6119
14982
26075
30382
98823
20188
-62261
72511
97773
-8866
-35940
62800
65356
92737
97768
10681
-34568
3198
67841
2217
-10684
94778
-8795
82517
70860
14727
49568
-75639
-72224
-23037
35455
-34273
19976
13278
8812
-39412
-2055
55162
-23189
86231
-11822
5099
96624
14566
-10797
-4899
54746
8561
76827
-54827
15696
25303
-43941
2896
16631
15503
85533
-15801
-4787
89271
30699
91924
80165
-32056
7901
-80338
35327
-65877
-9661
-8688
58691
-12188
-24150
45881
-24614
93869
-27633
-74868
18921
24798
-21410
-28137
-62805
56775
-77339
54576
-76118
18976
-98662
14140
-60710
84504
79621
60425
-47534
88713
-56053
54299
-61784
-62963
-89447
-71932
61415
9706
78121
50732
-77392
-10200
-8332
12401
28074
-64956
-78348
-51225
85479
-92931
82005
-53440
-32235
-68533
-60361
-39929
89373
50607
5154
-52473
37403
37670
97607
16328
94587
-83849
-98065
-71495
-35220
40684
-91837
-471
-32252
-44387
91063
67823
12848
89639
-83245
50218
61142
92540
-34081
-52317
37513
-62380
38762
-6321
39848
-96894
-67785
4400
-72941
70369
-28731
91738
84811
-30419
-34310
-90349
-89242
-6354
-71061
55252
-36053
-36978
78026
-91668
62608
-28596
-55955
-60476
14413
-25015
49399
1213
-87652
64768
-38171
6005
-61296
17043
-27273
15529
50063
25280
99832
70324
48110
85170
-38932
79734
27687
99124
-36714
83600
-54087
68800
44579
-88885
-36835
29046
-98250
90904
-83040
-47320
-57711
26802
64289
-25774
-11748
28000
82985
-1497
56022
44502
62114
7302
23829
-19141
-68490
52299
85947
-27002
-7227
48066
-43337
38849
23874
-89673
-54027
51824
82795
78953
46435
71499
-38493
-89827
-82207
-72602
55725
-76274
-58619
-30030
19335
-45887
392
-47076
-46175
-89417
-7664
-84781
-98952
5244
92186
-5017
-78124
-74275
79683
-20211
2586
-33737
44276
-74817
13775
-48215
70440
95872
-34326
76203
-22500
57405
-83053
-8136
26834
62031
7806
-3417
69505
1565
3231
-44840
90332
72607
-70007
-74551
65021
-96259
81255
-88824
-33042
68245
-16427
-72061
-26860
45788
-5092
-78085
56441
-92004
-16504
-63401
2292
17819
-99800
-9963
12663
49948
-74654
48219
-26251
28415
-70736
30188
-85906
41795
14715
-10186
-95464
81388
-73390
-13816
12076
-85953
45255
35872
49226
-32213
-92186
65314
-83639
70274
92243
-62939
76255
-58460
17471
50856
20201
-60868
-85690
-68574
3609
-29404
6249
83703
20089
19812
-46877
59654
-98016
25240
-68630
-41249
64304
4463
88067
10642
-60600
84751
68674
51235
-56115
78166
1373
95641
27280
7548
-99924
-59467
-48932
10388
-96640
40832
40671
-83983
30301
35326
-45389
-29466
-81963
-96898
87367
-36123
25922
45075
-33042
-91000
-42529
32541
-39868
-71698
-53437
44096
377
-34498
-32388
-31369
-26629
12551
13060
-86847
-2172
53000
-24733
-32199
53501
66187
28512
70083
-92147
-14868
-28891
5346
20931
-74505
58798
-80985
-4388
-60241
1133
-84412
-20175
-82005
-75586
-26241
-54784
37276
-78526
75202
20245
69609
38554
70671
-78380
-32325
21570
-60720
-63450
-7723
20039
-79412
65086
15130
-39001
46902
-44089
98482
17859
-83808
-43796
-63800
-99773
79373
4291
-59221
-78842
-349
-31273
-8748
-71164
28287
-49840
33415
-18749
68579
-37503
19538
80626
-5430
66638
38834
21862
13981
14968
90965
27502
-48514
12487
58747
91669
25729
15698
-47371
18547
-33798
-34834
-50992
-92560
92337
-95887
-83893
13015
40562
90978
16067
-73518
39873
-32321
13808
-23032
92779
2473
-30200
-60849
90872
73200
-35903
-62896
-63491
-95241
42100
-25482
51086
58052
-42467
-35886
-27568
-59482
-95617
13327
41644
-78141
82148
-691
49247
-5315
65986
-79588
82926
87105
-31303
-25130
89015
-47316
-88775
-1575
89059
-38567
-49023
-40929
-99528
-70133
-18494
-57540
-8757
-9036
-66270
46580
-58542
-68768
-92260
49719
84120
54081
-27900
18170
-78327
81687
35432
70131
-46803
-14980
-38061
89841
-89550
-96759
-96405
83541
-68063
-63895
84218
-41487
78387
-71624
-76023
74875
45693
28887
-60568
-52883
-10874
-50545
-59829
-65667
-93895
-94882
-95537
12596
-73163
76323
-21542
-70610
31426
18851
-74529
75949
-82529
-86602
85441
-18215
-51017
72529
29135
-20968
34098
37616
77742
65286
50471
-76960
-29868
-61167
54318
-35290
-75408
-64844
98835
2768
-52120
6030
-79576
73558
86522
93534
15794
68715
-88124
-12578
97411
-96282
-66274
-34503
84584
64328
45861
5865
87928
-16407
-77293
57585
-43763
55108
50570
64948
18447
96667
49584
-32463
40107
55880
79027
39900
14051
-35806
-27219
7129
-11328
83272
43555
-96489
76066
45325
4712
-50809
-79304
29056
80351
55096
48522
16790
53085
38801
24819
-56649
76589
-30614
15533
94498
93549
-11385
27973
-12803
-70379
57201
56109
-39555
-73256
-66381
-76304
-21906
68259
-27090
96384
-38625
47938
65882
-42965
-36242
-99038
10649
-89172
-64405
46833
-22599
96734
-24084
-65759
-31225
-88821
-82387
47628
-99894
-42653
-14879
-4814
37475
65992
-72807
-16995
-44097
-79738
-37040
-39131
-58442
98592
93265
2448
22659
35909
-95163
-17839
85472
-72542
4573
-63567
-85634
9873
-21416
5259
9566
-78801
-66191
55281
-69809
30411
50857
-68947
59588
-54663
97260
-86814
-97519
41863
-7262
-50224
-50942
-50745
-88235
68022
53464
-8117
-29446
15569
63201
46191
76702
-79037
-65613
-56112
56878
-17521
-17084
-15333
69731
65089
-43543
-69952
-86456
12011
1450
-24636
-40343
-4535
-26306
81846
94362
91398
-9752
-60935
-5215
73111
-46995
-1088
93377
-97274
33200
18969
-91420
32329
6188
-37088
-61980
20688
-24370
58388
62390
-14242
57005
-42106
-42893
-55409
18471
-41491
-17212
41912
-8359
-30505
35626
-50837
30906
-3142
-31704
-96679
-55660
-79703
67661
-43054
87841
44322
32417
-26391
-78786
-68860
-27220
-35277
46158
-1507
-89826
-96594
71790
35426
-52194
61245
-93872
95224
-74894
-61999
33846
1646
70087
6180
-29619
-27634
26462
-6113
38308
43529
-47405
-27556
-86841
-16817
-62645
-37499
83196
48768
69882
47579
49241
32636
-4017
-97069
90240
-28458
-91908
81627
-24135
-25752
-84699
-61958
-7510
45440
70948
98709
-39755
49656
-66825
78925
-35026
-14748
-23993
84294
-58248
38948
-61611
-2173
61499
-24744
-76989
29293
7619
33779
89725
-19405
83704
-75991
-8830
73994
66038
-3838
-29101
-25323
-17207
-62320
-87882
-16671
17030
-50563
71975
-93433
-54008
42750
-43044
-71627
82694
61860
-59852
-21690
-84530
-12591
-44101
-92276
-85856
-99065
8476
48112
-70423
61980
83620
-99919
-35685
59466
-15505
55112
58725
69795
85425
41260
-23468
-72543
89955
80049
86150
-95141
65671
-22324
64646
-31404
4634
-68175
64329
44910
-94698
88349
44484
94332
54113
-55696
63912
-10315
26965
92786
67003
-18173
-659
-77642
-3884
-30597
48648
98139
-57805
92584
-6179
-37201
-41349
89280
84028
-39633
54092
84280
46525
60458
-57471
72435
27719
-59580
-63293
73750
43198
-98219
-56056
-28809
10
-80783
82540
-16141
-14719
-43965
1322
-48866
93360
-47982
56823
73813
-29237
72998
9595
-60688
3374
54211
-29588
-98412
-16625
-71276
-79223
-18075
-59773
12131
-2191
44120
-2007
-58683
-97378
-69210
-28937
-43565
70017
6172
89567
18066
-98246
-86897
-5475
13044
70259
6958
-22176
80504
-62053
-34768
57490
46380
10682
-55956
46086
38675
-89354
78727
-64003
-51487
60769
4295
44181
70306
16828
72710
9039
-27333
41997
23555
67899
-29367
-72616
-95469
45314
18662
-38787
19317
8912
-92278
-21650
-73150
-59940
-79411
-45046
-19005
-73963
93450
2139
-24803
-47829
72096
-16983
66599
-26506
-42030
-36167
-21668
31751
-97010
-83163
94316
-56822
-89909
10585
-11923
-28204
60491
42471
34031
61135
-50816
10376
46252
10111
-92277
-38864
30430
-62800
-83105
50252
88171
-75010
-72060
46363
50620
41985
-36296
11558
-81045
-85037
97776
67998
-47974
-90113
-46980
26000
22369
-94201
-95032
-18105
21471
-86638
-37634
-29378
-23822
-85328
-17975
27776
-6655
-90740
94325
-87266
-57994
-97043
-90318
-16116
27657
-46680
45944
11545
31608
-30554
-36284
8394
-96493
66190
3648
97810
-9805
-2610
-25280
26927
-76854
-14133
-90072
7587
47638
83043
86188
95502
-69328
48539
-14288
-79515
-9919
-23830
2766
22737
-9645
-56863
-45003
-74266
-5947
-2955
63150
53502
-32679
-8341
-71878
14322
14184
-45282
5464
28532
37109
-53200
73187
-13428
-72098
1803
-63401
30829
-46482
31827
27316
13619
-23536
-18070
88571
-46084
58527
-2529
-28203
-25824
-88104
63796
-59437
3150
2161
87306
-9968
-24636
67203
27243
-50829
32170
-7774
-14732
-97455
-73332
-97011
48861
-42513
66867
3137
96934
-45211
12062
81448
91936
16670
-98398
90030
-42218
-197
98331
-95116
19350
18071
2062
-7906
59359
-23579
-32867
86600
-58520
18166
21029
-81451
9227
19031
16696
-11225
57293
-41256
93682
-68373
-81014
16615
-15494
-10997
-20479
37978
-29609
-37561
90874
68235
96236
-11042
17104
58333
-13615
38054
16287
-47651
98768
66811
54986
-89915
-75591
90196
-53527
3738
-4062
33905
-63666
-68044
-45377
-29520
-83854
-76514
68250
90943
13761
24275
90223
-38356
47295
-44247
-61338
24793
-37611
59978
90733
-24629
76860
22300
2866
-25951
91781
-77181
98490
-53919
72322
-90564
84897
-32338
-10539
51754
43246
-34730
-91629
-44690
38354
13000
-97196
-53265
8381
88419
985
90873
59037
27497
-20390
18561
26741
93778
38636
3782
-53226
-62531
63308
-84268
-66116
-49535
87563
17955
26119
72354
42453
79004
-79341
34655
5599
55099
-39625
73832
47725
57167
-22697
-26194
93757
-8929
24358
-89902
40147
58407
3900
-14657
12194
-8576
73232
-72173
21780
30045
4754
-1352
23094
61873
-4824
84306
-18877
5806
19010
-40943
-20212
-35863
-58532
-13915
-90880
-2534
-61488
-54831
42782
-21377
-23915
71833
-23500
91615
54616
62165
-4334
65964
20981
83688
13521
88194
-37038
-21174
-21511
-79092
-14760
-62400
915
84101
-34609
95534
19212
-59748
-82091
24963
-42813
-24719
6139
50130
-26960
-1347
23101
85633
-77392
33486
-61989
-81638
15025
42799
5528
37695
3062
-65882
-11762
-4550
-43577
15318
-69012
-34638
761
-5819
89998
22330
50261
23032
-62793
-66812
77928
-62917
75502
67635
-56409
84989
37362
15950
75004
-3945
-39462
27216
-60751
34605
32718
75932
73336
70765
-49316
14157
10900
-73163
-42952
16748
-64024
-17647
23891
-75909
-27686
78370
-86890
82798
64740
-43494
51387
22201
15159
-6365
16072
-98812
29195
52511
44521
-66436
-55096
-15670
-31318
79107
-65014
-96068
-38002
22919
25941
-36213
27406
93104
68245
-28786
-71823
-5837
78351
-10052
-59388
20484
2602
1842
99511
89064
-35628
-68781
13844
-35416
87827
-67447
-2852
-18655
-79000
81450
95424
31417
-37279
-98441
-26375
-58196
-57348
-9794
25028
-49212
-94541
-26337
49278
-77145
-62295
15595
-50729
-64822
68463
-77400
1334
-81148
19187
87537
59626
77117
-23227
1210
-74489
-96315
6919
28466
-26267
-5119
-81231
-40639
-36367
52736
-19713
79025
-4050
59627
56887
-73303
-14516
-44389
17370
-11309
-79709
-36091
-77657
62367
-67956
-83312
26502
44833
43612
28743
-85224
88726
70334
13546
37912
78084
-62996
98527
-58258
12735
68618
-54842
-6896
14791
23583
-43030
29141
-69169
-51216
-60973
78040
19033
19899
30584
-81595
-43844
-58099
28241
22723
93063
-47552
-13749
-54274
-28800
51157
24213
-10928
-32187
30762
47768
37067
-10412
-44712
-22077
-80667
20454
-63317
-57084
-66303
76598
72575
31122
-22122
-63137
34867
43175
4862
57827
-70067
43723
22045
3656
27242
43084
53420
-68772
-84256
70346
-87583
57946
-35150
-71506
65533
45925
89903
-88197
-19599
-51855
11047
54781
-93714
91137
-23733
-80419
83720
-10806
55136
74774
-39802
50103
-68320
-38334
40392
91014
37165
-44210
55317
-26929
48114
-92083
-62143
-61979
-74216
80423
-13769
-79659
76322
-29198
41448
97804
6758
-49959
19600
-75307
63209
-26568
-26334
-73537
40341
-49782
52816
82780
37657
34170
-66695
1702
-76963
-78507
-33810
34173
15393
-16095
14434
-36276
38257
68935
-38866
-24951
-57145
26923
-59649
63322
-51779
-51620
-44963
-79275
-40851
-68377
30744
-40288
-60889
-81530
51473
-35400
-6834
57462
-57566
-74035
25679
-90714
20651
-83383
91519
99339
-95238
-64783
-98735
-59375
48662
72164
-65808
-88149
90600
90177
90687
-97653
-61177
-37594
14827
-74962
-24865
-8237
84713
-4018
11964
-87764
90449
60283
84921
16797
-50346
32644
-99841
14936
-351
58447
-84036
-32454
-8374
-22648
42531
-67253
48371
-13322
-78119
-37532
62272
27113
18947
49899
-83594
6480
-57815
-99334
49135
-36889
80007
-45154
-86728
70285
-97680
-52293
-71865
-40589
-64737
-68851
-32100
-70607
-18084
4361
58482
50355
-16760
87714
-84702
-77808
-5499
-16793
-91179
-44933
20932
72265
-54428
-22382
-53844
-84613
38926
49748
-64220
30322
39253
45552
-12995
-16308
41397
-37192
-87681
53453
36482
7476
20367
76548
32349
-43501
29305
5836
67474
-99267
-66720
-65042
-67503
-61180
-35457
-22556
-5368
-94344
-77541
-39880
47577
37529
-10745
-15733
-56323
-50457
82579
34290
-81803
-8234
55443
87547
-23704
-28322
37575
-17843
-20130
-59858
-78740
31853
35927
-33024
-95522
-19107
47689
6088
-26200
-81377
82229
24390
-26134
72599
51557
-79557
-48219
97166
46596
93047
-52697
-27309
-25575
84177
-19762
35260
44450
96497
93370
96778
-12407
-57593
52563
87210
42117
-36194
42995
920
97936
-49589
15218
82334
-74048
88511
60621
-23429
-4411
-36228
89266
-38562
-75074
19557
56939
-44847
69240
-531
55460
-23245
-67004
-95695
-55461
-41954
73203
90786
16931
-22873
-23312
31579
40852
-33661
-40645
-9903
45714
60230
95422
-36760
-3592
-39033
-94771
-60318
-64734
-29664
20671
21170
-78444
2706
80227
-24145
-30837
-85499
-27167
-76060
-33123
-88596
11311
46980
-84593
-19577
-72980
-34565
-81357
-54206
34012
-38881
72380
18939
-75839
1797
-79072
11361
-29550
59248
38504
-39496
63195
34405
-60137
70584
63344
-42150
-78987
57301
79887
75341
-58889
28122
-64239
78704
-82164
-56209
24333
-2367
41926
55417
-33718
80120
-10781
64544
-96162
-10982
74552
-64468
76647
15723
50169
-71992
53029
-33472
2087
-5591
-68109
-590
-31850
96904
-10848
-94289
-20902
-46261
-59858
-42966
-59314
58818
-76761
-78413
-79424
-28916
86
55841
-92484
-96742
-50135
91051
-77452
2955
70177
-57514
63881
-32777
-22029
99912
48632
-61432
69311
35452
-86428
91970
-1686
-93553
34043
-36637
22106
-7817
-10040
45348
-50099
-38957
34837
17568
-95594
-76516
-85893
64012
69494
54843
-55096
-17820
71315
60213
-53621
-473
25303
94209
24446
-23944
13864
-36421
-84656
-4442
-66177
96048
34639
-5435
-75993
-50471
-26705
13819
49941
9893
-35527
-12905
27102
9263
57875
68187
32089
13711
-93464
-42470
23633
28044
-31948
8508
-44761
-82513
7405
35935
-75709
-40397
38353
-79208
91956
-83496
-98679
-29225
-31700
16662
-37321
-62296
-93167
2671
-8223
-97898
-83007
-65762
11321
77610
27429
-42837
15112
60049
7152
82080
-55689
-18661
6965
-57514
48762
-21536
995
-60248
-40423
21117
-15906
13897
-78948
-28548
91130
83378
-62957
-13294
-78314
-93389
-75969
23745
-27629
64683
11297
-77602
-8400
-40365
71836
28717
53316
41396
7625
22056
-81258
84409
20312
41631
-60836
-30753
-16803
21305
9807
-67512
69631
56280
34215
-39889
-86152
37339
-14472
77111
-24631
-13636
57769
-12708
-37762
-25638
37260
-28406
-39207
16722
40095
39756
-25954
7494
22111
-41443
-91782
-68289
-62589
-47845
9233
-69649
83228
-8871
-5597
-45617
36807
-43501
-90406
26023
11083
49212
-15566
79596
-1898
96308
11013
32963
-62961
38742
33138
-33628
9047
37421
-41367
-21350
-91358
-55098
-2794
-49370
87403
-95904
-71640
74307
19929
40448
9917
91205
-81364
31073
38380
46875
20579
-5623
22254
-8973
59310
-96393
-93719
-26820
23883
-3847
77019
-43897
-8576
11482
83488
41991
-98381
-80329
-51425
-65353
20905
18802
86615
-41830
-71975
71552
-96958
-3234
30253
-62434
-44253
-38822
66004
31521
37809
9079
-13754
-70102
29472
-92182
64662
59704
84232
-29153
74477
-59241
85620
75377
96488
14006
-45878
29846
-15024
-31530
27218
65944
57906
69023
71140
84286
27035
22221
-24846
-84919
50674
50503
-55249
-11686
78002
-81136
-58916
60785
34370
45270
35309
-6448
46002
-79832
68380
23806
60948
-76731
-81527
-88345
-39883
48911
18636
6112
-74633
-66337
-17703
93833
-5748
-98638
78799
85324
-16751
73536
-72419
95105
89668
-69459
-66799
-63436
78052
-38695
-85953
50878
-91996
55186
83530
17999
85579
72361
-86446
59406
-77077
60386
-74822
27991
-41221
-34108
-13164
40931
-87852
44689
-31636
-30330
-30460
-1776
-43730
-73583
36946
92230
97332
-64745
-77616
18499
-74000
-16179
56022
-52584
75123
50123
10464
19110
32535
-26961
49798
-72431
-34289
18080
19668
-32044
-47223
-6288
-44283
-34130
-73539
87131
-83359
92987
-14251
12716
-9296
79581
-1543
82047
-70310
-70823
-90058
52385
7452
47678
21322
-94957
-81303
-86337
-87858
12142
36251
-90078
47616
-34592
-36332
-74991
-67539
-41196
83574
71694
34359
-78992
11322
23172
65736
10360
-54543
-13960
-84652
-66928
30549
-96354
22468
18014
64715
-50744
-12924
-2226
56824
75834
72682
-4625
51581
2136
54273
8763
74896
21376
5938
-55181
14328
53108
-32306
-59095
41573
66032
-64581
-56489
-89495
57051
50616
79341
33431
38168
15566
-41816
-39881
65019
-25259
1054
-61470
64921
-22624
-46954
12928
-64328
93318
-79789
93532
68389
-44466
47154
-28063
-18011
32118
-16087
-23948
-96445
-89760
70127
-63379
30856
-89190
45307
-52493
-65527
34504
-41244
-66318
44698
1904
30055
-59332
67488
7522
-58041
-21639
43333
-36158
-561
11148
67396
29747
99699
-46843
-97372
-41310
-52523
88572
-10303
53548
-20765
23888
74885
37997
-98147
13308
-56394
77862
7668
47379
-74902
-4598
-19250
68056
-40619
58853
-4826
55548
88451
-33878
-24559
-86028
17057
43991
78683
-68746
-23883
22855
-42224
38609
-39122
58580
65110
-75161
63317
60454
-27977
66696
4835
-54819
46269
59371
89645
-22057
10934
43339
-81605
35486
68631
540
-75594
17713
86333
26600
92287
17837
55183
-18165
-44068
-7656
49790
-1273
2637
-68341
-87378
-36667
-66115
-86919
-14225
-25815
47252
-55137
72932
-94256
26281
19978
-57788
-52631
-52331
-34944
6335
-53395
-48541
-91700
28152
-65540
-52637
47210
1649
61269
-20067
96778
-58875
50610
63331
-65212
-38642
-47490
-65088
-74023
62054
52532
-82740
-26654
40779
91285
25505
18776
70044
35589
80552
-86657
512
88579
-61492
-4497
-30810
-73148
-9327
-64896
96166
5354
-4547
-75695
15622
-66330
38452
-70539
15514
73767
-48414
-900
38019
-73027
-33136
-45479
-47017
87759
-35814
28277
43809
-44107
96184
18191
-27777
68339
-41480
90382
-50326
31315
-63540
-48411
-50093
-15650
35391
9121
84392
58486
67395
30802
-54859
-76013
-26585
63315
25576
6424
87972
-47688
21357
73937
43990
45076
-92232
91532
18440
90212
46944
93777
70632
-34340
45096
55999
26330
-94837
44890
-7292
-94616
-3027
25805
72824
-46314
95629
87877
-76201
40915
60245
-15751
99225
-43444
57972
73455
32176
15579
-87510
-24444
-10851
56413
-67213
81416
-4624
-14878
-95411
-15931
21466
-39555
27048
-3167
-55760
-37766
-51286
-51815
78014
-4241
4508
56493
-73210
82539
-93388
33947
74772
-11764
66879
70147
-93121
8365
-97237
-14295
-55426
30140
28846
-45351
16292
-26839
-11113
93349
-50439
-32326
32239
46538
20215
99643
-43573
35249
-20322
24851
-22287
28689
55156
30834
79269
-12175
-46883
-63577
-753
-59125
-622
-37618
60746
86924
-75327
-78490
-53045
-6151
38145
43073
78252
-66133
-56399
-51052
-71916
-9157
-93460
-25746
13957
-20360
56106
20742
34242
-4459
56438
-36563
-47973
-44128
-43193
-27038
-91562
78445
93886
-36156
-21444
-26415
-87621
73954
-53123
62602
93148
12335
59777
12988
7380
10513
14092
-6954
65635
-8168
-14452
33811
75447
12
-97022
-75107
-33441
21407
18571
-13172
-78488
-10687
82250
67851
67030
-64366
-17356
50971
6017
37427
-26376
34929
-73591
78773
25417
-48709
-58953
-9485
98441
-50751
-84367
-84484
-91245
-20186
52570
67688
58661
-18483
79492
-62068
-67415
-19176
87122
49416
990
-92661
46703
-52163
-33688
48847
-58203
-54180
79920
80659
-6373
36570
-98887
-85107
-60690
-13825
22081
-65826
-57622
-49442
46415
84
-85531
-95073
-88096
-68599
88632
93432
37736
22120
-17765
63098
-27833
16336
40028
-69625
-63479
-33328
-65860
-31390
8218
89490
29094
9695
-46971
-36075
84748
-70983
13991
53843
-95712
18434
58420
-45439
-56276
89269
22117
17269
-65201
-37209
78397
-82847
-63723
-21540
-49097
33725
74161
42166
-44786
99843
26586
-17655
-68056
-13740
63551
30154
47328
-31560
45351
58789
55918
-40509
-80919
74733
20662
-95917
-69499
-65426
-51862
69173
-39458
74526
-83428
18087
-45803
-23438
-42909
-66184
-44733
-92210
-37783
81228
-57710
32724
72656
86780
-71303
-51874
-96577
-75878
30674
45446
-38067
-64367
-7591
81826
47432
7403
80579
-22003
23649
-44499
-47176
27488
15096
4509
559
68736
12864
-96284
27749
27025
7119
-98162
-38534
30985
-54395
-55123
62504
23391
-84778
-15523
3168
93473
49205
67619
-4349
25317
-6306
-99025
72186
-46057
-98880
79745
-6094
88690
10694
48744
-70153
30794
40321
3812
-33876
-64443
50164
66925
80165
91818
12027
-61875
66593
95825
-81320
-5272
-66329
10618
58203
63196
71163
-80134
11758
15875
65085
-17648
-12166
72405
-17633
26646
16826
37419
-71935
-78381
-69478
-79522
-149
22189
51979
-21618
83430
91132
-21914
64895
-82761
55417
43706
-28899
-59015
77205
64116
-93600
31958
58790
71466
61130
-25182
62204
-47676
-53107
-4972
64210
-49017
45835
29473
-10400
74623
-10699
-61897
-19122
-375
-96492
63315
-87486
82298
43622
-75329
58650
-40465
38432
13995
43382
-13261
16403
-40089
16556
198
-2967
1083
59231
21008
