700
70819
1637
-79403
-66922
-50147
25637
-56656
16629
71477
-15184
32864
-27926
92194
-5466
31602
61861
8561
67322
-33742
-66350
40674
-35991
19423
-73825
-75088
-89448
54077
-76308
-60178
28490
57738
67023
-6451
3771
39688
-64960
-69446
-98853
-11463
-23192
-75996
-84246
28265
16705
-71717
81324
-13467
37673
-47212
-74486
-39479
-63863
-41719
32261
14007
-51172
6589
79959
-70748
-54497
54109
-1240
44300
-87468
45186
745
-28218
29234
22739
51409
91570
-13012
42952
-50830
-35762
45788
-99063
56311
-40536
47692
-71244
97724
20718
-34207
-66114
-92662
-71199
-83227
45105
39086
-98456
6319
-99245
28084
-37503
-65423
71335
15621
90066
83870
42637
44698
76446
-40266
87108
3164
28883
76975
9104
85786
-26113
-38207
-18505
72806
-38877
-41073
55717
57677
8864
-46739
-34449
81200
-26546
-14894
-6412
-91645
94572
-93285
93408
12834
93617
-7
-86326
-56693
23617
36025
-63939
67836
-34053
53743
-95916
-11222
-26513
-46210
7806
-85989
76397
98501
-49630
19553
31928
89705
78556
13235
-1702
46523
420
45865
-26095
-27130
26256
19092
10343
75320
48944
22775
66335
-17814
-16617
80550
-55605
40142
87353
29114
36795
-11148
-53392
-3538
-97008
95289
-53159
-37414
75694
-64756
-26981
-63735
-70257
-12770
-30585
-91591
90229
-60250
9371
7534
39736
-85426
-67743
30131
-50115
-39683
-55755
-11090
88775
-34878
95267
-59873
92071
29018
-11666
15285
76815
24798
-38994
54477
57285
-41972
-71215
88392
46451
49840
42178
-24057
-34022
-59986
-55578
86981
-59225
-47953
-25789
61330
-35298
46758
-7749
99880
-78989
-83906
-89417
-17684
-9416
14946
-58529
82306
-43985
-54552
24133
79373
-6399
-102
23777
55362
-51640
-39197
79031
-88536
-21689
73427
31893
-29202
26937
59023
97656
50664
42374
-94184
25166
-67032
77458
-36170
-61161
-64459
61872
-38016
40165
-4693
-12811
86987
48194
-93586
-64282
90221
81200
-87220
-35437
-98643
25739
-95377
-33283
4297
44875
1787
-79182
-40350
-30746
-55222
-7174
80712
8914
-95167
-58838
-59618
15336
54991
27413
50730
39780
-22398
-79646
-77957
35209
-20795
-22983
-45257
-56095
15930
59863
51456
-58526
-912
-79102
-12157
20205
5761
-33194
80733
-43345
84875
86141
7081
-80342
92809
80189
-22742
-8562
-1843
47211
-66222
18945
73820
-14403
-75731
25278
-79130
62397
92781
54233
-9632
58586
1362
-50015
-21824
72473
-49034
72286
-15212
21608
-84366
66361
-39040
-57133
-11024
-54085
-10414
52112
98511
67822
-88189
41140
33196
40607
66957
-99768
-8620
70405
43683
-41353
-32318
-20740
2834
-18466
-31082
37546
-49422
-20474
-81707
-81406
39112
33646
87
25447
-43972
19904
35793
56040
71409
47270
-91329
59882
-40826
41334
-58386
-18781
66089
88585
-8733
63362
76179
-39511
-89108
-93075
98340
-52632
-31871
39522
-7525
-13938
-38187
15295
-38543
-32406
2111
-27107
62291
-64311
-40192
-57898
95803
-50875
1008
6311
90730
-93260
-22454
37169
51844
66882
52880
-40358
-41657
37657
-71396
54864
3113
92796
1669
-60882
-73778
37811
-89750
55479
-38109
-63967
-37794
84094
-45350
78385
48
78184
-27454
66095
-73963
-53686
-46655
97651
-72012
35820
-27599
-97609
-34290
3503
-11115
52234
9
82826
91831
20702
66328
-8784
-30113
-76101
98376
73742
-69518
-7402
-58008
33904
50660
82301
59606
-59389
-82981
-3159
-17758
-94603
-55070
-2058
-18270
-30919
66438
-89362
-10542
67238
26129
35265
-34459
-80321
71648
16145
4396
-27123
72419
93098
-3806
66217
12273
-71537
59602
-7146
-68474
-59857
-83547
8010
45978
17975
17996
-1139
21854
31873
-88442
-82885
20245
23081
74190
-60188
37197
-84608
-46107
-75182
-20422
8538
695
7978
-76563
-5950
-60308
16939
-10762
3278
49870
32980
-3245
67149
14994
-11294
84627
-45732
51909
-5193
70155
-75176
69204
63766
-33740
43821
-94856
63307
-29984
-27827
-964
31464
82199
-65603
38124
89577
44882
22793
-22052
3193
-25453
57432
25746
-71538
47135
-86374
67601
64431
3545
54942
-59133
13077
47741
-37633
58114
-87185
32117
27710
41667
-10176
-77349
-22100
83423
-22812
-96820
-51842
86271
70768
59173
12483
-43612
78262
-71715
27953
977
16808
-65921
2331
14869
-42412
-36862
3391
-49864
14541
86598
-24965
69890
-32982
-97810
-88992
-50014
45928
-29932
45855
65538
61611
-46867
29792
30309
22433
71931
-84046
-54663
-68729
52777
96668
-36929
91334
6470
92242
83283
18613
57121
31108
-65318
26306
67901
37776
-14008
-57430
74929
1815
42700
4965
-97313
-212
70104
-55840
5518
-90327
67536
-20382
-1497
-9764
24846
87952
45833
70943
89296
-82292
-12599
-47291
-49345
-99593
-36471
-16720
-24612
59159
-24653
-72192
-46199
-8364
-49069
68326
66802
-65763
-75761
17110
46294
52648
56643
8475
91382
