7000
93997
-48746
62644
36907
-97352
71455
43013
5515
-11627
29523
93367
-90783
-18699
73912
-42414
56201
-74277
-44470
-5938
32559
1759
71319
1698
98490
3598
37562
-92039
-51689
14255
92274
-97722
-71523
-9887
-82786
-60946
58210
-60000
-66985
-82972
39578
95142
25834
46611
-43802
-99538
50736
-8972
-91071
72595
73228
25727
-69438
-58025
-33343
-11202
73294
45824
-52178
60348
22558
-90915
-2394
69597
32361
-8281
8816
33095
74222
37442
89432
37246
99040
-97949
-40848
7118
-78227
-8821
-95066
40481
-32531
63793
25219
61744
-28188
-40131
-92482
-91242
70900
22577
69947
10432
90018
1698
57315
50753
53634
-38300
-61152
-57278
-51646
-57851
-59275
-12329
-33391
96623
-17351
-77844
-27286
10097
-99730
64222
-9407
88791
21442
-18970
-184
-33355
35809
-66064
-47202
-86525
31669
-90102
36437
26722
65787
34744
-39778
52733
-72317
-99036
-99309
39179
26820
87602
37665
27184
55513
64818
-14896
-68157
-22052
-2641
45105
-61461
87390
47844
38563
65826
8256
-78194
16513
-90469
26865
-55011
-71060
76352
21956
6980
61168
70996
-42516
69679
-43883
-50376
75928
61652
26757
-54135
-56091
-46429
2325
31846
-69884
12055
-40079
-74225
69034
60654
52009
56809
43117
57909
-60462
19486
1154
63485
95706
50017
11792
-46998
-20436
53967
-84176
-53719
86780
11505
26884
-7039
-69969
-15202
-64207
56707
-86294
-79939
-86086
-16164
-59594
21161
52154
1225
97741
77613
-64322
-23191
-84476
-50578
54973
88302
68308
89384
-50572
73773
-12538
18576
-8094
6998
-89157
65113
29533
-72771
-7659
72723
-10608
-67690
66758
30957
-82926
-43264
19379
34459
32867
9400
13508
-78893
-19451
29934
-32053
-57231
31093
90356
-60786
60666
-44796
1555
15666
25341
9367
-85960
52870
55701
70007
-21812
-69718
-33460
75414
-14175
-12517
49946
25695
14536
-95140
11531
-44616
-29313
-36671
-11458
48279
49671
-27621
6153
-94850
-88428
-65221
-57606
79764
78302
-17883
-70791
66402
-77163
-74093
38729
-29721
47409
-21854
41517
-61544
63143
-89635
-3929
-54537
1783
-4699
-58213
-53746
-50334
-36358
36691
34184
78586
-60120
81180
44269
67281
87056
38477
-4104
-45229
75026
28135
6807
-44944
-57516
-95656
67327
49329
-28430
29146
66601
28588
-45182
88312
-89428
32659
93442
99697
-29448
-14746
-90720
60405
-40404
89225
23462
2060
-98603
-84880
-31743
49558
69124
-86218
1772
-67027
20363
6285
-85378
53478
-53549
99664
21388
-2697
33053
43829
-88708
-29966
-41325
-48482
69415
96752
-17334
80846
55594
52425
-99945
-7048
-43254
-84481
-73205
-461
-57727
-77510
14284
-16629
32809
-13970
37649
33969
-51836
25880
39737
5266
-76698
-5592
-55927
82629
-13569
-97415
-53631
97629
-10231
-83461
-21095
7262
-79478
-68686
45789
-48051
-20794
-48041
49826
-31520
97093
-31204
-69148
-25899
-61636
-947
-11203
63647
-55653
32594
-55932
-60614
12467
84945
58944
-86176
-20095
-86736
-36600
-80300
-69669
-41608
-98696
-99429
-73547
81237
-10862
-38006
26320
-88262
-54802
29179
-91263
-2271
-10337
55321
72986
-27408
89380
77339
-22537
-97993
-79352
-83506
15526
-81834
50839
18250
-99852
-69316
-61635
47430
-97840
86154
-11460
72712
43807
8917
-37495
-6859
-91813
-66486
33028
-9402
69736
-63443
-50669
22875
-79819
22202
55642
51050
-87541
68716
48664
-67632
-66890
-13733
21473
-7864
95436
9088
-58764
-23623
-36770
81749
28984
-52183
76283
12439
-31336
81040
-14245
61357
1719
99719
-16273
79907
-75950
-10593
-84285
49551
-82063
-58290
-13940
-60524
-6838
60357
-29292
48452
91250
797
74815
19937
26432
79023
61433
-30724
-88192
-83006
-70402
-65473
-3823
27103
-29883
95814
-73700
-37439
-77302
59047
13809
49769
83830
34834
-58496
-23923
-59602
3860
27056
74544
63541
-2698
-75041
-81203
-72001
87170
-5257
29165
59539
-19611
29289
-19560
-45413
-72336
-58359
-67032
99275
74553
-21242
-10119
35884
-6946
-46716
99836
82948
12457
65560
1643
3812
38351
-16289
61783
20878
87251
-14213
-97828
16896
2312
73772
-33033
77025
22899
-55545
-8338
-57017
-30898
53525
-23507
74467
-61143
17482
15025
-80566
39788
-60513
66909
-66528
-66569
-1201
-42262
-41245
18666
-85396
66300
93265
-41792
-27941
-49
695
-31210
882
62864
64792
56074
26284
-23544
-20682
38655
13639
22067
90304
-21252
-82245
-65425
-78633
-2060
45398
-41072
34943
39968
-68680
-56752
-8545
63880
-24343
-98844
-37004
-95070
-83118
-53207
-34728
-73903
79391
3901
60267
1870
-82450
-84373
-54501
64612
-27084
90686
-77418
-52395
-18643
19254
-7159
-40166
-89539
-9319
36371
-51192
-42328
69920
-73205
-96754
-28501
75922
4650
-94949
-96779
42095
-62889
17628
-68411
-70142
46478
50275
17377
38938
-34836
95971
-4112
-4846
-53607
20824
54517
-32245
38226
-39420
-30104
-1989
43089
-55149
61618
-55009
-24228
-10720
-57146
-54068
-63833
-37936
-23529
-18717
-33049
-92452
-54855
-57245
-79563
78573
51160
15513
-66598
10080
4751
53298
-75523
27753
-75034
-20111
11494
-34605
58987
27131
-57810
-67419
62955
41295
57478
53665
95501
21140
-74464
90598
54220
-95605
-2051
74037
81743
-86684
51028
17552
-97625
-79124
-13732
-33282
99428
49955
-4938
72940
9108
19820
-1158
-95763
-94759
62877
-15395
48738
-70170
-5194
-35524
58485
-60330
2223
-32121
82047
51753
-86806
-27251
-48438
-20901
-70008
-2849
33520
48099
85976
8484
-89822
13701
-57623
15481
16197
-96172
18752
94786
-10122
-84344
-2523
-81518
16430
-19849
7896
47987
-78911
-79948
-60191
-12654
-54783
-13503
-8891
-46006
-85057
66161
26708
-53813
-81103
56415
-62688
-6489
-47633
-38203
-51000
-84039
43864
-22534
16754
-88334
-29295
-68278
-43497
-24575
-90451
-96781
96375
-78690
-45591
9082
37294
-41548
80142
-18136
38879
54825
47033
-46555
-61300
-18101
-97609
-43281
-95416
9112
22154
2807
79747
31210
76873
58136
76741
20989
48739
65077
65334
95454
-57724
70445
5785
-55310
-53680
85182
-19431
35873
-76852
-80781
47612
-86371
-51812
-28853
-48460
-80173
-48601
-48216
-33388
-13652
42902
32048
86176
23936
-57028
12164
-29699
-22760
-34928
-84645
-96377
4830
3477
-53830
44417
-89821
-12838
-52782
-27033
-96307
45213
-98186
5792
95131
45707
-17609
10960
8599
-58845
-95394
17609
41111
-38216
-44347
-66975
84271
-50731
-12846
21214
-13898
-12998
-62127
69454
-71181
-20283
24045
-69132
-19099
-30996
-6197
-33700
82156
-96665
36036
41808
21271
-54933
93308
-37661
-19509
-98352
68899
-95574
-93492
23636
41160
75147
-42389
-82952
25045
18925
60812
-75768
58923
82447
77459
-5768
-71077
23732
41003
-14102
4221
15356
21171
-5748
-59023
-66865
-73467
81119
-27152
65458
-50333
80338
88717
-35973
-69504
-70708
-97714
55841
95529
-95671
-5471
57005
-31794
83228
-10051
76429
-1039
-52910
-39338
38791
-30806
-96009
6204
-7989
53204
79410
-24687
-79775
-89640
-72565
51173
-77439
-52908
49934
63728
-11455
-66585
38471
-56661
-74967
-95717
-78484
24267
-74782
15728
68890
25819
49293
22465
-43144
-11019
75377
6613
-69256
-60324
41036
96453
-71364
25209
50570
46725
-76139
95089
-1965
-67952
-84378
65375
-15105
-1932
-8281
-45837
15333
-36425
18437
4518
-24367
28133
87911
87257
-28397
1143
-12916
-13559
-84236
30050
41424
58289
79172
-48007
-32242
-55875
63951
9023
9374
80294
-48594
-90483
65471
35054
96569
36060
24080
30138
-47590
12080
15417
58759
-6723
95970
-67865
18442
30371
-55352
-11212
65320
-64362
-94974
-31772
97999
68599
2148
95883
84463
-43085
-98821
-24947
-61223
31124
-75842
71230
-34126
21876
-62381
-65689
-55405
74188
-96774
71146
-18175
57194
-49766
-81667
-56764
37249
86502
96914
-80090
-65254
-41300
-51433
45066
17321
84602
-44327
-82394
-97094
-14163
40580
86686
77898
25559
85125
33726
27058
28492
-21488
-4652
33406
91274
43645
15336
-26660
-11326
53261
-7079
-31888
-75513
8203
52566
-3131
67218
-98610
-27019
19357
-14033
89627
94835
-46487
-28408
-36569
-56311
-43884
-38964
48697
62887
-46023
30460
-49874
-12720
59958
7762
-57257
22353
-54952
-17010
57021
-5537
1653
-56866
-70588
74380
19033
95593
-4627
-70234
58328
92856
-65099
11116
-86397
30017
-75557
18350
-1419
39698
-49537
-44608
-93683
-5673
-95514
56346
90230
968
-79078
68495
-79007
33905
62638
-55256
89364
11103
-9441
40541
-46308
86628
-2026
-91345
47070
-86648
34955
-4699
-38900
18892
-86653
-51488
24627
-43237
30201
-24931
68720
-16304
539
-39545
-94717
-19810
-95253
82167
-59525
-43808
-62522
-52791
-91823
78910
-36862
-41572
-94319
-48584
-52816
-61659
-16525
90578
24321
-62224
-24760
-44643
54212
-74059
-75632
-10851
-4403
24275
29608
-64996
-45582
-2708
85088
8586
4911
-27812
10923
-33713
-64407
-106
60848
31407
-58545
-4195
-28931
7001
-28579
71069
-75877
-756
30202
-26524
-23236
-39321
-16318
10560
81745
-30453
-28962
44469
-24712
68334
-87922
-43685
8083
831
42952
-73582
66356
-3919
826
78563
-75596
-6553
96236
-50827
-65437
-96966
64833
-91479
-93159
89002
-3748
-77550
25643
-61410
-63584
-40236
47353
13529
7823
27736
-77659
-12932
97300
-36887
81246
34738
-41508
33198
54298
76603
-64546
-8636
48226
23001
75004
59384
6919
42769
-36415
90974
62130
57950
41418
-79600
-67367
-93000
-55038
81926
50062
57851
61126
-51633
-66127
99384
13351
-60310
-35450
-65003
-63091
32835
-27167
-33887
56056
73869
83838
71928
42018
-79880
-95443
-39665
57409
26128
33258
-59747
6377
-15246
-8117
48807
-12915
4971
-23342
86374
-24475
58222
43234
-89642
38252
77234
11471
-45474
-37183
10150
-80242
-21097
9261
8466
46091
87034
95812
35531
71066
-58581
2148
-55278
-76411
42140
35035
-39989
-54396
-2145
-90843
-47211
70154
-14580
-58926
51210
-56644
17675
-77242
-93420
-96132
76991
28570
-33878
-75420
-39600
-70559
-64922
55119
62418
46405
70725
69841
69399
22287
32314
36230
-11762
78213
27567
-44664
11286
64301
-63271
-34694
-33373
5104
-59402
52737
14411
-70886
-37082
66451
67886
-13186
97892
-7385
95680
-61962
-33889
-70196
28341
-15416
-34119
89686
96647
41509
4187
2547
-63577
14155
13043
-82149
27966
14026
36683
93734
-13474
72803
41927
-71177
-24694
43595
-49925
-87914
30430
90768
-93082
48284
82524
82963
29199
-90809
-4843
-40077
-71237
86957
-44239
-92981
36296
-74994
-96997
25809
-72726
56834
-55861
-44705
-68161
-61167
53745
28942
97680
7073
-62469
11582
-50010
84938
91779
-39693
-17209
-76794
-65896
-9318
-71348
76356
-17176
-61719
58144
-10277
34311
9188
26775
-25701
-12770
93051
-33560
-57152
-39309
47569
-28023
-1344
96464
-51625
-55963
54724
77523
-55465
-21059
-22157
-71342
54029
-50216
29033
99048
70959
36584
77510
-12768
-70322
74555
-28829
-81539
-41516
-37478
-68384
40740
61805
65986
87193
-19673
-125
-36164
-5193
66543
96865
3035
-64222
-66747
18681
39890
-46828
23293
50753
52591
-92215
-86977
1591
2744
41683
50355
32134
-63327
54217
1993
-7679
-85529
87071
87266
-8372
-53621
65937
-72674
88666
98030
-76102
40387
-99440
-54266
-62143
42694
11016
23482
37938
-59462
-81229
-58720
81387
94738
-48682
57552
13869
67220
-37771
81381
-65582
-35811
24717
72528
-65762
-96373
-3462
-87336
83245
80714
3001
23730
56908
21886
91336
21048
93924
-59702
61610
3273
85905
55419
-54522
-6466
-3054
-69931
64495
-62396
-43943
-19656
-32961
29339
32193
29485
-43300
-23510
86239
81811
-31908
-54148
32176
-33504
22405
49435
93682
7510
53485
-33721
84112
-30331
-46912
63251
32181
14454
22048
87069
-77822
64123
-83353
69800
76186
-92783
-75320
83416
-51110
45039
-86829
-13367
20646
-60242
-12073
46220
-88865
-53036
-65375
40574
18160
88062
62627
52487
81480
25322
-45200
-80404
-50590
65630
70244
-57966
1983
65081
17313
-73008
-56778
-71788
-42956
76271
-47838
-74411
-92203
-67967
96889
-39600
-93811
72219
-62212
48921
-59214
90352
-40310
96234
9614
78859
-22128
55917
-19618
74728
43611
-41368
-24778
-2768
-51186
-54973
-69054
93200
46511
3766
49383
25269
-36709
-51053
1671
-85083
-30246
-36947
-70429
-70595
69581
9124
-1444
25795
34948
39886
-16046
-83609
-13588
31172
-71763
-16165
-46491
8070
-88582
-60020
-73102
-45556
-53011
-66949
-58742
-15318
83973
40317
-58869
-17698
20813
63819
-59186
-95046
87806
18503
36181
56744
-83774
83276
-83935
81119
-76013
-13904
-74015
55777
-31870
-82791
-75900
79790
72532
-81160
88496
17353
-64698
21735
38283
86308
-6798
18907
37174
-69782
3914
20742
73241
11369
11648
-60852
47705
47643
74120
-46177
-38874
35663
-87883
35577
96818
-56775
-72960
-63051
-69124
-41582
78248
60939
34826
36333
-85709
-20826
96245
-60520
28626
-56860
78046
-21141
-9310
-37335
-90049
-93072
72975
-16416
-68772
1071
93139
81552
-63721
-172
-16036
-33514
56291
-92289
57612
-44987
-38063
52456
86938
72151
49158
60205
-24554
-69874
-41842
-43718
393
-46741
-31799
-90924
-77766
8010
-8381
89986
-65523
16856
-60702
-44520
-3961
-86350
85752
65057
-31892
-72356
-65096
-55128
-83447
32667
3590
-68445
-434
-25424
-47321
-49475
-83181
1201
-75048
68799
65339
-49787
89210
9498
-96010
-60805
25194
73619
14304
1672
92399
26763
-80377
-76389
-6515
-72662
90698
59039
19766
-32920
-36004
85196
-34400
-16904
-63128
-40406
96050
45329
51151
-68764
-12200
-13543
-30900
76613
-31690
91184
5881
12049
-31368
55191
-25237
-94014
73288
-98052
17783
-68706
-25575
16931
39576
83249
78240
60274
-94487
24237
73443
2841
-90356
47386
97641
-92772
-77075
31163
-84271
8126
-64991
-4097
-56449
-17844
32616
-6112
-48335
-63805
-55791
-42852
22576
37215
31805
83662
-26207
-44351
-35653
-15767
-69125
-90181
2259
-80176
22227
-11461
-8802
76500
-39149
-429
-32622
57226
-63415
36449
25244
97096
-69093
94560
-88986
-5891
-21799
-82167
10168
27818
86187
-79705
84218
63169
-18455
69046
85015
97048
969
-15625
-39746
-10614
-71565
49363
21314
48938
7281
46953
-23454
4773
-97790
-53066
-286
97715
71629
86176
29272
86969
32051
32415
82115
-64257
-52291
8264
9108
91401
-45195
26168
51025
-45868
-39408
-78503
2255
-80977
57800
-49004
-56803
60019
7240
58387
-41792
26080
-32895
-91663
28952
23253
16154
27265
-17439
-58645
29700
-33160
-7211
-73745
-87381
-4872
87727
76731
-31928
32314
-54645
-93968
4179
34774
-30295
44434
-26986
-70606
53649
-5568
89629
34821
-45296
72526
53194
-73017
-95264
-80575
70021
98231
63014
32038
-89008
-94456
63508
-561
-73544
71145
18671
73579
9767
-32400
86187
-64831
-97769
26466
-90830
-66679
35553
5601
57347
-72793
34675
-46222
65335
79045
-77600
-94102
-44321
-77301
-56366
21557
-40182
68606
-74085
14595
64611
-12686
97704
10064
-19210
-30675
21014
-70514
-75437
-72294
-84705
-61968
-82229
92839
-3475
-99947
-20393
-58180
95119
42128
-83943
32663
-44535
-53872
-23110
45384
-86907
61041
-94414
9670
26600
61598
54374
-87827
-67392
928
-22165
-84459
-70183
-97144
8808
-83568
22639
-46667
-57702
78527
25277
-64637
36082
-34223
-65164
56784
-16295
-9126
-75897
97452
-69997
-44532
86755
20700
-36351
-39852
-9988
62283
-74368
-25197
-19645
42382
-7824
56055
-86988
-16878
73871
-94346
76619
-91099
22851
62887
59734
-79651
44598
27133
-56922
35305
-18021
-85088
-36257
31154
10128
52777
64623
-54419
-56612
-80774
9371
-38976
-45225
56568
88309
92238
89449
28263
-15574
-87583
33898
-20320
20791
-45005
2729
-63759
-89156
37017
41097
-38831
-97367
-7219
-32635
49086
-89323
-66730
13971
23541
-45587
87638
60262
80590
-49143
54384
87374
22449
-52518
-31149
-53253
-34952
80000
-31192
48799
-57629
-13448
-39788
68401
-49102
-78541
-22038
-93107
36131
-50047
-17040
59640
38920
-11156
32460
-92414
-25084
13154
38924
-78012
-67614
31882
-16817
7945
17809
-78985
54930
-35575
-31936
-98182
-16933
43089
-39598
2577
-2308
39358
35966
99454
-62332
83687
47367
52723
-90552
49627
71442
-73559
17545
15423
62377
45456
-66366
92122
-25141
-39135
67601
1068
-1171
-91825
-79553
-27464
16210
-10084
10350
51555
-98878
29959
-76066
-13835
98858
34210
50459
-1988
14159
15874
-66169
50447
41712
-75951
6016
23472
17208
78269
64621
81675
-78627
33171
43498
-7141
42200
91366
31629
-68436
-21823
-10519
45781
13435
-56698
97565
-58897
-16071
-67961
-94429
86116
6126
43090
-45901
48354
39803
76086
-49307
-99676
69112
32262
-76883
52417
-34692
69932
-27804
58127
52986
88487
38785
-39183
64264
74658
-21466
-55996
-21061
96946
93911
-13470
59375
-38804
-21947
6609
-96925
63265
60105
-67060
-37887
59704
-90324
-17429
-53062
-37722
-97758
28721
62032
70668
93912
67058
91501
-37140
71843
35231
83697
-49719
89111
33584
-17463
46939
-6151
-47124
73338
27564
1996
-19496
13822
26194
-11577
5690
19781
59081
-53208
74952
-31396
-48340
-57886
-93006
-61397
-99696
-1678
-91255
67160
47742
68112
-66230
-35062
38602
58112
19019
41160
7636
-76473
-31807
47807
-39269
99963
76716
-67806
61177
-83276
-56736
26220
47039
-84257
58736
-79615
-23187
81777
49272
44722
-36594
68023
-70649
-74848
65518
67404
-91737
31223
-8455
-62939
-73333
88348
-37070
-37946
77717
93794
40332
-72617
81345
-70667
-21015
-89903
-37967
-19303
6380
-68781
93589
23821
-85955
32209
71030
-63671
18841
79211
-49376
9831
-86830
-21220
50858
85662
-99990
-35767
-61725
-83032
-60728
79545
-83621
-48954
11733
-63324
44811
57114
98358
60964
-81822
54001
34022
64712
-59283
30563
-8786
1480
42273
-83757
-32380
-49390
38984
-22062
90622
-29437
69510
-44512
-72015
46641
-80633
-25774
-70421
81061
-53432
-71409
-27640
-69914
82878
19188
-30155
30064
84902
79576
27647
80836
-42582
51113
-71529
-14631
92077
-20747
-54172
-46096
35892
15749
64645
-16699
62448
-85404
57954
-28319
-15700
-85699
46317
17740
75919
-59230
-49605
97760
28111
57129
-93895
14010
-51405
-24399
19980
-91191
93570
-31294
99209
7432
-5107
-29230
-51890
33160
20246
25892
40955
38310
-86692
-63157
78736
75805
-76540
3277
-52507
54772
-47067
93155
48448
-33448
-83024
87836
-41386
-16892
-99653
83232
11937
-37988
-91416
-45614
45530
28314
91126
-11697
-11052
65631
-49692
-81900
-91659
-79893
-12867
27644
4753
-18776
67141
67238
-28316
90209
9918
-68747
-65684
-53360
43735
34033
86369
43860
-39118
-44086
-77422
-76479
-56879
47101
-4322
98834
-24996
-54448
-38197
64249
-13295
-97673
23686
-43689
-18360
-31911
68535
83976
-6686
-60180
29632
-20331
1998
57340
-56109
21581
-33673
78987
69101
53485
-97267
-557
-31245
-71236
42095
-92057
-27545
-13900
33074
-24457
-65849
8922
78609
34866
-67454
-14097
-73487
-11706
97496
62847
-7793
71171
-9587
64726
-41144
-77347
47497
39954
-70012
12432
96143
-55340
71232
-73378
63448
79568
50679
-66252
-49204
-7548
-86483
171
9564
-86138
-67112
-98582
50750
-58699
39851
71528
27462
-74799
-28992
3663
-77730
52455
-18399
24188
64866
-86043
-73486
96931
-81958
18636
2751
-2736
-90795
42755
-7586
79432
24542
-36217
35393
87822
40158
62080
-40998
-28607
-85746
-61073
16299
34722
18710
-31996
17257
-60172
-22905
2444
37900
44156
-9294
-96760
3958
14760
37347
-18727
-40003
91020
-57027
-5417
56791
76167
22387
90688
-44255
93764
-75680
-25971
-50292
1757
-93628
-20192
88676
7065
43356
-69542
-30338
78934
-1251
46730
34942
92162
52556
-92416
44674
80515
14973
31103
-4625
-19977
-38426
-52144
-98346
-45483
-85217
-17357
-19582
55922
71160
74225
-11552
-51424
-32266
42317
52108
70513
89708
94553
62068
96729
40435
-48220
-62165
6385
79238
26577
26508
-29288
-67908
90307
-83063
67060
-1438
61364
-53169
-69290
22836
69605
83671
-28484
64696
-2320
23372
-71888
71032
-94919
65428
-3507
5274
75331
-39618
8289
-77731
27870
-44858
92078
70770
-39170
-43897
49931
-17931
-28632
-68546
-21720
77958
-86267
98934
-16594
98057
72857
49494
-85371
-50506
-27699
86275
16431
-23395
74600
-68557
9937
-43270
10012
-94640
57682
-18448
-50307
13252
-29988
75110
65740
-67481
32192
-29253
-80654
73731
32118
23143
43272
20224
59010
73263
7059
-88975
50993
61316
-89715
43577
-32253
-83655
-55074
16091
20579
63136
4138
-2594
92625
-20416
-61180
68953
-90592
84596
-55104
-18912
89819
-38749
6181
-21557
-33469
-24681
-64127
94047
65588
700
33303
58844
-57242
97463
-75468
-40477
-28722
31393
-3360
3073
-89500
-88481
41967
70876
-52288
70367
-40713
8952
89054
-58895
-20325
21351
10112
12671
-48442
-8949
-75790
65259
-22988
65161
-68183
10372
10666
80076
-49531
-82332
88646
93299
6710
-65624
24113
-98152
56250
45709
-27856
95934
-87356
-12508
-59558
71254
-6151
-59215
-15964
37934
-29421
-89562
14040
-15241
30696
-85257
88292
96753
3589
73818
-68529
51893
8692
-19107
-61690
-44449
27486
7203
89493
3670
60041
53884
-9679
49785
-74623
96672
45618
39015
88597
33032
-59235
98091
-5319
8810
-29601
194
63177
87503
26199
-32245
-79891
-15662
87754
63947
-50217
-50825
30714
82457
-46615
92581
-80560
-36052
46324
80321
11510
-66305
-47844
-49879
-79103
-65762
-74665
-30006
-49652
-71215
73300
17887
52640
45858
10296
-95546
30799
86859
13187
48320
-9376
78849
-82351
-90875
-34524
3799
94717
-93374
-55065
-87471
51104
-96847
77762
-89658
-42121
-78958
-79474
-10384
-68317
46539
-55053
-81580
-47735
95193
-8546
81032
-73575
26674
-92271
79526
36972
72889
17044
-43828
60487
-6819
27145
63180
-32451
55887
-30627
90295
-56080
50782
-50086
-63999
-38537
-92752
-3942
-32623
14492
27231
-21482
-19992
-14404
-59731
28061
79595
-43183
68070
70816
-91954
35341
-69935
96938
-3745
66332
4050
-41620
-22484
24204
-20769
-22154
48275
42569
-64739
87490
-54236
52609
-34154
-5141
-43724
8038
-85287
49339
89921
54802
-60881
87201
-21827
93700
92149
40001
84729
-27576
53723
91238
98479
28533
-95688
-12589
-96596
25744
79687
91063
-96104
9551
42562
-34498
68195
-77513
-99303
-57532
50190
75878
-15025
51492
-13805
-64339
60722
-48785
50483
-49579
-94219
12473
-36582
20931
-21525
-55155
-95248
99318
25570
-83008
-91842
60524
75482
-55901
14459
-24156
-45727
-28142
-90637
-91329
60812
-69463
86611
-93696
-1389
-43114
-6637
32946
-25526
93386
-95616
-49815
-46600
41930
26021
60768
11350
97826
-89707
95298
-75483
-44936
45848
41220
61164
78974
20336
95471
-6515
-34431
48070
-13317
-86461
-44065
84982
-76905
64507
-8363
-25868
46278
32267
65206
17689
-81629
-42733
58360
32910
35461
10799
85993
-76844
87293
64214
54079
-92819
-53956
-12078
41932
-94614
94674
-14244
30032
36946
90257
-26029
-49047
93996
-4464
-73319
61221
-43350
32843
57034
73720
82226
71208
-5350
73929
48201
71700
84042
-80154
25630
76684
-47033
75672
-11151
-61576
21279
-87214
-71010
51889
-21152
50627
-21750
-50717
61967
-71797
55081
80078
-78206
53642
-27735
8807
-55013
-87213
-29698
91675
929
18687
96203
1971
-26500
49118
-64662
41618
-40627
82249
5912
-85476
-34840
-61037
-57408
37745
41071
-90594
-92574
85399
-51892
-46903
42144
73846
-91126
24071
-31131
-41732
-42031
-46389
72946
-16479
44220
27807
45574
21381
96153
-57836
-982
15029
39676
68372
70806
63820
97920
-49325
-7677
36790
87579
-66972
-15922
-5552
-90979
45480
84806
-80085
-46651
-26143
-32558
-51792
29504
-12700
-1086
-67363
-6785
38509
22768
-70675
86451
65421
22482
-63722
-98968
4606
-82720
-95316
27579
-17321
-61156
-52509
-14726
59674
-76605
53873
-8234
25195
33294
-10158
85191
-5348
79717
87461
-39043
-7901
-41951
77364
-10754
-74067
-16004
-29231
28640
-38645
-84968
27
99109
-97077
-41752
85856
71598
26210
50687
-37924
-16226
26500
20531
13216
49228
39638
-76818
85262
7588
-76741
-34735
71553
64091
-43573
-43644
-15735
-55732
46818
-96098
-35756
-76556
28372
-48210
-21272
-46649
-38146
-47900
44684
-93204
1976
94687
6407
-73124
-25818
62612
-70336
-93422
-33938
-32681
33092
-51088
96196
37130
40742
79278
73760
10015
-94207
-22337
-45167
-44533
-21479
-72190
64619
86985
60576
94689
-85028
23047
31252
-19702
34397
32625
-36539
22792
90244
-64423
21301
62269
95862
-54272
99800
65214
-86919
-78652
5690
-96373
58727
3813
-45888
-70103
-7106
-97163
96006
14558
11861
66908
-59032
-48951
62889
71685
40220
19547
-56874
-64919
-28676
27574
18529
-48650
59746
-79904
-4494
-60965
64685
18724
-82017
-69581
69984
12997
6115
-82421
-8599
-39712
-62995
23762
-75202
1309
-67563
-24420
-35997
-22127
-44247
-27694
-91447
56180
54054
32314
21136
-78086
9346
-13793
-97491
90384
63910
-70947
-18585
-42188
89593
27147
5819
-55119
24
64325
-94496
43638
69922
92116
48421
35794
4527
-16131
88566
-86129
57376
-54045
-64579
98024
-5103
-17639
-68572
-17113
-84373
-9592
-53511
54943
33751
-60871
-1429
87427
-19827
-15808
4529
-59422
-13942
-19962
-67126
49088
-93664
6385
38687
-84142
77543
11186
31492
79893
-1775
83754
20829
-85045
-58917
94394
-79459
-65389
-84704
-58266
70250
17508
-12536
45413
46429
59238
99805
-16953
85925
-35411
40830
92483
-14901
66898
-88596
63772
-40944
-32272
86082
8880
53554
-82504
-59135
31517
-8179
40178
-66359
67408
-44577
-58992
14244
86635
13796
85232
66237
-57646
73952
3183
65774
26963
13307
-33052
39095
23408
69894
84736
23626
-72567
12891
-12096
-96126
-94742
9955
-90996
-51276
42863
-36238
-16528
-40034
18768
-50548
-20620
89981
76237
-53
2969
75450
95479
13656
44147
77124
-57640
-16361
-91682
52793
-46592
-29601
-4450
54717
-91475
-85082
96151
-78290
-9450
-11076
-33819
-63506
87956
56494
96345
-75169
28078
-12405
-9327
-467
88063
-75965
-50573
-82300
-49722
13034
-74554
92707
45130
-74724
-92116
-5112
-45208
-68485
-45056
75595
90426
-25132
-78712
36423
79846
-50592
-97705
-41549
3712
29222
-52734
-48434
-47331
-17666
-76868
28025
79093
50608
-44719
-59490
-6220
-35078
-46084
-69362
9885
83440
4965
-19351
85211
-93570
19194
-4298
-83162
38921
10664
43731
-69554
-34892
89142
41926
30440
52031
-69442
-59215
-88750
55049
-43574
70692
-44637
16822
-35065
-41203
-11404
49707
98984
89482
-75770
35254
28954
-66273
2126
42891
34655
-2365
-76060
-74902
-60278
74837
55428
82076
-2538
60588
69822
-36581
-29086
-93557
53632
2897
909
-99148
72894
88121
-61526
-73389
59643
-5278
-52064
90843
-6857
-43950
13793
-75857
-98443
-37625
-61371
-71370
-49112
89
-52862
-10287
9849
891
38666
18281
20536
17312
-36543
-45023
-52324
21946
61018
-24917
-42952
-28451
29965
-14474
-10179
-87230
-50249
41797
-4314
-84760
-28275
-96101
61316
31829
13502
-67118
-3738
-33605
-31835
79564
87652
56053
24552
-9088
-55992
94064
87408
41782
56090
-18777
-9851
8014
391
48646
71364
74874
-53651
-7568
-88640
89803
-73594
23452
-21133
39913
-4050
24538
3295
-75619
69202
9140
95430
42312
91191
-49233
-89918
46199
-4764
-60687
59074
68878
-89682
87612
-39391
-54048
99102
-48488
-99932
-12191
1600
47375
-97392
-40909
3531
-88878
1830
-6372
-89496
10042
12413
96793
-15391
51304
19706
-16372
-70297
-58227
37805
83088
-48960
30341
-25205
-69011
-40181
36254
-9532
-49625
-84943
-12616
-73343
7473
-78934
52036
-70020
48703
-68951
-76242
3451
16185
-30235
-3305
37866
-20469
40453
19579
-18220
58265
72168
44978
-83714
5648
99598
-46062
93216
29848
-34394
-66447
69121
-23515
-72588
91912
62637
-14803
-57954
5491
84438
62964
-57964
-53228
-24891
22978
-68261
-43880
-32645
43447
-66508
-97710
71592
71541
80045
-76157
-34425
63803
-68797
48251
-10732
24338
-94350
-61608
-60245
8799
-39204
-34451
70143
-81063
70417
-87489
90739
-32875
-53183
-16535
-71976
-32578
62011
287
-94844
20000
-71839
-305
-12469
995
-56533
-99549
14941
-24300
55700
-14941
-68868
67103
-26396
-54856
15127
99353
-49829
-79605
-77432
-62726
-82825
9164
-83609
-4440
-3037
-88369
62089
92206
67068
-95984
87769
71947
63872
-48105
-6064
-1689
-811
31095
-50604
-77407
70196
66992
-50965
4035
-45200
-51596
-17062
-10025
37031
26503
-96482
-63533
5891
7487
98438
-33105
-15059
58731
-37141
-51049
-15408
-67056
-43699
41020
-71931
-59122
87820
-23163
-82592
-62750
-7872
70628
20758
-47419
72309
16835
-53494
-81295
-41018
-95524
-68813
-31357
18580
88488
85354
50108
-22940
-82897
-56747
-77023
-60397
62654
-34324
-99453
51318
34551
6053
70169
-17966
-55230
52096
53897
70324
67042
-83727
41541
76527
-73438
55461
76306
-912
12333
-28814
-44636
76223
-48835
76640
294
-32876
25068
-17010
-68778
-73900
77094
61187
61452
-48153
1664
-72622
20506
-4234
-6879
13033
47695
-84986
-2146
-51146
-28458
-15572
-30812
57909
-25924
42476
91214
54107
-97969
-67534
2135
47384
60193
-81684
5161
93517
-10068
38850
-18476
49098
-97009
371
1242
-12862
-69705
-38515
-39833
-16882
34265
95241
-83810
53850
-53733
40449
-11250
65840
80338
-55282
46531
-74401
-68442
88322
-28871
-99641
-10094
-54081
-7700
50756
58504
32626
69259
-46603
-45199
-11664
8522
-65112
86674
75691
52566
-91676
-63606
-28208
86820
23570
-14344
24577
-17629
-40504
36217
94954
-21104
-75149
54799
83714
-51097
89249
3805
19360
10359
-13399
-84337
78839
90127
98295
-70634
13168
27924
-30728
-89455
-37662
-24332
14686
-27833
-4047
81205
-21168
11217
-11136
95591
77042
-34219
-95532
75896
75340
-53396
-72186
43558
34265
-95835
-98716
16719
-16721
79011
-42394
-61404
-91259
84385
-38776
50172
98406
46550
47368
-63163
-67471
-50572
84414
72405
-5750
-11894
-1325
-44898
99425
89609
61279
84480
-56931
3427
93155
97145
-71516
55567
29920
97463
12489
-45847
-60078
-64242
60691
-54985
-55988
9989
44326
-30969
-68559
-9333
-1327
-7948
-97268
-66681
95795
80263
16717
66253
-54774
-23303
-89183
25900
-6566
-52458
-21140
66020
47798
14846
68326
-95883
-35090
-81274
18127
-40430
-55019
-50181
47760
6325
25773
-8954
55536
42764
-70607
-11093
90351
-68975
-16833
-82964
38979
17143
-4703
85322
-52116
-10624
13687
76331
-62346
94187
15106
-81833
-35765
59275
-40945
3292
-9998
-92685
30014
-27054
-216
75982
1389
-28871
-67943
9867
-59450
-41730
81595
93621
69731
-61731
-59256
-88992
-76391
87520
-30698
-31681
19560
80197
-78956
68627
-64579
-43651
-25117
18238
-59487
-27439
-72370
-62858
-43710
-95393
13608
58709
-88612
8643
-33087
89484
5764
-83311
46212
-77768
65489
83582
7216
-41971
28967
-30050
-25679
-39185
-23455
50823
-9830
-34273
-12902
-90795
-30270
34130
-39463
54407
-85640
23582
-88489
5895
-78044
-31475
-89555
36871
32635
-46828
8926
-2105
-35746
-24483
30463
-72589
76112
-71871
1855
-99864
20050
-40174
-63849
58071
77533
-18413
-68849
48002
-32645
-2741
-22295
36516
-47933
30510
-44241
5550
19311
-27140
-84588
-97173
-51172
-52570
-63351
-72892
67677
50282
31
-9056
-53381
-22336
28628
18147
46669
-6804
-74820
88280
47088
86132
-54131
35305
30116
-7572
88007
76235
67331
25133
92670
-43402
-25889
-89372
13446
-4270
62710
3782
-67655
76206
-67372
-67295
66215
-49239
83974
57230
-36453
62835
-95178
86083
-37434
-52562
88872
26501
44939
-61778
-39728
-69510
30822
-71009
89805
47772
7034
31174
-80314
-98230
-51531
13152
-12064
54585
-60702
-23834
-25063
47559
-67190
6130
-75004
-26768
-96440
87035
-65439
54937
-36184
74812
44696
88842
-62789
89972
-93294
97849
-94918
-44666
-21451
20801
-66092
46272
-36102
-71566
86295
24888
-40148
8961
-12873
-73262
57918
27104
-11907
12191
42761
67049
16462
-7136
52130
9459
89366
8872
-29739
-6969
-79086
-98657
20288
-66963
26744
15715
-63091
-21217
41347
72968
44813
9503
-7330
74496
-18258
1764
-96276
63382
41753
-22032
22450
18964
65066
97021
18978
72325
49933
-30251
-1211
61781
-22607
-72447
-31420
83988
52524
1113
65618
23769
-55445
55995
97465
13059
37780
77590
53504
78555
20218
-48282
85046
-96811
92348
35002
12639
45430
-31621
-65744
93752
719
87989
71299
14311
-55705
-72829
-13509
97348
74551
-77013
-37565
21630
56526
-9373
46103
-69013
77397
73955
16668
60848
63597
79013
25289
57673
-99084
-68228
-5117
-16330
-9753
9230
-98489
5315
-62751
67760
88961
88306
50178
-44004
77497
13638
52395
-39151
92077
-35921
-76891
-72184
50041
-20083
-41311
63054
38642
73762
-48294
67203
27987
33817
-50601
-49939
-10481
-29971
79436
-5383
38469
-43144
-92640
95568
97810
51161
-72502
-96494
-84480
90368
-70764
-52110
55259
-22375
-95166
-92562
30628
-68206
62604
9321
82207
26699
32838
80422
50439
-61031
-11807
-10589
2722
-61833
-98358
26320
24559
74890
63344
-37013
-16197
59344
89315
2361
-10605
-94044
-89640
-62494
88147
-45072
-93367
-77142
22685
66543
-35847
80776
19814
31005
-65131
94757
92842
-80578
76726
91634
12223
77512
9283
-81178
82887
5807
59380
-17773
-72192
58443
-39695
-93660
79606
-36953
31512
-92107
-34537
-22232
-38370
97423
31655
-3432
-95860
-26434
-43894
74894
-17749
-28271
-41345
85948
22843
-82002
40364
-67371
-37988
69135
7123
89369
35664
5789
55780
97342
17496
-19673
-18387
-30980
16442
-92417
-91923
-36939
63396
80753
56902
54720
12779
-21343
-54832
96401
-31252
-54848
79498
6534
10451
63147
-2581
-45168
1466
-10464
16662
58556
-13847
-82531
76781
39133
12220
12247
-52355
81752
-75422
2452
-89897
-37236
35009
7781
-258
-87780
-59337
59972
21244
40346
67836
48006
-92593
-66607
66211
45180
897
80495
66431
-78868
-79723
-98099
84450
-92377
-94627
90461
-28287
66759
-47703
-17425
-76877
96839
20441
12320
-55976
-33857
99924
99167
31383
85818
-53615
-42531
-42817
-40459
70994
62673
-9265
87927
-98063
92325
57553
95880
9939
-82432
26017
88975
39161
-72399
-67125
15627
-43531
96244
-70830
90734
33145
18533
-31283
-24623
38603
2174
-47571
20824
-63020
32846
-68263
-44060
-13608
-53319
-20230
-6162
-43135
-25370
93394
79431
-57004
-887
30407
-8983
18821
59212
19198
24312
64293
56348
12707
12955
59257
-7793
10244
23538
-81177
-53651
-30371
71155
-56310
74722
30895
48484
-73564
18686
-6455
-52553
3955
-28314
-20440
27837
38172
-58085
-9350
49672
61508
14756
2687
13346
-37954
-64037
-83192
-47965
-23330
-94254
25250
-31565
-36564
56288
76108
-24227
-60811
34507
19683
-7413
-18885
41299
48799
-45276
-29108
-98279
-10698
-40321
-54544
-98581
-99106
26498
93115
75245
-42000
79707
-51837
54565
73320
17819
12396
62818
2505
27114
57823
52362
-82403
79915
-69607
85311
-48678
33389
10847
81901
8032
82186
18256
43187
38943
-25248
13459
-11604
-1514
-49815
19310
-90471
1590
-92550
-52872
66541
70309
-33835
35559
23796
41758
-51798
93699
-24928
55925
-74319
-90692
66225
2040
-26851
54550
26112
-39374
15549
97346
62185
-76151
-28172
26889
-2221
-33913
27859
64609
-98018
6709
-10736
12578
-39449
-21469
-47514
80914
-3910
-3259
-45752
37596
-57195
-40328
-77053
-38944
-16747
-65566
91567
65124
-94272
-84362
14353
96871
6510
18391
-21616
-5674
-74540
-68140
-41454
-35304
-10514
68818
819
-18428
9673
-1145
50274
19570
-37974
53090
17879
-79441
-93154
2185
2804
-2038
-73057
84026
-12104
67019
-86240
53778
-57254
83844
-4426
-83668
-67768
-93889
-14046
-19358
49147
26774
-13953
81455
91702
-29086
10373
52341
-17892
41995
38903
99353
9836
-80193
39791
84876
71450
61502
-84156
43557
-25909
92177
30165
-25302
-60372
-81126
-23051
22638
-77713
-57465
-32909
12244
85411
28705
53188
29809
-41938
53569
-58545
22096
-35286
-97311
-41643
-94129
93402
-74864
-64325
35174
75528
-62273
-98058
-49656
44476
17913
-94254
19810
-31270
63792
-24993
-34432
-35111
-82446
67320
-38321
52572
635
72433
-23491
-84498
28067
97372
6972
64607
31864
-36552
60262
59893
-35418
29048
-35653
38993
-92141
22059
5957
-58272
52360
73100
41372
8058
-50807
-73688
94790
24794
-27195
-24280
-84426
29242
45416
47226
81461
73803
55438
88672
59742
6158
-60397
57749
8899
-89454
-81402
91159
-18258
-8694
-75076
76630
17218
50314
-27200
95607
-54785
-866
50664
-43835
-65628
-79225
27267
-5643
-60434
-69037
-23890
90580
15807
89880
-186
-83185
-81126
-80819
68791
-62433
26059
-20540
71475
79695
-80157
34440
45695
-61909
49377
-9969
-57625
-36409
14317
-58724
4818
74601
-63747
6708
87920
-76524
5658
-23942
43215
9457
9917
44585
40333
50716
-73325
73518
42408
61705
52576
-97056
-12239
80082
30208
21341
88672
70302
53448
-35966
14272
93935
38730
7302
-27637
-2809
39543
6452
54416
7288
59487
52099
75216
-8761
-57323
93971
-45975
94012
90094
-46842
10538
-32119
29480
-55623
-6779
-14124
-22362
34846
-89118
75683
56665
28983
-69360
-23133
11899
22513
37206
-80107
13941
24219
-66200
20566
56737
70081
61685
-80375
-66007
95337
-50147
21347
95182
-64407
6208
-36846
-47931
-30749
-22990
-96565
1468
63583
81802
-42833
39674
-98557
27226
91609
80484
99697
-27271
33158
92635
-40323
29115
-60254
23107
-78902
642
-7381
-54113
25984
-40722
-96508
-52136
74220
-31760
-22632
-82915
-93453
53116
44713
-39389
96564
-60388
-79564
-70323
49914
-87390
-94333
9640
37402
73014
41039
-61619
-72529
76429
81871
14249
53424
-80710
-62751
-33318
-8789
-38370
85140
99183
71520
-8836
-45872
-40494
92989
-9817
78947
-21566
-54415
-6372
76520
47608
-54866
56940
-75242
-76181
70464
71378
-45854
99055
52549
86563
64530
84793
33864
-40989
10016
91197
-73090
-33997
-61049
33336
6236
-27032
-42388
96906
-59885
16952
-27540
-14149
20906
-68914
-31682
-30626
-73162
-62979
73541
75602
5815
-43440
-97931
-36315
69906
84288
66335
40980
64103
-97089
8538
-52434
-10482
-41231
-688
-78058
-68813
75450
-15774
-69273
-17653
-18382
-14535
2610
34738
-19211
95594
8418
10531
-94632
14405
-11839
74067
57974
-78469
7955
-70934
-80472
57449
16864
-35041
-83310
-43643
5584
58798
78682
25188
-91602
-54791
47796
-11803
-42993
-21319
68569
-24770
29388
-76577
66647
49441
-87638
-38325
-96959
62474
15067
-920
97798
29416
89246
57698
77919
50789
-63999
-699
-20766
78804
97094
44339
-97100
-4490
-76124
-17087
79131
44713
30244
-33552
-65550
-41874
78060
-33405
-96395
-56683
-807
-20927
-89092
-77689
51717
-12919
75653
-12112
-16024
11725
-87574
17607
29402
-55379
13937
84731
50614
53936
-35646
-21061
35291
82337
16179
-3806
89548
-82236
-27328
-76674
-34377
23156
-36650
-11844
-45293
-23526
44686
-48335
49634
-4596
40247
23559
36118
-15425
-78516
-5182
-77360
55210
7877
59438
-25533
16634
78153
88999
73975
-84309
40704
-98492
-78422
-88438
58887
25505
-22895
-3068
-32067
14984
4092
-10263
-95238
32444
16983
-75453
57120
-63135
-31860
-82611
51977
5771
11910
-93294
64415
-38431
-84207
356
-67957
-21010
10781
-81867
64902
-31676
226
61141
-73205
29197
-24227
88328
-81427
-29457
79352
-50493
20740
-45733
-14521
38915
16195
63603
72302
72138
81445
89109
9249
-584
-21754
-36087
-93564
2434
6030
-94077
33905
-87663
-49912
37461
-18665
-9991
-22255
-86092
-32129
-77164
19691
98788
58986
-85957
-16527
99587
-34601
-23712
49893
63152
-75871
-45237
-11355
90134
-5052
-43409
9277
16408
31872
49192
50389
-47525
34774
-54444
-54773
1322
-9489
81483
98652
14538
-5476
-32580
-61893
-39205
-61896
-99739
-77244
-20248
34282
4206
-41654
42507
14599
64739
58060
-21504
2644
-82035
-35513
-48828
87017
52076
-85147
65129
98544
-90094
83347
-72839
82317
-10850
1136
-59195
63704
23764
92065
-44983
-96507
22102
54273
3453
-37211
-69503
45174
70522
-44539
-85209
-31009
-38905
82676
-6364
9449
-22976
73315
-74337
67009
-47774
-30043
-79585
-5981
-9483
-23787
-42425
85329
46422
9366
-41552
-77408
-22176
-28171
81825
-93203
-52937
6956
46253
11308
-37455
97600
26090
4128
-45984
43401
-86775
-95833
-14784
64466
-25193
61869
-85446
-10794
47375
-89791
37395
-36117
54809
-95228
95540
-92997
-90013
-38019
-99242
-48916
-549
-65014
57354
88545
-80826
59378
8098
-88166
-90048
-59179
16959
-60041
-46384
23300
40888
80730
-70809
35245
-96860
-62231
53622
-25169
-79867
-23053
-21335
-72948
-4719
-67286
16451
-78916
71710
48718
-39465
77854
37865
-90901
23136
-63990
-2110
-2759
75966
-36287
-85992
-89823
-90867
11398
-96035
99167
14308
79110
-43243
52354
-81177
-94798
11073
91473
-6966
-90002
74594
11400
38178
53601
14572
-33408
71273
-60691
-95863
-49812
-114
-44231
-20602
15423
-9865
60073
69598
34027
42196
-24657
19425
54213
-32031
-90053
-96895
-65660
-60232
26382
93689
-72535
37968
-59092
47451
94008
97302
41072
-61644
-55452
-35354
77881
-81187
-90744
-61274
79362
-37279
8914
30527
16
-122
-52230
25465
-37244
20666
76080
-88525
19088
90652
-23596
-88005
62406
-41437
1503
20752
-10548
-63185
71071
83441
-63380
-38870
43551
95649
85832
32090
-29275
-24262
86059
53127
23508
7403
54138
-42493
-38478
-33648
-7927
18587
17604
49964
97802
45785
-82666
91206
78176
17074
-25641
62493
-7215
3091
-48224
-60280
-86950
74243
6421
5807
-37027
-48908
-21916
-60064
36854
-66132
82027
-21041
8619
-82741
-86730
88429
70465
-65416
37157
-92701
93419
-2900
15916
-47637
-35234
99802
19061
9355
-62016
29562
42848
98608
22526
-76751
-41878
-39581
-40259
96351
-38613
20842
50088
44868
-36103
-62787
70568
-90353
-51669
76963
61554
73989
70008
44842
-88711
77835
-50755
-24257
-77435
-29232
47453
15663
72924
-2151
94850
-49093
73180
31018
-61630
53201
-99478
56398
-70754
50285
47685
-73852
19812
-50740
-63756
77126
78644
15944
42846
74230
-80737
45589
-23304
89768
-15189
-81898
-42984
-86202
28275
60829
85545
-79644
-68053
93502
-97161
1057
-46334
-47154
27178
-56074
-49184
89277
-18864
38878
6671
88781
98579
63842
71286
25710
-21623
-92096
24575
-17800
-55510
98103
7834
74308
55837
-67150
29147
-98328
26027
-39153
-52801
14028
86037
-4278
43404
80493
53632
68298
51350
76270
97294
89544
-9699
92118
70409
-57576
51412
-13589
-67975
31638
28413
-49624
68693
6062
4143
42333
91414
57159
-35463
-74140
62758
-18803
15905
52411
5432
16665
-47163
-18045
-59343
-57664
15971
49684
98371
60661
-76812
66235
10523
41627
30643
-85103
94129
37035
-96261
20729
-47492
-76033
-63346
27765
-56952
-56007
2226
26277
-15009
41682
41781
-674
-29020
70851
99986
-36445
-30848
-78199
7020
-893
7155
-88103
-81097
-9586
12
-70752
19062
12981
68916
-17995
17630
88701
-74396
52638
-28262
18976
75191
37180
10344
-27264
-97191
-72556
37536
22472
56351
7994
-65067
71778
-4751
-53540
53140
-29362
-18846
89640
-82102
69862
-60320
-24229
-20990
-1941
-28537
89576
-65717
-9846
34512
-20479
-82569
69105
84582
-60412
11968
92041
10137
61189
-30906
95183
-35157
94516
76724
-63470
22152
30187
39360
55627
9939
-27625
-95280
-66028
28572
77056
-37510
-25721
87342
43446
4900
-95692
78532
19930
98955
30462
-27429
-76858
62047
-89198
-51166
27610
-62006
54725
-71090
40676
-77487
92810
-9718
52651
-49325
-21171
81548
-75496
-21777
17326
-85501
-93182
72131
-97571
-90900
87508
17103
83982
22276
-10723
-41353
79385
-97320
71028
52007
-13518
97464
14854
25553
-55296
57418
-68482
-12846
-1317
62138
-99953
-85262
6439
-18865
-81311
-92214
36296
76633
58965
-92352
-22336
-50106
-63433
92846
-75860
-26155
53119
-8671
-88232
-36766
-24316
-16131
-95046
-51425
-48642
-8450
52562
-36317
-39946
-66727
80732
96540
23756
-65471
-30098
24097
-80539
-53691
-82444
61858
21615
3158
38662
54081
-94510
49639
59619
5049
-75468
-6611
-5555
-97348
65193
55686
33600
25115
-3786
1974
-81392
12319
49792
-71988
10398
64757
82646
-81757
-59594
90629
64280
-27388
-14263
87779
-57150
80809
66370
30238
-63015
-40676
99270
68087
-75152
-40130
36301
51564
-30889
67428
55384
-63695
-46175
62236
3662
-91520
61265
24845
91447
41543
-14944
82812
-9772
41920
9646
-3733
2968
15839
-91965
29852
16071
35876
-21376
-80781
-76118
-74672
-12058
95289
-48276
17588
18370
38205
-76139
88996
-56012
-73387
-39072
-6645
36955
-58750
-56262
3481
14432
-61711
986
-42089
56411
89950
53111
72858
-56539
-14317
40939
48086
-6917
-95537
-30430
-42678
80715
57985
72702
-359
-88353
92979
-80693
36601
14499
-17660
2970
96516
15764
90382
79868
-48724
-59833
-70490
42396
-14388
21907
-68607
-89414
95513
-50211
50675
26880
53175
33982
83667
-92350
-19864
-32877
16315
57047
9503
-544
95212
-41522
-94477
56353
9934
36431
61807
-81425
-71276
51088
75846
-57076
-43266
-16528
-70877
-86709
78520
68340
72287
92639
49568
89947
-92212
53054
-67867
-53537
-18834
21105
54731
-5685
-87095
-43269
-69238
85364
69846
-69341
99926
-6251
-53553
-14880
41402
45835
11881
-23903
-28194
23273
-66142
-92554
50407
-29447
-60816
24862
6525
-98608
-1127
93037
-9880
-74099
-8672
-86118
93587
22318
57757
-65245
-11341
-97010
-27290
-87395
13121
16255
-22679
-99812
-60317
43072
18844
-58246
-44823
-80485
-58613
-96824
90482
-81058
76688
-1329
9583
-61197
44321
59073
87871
19422
-87805
-78783
-73862
-22189
45789
68876
27722
84338
14183
-1918
-19085
-34912
-52223
-96171
65330
3779
34976
37325
81027
-12327
-55837
45365
-78915
-67146
-8700
42149
15001
-64040
-9430
10413
-86192
-22168
14106
-29541
30882
-60464
83790
18410
3570
-92045
-50658
-87097
-32626
-63667
-13925
9153
9037
64425
-75845
-3380
81490
-34759
7086
-94927
82157
-80555
65615
-90730
-99360
4051
69110
30629
-66882
64191
-32790
38364
-44177
-78217
-1612
58545
-16623
-43674
54734
46304
83961
2075
-31878
18578
-68073
-45883
-55184
-10965
68151
79181
-27409
-33807
-44380
-71536
60277
79828
30311
39032
84554
-65506
67757
65078
-99914
-9416
45382
27613
-2286
40918
6538
-62946
88700
58112
-64810
6620
-69212
-3266
-96972
-4501
29955
-56096
65241
-72406
52716
29671
28615
84410
33530
45459
-34733
33050
90537
18762
-58687
40161
-12479
22882
-64565
-80105
45677
-28405
-54335
-96721
85482
42908
-97526
-44059
82331
-3464
90760
-70672
20025
16669
36569
-82587
-985
80905
-92166
-29400
-52765
31113
53959
68239
50009
-62945
85278
-66348
14930
9423
-41695
50103
99465
6790
-2855
95022
-89506
15016
-12168
44042
13412
-45516
-82441
6440
-5675
14806
-26786
-54768
46885
38218
38114
72365
-11405
-11864
-82008
18345
-98404
80272
63016
40421
-7958
34546
86957
88594
-7638
570
26744
-52945
-99685
37911
64964
-43809
-29374
-77209
-11355
88934
-30245
-19967
56714
5248
37738
29918
41313
24990
-3409
-64604
67289
-99971
57527
66641
-30397
-66011
-42289
2688
50770
60
48980
37595
90049
-67836
-88986
-45666
90195
9080
-69381
56259
31094
47678
28879
-560
35841
-61560
-37255
21625
-44324
84301
-79527
22962
-53953
11872
-41426
6486
31123
-85398
33988
28013
41460
47497
-72438
15965
-57448
91075
87682
-71888
69833
69736
38609
66814
57998
-27196
-64522
-45321
93352
90622
4567
70287
33848
52945
99319
63942
53182
-7772
-55803
-29037
-49092
-62585
71310
18540
27065
77836
60113
98741
40929
-53184
-8653
-93181
38345
60421
-21687
-98037
-38831
29581
-53293
-99925
60898
-84491
-35831
-20587
70295
-17860
89996
17812
-775
-69794
12415
90236
67810
9809
-38801
43762
52290
37979
54189
1109
-80512
36558
-87491
74120
58360
38497
-75481
21726
8803
-25555
-7382
-21216
22036
-84415
3856
-51715
21983
-9246
50781
-39857
-31468
46434
62177
88326
-36695
-29285
-45459
60275
81526
-31287
-38302
-39309
-95015
64385
-90651
26742
-15687
-32046
-5650
-49557
-24536
-61577
-45824
-13878
99874
48117
-6349
87805
93042
63639
-61203
73004
16052
-89404
-90897
-54492
-3019
-97414
14667
53603
46454
-69079
-79948
27138
