7100
59448
-96121
-52092
54483
95755
57174
89928
81529
-52248
58870
-92767
-20185
36468
13410
95483
56834
-25164
-62489
3484
60352
99405
51842
-1289
60746
59172
8214
67165
-4403
228
-86838
88403
-69602
89437
-19331
20414
-33785
-72950
-25561
-62725
28787
15147
9869
1739
21617
37073
69600
-42005
69608
-84808
-6221
12418
-4456
-16050
76887
39348
38792
-90670
-81130
89428
92434
37464
-92856
-26378
-10489
33897
94420
-59358
-11456
-65850
-36793
-42588
39234
95629
14474
-128
8525
-59851
-23229
42434
39297
-88716
45259
66420
-71698
71168
21447
-85654
-63625
-46735
82277
-8777
80289
14789
10997
14850
-72962
-32706
29217
63794
43120
-97882
-31029
7558
-48612
-34382
25474
-68414
-97235
-12155
-96097
-84604
23618
-7925
-61246
-9291
72053
-2490
-16795
60251
75145
19621
60377
-53750
45487
12624
-32475
-68422
14837
53057
22968
96308
-88692
-24244
48327
-61145
-18636
-24321
37319
81559
63110
31396
17609
23413
-32675
-75549
32301
72393
-11422
-30716
58884
53003
44851
25875
29126
83666
9648
42716
83756
-2716
42978
64726
6124
28012
-9785
-20644
-45489
-35703
54782
-22442
-82704
6595
-83637
73142
63955
1432
-7352
-41377
53983
28277
99305
26528
-78599
-85120
36714
-8931
67455
71442
-60265
24654
-1314
-62654
78584
60257
-94959
65372
-92394
-56197
-14666
-27151
-95570
21596
-23282
-46904
68786
-3359
77393
-55310
54
-35102
-89236
91835
83006
65019
-18728
-30659
-37471
57128
75416
21646
-98343
39626
-93105
-91559
20394
16710
20987
-88566
90349
26253
-84782
-39517
-44615
71990
78711
5740
-4500
-24249
-67175
51207
-27877
-45422
-72471
99553
-7724
-74436
-46026
-14395
-94900
-23079
-89498
67018
48298
-33229
67283
6893
-58193
-98262
19071
-91527
-55424
69877
26102
58338
81553
88646
-99521
-76366
2544
93836
71934
27675
67627
53842
-65751
81963
70879
-74939
-24923
23965
-63841
47378
-94020
-42421
63677
-83090
-43011
58497
-17544
-90769
11057
-36178
69250
-90985
-46731
-38540
15084
-40398
-35143
-81634
83248
41941
90899
65969
69659
65542
34305
35803
-88107
36602
-74886
-98360
-36274
7481
91055
-57004
27079
-67490
-46173
-15525
28282
-6598
99043
-28885
-16665
26969
11812
52763
74365
-28900
44601
6965
98209
-93051
84142
84942
56669
-32366
86340
51831
43752
78656
328
-40628
-49266
83184
-25198
-23126
16956
-67801
-99625
-81923
-12694
-65680
-23444
-54474
68133
61084
-90920
-86884
-84040
40810
34068
-93254
-52298
-41151
67681
8246
-70553
-22503
1862
-41662
-73715
55162
9509
66795
93905
11677
31929
90447
207
-74706
65775
64620
-25989
-76109
-38435
76435
8750
13318
17635
-7941
-82287
-93058
-86243
-80463
20516
-57556
-92414
89197
77356
76801
-10916
193
43831
-80819
-32348
-38742
-11635
96226
86905
-79095
-55115
-81961
-32835
42987
-96095
-73303
17740
39364
-83849
53371
1498
64635
54972
80510
-72472
-23969
-66657
51819
62627
89911
-52320
-17875
12505
70070
88219
87453
15704
7181
-25483
-25051
-32795
-74533
18274
-26491
-91050
-94848
29392
81396
-43315
-40049
-18957
78238
21137
48865
-75666
-46516
5514
-65081
11995
-56158
46489
-41577
-92937
-60351
-33966
-43033
6125
80397
-13801
-74664
-82179
-96184
-65198
-82614
26633
-51235
14414
37165
56892
-90311
-69709
-46473
26583
35412
22556
60274
-41383
-13554
-65706
27693
66955
67124
38776
58194
6053
89505
43610
30552
-96416
-39807
94963
73487
-47399
-31951
74195
-79592
-63457
65538
-24839
-43593
48665
82205
53138
69569
58327
64128
-92977
-23889
-6861
1191
-31007
23637
-42077
11781
-82540
-86164
50207
-18767
8901
44683
-83223
47134
-52095
46005
95230
58691
-10500
-36597
8983
78297
-74389
37474
-72100
-40765
16894
91631
-87002
83911
-15106
-47009
19439
-10694
80062
71300
-30951
-72517
36353
90985
-72873
44437
44264
-77946
52540
-16888
70102
-36785
-47842
79457
90786
40615
29478
-76986
-30088
-32974
33912
37454
30989
58503
-77255
-27763
-24516
72452
-58751
-43475
70914
-1475
75039
-55945
42258
76044
54531
-54863
-17578
-87284
97036
55138
84548
6753
64623
-34063
76888
81262
-67264
97900
15667
-83414
76832
-93916
-59184
-71731
92676
51125
-58017
88996
19805
64803
-98688
-63868
50665
9439
-93667
42907
-32106
-88214
-82588
82785
-69362
-64815
49696
48430
17380
-46698
-47245
-49818
94425
-56913
27378
87695
-17334
90791
-58595
10755
61178
32035
88761
87809
52216
97599
96076
-18083
52909
64791
-92299
81176
-68988
48866
49189
24202
38006
94520
42878
-23940
63985
89076
61510
25106
-37276
-67852
88583
44197
-84182
-91075
46599
41007
10000
36988
-55328
30495
-7996
-79001
-58693
-58867
-675
4226
16813
-52152
-66687
-81730
89262
47498
46391
52604
51569
-25587
-51190
-20049
-79771
-27722
-57450
48094
-87352
-15824
-8014
26953
41123
-91436
-32198
41507
-60442
94148
-17417
49790
-63008
-60009
-50131
88069
82010
66030
95618
10146
-16367
-37083
40902
-99520
-67441
41510
67619
-38358
15717
62231
-78558
54866
16967
31731
-60393
14767
53572
-74122
-49109
81213
-47712
-3470
18436
-88728
-50288
31999
52243
-12093
95697
-58544
-39239
-53070
-68635
-91936
71511
73193
-92117
-23606
-62543
8459
7770
-28680
-6595
86004
43929
-15244
29646
-48750
-71362
17946
64728
-39890
70242
49198
70175
64969
-94626
-57270
-91071
56225
-48860
-21136
29148
60499
-79557
14846
77277
65882
-71336
63871
-96794
98613
92438
-94819
-88165
77863
-40237
49845
-74998
-75176
-63386
36611
-26572
-40999
98304
-21508
-82820
-59
-14178
25659
-77781
75010
93352
-47341
59038
69799
6442
-40573
-5235
31608
12204
-12665
91832
13580
52655
22411
89456
54608
3911
-50438
-70913
72676
67664
-22155
-69963
41827
50382
-89056
47888
73536
78053
-76266
79175
-87413
93297
-60932
95411
-86637
61315
31347
22042
-77146
-73159
-81561
50458
-82892
-61959
-16059
-7249
57746
14410
16841
-96927
-5158
-89458
-90763
11277
98607
41376
6429
82125
-70370
61894
-59873
-20025
77664
18067
37169
-16305
-99460
64988
-63405
-35014
96521
-48044
-34333
32128
48145
17607
49807
-65651
-39854
-12561
-21916
-46620
41566
-32970
-3322
43888
86306
-60343
41273
-22551
-29117
33942
-85285
-42849
79716
-10206
-95756
-24410
-15100
-34808
-47450
-28129
80837
-14255
39999
-67298
-24825
-93075
3501
-23747
91891
-89012
90705
49468
-57196
-30948
77740
-82797
86175
-8929
-44554
26711
-20333
-30040
-4723
5508
-29765
24177
43530
52461
-80111
98332
86064
-13251
-92355
-71867
57470
-59159
-31750
-97216
89124
-1676
-16679
36468
-30638
-68002
-74528
-37677
83307
-92566
30090
87093
80536
-29557
43954
-58224
-20167
50090
24906
57750
73591
93655
5829
94955
30581
-30903
17301
-6782
75173
75603
-53106
-52973
41527
77606
-47382
-77446
-51605
-34243
9318
94575
-77752
-11799
-93111
734
70181
67769
-55548
-49373
-97244
61317
72053
54756
19263
-88553
-80826
-21046
10042
54263
52850
31452
84280
-17582
-54296
-42374
-16022
14662
-36600
-68556
20386
50253
37706
-80635
32581
-51005
-60418
-45969
23839
-34219
17773
71604
75665
-59128
12959
70062
-70491
-54621
82166
-81332
58306
94651
55736
-84055
-49029
71385
-44182
-90934
80449
21705
6743
50164
-45703
60610
21616
55400
-40791
85421
75277
-83203
80331
-39852
-53743
-21928
41284
-47128
53868
89801
-28434
8750
-67013
88069
-69359
-76536
16202
-47044
98033
-71588
-32263
98199
-9983
26915
-61252
98896
62709
26000
36796
59565
-49035
-84390
27739
55194
-27987
7016
89237
-41054
94657
60377
-19199
46282
-17186
61805
16183
96202
87212
68371
98188
40168
-65632
-84145
-75399
-44365
-87635
-81465
-92070
-23078
-36902
56619
-85998
-42649
49647
-66177
-98165
13467
-16695
-12217
24603
-80282
-78899
25422
29698
-54781
47993
-97518
93712
28590
-58666
-63217
-21340
-16253
-91190
86246
40334
79092
-19318
59882
56406
62887
-80980
8200
-66666
-13014
-34342
55632
54274
-76524
-82974
45284
-888
39865
48683
-54788
64786
-36535
-62077
-18029
-7383
71365
-20269
113
46963
-36833
28212
45270
-51619
77678
-85158
-74112
-90989
74699
30062
29657
-84564
15435
-70726
-99711
-34844
18457
50622
23795
39937
64942
68383
-15466
86870
62832
53439
-7454
4133
63716
-19736
2477
6047
52946
32545
15250
29768
-12812
-43421
-40388
3510
10778
30629
62740
-54280
88221
92052
-31547
84180
58237
-67105
93032
73064
-10342
-62034
82705
-33807
72524
-85518
-74507
55914
-97761
-14697
-2698
60748
-56914
-96553
-35763
-28236
-85414
79400
-31469
-5725
-63512
90325
-58836
-20897
47349
42219
86033
69430
38550
3338
-69320
-46110
41040
-52133
67425
-29368
36720
23584
-62209
82843
-28279
56230
12162
60766
-65336
-90344
-68163
7750
-30155
-3154
38905
25981
51912
-27774
78229
30595
-80474
1027
-38376
-68369
-51721
-13438
34197
53716
1636
76458
12346
-12354
-49102
-78323
37941
-76196
-55818
-49127
57858
99895
-51404
87785
-73707
2144
-56680
96439
91809
-15447
23056
-7248
-31612
28169
70596
63904
-22641
-25245
76211
25677
78581
93024
-65301
-61857
-12913
-43976
-40475
-14404
78665
64208
73530
-36174
-70739
15230
60486
-5426
65482
34792
-13160
41161
-75456
50826
-23854
88482
77291
-83114
13924
-55417
9706
23861
31135
5229
-47541
-18388
-34247
-46465
-3756
-8614
-39268
36146
56176
39069
-61654
-26633
70517
-39147
-67694
90698
-96370
12160
-76024
41896
-77366
62276
-62876
37405
-21504
43532
86873
25659
-83620
31049
64272
49575
-79989
69018
-17504
79757
-52673
23367
-76692
-46733
-87457
-99930
98522
18539
97423
85280
35564
-158
89367
47182
-68676
99286
-88078
-69699
87064
-49371
-52171
-7472
93816
32256
-30438
37829
54104
10814
83241
20048
56502
-51635
-57726
-91677
76074
-98237
62857
-9649
-98083
-66221
49582
-22268
-43161
64731
-92392
-54220
81673
-14247
81261
-50794
95491
2174
18880
51399
-11692
44827
-59240
-51702
8012
-6216
-33703
35184
34191
-40380
-5870
-11693
-74072
-35866
-58142
1532
-64313
95473
52551
87332
-90727
-72521
-14524
98520
7234
-6860
55983
-43019
-97670
-83349
-71148
29395
-31039
14927
30089
-43137
44544
78167
-65264
77856
86078
-81036
-30814
-27270
82875
-16033
-73698
-94255
60333
91467
7886
96677
10068
-25798
-99694
60700
43004
6060
-66837
-92098
-73201
22066
-70682
-47142
32724
9440
79906
-60411
-5624
-28000
20480
97538
-47657
-17309
5223
70077
-53577
-16269
-25103
-99278
41250
-10075
74934
-19093
65838
3946
-33869
-62426
-26166
6276
-19754
96917
77783
31573
-83736
81022
90912
-64238
-14313
-1789
-38216
-3113
-69217
41468
34095
91093
-95723
-26880
-84688
76774
62224
66371
-87942
11009
-48396
6681
22073
-19895
-8548
76249
76096
-78976
44515
93980
38310
-60584
10576
85989
-57350
-790
71131
-32229
-26013
73792
30176
-35919
31897
-34484
1503
-87578
58618
33596
97518
16168
66250
-34779
-56900
49364
-79542
-30308
-35454
-73768
-18701
-64924
95112
64762
35151
-5119
-25840
47473
11061
88555
46051
-72143
-92641
36766
-9929
74116
-90135
-61810
-93318
-22188
-71575
47992
-82690
-41851
741
-87212
29633
35647
54901
34279
-75497
75849
85238
44852
-58698
-49647
35368
-74990
-39842
80904
-12187
28377
95779
77482
-84033
-67210
44056
79451
-40140
-50274
92890
10029
-68016
70048
-33290
5438
53152
87826
-41416
67902
-48242
90541
47249
24591
26270
-3595
-348
33349
-8508
68048
-17555
63949
-75937
61433
-83122
-37399
38870
-66804
-5512
4185
89358
95745
-27726
94934
45445
-93706
3593
8951
23694
-72796
33749
73975
-36759
57076
48099
62158
43710
28970
88388
-581
-35402
-95297
50033
80035
-90378
59469
4505
34579
-72007
63908
-26167
66978
60361
-62598
66167
5874
21658
21310
40492
-25771
-92861
66061
-89205
-57525
88794
54462
64705
-65622
-74518
20632
37963
14167
63316
2019
-26401
25712
85951
69724
-15816
77644
1917
96322
59201
68122
-80708
15757
66077
5222
4965
88254
25745
-83206
11284
52497
-91953
-20255
-59531
55120
-23328
34054
79287
90497
92332
-53572
-73872
71424
69609
-32297
-54515
69735
-37474
50935
3892
-92055
41619
-78492
-73032
-88194
-10985
73941
25592
91768
13293
36235
50901
61621
58069
19610
-63731
-42515
-63630
-90488
-68615
-66197
79261
-40306
5151
86553
20229
-99716
-67915
-58508
-95872
-456
-79629
-29026
-6221
40614
-4077
-75182
-12774
82084
64552
30770
6325
-38484
60888
16188
23632
7645
4792
-42853
71021
-45
81602
31770
54991
-19214
-43275
2675
-38363
-16830
44170
-76922
-52462
-52556
20110
-56667
85
-57661
-88543
81868
-78566
42038
-16311
-44626
-63268
96770
-13197
-64470
85301
-49204
85128
-6756
-22269
55819
-17816
27088
-67591
-63348
-13690
1298
48255
12431
-79264
-7775
-38137
-93425
-29863
-63295
-53202
-66209
78260
-16080
-44214
47984
58927
-47248
20310
-92497
-58246
-7037
29879
-40245
54418
-75467
8042
14868
-70529
-91245
-49139
-80641
-99802
16249
-23801
73798
82892
-3447
89620
-95700
72296
-94728
-92816
-81186
-18398
12034
47135
50933
11374
-96386
-35881
89048
-22848
1484
-89525
-74113
97835
-19286
94486
68946
-9894
-88410
-84992
-80784
24105
-76690
-50065
79947
58273
17603
-80468
-22032
60302
-23156
74193
-79836
57727
-77049
23309
-47318
-56486
85722
14996
-8222
-14759
-75704
-78107
54411
-39067
-38337
-98759
937
58317
57805
-77499
-48510
50595
76723
-38996
-48190
57203
-56814
9093
49470
-33567
39298
-64700
-45867
31646
-60606
24903
-31949
71367
13449
45759
-85905
-19110
-19077
82233
-18796
-57451
-22665
65864
75901
-83091
64205
-88367
53146
551
-94515
-79373
73167
51863
-39046
51537
54331
83315
69406
27581
-26347
-37741
-6729
99586
-10317
78088
44495
-1074
66661
-66602
-40087
80762
574
-99121
84631
-20424
-91918
43789
91433
-83944
-61413
-86517
27584
42743
36438
39905
-74304
-36348
99850
28058
-86812
87792
76425
2035
-85461
-21838
-62514
16371
69808
15284
4390
-73375
79959
-53539
-43476
36583
-477
47931
-38035
54913
-24795
52045
-74582
-13534
56719
-2709
10811
60131
47847
32467
45072
68776
81623
29841
-65645
2386
74849
-29558
-52887
-4198
3375
-43547
-19368
-28976
-62520
-98923
-5950
-27279
73439
17095
-54448
-88994
15942
-81499
2858
23679
-25856
-89851
-12894
94515
-27917
-35470
91568
-64782
77756
-31787
37080
80770
-41379
90047
-13528
-46382
75345
-5931
-96291
23863
-95488
83800
94054
7936
93966
49679
55936
-6600
50382
-74284
86528
-98121
-54187
-62919
-56913
85797
-22871
-85803
-3953
-6323
-46377
54318
-75908
-82855
-11101
51844
-99410
94064
-27814
11192
-20837
14185
31300
-59689
-903
-46102
98870
-31928
-50207
-89055
67139
-97715
66831
48350
21011
-82951
-45306
-38452
67531
28975
46608
55051
-30356
-12270
63651
-20565
-86664
-18034
66272
94790
-52530
1154
-27403
75962
28119
-80055
6433
44097
-83687
-72796
82519
41455
-15895
85509
76412
47368
58045
64954
23947
-62660
-17121
90229
-59304
-71039
-50754
60468
36658
60106
-53153
-68719
-26783
79977
30641
-19480
60110
-64962
6525
-46432
-80830
-56741
67452
-76008
23239
4214
-11966
69808
-16085
62921
-17639
-23567
5602
62858
-64535
89178
77643
65730
-16878
25224
-32693
94605
23452
68737
470
-21267
-95482
99485
-71732
2378
30651
54033
64703
46346
27938
34329
3859
52553
-29420
-61375
-42241
22645
-44631
-7791
-65872
94281
98091
80019
-10612
38756
65196
-19710
44243
21701
70196
-19951
-98910
-15194
99026
99093
32722
-91470
27923
-66161
71293
92643
37329
-44070
94944
11964
-26333
-27411
-78372
14240
42994
-45618
-52457
27854
-63317
-13420
-36225
-81478
78224
60183
-64337
9352
-24215
-4682
-48662
-85849
-62695
82244
55427
42504
77131
76175
10015
-28678
-85429
42255
-68013
-10780
-32207
-26136
-50841
-83938
9400
56860
-21124
10668
-74260
-48496
42505
36055
41922
-71495
29505
-26582
14018
-79901
4305
-81466
45215
-84834
33093
62691
88615
-9531
47690
-8861
90581
78764
-15154
-74860
-62204
-539
81156
-14525
-22274
-61329
11779
25207
75891
38972
62606
-96559
12613
25566
83951
-54466
-56320
-84467
-90052
93206
-48409
-6377
73531
-49452
-3607
88613
-18462
-91086
94067
48357
28535
89441
-98465
78041
49302
-67678
52490
-48708
-96239
-26876
11586
-69108
-80271
-57990
-70946
32697
-64293
-51688
97833
-54552
25102
-90198
29878
-62300
23113
32561
-24873
-54302
-68023
54843
90920
20911
55280
-35490
-47610
19320
-43007
-31599
37918
58165
38984
96294
-73696
9332
-55849
296
-24815
-86658
-28566
-11123
-50432
23463
-30228
92376
-33008
87799
5779
28622
-81932
-18576
69990
49298
58618
54012
57119
5855
-63426
-11275
-86165
40162
-63809
2576
83277
-86542
22478
-281
80355
97901
-27294
-83871
-63167
-7568
34441
12608
7994
-48654
89913
41798
-35907
3261
23493
89541
-97381
85643
79595
-87870
-33882
-4743
-13047
-39803
31029
-27990
10800
9600
1413
-54917
10705
-17959
62970
-95586
57876
-45290
10755
-47723
-50616
-62492
42267
11533
84917
11652
-30037
26965
-55988
-71789
-43444
19001
-93888
66164
94059
81279
-61138
-65764
68550
-58115
91447
58297
-5166
55701
-88082
97408
-36417
-50097
-95507
37010
-1261
89041
20866
-63478
97971
98109
25479
57637
24833
38439
58831
-81841
-92706
-62606
-25092
27782
2704
-67386
-26514
-20627
57663
-48913
-17578
-97553
97882
-19307
67880
-10098
-681
-15084
31087
-16185
-55593
91768
38842
57252
-76761
-50666
-7180
87326
7523
-48439
76178
-29076
88117
-42936
-23003
-17620
4347
95137
23119
-4499
-53689
-39020
-40302
61527
65535
88782
21956
-74441
-18523
53825
54303
-35925
-92559
924
41716
8359
93275
-29140
23360
-49567
64373
14223
42327
-38625
91828
-67120
44541
-46949
-59889
-87260
22228
-1265
-16641
89344
55151
-39773
17767
30869
8196
-18767
-10546
19561
-57152
-76687
94023
9747
-36683
23942
-35278
-32237
26799
51236
-2021
-24628
-2844
57372
-58369
-58018
9225
-16699
-40401
-68252
54977
-93879
-74290
55367
-3216
-41655
22581
71741
8814
-24018
-64331
-49246
-33320
-76915
-46148
-30863
-65344
98678
-14576
98015
20420
2138
-36359
24084
36284
15702
49084
-81017
45005
-32864
76417
-10764
93851
-66932
-95594
88061
85147
-92804
75916
-22693
-27194
39650
-58689
94847
-33111
10035
-21324
-68983
-35943
51883
-98598
-90653
-572
31286
29811
-81412
37987
-50366
-40564
-73955
15052
28703
-42264
17641
-92316
3215
91579
46837
78578
65584
-20014
-51775
68366
25859
-98800
62675
-32008
46936
-12462
46191
53829
-1192
72052
-24459
36083
31343
-915
87319
-7074
-20908
55125
-21708
-80564
51190
-59320
31382
73379
36420
-86174
-59899
-7366
76889
87657
61894
12812
42051
41227
31731
-56375
4142
-43076
64184
29894
-36558
97025
-31065
-46763
93110
-8693
-47367
-81232
-29313
71803
-12254
-69361
38937
-84540
-68336
-42983
52960
99119
23295
79415
87467
-69193
-90117
-80061
42198
17748
44532
26527
-85077
10581
-77833
40675
84077
-95834
99663
8430
84096
-47374
-71561
93981
58488
45473
58810
-70182
-87556
35330
9641
-99444
35734
84613
76729
55660
-73829
-89057
-88970
57591
-96142
-23152
-88792
-95361
-10686
-63999
-64127
-63779
11324
28998
70975
-447
-8190
97732
22244
-25366
21938
-95124
40656
-67215
-16236
27877
67768
94271
77852
-40120
30149
-45858
57883
26629
-81909
-8147
-32119
-99165
-29276
28782
61031
56804
-18519
-17991
29716
-26490
37772
-80557
-37074
-9370
-88875
-35046
62755
58496
92791
45655
17619
49489
21262
-79818
69987
21981
-32904
13137
-16287
44940
-81715
-13272
11535
-30672
-9092
20909
-25330
-95262
43011
71228
-42711
25674
81226
-55384
60026
42236
40349
-12751
-62915
63295
78597
-85999
5615
-11670
19649
13941
73122
80424
-22106
-10807
47904
44314
-88944
-71188
633
-94309
61700
79491
-28628
25567
-63772
20777
15918
-63756
-98931
23876
-24167
-661
-40559
-43469
-80652
-13808
19212
-65629
9819
63316
15717
-31231
49291
90316
-44061
2314
22220
99538
-22167
-45378
9659
21705
74384
69107
-65101
86463
-20193
-66939
18008
27371
9513
-13397
-14849
97557
-31676
-80091
-42179
14549
-24607
-58927
-33397
38899
69005
52189
92179
22830
9923
77399
49882
40024
81835
-80735
88201
80286
-53133
54336
-32999
-13530
93961
23251
-98086
23889
40946
98080
21601
56608
15370
49738
25420
-73294
26200
-42785
98227
33963
13069
84942
84909
41841
88537
-83787
83324
-49776
-9301
-79399
-57450
-92611
-15997
-45649
55889
79160
-19083
14231
85610
-18166
97852
-14552
-44431
-9490
87288
-11034
-35883
76940
-95419
53712
-2744
-86176
-22598
81750
21198
-96582
-80773
12776
12328
-74914
-70853
-55382
-18153
21963
82066
23556
-56817
-45031
63671
80661
-78086
8827
-20198
94343
66149
58212
-79903
46461
22667
-24953
-33732
-29335
-81284
-58250
3943
-29381
-9814
-18388
57532
-47884
-26608
-32346
23666
-15463
-35073
29547
72054
52930
-17913
15597
73892
-75758
66302
12488
63138
83457
96048
47399
-30759
93588
-42845
96710
80977
-33170
-83835
-66287
67304
-24128
-26316
-39508
21551
19741
62058
10892
58978
48424
-75708
-78654
70657
81070
-38675
-10152
16335
1872
-31701
91668
-34394
-68455
2374
15066
97013
81838
6608
70253
24216
45923
47126
68886
58770
-7702
-13023
-76451
67818
-56474
30249
63412
40991
73246
76311
16820
-29944
25933
36662
-20098
47821
-67818
89909
-76989
-72900
-50348
72155
43040
39241
76175
-52216
-3935
56805
43724
40675
72551
39417
77756
72293
-7004
-82305
-57452
66433
10242
-73731
43772
-24145
11747
55519
-57375
-4524
59716
49073
40485
-86960
-93317
44534
-43274
50083
86751
-61657
-25156
43260
-57594
-60405
-38804
-31008
-47127
38767
-48646
-37132
97252
59779
-84117
11751
43162
-78511
17928
6206
-93706
-92901
52846
61629
25868
-37937
63875
59503
-59875
-31895
-6845
-16173
-46599
55653
-55112
32227
-77057
-96800
5576
46465
44672
-73653
-8152
-47487
22914
72010
32687
-53619
-75936
-68817
-75707
29753
-30641
32909
65786
-82972
-52293
20220
78387
-50937
-81713
73705
63102
-56803
38804
-17193
-52089
36591
50673
-99914
30308
83707
-25647
43230
27147
-80576
-5086
-51288
-54109
-79319
-52935
-2519
66039
90323
-17070
-82676
-45689
12541
-64651
9547
37241
2763
10933
92938
-50643
-37449
-86253
97808
43182
4117
24511
48162
-69885
18177
62654
-79042
-8666
-30041
-91545
177
10956
96814
-66361
33430
62435
29122
6372
18987
-42790
48444
-89249
-10095
-54375
35248
-31694
70240
-92078
-30380
83481
25828
68399
-96632
57678
-61511
-63189
99718
1388
47870
-45443
73128
-12747
-93767
73518
-66736
75567
31943
-34036
-18761
-95639
67390
51191
-59562
-72549
-18207
-616
43306
69291
-4161
-99470
-44184
-86900
20776
-55024
-60675
73345
-65523
-13410
87296
66112
20915
53140
-88713
-4559
58708
-17779
59715
-87211
55762
-19466
-10455
45700
-10856
34465
57085
9743
95055
76601
-85779
46980
-19718
-27696
16615
-55729
-44625
-71723
84328
-25219
18867
-95583
31458
53724
93936
43504
92617
43071
-91179
19501
16827
38942
48331
89893
-35446
96601
-45169
61854
77415
-41251
-9616
-94335
13996
-74081
-44249
-79822
98821
43270
50254
-48448
33468
15461
-51457
-23752
-44575
21414
96970
90900
-56686
25154
3474
-44335
49901
-54420
76612
-94626
59791
-29619
51765
-8528
50759
59690
-68200
-42702
15516
32995
-30120
55514
-80201
-92331
-10472
60119
57071
10974
8069
-94362
-49169
-96640
50132
47364
-73018
-76513
-24483
90110
-32565
8548
-85036
-59804
-86741
-12028
44640
-31524
11345
57947
41113
96722
35504
-57998
20835
21005
8048
69727
-2591
-6051
-6030
-47220
-30824
41841
41282
8656
64866
-86459
-17896
-7047
-93428
83128
-11829
96683
57164
15675
-48429
-23391
-70622
-48794
-4871
18066
-9463
39653
-35747
20784
70426
91087
-66013
-72374
83070
-92329
90940
59986
1806
90395
-23092
-68424
59913
40666
-33411
25076
11121
-79869
2080
89955
-14142
32360
-21573
81225
58512
-41967
62323
84277
64572
-13331
-63145
-87934
63890
-11741
11142
-28487
28290
38983
19391
-65132
-78086
15337
-54205
95902
-39140
-32633
2153
-53002
-8735
4834
19838
-63694
73930
54830
91158
63071
92478
-92446
52980
-39577
78277
-87632
44369
-63028
44063
1167
5773
-97200
-56638
-99981
69039
90999
-92817
20126
1946
-77724
30768
-87024
13199
-18656
-83472
-66086
87193
50618
74102
26833
-16487
-5304
-95808
95837
82862
87627
-69768
-50767
-56896
79409
57749
36821
15018
35699
85905
-84769
-48446
-33121
-46718
-61568
-26362
18928
55448
36474
-70940
6937
-29454
47791
20517
-96671
-10467
-98027
41912
74855
-86678
-82042
41559
-73081
-20822
8052
63576
93141
-79992
-29190
37138
-44474
95108
98573
-33302
-55121
-56696
-45423
73849
-41051
5096
-95224
66267
65923
-58949
-67931
-43689
-48823
1808
-64449
-73946
-58335
-95345
41057
59810
-93122
69806
78590
-45939
-24739
-76532
70018
44858
-75347
-96659
-88189
-72485
-42421
43283
82902
-92567
-2714
-12939
43006
-44054
86210
9439
-72192
-92574
55704
27109
28434
-85928
69210
-7483
-94671
-2685
-76589
18712
-51438
42066
9517
52725
25904
16213
83597
-31133
-37884
15307
-67880
96440
-23213
13064
-40167
89426
-40479
67587
1275
18225
43395
64058
80368
-33744
-69806
-20798
15220
3870
-86980
-12818
-26260
65853
86516
-7973
-38424
96599
-88759
-80553
-54968
-17865
-53804
40812
87354
5131
96588
52876
-29663
-66028
-45196
79834
52561
70791
89715
86995
73527
81028
-40316
12759
17622
-10768
25220
-6696
-57492
-50319
-6040
70238
-90445
-18171
16593
-28236
-33405
-23169
-31688
-77390
-29100
-84704
7236
85928
84002
36302
1339
-86940
71017
41715
35156
94689
62736
13429
-11350
-50292
74850
-62195
13965
-37261
85623
-66681
-96845
-97779
77425
853
39180
-49760
71330
-85489
53875
69843
47115
21323
-16192
89360
57023
-59243
-54278
-91051
-40537
-96949
34858
-8360
85854
84056
-10037
87701
95164
53131
24029
-74379
-28112
39955
46040
4636
52743
-615
71614
96719
-26039
-75078
4233
-3391
10498
6111
34180
97977
8350
-19269
28918
-28127
19502
44833
43320
25197
84423
80576
30632
-58587
56777
-36228
88118
-48303
16701
-15447
-33060
44225
-76392
72550
92074
56630
-57763
70868
97983
-71888
64478
68850
-76012
-26731
82786
13783
77810
-59077
97506
95178
-29564
50962
-68050
-56447
51463
24945
26285
14645
68125
58171
59073
-48738
6401
2094
36425
86224
54357
77192
29504
-2318
96984
-96107
27522
86103
4211
-41830
57263
-36102
84082
40088
-10392
27
-11824
8381
-24585
26032
-79573
-30484
35083
-8502
-64682
-76761
-83744
67142
32589
-98473
-65475
92459
-4285
6841
-24937
45607
-31912
3620
-64557
-35615
77542
-87814
-69783
73146
36155
-22677
-32348
20710
-88479
-62367
-88314
-480
-43688
20172
-18616
42383
58341
-49078
94270
-63949
70851
-28047
37721
68235
93624
-93123
-71418
-22393
-39485
88209
23861
38629
-70991
-2325
-43980
-72213
22095
1641
80505
-59776
97338
10482
28094
-84506
-55662
-1405
-9785
68759
95565
57942
28863
21692
2856
-38032
70016
68420
93176
93256
-96078
-62617
97054
49039
90507
47672
-35432
-4448
-6668
40928
-14411
-38074
-41908
-63620
-29663
47716
57797
-64683
-94306
95877
-19220
-75720
-17325
44609
-84921
-11086
62014
-97016
-59177
-87254
97862
92494
-55555
55515
-30036
19667
15673
39276
81247
24974
18637
13421
-79826
-76235
-56384
16496
63192
87020
54014
-57278
57151
-50361
95581
72517
37179
-75778
-49094
-22165
96587
-61716
29058
-90991
-69017
-70396
-98611
-30539
-31055
62929
19108
1238
-89335
41511
84515
-50585
-18048
-30229
92026
49775
-98012
70140
42573
28480
-42695
-99843
16763
-16815
9097
-50943
-99652
3515
-83501
-26223
-64796
-57012
60447
10012
87236
42636
-655
-12164
38576
-61622
61404
37409
-7846
31905
7853
92508
-34147
44876
56776
78602
60630
90339
64913
79899
27885
-63630
-16831
45822
-41999
-78860
36760
55787
-98335
66225
79729
35404
-6904
-88207
-22287
-60023
-38784
-40740
-32551
-96018
63318
22127
-80324
52667
-70002
43421
19210
8841
-91715
3264
43594
-85228
-51563
-16518
-89114
-48535
31166
-50515
24736
-94867
-29730
-58286
-605
15431
33915
53626
86772
92779
-88840
27039
-97209
-124
-46404
2598
82734
82686
91056
-10508
45292
93997
49894
-7638
-84888
-86499
28247
65278
-75139
-63561
54277
-54601
76718
-36212
-93825
-85499
29367
58625
-78781
75898
58686
24855
55357
-65495
-48855
94038
-96530
7514
-82423
53718
-75096
-32089
-72909
-87702
50293
5046
-88144
-36951
16536
-95150
-98742
-18854
59243
-14360
78215
12283
77159
42076
-79182
62958
-19966
-70330
-84140
63617
-32461
77837
94658
-50855
45137
-66723
-17328
-46534
43161
-83384
-37725
31412
-79538
-12233
-95068
14061
38011
-95158
-60847
23496
-42028
63252
31917
-16656
48379
18860
67992
-65341
-51938
46065
-9031
-12067
73917
3614
-29673
28799
-20151
-81850
59207
45596
-82904
24172
48832
-64384
71062
45633
69834
-58467
-87195
23418
-64875
-74956
-53787
-86706
16550
-86436
48862
89417
-99540
23026
78778
-38576
-46415
-8610
93504
38194
-36372
-1987
80187
-81626
59699
41904
56761
-13081
50573
54337
-93777
73897
44070
-91923
-65606
-266
-56036
42834
-42048
-83350
29750
58614
-46539
-75065
-48332
83505
-18503
48758
-14783
55545
76511
24923
-77307
78280
-57271
55315
-14121
-80404
31215
-85235
-32304
44586
39678
35842
-48710
-28400
36637
-38062
-16344
17942
-62646
-1412
-85345
77296
-12509
-60614
54386
-59597
49025
-62409
8107
20257
-31809
-23570
38629
-4077
53080
57184
77687
-99646
93038
16754
-7413
3697
38567
-32736
-60596
79227
40818
68322
91901
-12043
-56984
60122
-537
81023
30477
-16586
-24021
-38484
18485
25640
-53899
60235
-43709
-34433
15569
54226
-86131
-77278
-53865
-19802
94875
-50263
-39998
-78518
36750
-27368
-33057
-28959
55326
10873
12449
16161
-24580
65749
-91887
86742
24342
-71154
-52126
46864
7161
93340
24803
-90389
93008
-64798
39565
27769
86986
79468
-4612
-882
93914
63176
93179
-2713
10392
17022
-49416
-13577
-77371
-95187
82006
-55344
98347
49539
14753
15146
-19293
30936
-30563
-50540
45040
61160
34615
-5388
67849
-71573
-79139
-15684
-32011
62099
-69399
28780
95566
8929
64440
-7299
72103
95269
-2598
-85199
69834
54992
-20318
45941
-98278
-55113
-79716
45167
-5481
32167
-77602
8298
-15744
-1185
18615
63323
22291
-96978
35013
12560
-30928
5482
-63261
20148
23452
94346
68094
-30719
-5344
-76063
30985
-51006
-95343
28407
-21113
33028
76651
81670
-92731
30105
-45097
-58098
41450
46088
-11124
30101
-62234
-61996
-70191
-48129
-97208
40935
5281
-44091
-38612
49051
90215
87765
-61359
-39962
4200
32518
18633
-51617
33216
18039
-25655
86257
-71868
-9277
-70496
84507
-3065
-42398
46341
46497
48760
34911
95561
979
-80408
-59663
-45525
13239
21994
62457
-66038
21653
63827
47191
52341
-39456
17505
-22551
-91234
55612
74168
43618
-82770
-48784
87367
24770
34674
-98134
83338
65655
-67982
14377
77544
17936
23650
68491
-85316
-68646
-1678
24499
91057
88409
37952
-69290
69318
85029
-13331
2851
50609
-15714
-30579
23116
58208
-17907
21624
-59210
27162
-11432
-12930
43065
10756
-38238
34743
-20972
-1792
89021
-40393
-52816
13808
78412
22497
-22833
-84520
2810
-43949
69841
82209
-25775
97727
65379
53242
-32584
87897
-74108
-74215
-1460
11820
73717
75040
50905
86920
-29891
-21350
3765
-29290
16918
-34396
26553
69324
80440
89512
-24547
-29637
66751
-97211
-75217
66437
31291
-89781
6832
-42579
51156
-67102
25099
53255
-48616
93834
90418
-87986
-35549
14972
14871
-6444
-65750
99120
-97723
-76396
31908
23736
-78312
-73053
-57259
60810
-96417
96389
-81416
79643
13388
-89956
79944
-49690
-73322
-44228
81899
-78965
-37012
18201
59259
-79275
-65835
87522
-95757
1300
-93528
61543
-70477
54889
39973
-50060
-45072
1888
85487
41346
72955
65783
-79769
-86333
55916
-39363
95782
96412
8939
-67882
96214
97583
13274
27035
-88786
-88875
-16286
40222
41352
-33237
-92007
-51317
-82272
-39484
31501
-36375
-85781
33340
-29648
-5440
-61230
-43540
92128
-73067
96073
-27015
-97199
-43503
40912
11335
40729
4032
24902
-17525
-17641
70773
-84763
23743
72961
-75510
-95394
-87122
-65911
30468
-62702
-71889
81324
55830
-75286
-25170
-23721
-68804
15827
63589
7350
-50808
-23847
47979
49114
-49094
2335
-55133
24197
56583
-21063
-24491
-9259
17404
93222
-98279
38539
-47428
-99731
41519
4600
34853
-80750
73900
-4797
42705
-64587
-84273
-12135
-70279
-67384
-77838
-16207
-7565
-76629
86428
-80453
6044
75750
75827
-71836
-95152
17922
-2353
72648
7126
-87548
-3543
-58187
-8423
82695
90162
83992
-13935
-48075
-87360
-68217
83137
-36766
-70749
-25430
-96615
17861
41494
-95289
-54149
-15725
337
-95256
98394
-25286
21947
-1750
-77377
311
-9539
-3163
-94618
-84076
81458
-11597
79557
84353
-17350
-10977
1324
-45746
17710
1324
73351
-75325
-89874
44223
24385
-54883
54677
46761
-57789
55461
-43250
59925
-49446
-78931
-640
57291
23031
-71638
47845
37150
31695
-28247
-17288
-21960
-7837
89328
96205
-77440
96474
-80654
-63430
50981
99210
-7123
67507
38986
-83115
42212
-79244
12494
39408
55924
-27241
36727
-37505
69910
96773
-76166
54428
-68944
-43447
62377
56119
-63720
-75392
-19399
41815
-83610
-27283
-41297
96575
-50956
44649
57319
47659
-20107
83191
-19967
-20231
-82001
-48266
10856
27429
-18218
94895
29696
-63059
198
-8306
3116
-57261
19229
-10706
-76295
-23807
-10957
-79347
63786
-57594
22648
81567
49952
-90369
-58584
-40642
-52250
-19183
78445
-61442
-90345
-81326
68369
-81185
92972
-13753
-98467
82716
72358
-95800
5331
-416
98004
-81728
-88635
-46184
81602
47057
-33007
-85661
-51138
95828
67706
95910
-97976
72574
-83613
-42051
90837
-32674
-87446
-25908
80192
-94142
97694
-53005
88782
49017
-82657
-39584
68060
-26188
-16047
-53186
-40281
52486
-1092
10891
-37000
53707
54211
-67897
-96406
-96220
63807
-30456
-94695
78624
-56648
-40726
-97047
-21770
-85056
-98716
-77840
73263
86827
-56393
-35647
-47328
81326
-43713
-51626
38485
47059
-5204
7577
32074
98582
68426
41551
23826
52640
-97220
-40542
-62117
-11619
25351
83017
56777
-23876
7498
-43498
72830
60482
-54772
-87973
-25093
60171
-21266
29114
-89824
-20257
8319
21000
35663
23469
-13970
-11491
-58897
78823
-8358
62651
31820
8313
-12730
16985
-79396
-68377
-53784
96011
69149
-62974
-14880
69903
-52839
64774
92422
19190
4491
-33389
-420
98348
19228
-25914
-73182
-56665
94086
-30988
75913
38312
80474
36738
22079
9777
57884
-79516
43881
79172
-90228
-9872
28463
-19373
76800
-22498
78896
66441
8940
51359
-65321
-67533
15044
57622
82245
-94387
25336
-79241
-95058
67301
-9186
-80645
86464
-15442
-19026
36605
-1795
-82524
-7002
-62924
3882
-99946
-69618
-39026
68575
-38571
-29418
-30363
60607
-85129
80539
51360
-83646
36872
57288
30185
-19026
-96881
90521
-30330
86245
-19080
24059
-33322
62167
291
17168
-4885
17559
21896
-6706
-32386
29899
48772
-73657
-65325
47038
-53947
-42109
-91222
33296
22543
93833
-42721
97805
-33880
7485
-14881
51290
28390
-69149
8711
14731
82771
-68926
45402
31378
48442
-50525
48287
-99501
-5551
16824
-50219
-29933
7042
-91430
-31532
-70898
-6952
-22037
-71166
-54809
26626
82267
-43602
-63366
-58105
-71547
30092
52366
44423
-40391
-2162
-25370
-10326
-10859
74459
35254
95271
52620
79598
-39117
-72525
11593
49806
96899
9156
73964
76709
11732
32896
40370
-87680
-30904
54215
-38988
-47070
-47538
-45734
87366
-98171
-44020
9638
68480
87406
-89224
-73679
-74855
-89493
-84922
63584
19438
-4820
62012
-29662
-85085
-18116
3553
-44355
-46560
-29222
89363
-41741
93949
65912
63928
-68528
-24584
37071
42189
59667
-27869
80157
2010
-27721
75995
26109
-8442
97180
12018
-62431
-3961
-63273
110
80365
15985
-96941
-77717
28723
-95056
14754
-36453
-73209
13009
100
-50258
-80321
-45446
10706
-47987
8201
-37574
-57944
66431
55849
11451
31085
54255
333
68820
44128
-77179
89614
67771
-59264
-44880
-31291
-70056
40248
36741
-33336
63540
-33242
-27327
-7872
86416
44103
-80086
-6296
-8110
62848
-428
-69468
-2981
53259
-27584
24892
62324
-34308
-99105
-51341
-56154
-2961
-64780
87560
-58776
22545
5271
74120
-16845
-76473
-97771
37198
-81870
68798
-31051
-65767
-9835
-3504
-42154
-9720
-1403
-77552
16500
22772
-26510
85682
8393
-34518
37575
-13862
-94320
56836
-65921
-51521
31972
-21598
-97711
-44612
-53625
2762
-67257
-70221
-68097
45082
-30035
-39330
-89957
59046
-42716
90164
67028
-15694
-55914
81715
44494
82125
-19068
-8496
-78530
79816
5050
84793
17061
76946
45924
-64189
-1030
-27599
61883
13237
81125
13599
64728
82352
26088
99071
-75287
62201
-59944
-57222
-72255
-43483
-72503
22907
-9335
51552
-18615
-55805
-28588
-18599
42498
84009
36753
56462
66883
-85518
-6439
-36241
1048
-68536
-19224
83122
44565
22235
-20631
-54605
-36814
-69807
-26454
-10427
57488
47787
-12817
74137
-45414
-58507
67106
-77431
5639
-42903
81064
55298
-29573
59042
-27250
73740
-39539
-15112
-37790
87224
-40861
-26180
45599
48357
-67718
-44719
-192
-78866
-66942
-12763
-88203
-49357
15718
-82805
86387
-71549
-86423
36215
-70298
45923
-90900
-6635
45378
-3715
66252
55494
28151
-73240
10344
-78345
-829
-87472
-31296
9760
-98655
27906
22201
80727
-50401
62999
59709
-75762
33229
57338
56319
-11793
59473
35607
79260
40274
19928
41185
43293
76057
90791
-70720
-3495
-60823
28367
-28970
2743
24965
-17985
-68115
-11311
30152
-66829
82879
64501
-60225
55435
-6432
80901
18017
25398
-99316
-55938
53356
-26227
-24503
2325
-79844
56764
80632
90301
-24630
-65061
-42690
-84730
-93088
83675
37769
-94241
-25547
98203
-62079
37180
-73975
8474
-82483
-49325
69150
84167
-14465
39104
-91471
-39243
93853
-16184
53012
62058
-45619
-44742
-75223
76567
31388
-3727
-13251
77665
49963
-53321
-87618
-20515
37878
26628
82522
-98149
-26686
72036
9974
13529
43555
48822
-38648
70425
-16025
-78192
-14382
52365
59619
-60864
-516
51886
-19560
-14931
-90740
-25109
-78847
-5091
28548
-97409
-59717
91472
60248
20379
-57135
29001
-68086
49219
-53981
-50708
17700
-62155
-60941
-81917
95249
31363
-77555
-97510
18713
-76414
-97840
-52789
-47496
-20837
81500
59988
89625
-20482
154
-68060
-60556
-28681
-93470
81205
-56959
-61095
-56947
-750
-49961
76758
8537
81018
95014
-46927
-9230
23901
-42547
-29878
31331
-36349
80089
-8552
76121
73868
57115
64246
88527
-9710
-7771
39892
-44389
90282
44449
40782
-84779
-41590
-17203
61913
51935
89156
-97833
43417
-44394
69040
17808
-98735
-23788
-51223
-33264
15474
-76322
65774
-23513
14932
-78223
61160
32955
72258
43044
-69494
34115
-99409
-73798
-47340
-97569
-24889
-20154
-28301
-88303
-62111
379
22083
-27684
11728
-14064
-74444
-71689
-32999
-15988
69258
36398
86654
22323
-28674
29014
91513
11917
64066
-74069
52293
-29681
99170
-22008
-10667
-83799
32198
-41279
-33816
-86421
43988
-40672
72756
-19244
95666
79355
-86721
31417
-83223
2414
-77619
-97073
95717
61691
90612
-49963
10905
-93318
-36085
-82336
99903
-70466
30017
-54332
-65347
21895
-61942
9628
87651
77341
-71437
17783
90257
29903
-55081
-71905
-2954
-70136
-30678
-65977
-24781
4362
90482
-98096
63901
-9526
-35434
-59144
20769
-6232
-35569
-46688
-98685
83018
-8261
-77256
17599
28884
56912
-63095
-40560
61957
-94995
-21026
-22386
-83087
-5812
-14256
45426
22551
-6124
73837
-75659
-96674
30731
46148
-47209
88113
32745
-48
-57348
-72844
-17977
-96385
-99791
6497
-25289
73181
43916
-92220
84717
88674
55728
56463
-55526
50644
14767
9627
39001
9946
11
58620
-97086
-38881
-1131
-22657
91805
-66849
-13065
66
-93455
-31662
-92467
-16144
67002
31985
62445
-17896
16184
-9879
-64569
-98774
45156
-99621
-57048
83341
27198
10830
51097
37023
53057
-28494
95268
-49142
40632
-36846
46646
62783
6570
54037
-12896
45203
-13711
-63888
83576
-59598
29545
-45204
-44644
68292
88579
-33393
95446
-77094
-67719
14826
84507
-69163
11292
73726
57966
52628
35657
-18100
-60318
-92137
-41030
93240
77116
58485
34424
-79847
67062
88566
-46418
58656
-57376
94990
2842
29282
-32094
-72521
46236
7043
-26980
38569
-69327
-97087
-28690
-7623
-10055
-59430
-51437
-59573
74164
-48933
92776
47797
-32949
-10809
-75957
-42830
-68789
-15840
95006
92032
-18388
88660
-29269
-34729
-61552
40263
-40094
6982
41927
11641
88509
10667
-84145
76820
-35964
54798
-93351
88213
-83540
45338
-81594
84116
72923
87290
31985
48305
36615
-50227
48293
-8227
39484
66437
5231
63938
-31684
-51103
-86577
-97648
82112
-86844
20360
28518
15005
19506
9495
26777
76290
-59288
-51712
-17501
-20002
-42539
12611
27947
-58466
-69064
-48530
-95316
35732
57047
-57140
62597
57971
32409
39803
-9059
41527
88641
-95717
-73615
-40031
-10233
63202
-88516
6560
-31851
43789
52162
-43124
-53157
-7503
92856
74315
-77233
-26128
38547
70870
-86076
-24121
-2389
-48490
15846
-31677
67020
-93592
-86512
43475
-32294
48640
-10422
56377
-33250
80937
5922
-17829
96433
98666
76389
-68426
81603
9221
-27014
87602
68169
-28775
-28900
58960
49153
69991
-69197
-65153
-70557
87601
27277
59598
48549
73150
-74627
-69891
55339
-25861
69776
-16404
-81526
76283
15529
-40139
-34824
-28129
76728
98453
89297
44497
61403
33989
30216
-89750
88849
-2201
10024
43380
-15337
68060
16454
86857
-40479
29298
-72250
-31526
-37130
-41669
-47546
-9460
64936
69176
11562
-73412
9967
38644
95173
22243
1314
67822
82080
90133
-56815
96175
-26325
90212
94465
29753
27198
-24991
-79419
36640
61898
-59838
12533
77042
33376
-63393
-18930
85713
-47267
-3049
33830
-90590
-28558
10767
91338
-22562
82252
-41510
-32907
-41146
-924
95541
-52113
38323
-43356
75753
-45119
55627
74740
-53037
-67696
-88304
-45279
43776
-13538
46162
31466
-91150
-7528
66373
-43610
27136
-18788
74797
-41579
60569
6220
-47243
-89151
-41240
72072
53728
33040
11476
-32693
86679
-71447
9695
-9692
-87392
-46847
-18386
67662
-42065
-7615
54567
11950
2327
81622
-37130
-90710
-82535
62868
54443
-47391
32349
-8504
60477
-50934
96831
2904
-27662
6124
77824
64281
35798
-17481
-68195
-36946
60456
-14658
12093
57751
-99883
23570
92547
11101
40924
36988
18051
-74152
-15280
-16554
92626
-15268
-68356
26438
-47369
2110
2144
27992
94461
94150
24410
85495
-83542
32627
-21856
30600
10570
-16987
-91990
6692
-15900
25899
-57171
-92944
8334
72873
46017
-60838
-59235
-79066
-39069
-24591
-77580
61040
25751
-3743
-56643
70380
-48474
-68982
-81162
21758
22341
-59779
-39069
54673
-23466
-32686
24162
68483
46663
10857
51867
-74960
-15975
38715
88469
-54502
-63941
27164
50406
68786
-81388
37071
-85437
73669
-26720
-16955
51381
25862
68658
40244
26093
-89548
30423
-76655
7470
97320
-81573
-83350
-60376
60541
93669
71009
45733
39708
94077
-16184
50908
37474
38894
55126
20707
-42383
62919
90756
-27902
44880
46843
-95097
-43357
-71105
92968
-20822
19621
-68388
9653
89415
-14513
-21653
-73708
3745
41889
-84602
-34393
15841
16391
-69856
-2177
11372
-48281
-88585
34879
22429
-1063
35670
64415
-92188
53110
-23804
74892
-90502
-12663
69325
-69715
-42944
93283
-37270
95169
-72524
6027
57871
-99548
-10866
36626
-16687
-88464
51133
3
57203
76608
-66311
1721
-35060
-74480
20933
58508
-73386
74624
10371
79203
62869
89144
-85133
-74835
-56095
36197
80906
42475
5394
-61280
-2069
72228
-77752
75504
51780
-47364
-42091
-73498
-39416
33631
-19257
19367
68228
-90664
61141
-65721
-81376
35454
-86044
-57585
62005
-59763
2487
-23903
94725
-2798
-16206
72179
13659
86784
-16503
-11209
91200
-90015
-73846
1307
-39145
-86682
99331
-90772
-26986
93599
-79471
-33579
85601
-65146
24646
-16762
-11196
39669
-85706
-55888
30605
-37704
-2594
56236
-76924
28925
64498
37947
83657
78760
-16382
50216
-95288
-4797
-21944
35658
76186
-59629
-53936
-18074
-74821
29445
-72892
-97679
8804
38215
-47341
40306
26629
15412
19582
-38394
3681
53671
-3393
-99970
-18427
-38159
-23402
76578
-8858
-43035
46705
17945
8982
-51568
-1674
14368
-29853
-24378
31409
-13000
-58100
-62825
15189
-25891
-83167
-76255
-88271
-26896
62134
41983
99312
-76746
-71293
-82145
53388
-95687
-77605
-31246
-66351
-40372
-19385
68796
-20086
72044
-82433
-37429
57226
47490
-85308
36996
55896
-35898
-57379
-68136
-45832
76861
-80340
90966
-37934
-61214
-90325
69211
98754
-19805
-77751
57124
-48581
7362
63067
17284
-10088
-9700
79360
35696
54337
46855
-23082
96056
98102
-23404
-93805
-76591
-84677
69491
18113
-76915
-26016
30070
-2664
-46549
4076
-68498
-20743
25803
84518
-40078
-63163
-4038
-16897
-86594
-44968
45483
44319
-60553
-49114
73671
-40630
-54964
-39888
50075
-23057
-88967
-15646
6640
-98931
43045
-17332
-24776
-39166
72236
81531
-72732
-65806
51319
-6541
-4781
-13808
20678
29324
-72220
94412
4879
-19610
87596
-45735
-84032
29003
-9213
39194
7521
66015
11257
-29208
35925
-56378
70246
-43966
-17025
-54510
85087
33618
44418
52135
71109
-28008
61600
-51986
-35593
-2123
-82300
88882
-69465
-17962
66011
24282
-6326
35643
-31844
37891
-14743
4131
48489
-79558
-58091
82390
-78835
-61293
-48200
84623
21029
-40535
-88314
61187
77532
23474
-67503
67666
16911
61629
58300
32393
37583
-19061
5639
-90158
-7740
-6328
19466
-58119
55918
21732
40637
7771
-39289
66386
92340
-98899
-65147
-88483
-98648
-94234
-14725
19938
76143
11274
34015
47470
-76338
-24876
-67802
20404
77989
-70272
-39156
52651
38600
-93454
78384
91650
20846
-74554
1115
80449
88899
-1035
-15967
88958
-28584
23584
4896
83256
23098
-62019
65254
42771
-8224
-61669
20527
4528
74558
41939
38859
58664
-57098
20045
-25634
54310
95534
68268
-89407
-76322
24188
12951
27015
29486
-65858
-62299
31642
33167
-42553
16292
-13053
17015
-97548
31238
-696
-7601
2652
-29655
-61329
13260
-51739
64898
-70751
-29139
-79692
59173
-69718
-97841
59644
-23117
51805
-73360
99384
97312
-7788
49342
64307
-44961
-89707
-16549
-47164
86765
64145
-40016
-40
-36425
27782
-61781
99496
-47191
37572
27926
64329
11477
-42740
-7403
-92127
-66885
-10669
-37188
72759
88635
98279
95243
88676
59860
46377
77383
37990
-23080
-85320
-9227
-73772
45806
-46802
58038
26859
-33725
-13308
-55366
27718
-10225
-8111
52834
-13588
90560
10991
-5514
70852
18693
23230
91647
-3293
-96008
96642
63939
45702
-8728
-84952
3867
-8037
55554
17638
-5838
-50631
80348
-43264
-99108
25841
-84321
69094
-59632
-8964
74766
61563
46340
52435
89079
72304
-3932
48670
47796
21647
-90834
47044
9630
48660
-95571
6433
60688
-44683
-55153
43926
-82477
-34685
20645
-60294
82603
-25176
37751
-3027
35325
-76848
-80446
-71027
-79333
-88411
-92784
99842
-91154
68594
-40142
32501
-55873
-41815
35099
-69730
50722
92736
78684
23161
-1
-10379
2935
-71462
-64194
4659
-16605
28504
73550
-4531
-60132
-36571
-66093
-29209
56675
-93698
-69590
-35532
85209
33405
-99879
-92327
-61836
-71412
10712
-8208
-43301
-42828
77238
89513
5668
64979
-65558
-20404
-29656
-85780
-81481
46682
-78209
2008
66362
-73967
35485
-35877
66131
12045
-79416
-21742
46510
-38261
-93323
-59064
-51795
74057
-99970
-87321
79220
80010
73027
52107
16784
-13899
1818
-87886
83077
59805
3444
-46768
70642
94748
-25715
-79041
-59485
-78120
-59249
71700
-66829
-66329
-99516
-50547
-73060
39951
-93834
-50330
-10531
8358
-56346
80906
20742
25752
24357
76775
-9373
-33849
-48431
-64998
67203
44237
-7569
-87478
88804
-3940
25890
74769
-11460
4999
-36986
2836
55078
52506
-83476
-42381
-152
52195
-90446
12316
94877
80788
-76483
-53510
36611
-31360
-38890
-48181
58147
43971
2590
1808
23257
78207
-3153
-96739
14591
54400
74001
-31216
8058
30785
-83562
-13410
13600
-18680
-43181
5769
26373
69484
21243
-13394
-31519
13175
63001
98298
-1889
-86362
-65623
19965
66116
-86323
5524
-16745
-7174
10199
-85433
-57906
35385
82412
65071
93378
66449
61163
93651
10615
70742
-5162
33677
13522
62440
-57843
-37082
-39137
-19299
80627
79821
54287
-23090
-66835
25972
61695
97467
-41271
-86968
22387
-68389
11003
-1589
-5279
-54395
-15678
53391
-73878
25268
-48727
-82992
-27420
72186
34601
17199
-15854
-75132
-71445
-50937
3893
63750
-5588
82478
-72261
60867
