7200
-72136
51749
79116
46148
-4282
96585
-46014
44365
-47418
-73908
-37287
-59613
63656
-1042
69966
-24979
-59227
-86927
95633
27581
-36648
74194
35764
66585
-17658
-93661
6080
41959
-9602
-378
98850
-52812
-21028
-9145
12739
-94943
7655
93079
-50251
-74646
17370
-51615
4296
98004
-28352
-30005
-42179
61299
-51720
-27253
-34926
36693
22680
-53725
-87044
81423
-33042
38395
-5389
-36959
62626
45785
-55001
-22264
49527
-42433
89552
-40031
-8080
-32991
-67805
-64907
79887
57729
-82976
21797
-49479
87465
-31928
-60493
7541
92036
8556
-3606
74451
12890
-90399
56236
-69015
96358
-17840
-11818
-49288
-12906
24810
16593
-17106
-65441
58040
13624
-73083
-88198
-64496
-51487
-39991
44926
38500
-70773
62710
23323
15988
-47198
-91201
35696
-67229
-60239
-87637
-5046
104
-59676
28122
954
-65893
-95751
-89370
85586
16175
13827
4837
84604
-46465
55259
-92854
-95946
-42175
-25309
-90069
-60371
-7017
3704
9245
26037
-19516
-10188
-15557
45347
43323
-996
47814
54344
70483
79597
-93850
-33270
77592
83326
-77745
-57696
85371
74706
31423
65385
24553
88508
-45341
71594
21304
-47057
-10471
25827
-41986
-25439
-20719
-92212
-38212
-96932
4236
-16399
-39496
-95
64710
71911
-19672
32633
-40015
-80854
55178
-93159
92759
-47724
-6703
41137
52448
-19780
55225
33169
87284
-72087
75195
46008
-18376
23346
-4707
-37381
-69771
-37261
-8159
-49137
96855
-62162
-67107
-17229
3857
33851
22379
-81732
-18915
83181
50166
79038
12449
-24061
67509
-28780
95726
12168
-57996
-69939
3681
-65080
61838
55795
43692
-41041
71287
-77511
-83601
-78273
-34954
73536
76032
-90899
28975
17542
16842
-70119
30366
-39572
-73199
-34839
-76512
59042
77203
-12927
-76629
91441
63114
-40544
-49889
-45660
-7537
-67942
-47244
-96492
15832
3502
11282
-60209
44450
-16701
-10945
29668
-76182
-24892
61170
10830
31252
-91180
48007
-17285
-12049
-79440
34828
-68681
61456
86240
-83592
-25990
16602
-94758
-8453
-68086
-11040
61043
86001
-80242
-36703
-85054
73968
-13263
81138
-13164
6848
-69777
-88839
22021
20586
21567
-96363
-17535
17321
49309
56219
-48489
-73731
-23501
-54788
-62089
-34209
-9373
-31166
21384
-82545
-70284
74297
58856
22665
-55658
-24726
-17919
-38634
1811
-32253
11076
-44802
-107
46674
-82363
-90405
-9394
-1744
34035
-92024
-93432
93562
72050
90169
-82935
20539
93207
-62044
75042
-10906
4671
28253
20
5758
60813
53696
-62112
-48936
-76802
-67065
-55830
-27656
27306
59836
89225
75289
20633
19720
-75795
71817
-57793
-32151
-80019
-464
52118
-446
-5779
4913
1750
85004
-41751
-728
-65516
1898
-34080
-61484
-46348
-39525
54111
56974
52684
85833
-78808
65079
-83689
-96514
-91712
5105
-3373
-25354
58770
67651
9720
47311
-53565
46048
-1516
8285
3283
66753
-58168
-22182
-65492
99759
61017
39930
8011
29597
-41165
40157
71112
3313
35329
-24162
-7357
-86941
70817
-24119
-50515
-63042
86664
65705
-84048
-53308
93106
26494
-83716
-69841
45251
-90035
-54225
90513
-76673
10322
-71071
54493
-54237
9617
63305
-68674
49502
-80630
54351
93989
-58769
-13813
-21202
51104
27100
-83233
48261
36646
35340
72612
-64773
31663
-50430
-79941
52621
74176
-35082
-47848
3574
72196
43538
49401
-20487
36758
52678
95091
-11122
68892
91976
18215
40295
-89331
-9685
-13868
47069
-29806
-30501
40902
61884
93514
-16077
74797
47784
-48408
-45829
48456
-32342
96631
41857
25664
31643
85246
30226
-13231
75499
-98561
-75691
22563
54094
58329
61189
82487
-44475
-26675
-53495
-44355
-64699
14493
-56014
-29502
91781
39952
-74992
-52026
97065
85075
-31247
-29653
43462
-73222
29879
-90806
56465
-4892
55829
54752
-95511
19899
-60570
-38170
-49602
72154
60522
-66498
-94436
-19382
85149
16201
-79144
14309
60982
18837
-63467
-62884
-92295
18612
-68556
-65324
61049
16104
-8298
28330
88558
-27334
-8818
78744
-61137
-72342
90472
4847
26700
-12608
-74095
47300
-2678
71681
80929
95848
24571
27709
-24564
-39665
43706
63109
-9696
-74671
-64831
-80005
59899
-47089
-71641
98817
-84019
-53394
40120
84947
91014
39999
-1742
-96591
-55588
34303
72410
-20619
-75014
40697
84858
-4157
51144
63690
83703
-59427
-17965
-69827
12946
84758
4634
55188
78075
-77474
-1932
81128
-46835
-91844
-50591
-2392
-96789
-19685
-40021
31805
47733
38075
-65352
47310
-64794
55176
99823
59871
94284
-23736
75973
-96684
-96155
81197
-44125
-92908
35603
49994
-20682
-65719
-50372
32930
10002
-78269
97921
50909
-19709
636
96281
98452
-54926
-9418
6601
-24885
37169
36865
-92286
-64834
-40349
-24231
-65065
78036
88267
17835
-72679
10864
-90769
120
-24943
-91225
-83352
87314
47449
-65012
-59703
-71036
64471
-76570
-28694
15
-31209
-36925
-49072
-73458
-47484
62118
-8774
-47045
14083
-22437
-20597
59658
53805
19947
-91505
-54477
9446
-34772
-94229
72717
-76450
64752
21094
48214
-30428
-20963
9230
-58161
-41950
-22051
-36984
-2364
-96071
-31317
-92680
-88278
74298
31438
-48823
80800
-92739
-38173
-8679
-48680
-40414
50962
32772
43727
-14494
-81885
38668
74680
34513
-69015
45986
34807
50162
67740
29075
-75064
-31242
-24507
-27246
-9024
-87341
40530
38942
-12564
81149
-86391
58127
65686
-63228
6553
21507
18597
-48566
80461
-63777
-50844
-94369
-72166
-48956
-2917
71483
-6889
2000
-15591
3927
-78580
19918
-83244
88424
-69214
-36613
-25241
82937
-31878
-73610
89593
-18844
34778
91459
12990
-38484
-11197
44027
-15273
55930
-10402
66196
-61867
-91661
5908
-87095
97755
40626
-12803
96294
-56927
37415
39664
46642
65813
-71413
-25415
-96328
26076
-43265
-71704
-52620
-59403
-51136
79622
-90665
-1665
20489
-36701
-56521
8657
-16762
65611
48919
-89593
27376
-66281
-10546
-31971
5257
86943
-50218
-20749
85366
-73843
-64717
-20048
10356
79053
381
7875
9400
16416
94732
93701
-56089
-96304
1792
-92358
-18769
-84226
64298
-64969
76992
82647
87899
40221
-46421
88997
-48569
835
85845
-92543
12372
-46990
-49577
42471
-3899
-40375
-66634
64098
-10690
-62335
56826
-83802
-58125
-56053
36973
29500
-3663
50838
27954
-18409
1225
-17300
32447
7430
-56940
54716
-51720
-16253
-43288
-30734
38249
-85400
-78250
75074
-50336
94273
44252
28037
-30555
66748
45230
-43654
99543
-73283
-33124
-75731
3109
22798
28960
72756
61989
20532
9222
50070
91988
31325
-65672
-24185
-88277
44725
43109
53647
39450
36439
45646
-60344
97188
42720
8941
45254
88214
-39328
-78207
49681
43685
-17238
9530
53709
-61213
7371
67646
-96901
58270
-48809
21846
-57384
41621
96414
56761
5795
35736
90878
76082
-68100
-35909
-68782
98480
45224
-6474
84745
-61718
37425
-98276
-30447
73901
-52118
77110
-58831
-65853
16081
-2756
88950
50370
91021
17775
8837
89070
2774
1174
82576
-43380
94579
25874
20644
-26940
-99809
-80544
71902
25137
-76347
18411
89341
-54519
93611
77516
-34797
-40924
65259
53215
49814
-72725
-19941
45635
1235
-6178
7694
-91283
17602
-60095
-39884
-64406
84788
-13724
68956
-4753
76073
66318
24154
-26850
-61826
-4411
73668
-85992
-44413
34365
22998
88953
-7765
8731
-83915
-51852
-66468
84772
94993
26060
13927
-87161
-31901
87341
-35887
48131
-99754
21605
-95728
32630
90690
-90430
18706
91524
-97837
-64568
-91338
-53472
-64632
-95793
-42530
29754
85400
30199
12060
58309
-62161
60297
89737
-68061
62741
20140
77300
-85648
6320
-92543
87352
-60824
-95072
-46309
95271
28150
25608
34718
67810
-99622
-38932
-94669
-55734
33845
87286
55333
94097
56372
96595
70363
-79382
14615
41594
-4238
-44321
-14179
-61939
17463
28801
-14322
-33704
-74050
37241
100
10934
-7135
76605
-66473
79954
-60711
95647
-84732
-68725
-48718
-79233
17657
-50063
-63570
-20447
-44704
72365
-60424
-61735
32965
16957
-32829
-30941
14085
33948
-77825
54415
69909
-1089
-84744
33113
-69268
40124
-34549
-1129
21198
9350
-2235
72523
-95754
-14893
-26215
68888
74528
-55394
8382
-32942
99888
32904
-62109
40686
80578
16986
-56112
-68904
70671
-42587
96154
77476
-76936
-58166
-30077
39964
65203
97302
-9812
-25481
95887
96901
15991
85227
3685
-94552
-97411
30937
7645
93216
-87383
-67097
-36262
-72310
-27665
-9108
-55613
-4235
79085
-18812
46255
-31538
-59684
67650
40108
-98083
85554
-40955
50988
73896
-91816
49123
-2227
5813
-28285
1475
57476
84973
75889
-73209
-17691
-24676
66626
-7194
-60975
88021
55153
66967
6844
11507
10221
-42327
60889
51258
-5736
30192
28133
-10469
86555
58265
31053
-64234
70116
51871
13757
30074
-35139
-88490
87558
90248
19466
32677
-67669
53238
97439
45329
-74871
83663
-71685
-78284
736
96759
-90
-98996
69570
90253
26914
-51921
84886
41001
-93872
96796
-16503
-1404
62755
85358
83923
-9289
-37255
-35222
66529
1692
26075
54839
18788
78161
-18094
98669
65782
-27429
80036
-61947
-86236
77798
-68054
-20495
-20836
-5014
-5489
18885
87988
38250
47783
-45102
98901
-59754
-25495
47444
-65662
93649
-77685
16449
68745
-92275
-65223
34241
-87484
93393
72113
-77379
23756
-59748
91325
18192
-25988
95716
-15794
22939
-54435
78903
55026
-20875
7731
-14269
17330
-38273
-52125
-17551
-83381
-25835
23295
-97685
60167
54560
58096
-28994
8630
75080
12607
-30501
-70514
-97849
4096
-20616
-43683
83033
-14821
25748
73062
78671
-86984
-31401
-33696
25219
46918
51863
70983
8230
-80983
74871
36252
80117
-73538
20906
77568
-17718
-43829
48853
-85783
-8241
52168
-45229
25790
81549
82180
60946
-34667
-92765
-93770
-34406
-43578
8337
-15391
-14674
-22932
-98188
-95710
459
13816
-23732
47065
85005
14129
89081
55602
-27727
-44724
-15419
26959
38581
-33181
-5862
29396
-78820
89301
-22508
-72498
80206
-70981
78961
-80832
36443
-40766
-92891
2252
-77664
-214
23179
99579
68418
-49190
-28939
78761
-97000
-25827
-72476
16208
77669
34173
-15405
-90769
89602
-75398
-90514
52950
-54246
-34969
-82720
86993
6799
48866
-53750
2863
24059
23022
32655
74157
-36335
-25489
27404
18372
2593
-13631
-17563
-52852
39738
-89547
75643
-35893
-43735
47464
-86663
-63457
-55776
-16958
-91890
-50877
1907
69192
-39563
-5119
13435
-38497
-42769
-84875
45149
-3874
69266
28153
45925
-99890
-21893
-10318
91980
-39935
-46816
-3850
5272
24204
-20608
99097
-2398
-73886
-61701
-51693
10611
-96114
-1602
34255
-13816
-71220
29142
-94382
-93195
80325
99558
-53754
21094
98918
-10892
63459
-38464
-92580
-29987
-18567
57189
-50898
-25687
50076
-88681
47350
72889
44972
-95244
-80643
-76387
43199
-21089
-41166
94722
96109
-10432
-55673
-76088
-6407
-11935
-74647
35570
-2857
46137
25945
-71497
59102
-58554
14252
29237
-38644
-60973
54171
-28923
-50256
-76711
-58488
76265
-712
72066
55758
78050
89047
6024
73155
-98081
75091
20540
-9395
46223
-13400
99171
-13090
-12393
-69156
10107
26829
-36769
84576
-89893
89618
50119
-73248
-24840
72158
17784
82600
20036
16213
-45163
-85198
88304
2985
-27057
-94128
-40110
-30444
41816
89010
-45533
-61391
57327
35285
29599
75640
-99174
-6135
-15217
-77804
98866
-18403
-31005
99811
-20392
32360
-58696
-35191
-27707
63095
68538
40817
-46272
-43698
-92893
-15518
60520
-88931
-4062
46585
94449
23105
87574
99145
76716
-32717
61753
-44596
7102
34833
61018
98372
-39886
-37433
-11134
47346
1707
-78310
633
-98318
26738
58001
89953
41073
75566
3584
-75393
-54195
64049
99378
-3174
-30137
-67730
63602
80764
89575
-15927
89910
76757
-68307
15495
-79959
-79425
-28305
-6683
69459
-38627
-73644
-77692
-29081
32156
29867
43329
-72598
-43045
-59671
88355
95227
-75673
94205
-29714
-31357
75167
1618
-81900
-87111
9911
36640
-22773
50514
78807
71983
71098
-68220
-43165
46058
37132
-88970
59414
50716
1255
5446
-16313
17993
6391
-73034
49742
34411
19812
-95948
12928
-14008
20770
-99516
41429
-26132
14310
-84468
-26709
53385
66294
-27589
-65373
79719
-8615
-69097
-55319
-90743
90030
93155
9682
-81250
53977
27113
-27042
-22047
92184
-72215
26972
-56114
69299
18782
92397
-78272
80274
50281
83872
83564
21160
33181
19965
52148
-74291
19558
11358
-14231
-63638
-97834
-53322
-61088
-8754
-50482
86517
-83921
33053
97733
9540
-71803
54951
95608
-11925
3747
-77417
-26258
-80685
-74309
65730
26663
-88219
84195
93663
79392
20816
-19274
96918
-97786
80490
9863
-94735
12853
99246
27075
-28497
-89301
-29212
53154
-73481
51534
17758
-99830
-34646
-10474
-67746
-7872
529
-97000
-48491
11147
17717
-3344
-34554
-53465
-63346
36043
42313
12835
-109
-25138
-61524
-44136
52592
-29465
86068
-98170
-35626
75502
30081
-55284
9068
11063
-86897
-31933
97827
50871
12633
16568
-89369
91599
18264
-68219
54449
96698
34728
64907
-70663
-35760
-53428
-5554
-53751
-51916
-92152
-22995
-52947
-3999
22316
16636
-81785
-30261
-37967
71104
2431
1205
12348
92806
53975
13455
-98433
37408
14236
16649
-44097
55421
80888
87544
46256
85412
-21019
80483
-54916
77133
92028
-62036
-61342
-59620
-84757
-90218
80827
18427
-43835
-92745
26265
99730
94324
-645
-84600
52838
82057
71314
-34442
-83957
65780
20087
-78353
-14457
96719
-5090
26496
28741
-48748
41786
44157
90931
-87825
96744
41375
-2119
44591
-64261
-74683
1685
-63274
7589
-91365
-13481
-2609
62
84376
-94474
3583
-68684
38753
85838
33140
5904
87307
25207
63226
-67616
-82882
34947
15244
65223
62261
-44845
-21784
-51683
-28959
-80106
89275
50948
85549
57632
40380
95752
53981
-11549
34005
-18766
14543
69964
85051
27050
-44892
93180
73631
34438
-72392
-94879
-85700
-61005
46092
68209
-85807
38206
-46459
10499
24937
-44096
39117
-80886
2709
-81948
26968
-8850
29756
76886
-1535
-42040
-55287
-46006
-32110
-59654
29378
32038
42659
81321
40185
-77106
-9767
52249
-69861
49994
-61488
-72797
-30875
-2219
-78509
-76331
7671
92676
-52344
-75482
20161
98512
89321
-30700
99354
76675
39597
-4388
20655
63163
-36027
-28266
-32808
-354
-19774
-55638
77766
-71525
-92333
57139
36825
-13928
-67796
-31698
22670
-17602
6083
-53986
73749
62813
-1676
72512
-13823
99260
25413
68390
-33895
89345
36675
-80781
79755
-14151
67979
92594
65920
-59323
-85659
5779
-50037
70434
-72758
-34558
-65989
35539
-52474
97893
-65969
-63635
-91784
61043
48457
41855
58359
52012
-549
63771
-27633
-47368
33150
-92219
-83799
91232
-36894
-48264
-96632
-90141
22400
89295
22255
18038
4875
-65257
-18911
-31844
-15036
60590
14784
-38819
28589
-27689
-24937
71462
-99435
81950
50419
84924
51538
67618
-93332
69598
8909
-53244
-92287
95287
27959
-58645
10785
8061
56922
-77007
18822
-29591
-96118
-31379
-60292
32403
65530
45597
53952
-65303
-97558
49840
-31997
87692
-81410
-43474
83022
87623
33963
54661
33599
9964
3146
-88207
-13519
72909
77263
-61242
13306
37204
88915
92893
-57842
-84032
26189
21209
92864
-3652
59103
-99691
95657
-1059
79692
-85908
-37471
43320
-13240
18916
-25942
-8290
37288
-54985
23981
49462
92793
95744
-8100
40181
16620
-34049
-84618
98492
-402
-62967
-65879
75981
-234
-22129
10321
-60757
-5832
41544
5406
-54450
-62761
50494
45205
59200
-28297
-1486
-90771
92951
-79537
85549
21785
-93937
-35235
22885
7461
-51772
49684
-13816
87994
-34040
-91023
-96024
-35012
-87449
-91924
55106
-2798
-82507
-37559
-90324
-67259
-33521
24461
48475
8001
20023
23310
-21810
-774
-76986
4836
-62437
-35544
-51443
61243
-83052
49138
-39860
19210
-29226
-12503
75150
23454
28589
87531
27679
-89392
72743
-1624
88428
-22315
-16268
-56511
-54987
42868
-18634
43468
97649
4562
94763
18996
-79554
-77911
-93004
55870
-1662
-12521
36802
11558
67940
-98989
20316
29863
-37855
-36806
48975
-48358
81547
66248
88626
-22666
-79772
15138
80340
-19274
-5805
38863
-70139
33496
21505
-80825
35198
-70591
57171
19556
95469
21182
-13628
3829
68769
-22683
27870
-7374
-66929
64026
-79404
-56247
-38913
-2579
-95489
-58473
-76842
45985
-79629
-22862
-34240
8840
64382
-23389
38009
-59191
44796
-66383
-93191
64644
27738
68504
-57094
-52980
-80283
45721
-82585
-85101
-98866
7723
-74141
-50333
-72644
22991
-54670
-7544
-40882
21697
-66232
-80116
35756
53834
-46356
49818
63624
36594
-21815
77700
57783
-68461
-31407
-98016
81510
17225
74638
85325
19578
-84730
54855
-60269
14856
-69374
53067
-33175
65966
49423
32733
-83248
-51316
88458
10044
4252
4067
-73554
-49523
71826
-50936
47106
-84121
91949
33348
-72013
71163
97339
-51573
57788
76574
-22875
34327
-53887
86773
98443
-6111
-74372
29116
17357
-79364
-40498
77682
20775
92238
-50441
-79323
-23500
-92373
2081
50261
-62701
-3441
-27753
50760
99175
-53320
66963
41450
-96840
-43234
-40396
85534
-9097
-57712
-7282
7781
14366
45549
-91685
14441
-61898
2683
12816
-17177
-99662
-39513
-79413
-86216
-69639
49562
3688
78778
-84095
-75021
67443
90271
-67625
-34393
-88521
41426
84795
15539
-36171
-37631
46311
29497
60209
-42869
74480
17086
-97498
-46008
38598
96511
5145
66991
79190
-87253
25931
32552
30990
-87678
-4665
21679
79040
49672
-90276
-49567
-98592
-34011
-32091
89831
70184
-65828
-22716
-3396
-65766
55334
87597
-85284
-38747
-28501
-71650
-51573
52385
52508
4972
-81985
-93451
29487
64505
73578
88280
56760
93442
82024
22708
-94943
26325
-29054
40742
44806
-64480
-27619
81634
25071
-69021
-9918
-57676
-21333
-39161
13771
-8671
52421
-91191
94182
80172
52326
2447
-95095
27764
60295
16667
-77838
84539
-12784
-4899
7194
-11711
-52654
-67358
41142
96079
-52386
23019
-34072
-51889
-21952
-67495
43209
25944
88219
-40829
-89781
-84536
-48990
-27350
-80241
44683
37424
96260
-25086
-77256
52997
61172
-524
89562
4318
-51045
-20169
-51829
79216
-82424
-57872
35708
-40896
41227
52989
37970
83042
-27673
18307
48107
-41140
63973
-96686
59902
47446
-56891
94647
-62623
75408
-90672
44575
17507
96320
35209
86691
-18983
27574
-13439
-7372
67254
-32818
-27190
46948
68052
38850
46403
48335
-33457
8361
52882
-61724
-31408
12112
-80847
-39916
12648
99699
41375
32597
-37614
56921
95222
-77229
59739
27337
-59043
24500
-98723
-45268
47251
-96506
67687
64576
-46868
-10232
-38088
89334
-25831
81362
-4758
10858
89823
80609
51116
-28227
-62294
-39741
-50712
10704
55547
-32485
3139
13982
-28484
96978
-77822
70710
54964
-72038
35914
-78252
-32747
76448
2176
63707
-72141
-8818
80463
69170
60559
27002
70919
-264
86994
-44242
1443
-29083
59797
-71340
-78045
-57218
11869
7358
37144
1588
-7068
51536
830
57178
-42990
-43381
-38653
52354
-74165
51958
-40538
-80973
83425
68907
-71365
-30584
-80918
-42181
3914
-14872
98029
-70081
-90921
-45987
-95818
-97476
-95811
-42349
-74103
-88398
-75596
-31952
53299
96257
22770
-40630
8956
-65480
34285
89993
-44296
86652
381
-86054
-84804
6482
-224
71565
-96978
-8183
-91624
13005
-36426
-82297
-98321
-33095
-76015
4526
-1062
7459
-45948
-87894
93051
53988
-23635
14490
-45567
-95015
-97868
-92712
-20757
21247
-71327
-12121
40553
-83097
86792
-94536
-46045
50389
25631
99801
10195
66619
67824
-99013
-80627
-61875
-76887
99806
-15777
-36031
-3823
-77029
31315
32933
35413
68685
79249
-9060
25793
50973
-63903
-54858
-96310
86825
29071
-67989
-35833
-86127
-75545
-92492
16512
39261
-31840
54279
-45665
1294
-45355
-99091
-8509
76928
-25234
35265
29300
81208
94941
60423
29041
-90928
63173
-90522
82084
1596
91253
3139
19319
37304
59345
71676
97087
87184
61585
-97346
34006
94987
-19037
32836
-57080
-54347
-24340
88301
-31772
10952
-62356
-63049
41458
-11018
19072
66590
-14269
58070
73216
7947
23971
-49048
16008
-77701
79403
4039
41364
89197
95475
-25366
901
79175
30117
19158
40128
-68026
-8658
35044
-52170
18016
7245
85034
69182
-18311
31309
-11447
47453
57277
-77296
-87725
47400
-57696
-91135
14038
-95103
15344
50475
43914
73405
-15725
67624
-25453
85094
-27229
-75727
39794
34204
81506
-41899
22670
-39146
-29476
70853
26843
66118
-73000
-90293
-61211
49755
-25030
-31845
87483
21472
760
71426
64634
-75007
81335
-78469
58485
-75794
-13247
-12127
94846
12184
-20123
25854
-47660
-1127
-44180
-10111
80360
64688
20403
9422
70798
86954
-62358
-71312
57085
-63908
68264
90602
-49534
-62132
68328
-35093
6024
61423
-55004
53535
-24068
32845
60428
91554
-99168
4673
43875
-14321
-32978
54812
-78665
-86089
89254
-36183
-4485
1709
-99466
-25140
-24574
34431
-86202
45188
53850
-63105
57309
-4913
79747
19775
-71885
41133
45707
-35750
-66797
-82820
-47609
-33297
-48212
-31486
-68241
43433
-99018
4042
-97001
-77830
69564
20453
-94202
-51418
-64567
-94638
-63691
-88837
-42509
66232
-78363
44639
-21505
-37041
-21283
-94526
-49361
54751
83391
-84622
40431
34593
31622
-76019
90264
-74111
-83937
-10416
-88290
-84091
17312
-45042
-32675
97799
-67415
92797
-86277
-6306
-68714
-21
43641
-4005
48734
-14706
16091
-27089
-99893
-41480
-65486
54826
63126
84073
-54461
51294
3934
77822
56662
-13150
-72891
-27704
-6500
-10190
-57368
49272
63869
65076
-94216
43126
-82242
47062
49145
8592
-73140
80594
-10729
41423
24039
88595
58464
97382
46574
70386
29347
42436
-69821
29337
48866
25929
50842
-56184
-89482
-32108
62371
-28938
23296
-82757
-90414
73423
-58425
75476
-67641
-29092
26547
28720
7519
61697
-77851
-65240
-65001
86111
-42383
5583
25176
-54950
-48391
32070
-59549
-24972
-46937
68911
73753
-9512
91526
81850
54952
94451
27390
71259
80398
93565
-68502
-96228
-23861
58454
-79912
-37362
-9049
-43573
62044
-60645
41245
47287
-56943
63223
-82589
95238
96173
-35147
-36585
-15083
-21824
97462
16071
-5579
-42871
44156
-49571
82831
52789
-68068
-43355
-73759
79477
-39470
49533
-33050
67450
55470
84696
-76524
-10032
-41875
51310
97151
6228
-96669
66244
22747
-14380
-28397
-43373
-79521
45377
-45727
-25960
-36796
-83885
88030
39160
-61204
6970
64515
-57075
-9248
21052
81785
74065
24370
17840
20309
-91675
30209
-34667
-26207
64191
-96485
-35697
-21739
34671
47421
-24896
40485
7116
84149
68863
77940
46911
-88535
-10504
-13466
12459
56816
67808
-34541
-71432
66142
-74862
69015
-2629
8349
-99445
-29050
-58685
7862
-5953
41213
2947
-97489
11990
85524
-1961
-52977
34886
86959
76085
52989
5965
-62028
45233
-9337
-86580
-58282
84588
-86018
-1989
42832
-14694
32509
43405
69870
-45137
88267
79201
12869
-65562
-45098
-9311
39619
-48594
-26336
63291
89185
7985
-37514
442
98997
89409
80986
-41856
53667
98977
52418
-91038
64372
-96786
-20679
77024
-2177
-25239
44836
9471
-29501
99042
-76769
-3131
-60073
-9983
-18682
-1391
-66440
-2572
69840
-3884
80578
-79247
-53163
-58576
11962
64806
44528
-29653
-79545
89093
-59969
75088
88065
-28059
-63673
21154
-65310
25815
-9419
-79682
90330
-81850
57791
-96820
-90562
74889
-35415
-63199
8224
-35191
-66780
-40203
-79878
-50038
14097
20220
91459
-33448
-10781
-2397
-14492
15374
64481
-45848
59332
-51258
-25013
66454
-62785
56408
-52908
-18020
88438
22481
-97522
-74871
70144
-48718
-604
-27993
-66433
51745
-52096
79793
69389
83761
44429
-50767
31380
98761
34326
20922
47165
-12237
-7731
84095
94848
-12733
-90392
10895
20762
-71262
6438
-44306
37789
-63626
-49552
1553
-45919
-26897
-91878
-98763
50008
-27599
45832
43548
-83137
-91815
-41554
21413
-25615
-24722
-19537
-51321
-27178
19366
85031
6826
63800
70418
20868
-64350
-59850
-63705
67343
66440
-70703
74217
-39287
-71305
3107
52981
26800
-26016
-84368
23276
14753
-14581
-34987
-3208
-50345
-9558
33117
11772
-41455
-71077
22387
10204
30866
81531
-95439
88677
-61886
-1758
-30634
4187
-92878
-642
60119
-59618
-8067
69391
59340
72696
4681
77692
27787
52678
-38611
99921
60114
4608
-52307
-75818
-84387
-40154
14688
-98099
6552
81736
82163
52295
-49809
59762
78598
-58717
-81151
-44109
-40908
52900
-17422
11273
-44368
-26642
-24225
-80917
-73526
28317
6189
5939
-56047
-9470
-4037
-20699
94419
-59525
51446
14304
52736
-3794
83338
3999
-51347
71586
-79051
60332
-3852
-57734
-53384
-4829
-48264
-49074
-91608
-24097
1734
10151
70689
-36669
51927
56855
-71591
-95449
54194
26675
594
-56036
97966
-83793
73001
-68386
-3627
-53100
58636
38933
-35740
-5600
-56119
-53816
82992
73274
-98687
-83937
86050
76944
4347
-57773
74467
15119
4117
-88972
56083
51902
18069
19286
43634
-29129
58525
-4775
17889
-37628
-20739
-84140
-58429
73618
-93213
-7330
-72578
-20780
2925
-11720
-15202
54583
-53473
986
-59944
32701
59632
-67176
16939
-19271
-83649
-82383
-25694
-1818
96099
-39115
-55369
50531
83295
25808
-71727
-94897
-76108
54262
-53138
66173
-23087
-65043
95068
-25900
85286
-70030
-16670
87366
47830
43145
13371
-79189
-71733
-17180
-4862
-75591
68387
-27281
-68375
3810
-29752
81078
-98973
-71158
60125
9588
59106
1892
-99692
-65351
13946
-4440
-60580
76598
-62491
29683
9272
-76440
8672
41914
-91605
-59297
-99150
17132
59535
-7445
-45748
74724
-19131
-2974
56716
7176
5895
23887
-53540
-79679
-77478
12986
-46025
59991
-98017
96144
18700
-2136
-18233
48623
-54918
-73724
60966
-75440
55548
77800
-47135
47954
51550
-65515
40002
47903
-20051
-71603
-77846
-2627
49390
-11094
96742
-96397
43204
-39845
97114
-49387
-32331
91899
45145
29103
21830
-96305
97239
4874
10178
-84708
83446
-2019
-25510
19555
-11268
-65261
58662
92475
-31194
-35467
22793
43913
-35947
-54923
-34573
30749
89767
-97770
64897
98092
673
-30854
-99777
-92378
35912
22730
93453
-63244
70159
9980
64799
72848
-10710
31364
-96418
-68416
3393
-49959
-79700
78640
-53568
-85726
-21435
58795
-64245
65277
40448
46838
6287
-91924
58037
-39415
38068
-42787
-80071
-76117
-18450
-34283
99077
-23831
5043
-65608
-73803
33138
-41657
61751
42348
63058
-30478
59222
96660
32073
47699
-73639
-86525
72391
-21873
35082
-90887
-23673
930
6506
-50746
75845
36053
-32846
4553
-86115
-39344
74436
-80366
22530
-62265
-81549
-38423
54103
44304
-59797
29736
-40659
-28331
74751
-47485
-63398
-24475
-78258
81768
-78478
-69211
-80240
34433
15717
-32349
62786
-3241
97973
94347
-18964
-26608
-76910
-73230
-7604
98329
-41453
-13296
59873
-2658
26387
81035
93909
-66570
-20122
-44370
36679
65244
-49097
-4872
-14219
69976
-94721
-33263
39747
-16643
32676
-50921
26282
-14325
10348
72535
35712
-46092
-27300
-18408
17247
70588
98929
-60847
52021
-36231
-18118
99578
-54040
-40390
44240
82687
-9629
-16380
66419
-47215
61442
64376
-15549
-1897
26646
90448
30232
-21565
-77035
-14200
-88258
-54785
-38687
-77159
82000
-83771
-68237
20832
-16080
-55410
82084
82334
-36192
-89694
-87400
39449
-62528
8526
-2361
-45985
-16028
-75916
11689
67114
-68015
42044
-62914
-10145
47188
55592
-81673
-77583
14400
-76218
-23100
12706
-37950
-74178
46011
56938
27490
-95157
10850
90352
61784
-55161
90841
37941
10889
65118
94183
-4528
-12643
44837
-64929
64468
56190
74115
-22418
33485
-25682
6669
25220
22121
94021
82928
1437
-19788
-73658
-11577
94443
-72132
12957
44493
96034
73684
73848
15916
-39969
-95117
-8769
18228
-35914
91260
50097
-24729
86999
27416
74972
-38095
-80037
-8065
-11463
63285
9137
38998
82530
19202
-79969
-80077
7408
-66396
-74057
-24644
-11467
24919
-17255
38637
-30061
86103
-77153
29943
-65673
76946
58729
-1530
-9866
92159
-65916
-99173
32002
-99384
58617
45401
-60664
-13021
-94288
-91365
29098
79679
-16256
-9214
-44204
-71847
-67564
-22196
-4163
-30419
-82629
-93601
80444
-82038
23755
-5402
-61948
-37506
-47117
-25902
6718
1649
-292
-11518
62017
-5682
94780
71805
-17871
-31972
55799
-3044
73137
-42709
-2639
6149
30534
33257
5044
46482
-48823
22228
46843
46671
35272
-12214
-38375
40738
-65605
-69060
-40311
17286
32542
-38207
-91949
61296
30768
91974
9815
-7790
-65082
-65180
-32775
9597
-32692
-92790
-10199
18401
86425
-21223
-73075
13936
54126
77967
94158
-13343
-70132
-72038
94268
52497
87983
-14002
-17185
93443
20906
7538
70299
-54968
-92256
34549
83774
-37510
63644
19390
43178
-34718
45198
-55647
90714
-32903
20131
41709
-37166
-27188
68991
98210
-19097
-60872
74458
32896
67944
91221
-24396
45754
-37912
-19792
-75786
21898
2025
-70672
-921
55006
-97049
40537
88967
51760
-44482
-90385
-10036
-3469
6072
-78286
-68682
-7319
16183
8776
49937
-99631
44284
-24967
2951
79102
-55535
-7276
23135
52291
-61927
73262
-17642
40395
-66318
-74614
-72296
-39547
-3644
81492
90907
10428
84713
63944
-36007
-44924
81721
6128
89768
-86064
99184
-83446
-93705
29537
4926
-35769
-51289
5081
98540
81200
86979
-52178
-89882
64932
80414
-47367
-16919
-38660
-9976
96110
42954
-40561
-99668
-217
70112
-5487
74121
-67943
35087
48534
3083
67111
25202
77365
-6715
-44139
-9180
-24761
30926
76437
30955
32847
45749
-2499
98882
84531
34466
4442
24770
-75607
78090
-90338
75116
68077
71950
20148
-38571
82094
-71311
-86924
56622
14985
6708
50738
-58769
17580
-24368
-46095
64864
-18531
-26736
74293
68356
5203
-30840
44150
67746
27842
-35019
-37455
-64143
40628
-39949
82968
71071
-37677
78741
-37143
-3074
1219
-51612
34908
-71540
84716
-63689
-61643
-80931
-52971
-79636
56762
-9689
-10004
-99584
-31041
-2902
-3934
-37424
-75875
-85894
-37197
27245
-3839
-79510
38083
-4714
93088
41687
78884
-32236
12424
48206
45172
19895
-57646
98331
58147
24360
59188
88495
-54189
91435
-89613
34413
7640
66932
53365
-85487
-26209
7010
-64780
-80451
58922
-14052
-26033
14562
-54407
87687
-55558
73543
66949
41185
-20586
44537
42341
-82243
-15588
3407
24916
-37285
-91534
58073
61578
75427
84448
-55451
-64762
45694
74332
32493
-50259
23826
80193
-9952
-21556
-42472
41502
-51061
-10630
59163
-4309
66340
-85799
13134
-97961
27315
23995
87307
-8451
-17890
-53664
36580
-66956
-52849
59101
-5400
-32955
-59452
95449
-31180
-23560
98482
-10574
-97806
45959
2199
20157
-68749
64884
29403
-38166
-87771
-93194
-89758
-4475
-73615
-3314
2289
-36712
-22413
8633
-47814
14254
-22697
-69698
-76283
-7118
-36403
-65817
36093
56054
42664
-90868
1493
-15983
16664
-23350
-78763
12384
-54526
5907
-94075
-46420
76345
99104
73908
-28244
10268
95425
-43483
-36191
-79156
8980
-72297
44447
-48057
5972
33328
-66068
51750
1225
56197
-29567
-19345
-69923
-69880
-24979
93016
-54129
-87473
56729
-12071
-87488
-8643
-24154
12524
84523
-51185
-7117
98404
-87694
-14331
90426
-5273
-3245
51370
-40998
71690
-22023
68482
54191
-41785
47
-67184
13533
-71523
-60945
-88191
-91476
95045
59289
-11656
86413
2124
91583
-59465
-57669
67090
-92131
-28441
-16003
-92195
-83226
-75580
64136
12827
57785
51303
70529
55282
-93517
-52687
-4065
-62010
-96418
-16047
-14033
-41978
6214
93427
40689
-38477
-78164
-17274
-4512
36015
60628
40423
94351
-14403
-90759
51503
35695
88475
-15071
50710
-51731
-51143
82379
-56062
-57224
-25195
-79100
-85520
68000
-71820
-54760
81598
-55590
2750
83686
-686
-27168
-35913
-32051
-54741
-53835
-70506
-96190
-37438
-29114
-76924
13892
-38052
-39124
-29134
72358
93103
84238
89175
18315
77742
-19868
-57979
-63375
-14029
-58538
41511
16547
-91192
-97981
-56423
-41262
79698
-11299
13412
-76290
44699
14321
-55851
-29617
-20613
-51004
-16392
11456
161
57881
-79690
-98693
64835
-50544
-79160
97727
-24096
80936
-71977
21565
-20370
-93275
-78286
-89405
36454
38797
5355
92175
-10584
21324
-79090
99334
-39285
-1353
29951
-8067
37189
-16147
-45649
-37389
-3532
-80102
-32709
-65182
29895
-33323
27873
59562
50636
-45719
86943
85102
-6634
-53583
-9942
-54406
-78198
47388
-81656
-69023
-61242
-45231
92362
-37402
-51025
-68500
70698
-86896
-19626
-29915
19837
-41375
-7801
-14702
-20716
-53025
-35027
-80829
24949
-35823
-65307
-88693
-66895
16838
18141
-81250
33634
12238
-54999
-76586
-56893
-10164
58274
-11824
28012
58979
63547
55283
-51864
39246
32354
-68336
38004
-38836
81166
3429
28567
-50696
22635
15420
66585
50679
-82784
-39759
36705
96842
13113
-90480
-68049
74115
65526
40285
-8782
-94956
35695
-79763
-98234
63682
-31006
-99471
-15154
-69767
-74149
-97709
10987
27706
40126
37560
46870
62319
68340
-73050
91872
55584
-21456
-27841
38339
-9731
-80675
25388
-52701
-60901
-97946
-66027
-74265
61052
-33183
-38644
30511
64007
91545
11273
-45135
62166
89846
52560
5043
-48210
-30069
-82129
-87513
-56758
55164
-22429
-53410
90576
-66870
-67749
-79574
46181
-35523
21204
-32107
-50788
-18643
-23965
-89673
-47095
-5140
-35631
77240
6324
-54509
41312
58595
-99351
38760
-96148
-73118
85101
92969
-15571
-92132
-59381
-11272
3865
-61016
46988
84002
51110
-57236
-70204
26381
-60307
12887
43337
43326
87402
-98313
88639
14725
52128
-45001
-44849
45829
-87783
98169
-39818
98148
25483
51020
94521
95883
-90857
-77750
74294
13466
-51157
-90607
-22378
54508
55878
-48676
79071
-79806
65051
-7939
-28890
31374
-77809
59769
-5150
-85218
81885
50175
69659
-93
-6823
64263
-8512
67230
51282
40004
-98984
93990
25936
-36859
58641
5464
97916
13421
19765
-68389
57759
89549
39994
-41202
56195
94683
46968
91793
-20299
-33262
-5067
-83
84524
15781
-25956
-18463
58948
-21919
-95987
-80182
77539
-88098
84302
24621
9085
60001
-85346
35684
-72078
-64687
48362
932
39636
-88172
-53671
-10201
77575
98438
4418
87418
-17343
-3562
-7619
86693
28018
29372
96279
86002
-79427
57370
67295
-78052
49571
-99345
-28771
-72426
56001
-72270
47330
-60236
16688
-79471
84859
-53830
-54774
48517
59839
54720
-6708
74834
-93176
-25026
85527
27160
55678
-20230
-44271
-91623
-17521
2123
15976
-76856
-19781
24392
27767
49226
-10037
-25390
3713
55052
-26463
-88965
-52583
-85376
54443
-94318
-40604
-21195
-61391
73869
42423
-36271
9358
92945
-50918
-11410
-86084
34912
96110
-11825
30600
-71265
7914
-18626
68196
2691
60481
-71677
56923
-83112
-17504
-98238
-99297
-69074
91859
8754
-86594
-24800
73671
49462
65843
37058
-91542
-88359
12057
47718
-5905
50155
-33413
56075
67373
6642
-250
-38941
-58201
-9329
52000
-26048
85478
36975
-3183
-53158
54147
91946
90591
-79297
-11711
75131
26809
36887
-44522
-96675
-42295
38227
73739
46462
-56084
12146
-93191
10850
-28610
-22801
68019
71575
73422
-31349
25346
-89392
40753
-22478
-45429
45025
46386
-69171
85517
43094
-46233
36259
96391
39920
-65505
1836
-24458
88253
80695
-85964
98812
-34989
-9077
-32343
-80228
-343
-51894
-38271
78690
63505
29155
-20278
-28128
34134
-3428
-85809
54098
19374
-45247
37988
57635
-70436
16569
62223
99785
-68379
-54604
-75821
33355
-58772
62528
-73638
70435
-8404
-95813
-84610
13630
-59054
-57757
-11276
-48225
-74827
45769
-26603
12580
80499
-91100
-32501
48609
41193
-28734
23508
-22616
96398
98649
18294
-83733
-51347
-25092
-16641
-73672
-96131
-14487
-82056
-58206
-36130
68351
-74778
28864
46834
4749
20220
-54961
854
53509
7264
-76557
-5700
24143
67224
20379
6887
-71942
-8239
24769
40193
64909
97612
73937
-79332
-40388
-80218
18913
76611
49526
-40894
-9569
91580
84699
88404
-54327
45598
-84853
-10227
-42540
95049
85274
-25122
-78928
35845
-18785
67691
-35165
-81862
10092
13838
-64558
-57783
-12009
-15355
-55905
54471
-52233
22265
18923
-24620
37611
-16020
-13380
-24677
29012
-55426
-42566
15016
4386
-9509
45588
-98848
-29236
80324
-45056
10338
6169
99065
49119
75833
52636
90369
-83074
-82374
-49411
-62187
-92679
73665
-32847
-49361
53818
-40382
20363
37930
-87841
14542
93292
-75050
-83910
20965
-78890
33306
-41551
-86990
17247
40838
72390
-44313
45441
22773
-89807
28469
-88242
-96677
54826
49640
-39808
689
92675
-87906
-82257
12026
-25679
8098
73627
-71056
4075
-38935
84009
22736
65450
-20824
79403
-64449
65553
-9904
-68648
24727
-89241
1832
-78309
-45741
65151
-77435
27655
-3245
48953
-41945
34471
14411
-33567
-21005
27251
-11378
56116
-11895
89695
-95309
68867
-76479
20558
10529
-17103
2119
-80859
-16451
92758
89232
11130
1004
-6842
8824
50282
-91897
44716
-6918
75465
95579
-76913
-65525
-99019
-45095
-87817
-45
-35772
-31775
-56663
-62199
-49125
20965
19789
22954
92128
37757
-56399
38229
-86777
74568
80166
35462
-2615
-59335
6088
70765
90931
63301
6236
88554
96347
-30361
82897
-71768
2093
89550
-92375
94995
-20573
-22811
92017
89143
61971
84860
1004
-53514
-70750
-75816
23950
-54682
-96234
47252
-66588
22981
-41206
95089
-2991
85913
-40006
12546
18930
85288
97790
-62291
96547
-97199
-56812
-72162
29211
-87674
-11626
-2098
-42766
-8601
45130
85547
-79676
-98757
-31656
-35739
-5203
-27315
-98474
76949
62387
-44767
-10881
-55671
15427
25362
14403
-29968
-36780
38153
65016
98527
-9240
-62756
17134
-63235
67953
53952
-66848
-7534
94672
22380
11845
21798
-67656
-13555
14598
64025
-13390
11999
65227
92223
-19335
35183
21871
-10187
-38651
-34006
-72942
10437
-83227
53152
78092
-49167
51333
-98085
-13506
35744
56719
87766
-30971
-27486
-45074
51228
-35384
-52062
64750
-88961
46897
21543
64576
-26767
-37640
-60090
-40359
-41726
-63077
64104
-20871
91190
82922
-68172
-92535
-56254
-43522
-23079
-9955
-4445
25674
74489
-73062
51484
61129
79029
10481
-27446
-78953
-85359
96905
67877
53788
-60092
4539
-56171
38819
87711
57847
-77138
-29879
19671
-46972
37578
-46000
37169
-65180
63682
74707
62345
34261
-77944
55380
-11458
7604
26724
42417
6397
59069
-26103
73269
48297
79725
66004
64331
81892
80776
25760
90126
57085
41462
-73016
-32325
54838
-48055
-23174
-59704
-13072
-59878
-29260
-94514
-37195
-2607
95903
84193
-11294
39234
23172
63488
3759
-56652
-56273
-50328
74269
-59458
-78625
-59197
-91909
21899
-95130
6910
-2540
10812
-1053
70584
-54216
-56852
25242
-57514
2981
16079
-49363
17587
-39981
-11597
87289
-21067
42585
11881
96400
-30917
-95745
94141
-5490
-86158
76833
-19808
-10662
31687
76860
44007
47163
-59786
-78440
52652
99796
-17791
3154
-97646
-91458
84221
12805
-5913
88192
-13306
-89964
-28638
-53139
89299
-57129
19979
-38693
-97116
80608
-8134
42683
-68776
37609
73335
-95398
92187
5723
-97087
96563
71868
12861
-19798
72174
14940
-14344
-72609
34297
13314
43075
89286
49602
73612
687
-86912
-99058
-94912
67729
-44275
39225
-30143
-69497
4367
38282
-94307
28905
40871
30258
-91581
96462
-60036
95842
-93422
34424
-64550
-37050
-65524
50845
50102
5089
-94615
-79150
57808
95622
-31736
68758
-55631
79216
-87040
91449
37524
-17601
-22187
51815
-79071
-50416
-46969
32725
-88876
12407
-7100
41799
63293
-21797
1789
-63109
-40928
-22225
19669
-16970
-68292
-46199
46390
-26776
-6423
20320
-66242
-93826
80346
-88985
-77737
23685
-41278
-98688
-14427
16822
80916
66591
26072
32930
-61342
98556
-67231
39163
6311
82036
-31679
18812
-75488
-59779
-83780
7414
9236
21508
-2515
20088
37301
-42779
-67405
27803
-96481
-78650
-42295
64359
89661
-32496
-51404
36262
53323
-75061
25813
16707
38901
-60394
92958
-40995
88927
19967
-22047
57198
72382
99205
-39356
63122
-92829
-7897
26193
30775
92312
-9112
-79766
79200
-95965
46498
17305
-12843
-81753
-48060
87558
-61269
37994
46762
82434
-52692
2418
-26152
88447
-16286
70472
69202
-94686
52037
-40034
59226
94321
98942
-16180
14791
-47385
-28073
-63754
72382
-13785
55042
66250
80144
973
-61309
-78170
73456
52511
3450
-80362
-94257
5922
82577
-75013
-68970
-39479
66494
58183
83455
-19512
-8011
-39900
-24752
15112
75118
77492
-61962
-25485
39374
-60428
-78086
48174
41140
-69190
-91742
53415
-99165
-2275
84647
-4476
97671
79987
-76403
-46214
-88090
-70091
-85339
-41409
31908
56447
-88293
21207
70514
91508
-64196
-62709
38805
-81793
-54135
13113
-20657
-89228
-15568
-75772
65260
-13356
-9107
92139
15914
-89425
64061
71607
96389
8036
-11142
39438
6303
26244
55320
-61402
41673
69717
-65222
95891
-80591
49458
-54670
-61888
-43480
92048
89236
-31428
-57266
-47845
41589
9196
-59301
-65282
14469
-13729
-72115
94594
-70522
80831
90346
21262
29096
-97054
-94927
26573
25859
-47488
54945
-84627
28848
-66433
78309
-83069
-21627
29035
2010
85515
3435
-89343
-18433
-92275
58396
-52566
-14024
-63588
74622
-46843
51775
-76423
28567
22365
29159
-80492
83437
-90118
79182
-54030
-21445
-61933
-62497
-60694
-4143
44513
-85695
-22007
98441
46286
-31584
-33835
-46751
66508
-74346
36143
35322
40323
49845
31761
15084
85666
8179
-13257
-36796
-75689
-51021
11483
14043
43353
-97684
49816
93204
-414
12600
41456
-81039
-26693
-73413
-57495
48722
51631
-13202
-71214
31436
74401
36039
-22365
47906
-15046
-67449
-43198
-4765
-48006
73440
14114
40223
-83728
-95552
12294
19783
-92219
11134
-20956
12576
87154
-37408
36772
-80540
62609
54022
-25081
92981
-98479
34359
41381
-31361
-81724
5959
47886
22633
-1581
28769
50898
-37257
-92079
-45385
76893
-73089
-4052
-82109
-20998
83205
76800
-24840
-43080
41654
85125
23178
9770
-92035
65705
80343
-83832
59142
-91783
98096
-8718
78349
95544
-28728
22101
16674
4114
-33223
-87770
-8645
96042
53101
19148
31029
-26928
83759
-68326
27241
-98034
39502
44346
48679
-17375
-6165
22757
-1326
37061
46048
76942
-50600
87529
15565
-99746
-52085
14722
-33472
96986
37665
-10820
-50816
-42270
-79995
26635
67511
-21037
-34537
70879
-29831
65291
83207
-32523
-41035
-61684
-70007
-30262
-26441
83065
38005
-30230
-60329
-23106
-10497
14887
2
34061
-84466
-71770
-89374
-20605
-87366
56660
79213
361
93543
45494
-16697
-37099
-7879
90461
-53227
-54735
68531
1911
-25825
-93677
78575
-2558
14689
78412
47292
-19812
93871
-50435
-57329
35319
60802
3042
56808
91240
-96477
32754
82499
48798
17458
14495
-46154
-85777
5459
-61128
66797
-83698
-8522
-55249
-36800
39769
42626
92852
81774
48783
83806
25983
92409
53919
-18981
-19347
-71907
30811
-7999
-44734
44718
-5940
66997
33805
13005
-18594
24196
82153
-52986
-2372
-42226
-17697
92234
82807
-78383
98281
8516
54495
80913
-34414
88153
73780
6114
-81415
-96063
-10058
-53678
-71628
71357
7001
88821
93392
31732
-15915
16589
-45577
-68754
-34279
-13098
47467
84716
-54689
-40212
-55506
26849
-99749
-77798
-35516
22801
-24115
94592
-15344
72709
-84554
-61088
-46309
40616
-75673
-12411
75252
-71358
8308
-98608
-48591
-74546
59400
41120
-93421
25785
-91374
-6947
82824
36090
-5155
-11422
86857
67080
-41922
516
72420
-76931
62630
-48061
54996
36613
-78441
6541
-73140
3330
15604
-25559
98515
-75392
81329
29126
60488
-15472
8553
-17439
90375
8835
-81394
-57139
65124
-9851
89274
-34654
-60780
16211
-63323
-65980
-8532
-20006
-60880
78031
92929
-29266
60125
-19236
-79379
-93149
-72030
48755
819
43916
-33326
3213
11194
-42867
-85573
23492
-25610
58399
53583
23641
12772
99680
48890
-87582
-25037
-69419
98386
79182
-47872
27901
42093
-87146
88442
73810
-28468
60994
12453
-28705
-40204
78997
12410
42105
-73507
13527
35627
-89189
59012
-28867
-51709
20578
-58213
38582
-67220
12001
88161
-99564
-42614
50402
68748
-6251
-73147
-90054
-86687
-81330
63461
14280
-24666
-52877
59990
54986
20912
-85947
39178
40923
31254
-80104
51325
48269
24966
20032
-79660
-22625
-69963
99032
44959
-18789
56114
-50386
-78850
-42993
96980
-18418
90719
-56283
-50734
-30358
31461
-69599
13745
-24285
3428
-94857
-97640
-76362
92809
-91577
-3329
75078
-87465
3830
45254
76738
38092
89130
54114
3890
67170
-49055
-94478
-60573
-22223
32943
-76944
69165
44017
-61614
-83006
43550
-19874
26867
-68496
54469
-85644
-66372
96817
3612
-27494
41744
30
-84269
-80549
-26965
37000
28533
74127
-62952
1957
-17479
-5992
-32311
49061
68584
-376
-51498
-72221
6565
-83424
17813
43318
-75298
-57229
-75822
-23896
23566
-5526
-89493
27838
53420
92320
-98037
-87946
-34893
-79635
71937
97871
25103
-87040
-8708
98946
41121
1958
99173
64398
10863
84519
83801
-16207
-34517
-20721
-59518
-64398
-56482
-74486
4497
-45477
47985
18857
51865
80709
-81576
76417
-33909
-8181
-94372
20850
-33974
86689
20611
-9595
-71766
-44803
-76451
33519
32394
68019
-80658
-53966
9995
-24866
10803
-40669
14700
24954
-87149
-29626
-57020
-44401
-10461
-34411
-11045
-59768
51542
-45344
82084
29922
-56960
-81458
-23973
99264
30597
99521
-28617
-50597
-91678
-26792
60365
37974
-40809
-68402
-75711
21487
54768
26239
-93143
-89838
17327
-71157
-11584
96200
57048
-95597
98883
-51636
-91047
34913
77483
-96258
91411
30500
20616
14001
45513
14424
34295
91039
-30876
18884
-51520
89020
-92896
39197
-74162
-69273
31831
-2104
44939
56765
44712
317
-39848
-46840
3524
-44665
-32410
66901
32405
99623
-69196
17443
18890
-23015
21541
-52809
-71741
-17426
36221
21005
73366
44952
73272
45736
93756
-9148
63687
-72757
-25636
86562
-99352
11328
-40399
50176
27040
84437
-12966
-9964
-36584
-70809
-54530
-41064
-46831
1238
-54887
43344
-58106
-3688
-64344
16679
-12963
-27607
-6675
62775
-42871
69920
-66977
-44376
58303
-89571
94578
28464
81234
90975
33598
-23624
90093
-51406
25743
-29601
-38803
13253
-92536
77143
96217
-53671
33972
96429
-44034
-41578
5675
91559
-24277
4280
-61027
-47162
24454
-32282
41406
-5205
-74038
-83997
-87410
22486
-81826
-81059
48643
-46199
-74862
51875
278
11595
-41288
-99852
-6105
-40504
-78819
99123
19790
-69930
-96797
-12490
-47745
34962
-2692
10109
1497
14249
55685
85631
-23093
-6925
66045
45856
-56477
52473
-3616
-48256
-37515
10775
-1628
-40979
54052
17021
43663
-7880
20112
-75121
-73037
58405
63452
-18580
19015
-56708
-6822
61708
50660
68284
54998
18691
11801
-99281
-28100
42786
94571
729
81703
98492
67692
5194
-25658
-65722
-5258
-2925
-15699
37656
52997
-69547
93366
-91952
88430
13557
92881
10966
-10048
28011
-32721
67193
70966
-83590
50631
45240
40341
17914
30724
81374
28072
-89647
-8949
70084
-80682
-64448
89196
9210
80861
22937
-63260
-80319
51949
-61490
69709
-68625
73827
-30619
20643
-32139
-19936
16585
37555
-54018
-95866
84090
1634
-27539
-49969
-36573
-91305
-83511
-69943
-11572
-54586
-40715
73778
-11290
-15846
-52008
15340
18500
-94594
25563
-98340
50025
-40567
86032
-80411
81148
-33980
-46480
-132
40152
-18280
4349
79400
33024
95385
-30394
-12967
-18513
70313
-66679
71330
99534
89546
79154
65811
2623
2372
-25662
81079
33174
-63889
94347
64743
11624
4638
70103
49673
-92933
1384
54185
-18903
46621
-82284
-34789
42097
-95280
-5536
74022
-73016
-5534
45230
-86592
7621
-85604
84620
-37664
30607
-5872
-30818
97373
-40685
52117
-97622
-6348
84960
70608
-47488
17896
-43934
3688
-96956
-11900
26745
47323
-48742
16060
-15371
93743
-98772
87794
-47696
53760
65306
62740
-65400
50040
90751
90402
36344
-80866
84829
56269
-54253
62789
83108
-25605
-66212
-97628
-46428
2536
5572
-92090
-53492
21670
83265
91608
-90722
-85308
-80633
28576
91249
25997
-85531
-17011
-35166
-63128
-39809
27241
83096
-84067
-53724
46122
21171
-79369
-91573
47208
32849
-80892
-16081
26858
37372
29753
38596
43673
-97549
-85326
86164
-88810
-88236
90776
-32005
-40217
-36893
-50404
61435
-88052
27257
26271
72509
12848
-25845
35508
-95003
-27781
-3114
95997
67600
23492
17316
9330
67885
77220
-37762
21312
-18379
47974
11695
-10803
33416
74202
25712
-45734
-56282
72137
-61195
-78974
-64442
90306
47891
-95905
6870
-67757
460
-97396
74384
-96493
-59719
68740
22966
78492
25170
70249
-91094
41175
-37411
75169
-17492
58032
-71823
-41573
8368
-23704
63142
14128
-86565
91464
29596
-44892
2074
53683
92196
1483
26655
-37099
-882
-57656
59129
6840
-71281
86897
64527
82421
97871
-178
-75719
9287
-17139
78784
43132
46715
22704
-73665
36127
-7613
24747
40380
38318
26155
-27445
96421
-50037
-43101
84512
94343
-80405
85498
83334
57101
14644
80620
17551
35110
-83598
96466
-690
-22971
-49936
-93385
-89086
17410
25785
-95349
-76130
85598
-96085
-18191
-28751
-32733
78004
58099
-54857
-24342
-29460
74069
77883
-47754
38735
63303
7783
-84290
11861
-70221
43754
-92856
47856
62391
3524
-96335
-14558
33197
-79
-29879
-61320
-43867
34224
33563
-87002
52212
-59602
-58358
-45056
33702
86996
-93098
28563
-17778
5290
98814
78942
-88193
-52570
832
51696
88659
70037
-91012
82719
32296
25957
7031
-35934
24363
53261
47994
97100
83340
50905
19162
49318
-53935
-24683
28819
615
2438
65109
-85170
23634
13650
-40864
83266
-36500
422
-48265
72630
1817
-78962
-94459
-58716
26963
490
18084
-3718
-76923
99766
-2103
5562
-21878
22724
28814
44353
30973
53196
-34213
78116
43644
-58982
-88337
70134
-52098
6245
3088
-38426
15310
40640
12301
-56571
-16924
64297
63213
79654
-88994
89983
91126
-56802
17312
-2351
57243
59819
-96187
33234
62723
-56335
94528
-59736
15346
49631
-52908
-9501
58070
