7300
20737
7713
5689
44130
36981
-35060
61183
38075
76516
73827
94539
42903
34968
71388
-93709
11223
-68449
-58446
93630
77060
35630
-47975
-45800
61982
-69214
37084
-73441
-54784
96801
-30316
75162
-57743
-51873
17350
-33015
-36471
18941
54682
-46313
-69315
-83636
72692
-12116
-53878
-99858
9201
24031
16122
-93987
-81088
-46839
-11178
52038
-87398
1268
-38615
-42995
74719
93363
88108
-74572
-80881
9803
-72557
-15722
38689
27727
77491
-10803
-84348
-5303
15502
7731
57455
-28012
-75843
61062
-59801
97031
-41032
-75739
-87411
67468
33413
28535
10017
55630
35835
15915
43735
71312
46706
92889
31956
5403
75146
-81145
44293
-22064
97556
-11576
-77156
63387
38560
-93888
-599
3400
13156
-38718
-64239
88432
-14011
31066
-82451
-54261
-21435
44070
-1855
-15703
-73206
-80673
-39273
-5252
-55033
-98762
-5257
-57011
-56503
-59303
14854
13455
39456
-73964
30905
34257
-29080
39124
-85964
-66740
-69261
30408
98499
86300
74836
88928
84723
-63476
-84661
-15113
81166
80522
17032
-55603
83442
94521
37662
-66515
-92147
-72602
-25403
-38546
-29385
-76526
78475
80020
-32084
91117
75929
-87914
-72219
49572
65182
72954
-75759
-6767
55002
-63779
-36491
70097
94473
53135
-931
-34764
-85910
-97574
-39171
98381
-5334
51043
31593
-87128
-20174
-87126
71406
-78693
-19446
-11860
59083
-86923
4392
-26392
55951
18324
-66023
-79490
-37616
-58349
-93621
40818
-94203
33247
-52235
-58480
21505
93035
-47325
18474
-79987
-84422
78369
99581
-65696
-42023
-25788
90354
18301
-52305
69200
-44032
98858
92588
81481
-55314
-23992
-20257
39129
-49354
-7468
5540
-97062
-78139
-63111
69242
43201
-6177
71695
48563
-40280
14560
48372
82116
3191
-25443
13189
-82948
-3986
22953
-79878
-11566
84496
87092
20251
7255
58031
-57587
-87901
79882
-26415
47112
-16849
-92918
-12612
-34886
2403
-36954
-25821
-92447
-45094
32976
52845
-76191
-89337
43057
-31906
64361
-52051
26390
24420
-14092
79799
-55609
-7616
97452
45301
91000
2639
-30936
-37965
-28199
58997
12310
86648
-96632
9189
24692
-85224
-15577
-13746
26232
4406
86087
-33115
-59120
63130
79107
-10549
67588
98219
-3862
35292
-7561
-85239
-65900
24404
84556
50953
93589
-76451
-73372
-42418
-15216
-81735
-26106
-52736
-33885
-28472
83800
93996
-51008
-65801
-58870
97400
18715
-15099
36050
84417
84735
-7565
-44783
-68077
95036
-67000
-88299
26116
-18565
-70658
-68232
-53075
-13326
-68660
14949
-54842
48690
-24367
-94726
78109
-7587
98266
-47223
-24781
37174
-70576
-51975
70195
-86575
-90175
5578
-14768
74217
-33719
-78602
-53510
-91824
42333
94962
-78020
84929
8179
-30636
-61835
94673
84241
-79282
50800
-15548
-2767
-55976
1955
-91524
4174
-57492
-7615
-50675
48527
64363
88892
875
7884
2077
73179
59333
78081
-98858
-11725
-79701
-25394
51827
-95931
-91350
-6360
48644
-18956
53944
-44000
-42620
-96095
-82998
-77298
-26749
46693
22660
-78374
-24859
94122
65928
34086
64962
84710
-77201
10907
3054
-91083
51222
86927
54612
83090
23056
17360
45372
77618
-98119
-21552
11180
7806
-86870
49900
97770
-78677
-94712
-80997
98975
-33801
-48649
-2129
-13482
-44223
45869
-27061
49188
28485
-29407
90402
6626
66548
66593
-68953
36566
-87892
15107
54871
39216
88089
-75981
-26273
36528
-55257
61804
-93590
19300
-45981
43778
-70901
-56689
-96723
63323
44996
82278
72796
47998
64817
92084
18862
8643
-11372
-49059
-43606
-87190
-2946
-14785
-15595
-10296
-93418
-36492
-563
-18084
97865
32244
65925
34880
-26674
-19752
12317
-69893
-8108
-17287
61660
64243
80587
-61513
-35315
-96640
55884
-42219
78837
-8485
-78554
-90174
99181
-26443
-1338
-42125
87583
-48412
47298
16491
-82591
7032
-37182
73436
57001
-21972
-1525
-58713
33580
-61192
53226
83776
-50984
-20476
-46215
-66067
27626
12598
75217
-84883
13164
-34132
74636
95797
11663
-77563
-62475
-26539
-99551
37722
-18225
-13126
-82070
-73205
90878
15437
-87319
-29389
-25770
30712
30374
-4227
86527
69640
67380
-67952
-5247
65325
83205
30502
-96526
-82593
76009
-17413
-80839
-60709
-19867
91872
-97538
-32821
3884
-50898
48240
-93884
73341
8472
77938
72361
64408
-70246
84451
76908
62814
-77682
-81016
-83339
-61884
30813
65881
26843
92147
21010
-2651
33487
15808
-73654
87202
91608
8899
31560
5525
-98888
-84586
70053
-58278
59886
-85460
17380
38161
-63915
90763
-31836
68645
-2902
27879
-50834
-50886
-3861
-7459
-10962
-29006
50586
44041
-33345
-39332
71840
-55164
-93665
16187
-95921
74877
75074
-10834
5248
93042
-99518
37377
-70565
92876
76531
13391
-87947
54293
34965
-91311
-77484
87383
65443
-26360
-49906
-53870
-77624
-35581
35279
-35111
-80463
36685
12600
-10231
48061
-9929
-85403
40807
-71279
-66243
-43833
-55467
-9911
80792
-27984
77937
-22903
-23456
-88146
-91509
-55119
-1829
-71090
94656
21231
69286
26562
-45257
72814
36286
83037
67960
-82580
-148
47098
97764
-4631
-55157
10365
-60011
-15109
72695
-79247
71378
36479
-23596
51345
69551
88425
-80136
-90206
-50561
-62403
-67594
-31107
96375
-16617
34824
-67413
-76383
47268
-51368
-28440
4217
79731
-98517
21514
74472
78950
-59542
-85637
-94822
-91390
-59441
-29726
20094
1574
81256
-45727
-17830
53465
35275
60023
-19000
76412
50263
13380
65808
73822
4386
95789
-38109
-83538
11268
38166
56050
-51445
-3329
-89908
31544
-53942
-33723
-51124
97643
94264
-40514
-15444
42884
-6902
-56956
-58427
-32613
-34866
59407
-86025
46258
-3343
-59832
42016
66762
71976
94572
-42798
-55151
-89673
31944
48822
-23176
-74915
-60380
-47044
2339
40668
-60292
-26690
48506
-14488
-89303
-35280
-71523
43820
26463
3014
-11212
43187
54607
9635
-96413
-50567
-99219
20600
48285
-29105
-1204
-35007
27984
-72475
-73179
-63464
-69314
58551
-89226
-23947
-85716
-36329
-75065
-33597
-36686
-44717
-89977
25439
66803
-94526
15702
-98193
-27545
-12304
-88740
40861
94804
56227
-30954
97583
67548
-72118
-73743
81413
99311
-89791
-31858
-76434
-30112
-64765
54374
-30170
58966
-90323
-3001
9200
-17319
-71317
-54915
-17268
5772
-14719
84556
-62058
29050
90424
9112
32251
-38840
99235
-1240
-16936
70474
-56755
58687
65521
-43022
83072
-83350
46026
75044
-41292
98968
93350
81573
44243
80163
-32615
19185
68325
-97939
-97268
-57109
31325
-89435
78669
59183
-98817
-29655
81360
57476
68076
46726
18951
21293
9228
-39014
63321
60062
10646
-92261
67202
-94260
34559
77104
7558
-80227
27516
-16771
30739
-44737
-57482
57020
-55566
24788
94538
-75642
-37591
-53
-71623
-57230
-88271
-71606
15283
-60524
79055
-24249
5307
58087
-39022
32246
1463
89861
36392
-96355
90134
-42606
78364
85507
-24930
-34183
-63312
-9273
33745
-91634
-32045
-76788
-80389
88915
-97601
-41582
-30309
67158
-9295
98464
-67541
5367
-88378
-25123
66318
-86840
-58257
-36161
-20650
81997
-70895
-24486
-86418
47970
80827
-19430
-85910
71740
38021
20108
-85206
-31032
68353
-17834
-93339
-63889
-41055
75847
22295
52283
77157
-375
94601
-67885
95038
72179
23738
-34654
-58748
-11461
29095
39190
-2159
-58679
-58564
-39675
22392
56998
72983
62505
-39643
-3885
-2123
19532
-74093
45302
-47237
-1409
95076
-70224
-9501
97604
50336
14410
90497
7947
-98611
-65779
-58191
-14823
51814
95024
78432
-26363
-10244
-41492
52915
60893
1830
-72404
-17321
85221
-1882
-99104
67750
-49409
12762
-32975
-84814
-13658
-50148
-67761
42098
40020
-45834
-41563
88583
37252
-73979
-10898
-76951
-75886
10601
-55903
-14797
190
89382
13256
-91001
83023
-31014
-78737
-68513
-12204
20379
-9161
-63119
-79546
-31124
22090
52606
-77879
-53988
33193
-23368
-31599
-95556
-41504
-76530
-25567
-25989
-741
92245
-20113
-61280
18771
-39148
19172
-67998
-95775
14572
59391
-14361
-44237
-4830
55961
82519
16476
-64437
97987
34333
-15547
22611
-62069
-17414
20033
75049
25694
-3003
6399
14155
-36921
94403
98520
68073
-78634
44063
-81719
-15368
90907
54662
60602
-19946
33042
92833
4348
-63083
-89831
93040
79442
-24985
23259
-69184
17190
-59164
66833
-90999
-44963
63162
46111
24038
39236
41265
46170
5937
-62871
-37735
-83351
-90374
-18745
-31405
-68791
-80284
1689
-32262
-96662
39069
-54769
-30036
42551
-57224
-866
-56456
-14285
86889
-15502
10854
-75266
-12068
-89217
72861
-1864
78898
-86347
-31435
-52996
37849
7378
15450
-81203
47494
20113
80601
463
26962
-52864
72202
36076
-97618
41391
69978
48343
-49083
-32636
-73356
-63443
-22163
58412
-96884
23991
-96824
7020
-50168
77068
52605
22869
-41909
70228
-21489
-90090
-53921
-30745
20055
68267
-14595
-57389
-38174
-80332
70972
-9731
-26711
35936
99157
-69921
-91991
-87288
-7153
-79441
-59873
-5224
49931
60640
58146
47400
-59218
-62015
98716
-10519
15078
-73596
20902
-13830
85083
95386
8639
5850
43764
-29447
-96791
-34248
40067
92735
-21215
74023
32910
-5648
-29639
-83603
21755
5595
-12141
56763
-41321
47900
52092
75894
98243
-21766
26466
4787
-44549
5616
66868
-61310
5380
-59831
18581
30945
11378
19684
30908
50514
74387
96664
3691
95047
-52676
-44048
-15863
43513
46893
84439
34654
40343
59299
-9393
-3989
12956
93819
-6949
-72412
-43527
-9474
45693
-2613
35762
-44659
4250
-35606
42053
-2262
-39559
25389
-45756
-94304
-28374
18457
-83196
-7151
20099
42605
-79890
-10214
-43962
-82476
-38222
82596
-92194
-40893
80540
83594
-68344
47797
-62593
48738
98511
46913
-45107
-78294
-45265
75028
-32055
-9775
99099
19985
-40493
-90913
-91621
-30270
-46558
-24063
-64435
25913
-37871
43445
-70005
-6521
50832
92942
-40211
51160
-60421
51173
-24475
-57111
95623
81884
19849
96552
25112
59984
73390
-89945
-60431
56347
35695
-5508
92675
-25662
7949
62903
-3546
-18366
-57744
-11520
1125
28850
-56756
-61875
-63181
66261
-7521
71934
81724
-898
84438
-87787
10711
75680
-86064
-26795
-8297
-27471
62778
-67594
-88767
-74309
10201
-80703
-80424
-1537
69158
91086
-72429
51270
-22893
12568
-60176
-79035
-83732
51578
-26911
-8404
69913
10953
2725
-80181
13759
33101
47858
-24351
81415
-70820
48974
-27645
-11978
92053
7485
-15386
-8645
10102
-71723
57609
-27000
-47717
-72595
-33471
-62056
-72300
-71628
-5086
72462
78945
-92834
-34873
-96066
-67444
95480
-50433
17733
39971
71005
-78892
-96238
-35759
-73727
41785
-41720
78808
50090
-65713
-15428
-85074
-97537
22164
52889
-34191
15993
59689
-63517
-5625
82998
39806
-37544
-7146
-63508
-57636
-91534
-5027
-60806
98062
56714
55341
82714
92589
85847
62728
-41613
-37625
31251
-75564
28939
10539
82494
11708
-52646
-3500
61756
-4828
-9030
-91792
-34087
53638
23482
47435
-46547
21358
-71919
-98979
-81701
-65458
-88017
48556
-11469
-70977
-24017
81823
-70729
-79723
-5271
37793
-62725
-28003
-94107
85294
-28891
56438
22570
52861
88532
50057
-36940
59274
-46178
59174
-24957
-16897
-27407
37884
56464
91006
-20390
-28619
64987
31758
-16092
65708
-41953
78943
-65063
-79796
-74393
89851
-6236
-74682
-26758
60620
7446
7278
-57998
91780
6087
-86989
70955
-44948
-39467
-41095
-31082
64013
97096
65749
-27155
84405
23254
12900
18049
2854
-59519
93448
89903
47649
69086
83136
-21903
-87094
75698
-79581
-176
13560
-61643
-51719
-64648
11099
-11336
96182
-53660
-64950
-66142
-44652
-94536
-80215
-16042
-77300
25261
57844
-41167
93232
18790
26986
-13713
-30424
14178
-17000
89389
48071
32779
85056
38089
73289
-86485
48039
-23579
7339
-76162
70712
-28533
-79129
-92638
-40680
41962
-80757
-94742
-55801
-53569
85685
9939
42159
37071
-5843
-60402
84173
69264
-39777
96828
8121
36391
63155
-75464
88659
-52660
-15797
20429
-33268
29515
24664
-9720
-5170
67171
10777
361
-42167
9809
98290
17075
30939
871
77413
57315
91867
14741
-61585
5309
-84605
-83895
-40831
8129
-79177
17715
-28583
-3075
-48842
66465
-30659
-3012
-51876
73034
62676
97948
8337
91878
-22751
39229
-1198
-64390
44573
-618
31386
29554
36655
-67103
-51028
-30362
-88310
-43082
-60928
-39233
47587
52086
-39096
26803
57166
-90210
-66403
27179
-20236
-36037
76235
-58810
33715
-79876
-58506
76919
-34606
93027
-65881
-38198
69791
-90346
80055
-2492
-69528
21842
-85994
-78105
6034
-86721
-42248
60564
72985
33246
-38050
-309
21924
-1442
52028
94223
51460
20814
-87988
-69851
38345
-63314
68719
-22470
-91455
18398
-67077
7780
-62578
65336
9381
16129
33827
12025
11404
-14788
-87909
-61990
-13856
-36306
87285
-77123
7469
26464
68208
3139
-18808
-1681
38975
11066
80916
1992
86889
-46028
99377
-32621
80065
-6925
88515
8109
-33668
-85504
-550
79053
-36300
-4582
27523
26312
47224
-15732
-97942
-50129
-43059
95255
-30358
726
262
-561
74739
43120
98363
78786
-14185
-17706
11433
44498
-64655
-41114
-82970
43236
15282
-89400
-14209
-74703
-17526
12108
-81040
-33926
-7953
87023
65151
79320
84108
-97731
28405
14257
-29367
-45424
-3846
-15865
33139
-84618
-44404
92586
37961
-55952
-49637
95502
82466
47767
-40507
4663
53565
49050
-28887
-11056
-66841
-39070
5546
-12644
-31485
-85418
-63934
-62076
43385
21754
16576
-77234
-22530
-15566
-86816
94767
40955
71013
36869
9783
-70371
-98435
19605
89898
-73096
16074
61617
-20369
60760
-91450
-87537
88610
62886
92659
-18121
-44220
19060
-61791
59222
-35438
19877
-92980
83202
33331
-644
76833
17483
50378
-33729
-63071
20858
24428
-44345
-76577
-94551
-3925
65383
-95261
-48898
-41583
-69513
14513
-35706
81832
-49284
2595
78890
-82250
-5387
-46093
76816
839
-41595
-10411
87312
-31198
22328
-89407
94097
-8995
94899
41614
85568
4557
-70531
-77318
15148
-38827
2212
-49722
60481
-45217
-69299
97918
27936
-14615
-72740
-97769
50967
81015
84860
-28111
-28734
-87321
-81525
3899
-58051
-91999
-39195
-59275
50436
43372
-36788
-71215
9834
-68450
-70223
-68429
-54670
25772
-85343
38168
-93298
-93921
-48369
-99374
370
-30168
13626
-55055
54355
99146
91770
4926
-85247
-44619
-42003
-53151
26590
46771
-53512
-75870
-52614
-34693
23868
-36724
20365
-87644
92695
38957
-91825
25715
-47596
-28677
-71880
36373
-41808
-73903
-96689
-8856
11338
-85162
72817
-18445
-86170
-78786
85793
62134
40221
35946
40454
43933
-63963
47147
-90683
-18226
10169
72868
75195
-75359
-16411
26765
-88105
84527
23600
87956
15059
-81213
83045
-57250
-88819
15662
-85376
71467
-29242
58295
70194
52631
-63818
-5969
94417
-6596
93257
-60767
70560
76661
-54598
85160
-81162
15038
78219
87644
-51059
-47177
95198
-41628
-70551
43591
36147
66287
-6686
-14435
-2241
-66946
8272
8658
60901
-7591
2835
53034
57683
-55647
-67524
59642
-14084
99589
4828
94819
-70291
10831
-46937
-71300
60943
14998
-3005
18190
1592
18774
36339
-21064
-10963
-76452
-36645
26675
92408
-71973
-97681
-98064
-86110
-7651
65788
-73570
37454
-57261
-76973
-16312
81522
59341
-11699
24602
-52686
-90363
-94016
61828
-2789
75029
40189
-88265
-25031
26249
63810
15436
-38635
67151
86595
42308
91470
-27253
-78512
-15510
67986
-11705
-52894
-76587
40250
-57464
-49592
-89719
31680
-14981
83177
59133
-37283
-38898
-30155
16760
-14845
-48740
37421
90133
25844
72512
-8181
-45083
-94594
10635
29902
-47501
62867
28944
78630
-53662
13385
30556
-91271
7475
99498
-8317
-65072
76579
-41479
-31275
65058
-56527
-62078
50864
65466
22333
43868
77679
94343
-32180
4415
-39232
18432
-60376
84604
-84012
-25806
-13915
87645
-94673
72103
-85122
-90663
62559
73525
4061
-13900
39625
1504
-78087
77617
-3042
-51923
62042
-25291
7021
1156
-10888
-53510
90579
30784
-55743
26028
27533
4119
-6
68387
-6354
-543
-45059
-21634
39148
-67449
89440
77784
-98540
50377
-76746
-50390
-41442
-55829
58095
23741
13467
-43843
47707
37386
-66550
-48058
75084
96944
2315
40780
39256
-94640
64171
97283
79165
82504
92573
-45872
-97440
-30965
49418
9976
88046
-6694
95231
-77206
45091
88097
-13755
-75483
-81815
54000
-58802
2375
-7272
1620
-83509
15412
-63652
-51246
-88229
1503
-34380
24767
-18147
82872
28887
-8705
76966
-96526
-40015
-85416
-98290
-55185
-80757
35122
-81819
-42677
-86904
59565
95748
11266
395
-13473
-34435
98111
-33098
32809
-69516
-42942
-31858
-85324
69447
93036
-55558
94989
8937
-7894
-99606
-48165
29516
-3076
30805
-40007
-93764
-71647
-17510
-97292
-73399
-8159
25032
-47134
-9507
-75146
-9543
63709
-23188
55832
35673
6875
51272
13988
-16316
-50773
-55340
-16600
23117
33678
31761
-44595
-48036
16368
23060
-5726
-54865
39106
62104
-52863
-77439
7925
-96208
12832
97287
-67116
-39147
-78730
9943
52862
69917
85191
-94428
-4801
-627
-60914
83364
76747
-18043
-61113
-45742
-31018
2457
14550
-77489
-26093
-99455
-3625
60900
90246
-45018
387
50850
-83704
48860
-56645
91883
48983
-55953
-86412
-53175
56983
62102
82752
33147
75625
74757
-45515
41617
-25881
-25890
19772
-73619
95545
-44409
94392
-10839
-27177
-56490
-30704
-29417
-80229
-35543
68699
35171
62913
85715
-12697
-81003
79359
-34319
-16282
93747
10107
-74278
51510
-38781
87470
90484
25356
-28434
-53805
-71900
15804
69953
-28085
-57251
68391
52492
-50096
79706
54721
-83091
98772
90214
37501
-94489
84789
19608
86232
-46933
58783
35549
-17217
-647
-84545
-41106
-55138
-95840
-50912
61472
-69562
-92639
-91293
78490
16122
-13710
-82465
-9568
-67241
76830
-10541
11918
88285
66825
89476
40737
4510
-2542
-88520
-55312
12353
-95727
-41395
-76808
52531
-34305
-78986
-59308
40364
25909
-95021
-89653
67353
9549
65773
59204
6379
-17371
-10485
-38572
-41924
74562
56179
-44872
75225
61712
-9664
57182
-36048
-57592
90396
-68194
-22121
-59926
31899
20422
53622
-12374
36021
53010
72531
83367
-72099
-71557
-28999
91926
-27134
8230
12867
79101
55201
-76867
-17782
25372
-91003
76635
88425
-10586
-89187
-51167
1833
46380
66616
69222
44046
-88805
96415
69131
-34115
72860
-64178
23467
44488
78873
25361
-62479
-15016
40608
47224
48965
-75210
-8929
44535
84767
33590
10575
3164
-88196
40128
54510
-20691
-19923
2556
-66140
-33443
-16436
-18919
93063
-70165
41482
9914
-43142
-10600
49444
-1345
-20048
-37245
-95244
27883
30671
16546
-66588
81783
-18513
-14369
41533
73650
64129
-41140
31837
-7597
81100
82693
19911
-45987
78355
-63839
-20907
-53907
49939
-11628
-30968
42531
9064
26212
45056
-50069
-86449
25478
43975
-36505
-8378
-90539
80263
37691
55888
63534
-63268
-24588
-30443
83434
-61884
-73195
-16986
38969
8371
58368
63389
15640
6275
-75522
98146
-78674
40585
-28309
90571
-5111
-98045
61569
-23397
99568
86509
33215
-49685
71716
62258
24181
-56217
-64840
18240
17455
10031
-23478
-75084
-16388
19357
-84003
38325
96025
-66010
19668
19741
-39681
-9895
-60211
81681
-52858
32069
22872
22129
67188
55672
-45165
-63573
23207
-10015
40483
48170
-60326
-42729
30929
58220
64855
-19277
-76610
-82254
94841
-88169
-12859
34064
-73891
-74222
-64085
-89180
48421
81116
17797
4707
-80408
-85829
88039
-881
66298
-20727
97476
48197
-4397
-11380
7911
32434
-60002
50501
94349
-14554
-32480
-12988
36572
32897
-29501
2104
-54460
-20151
-43521
51845
12657
-3234
15332
37070
-5206
-93947
-57082
-13742
7625
87584
35140
97522
94359
35902
-59977
53328
-53436
84815
34228
-25388
-69697
50032
92607
-80568
3960
76133
60364
20003
-40912
47140
52146
1827
-17031
-28018
43759
-29805
-71216
-98823
26642
2156
-95469
53992
-38007
-9320
-86048
-9572
-185
86866
73164
20419
86033
-82840
85629
62415
8934
85538
-33051
-70110
-61815
-61059
-85157
-48347
-88660
-54064
43415
77560
-61189
50320
-81910
-95165
33346
-71057
92824
15659
10363
41503
55283
60897
40632
-780
-11307
-26604
-48983
-97561
91226
19463
21835
82038
88695
97853
24942
78633
-63141
45584
65505
-46928
-30688
-81631
37627
-19351
20974
51113
-40952
-43779
87789
-37202
-89585
-30806
-69980
-74158
26429
-32293
58675
23686
70512
43571
3753
-13413
-38111
74792
19715
87097
87342
-39540
97218
-29528
-89533
99432
68136
-50613
-59291
94337
47630
-90450
-76070
60284
71653
83380
-72647
59869
-3897
-2189
-33270
-90581
-28295
80283
1369
71856
39680
-18543
-12388
35420
53596
-85094
57150
-55287
29413
-85582
-85625
-63526
-97791
-8643
-76886
35708
-51840
-95403
-68436
-29362
-50732
87362
-76564
93213
-37264
-49593
-23021
-81464
-83845
-37159
34904
-31165
43505
-49813
-88784
-14218
-38185
16676
-39663
67653
-28584
44402
-26846
34923
-48575
-67976
-32639
62271
3734
355
-79760
7769
73935
53850
15197
12814
-20366
-6765
8268
65046
73486
-89149
-29917
-58993
66577
-22162
69137
-15397
71495
49564
97884
13284
-23505
77548
-42809
73663
8764
-41406
7004
11246
-80603
-95013
33755
-29568
83305
-9790
22399
96467
-18717
-94244
-62679
-5190
-4859
21981
73964
31865
-70860
-26851
-80588
67245
-46912
46277
-27117
-49655
-64514
-56157
23786
890
-14972
8478
10160
-43924
65345
-77821
49698
65254
-78217
81405
65031
33681
15445
-50141
78687
-47338
-89483
34348
-36313
25636
-27154
38526
63692
47761
-81705
28131
-32598
-95976
54233
-63139
55423
42049
46384
49360
-57103
-87010
38078
-92195
-89160
-99663
20172
22352
82857
88683
-73315
-40401
-8224
-54769
-95951
74419
43018
53749
18515
-2093
47052
41387
-21153
-46213
-1644
43830
-93996
-58532
78266
-52682
-89839
46748
34194
-17177
53680
55406
-33136
-97084
-87236
-65155
-78760
3334
24144
25987
-93662
-26038
-60275
-3978
-23225
-19568
12471
-73759
-82966
31071
48237
-87216
43270
87943
4483
80356
-26225
-48706
22525
26247
73607
63020
-22677
-13126
64481
-46142
48156
69386
-46006
50949
-62976
24354
-4392
40553
38366
-49607
68882
87256
8942
-79508
-25062
-63790
4308
18278
-93325
-8978
90105
23099
-62157
-60482
-87352
23316
61446
93008
-15102
-77115
-99300
-37423
33727
-6533
-91024
-2675
72578
89617
49654
26385
-83209
34753
-52511
71410
-38837
-95049
-77170
-38106
-23448
9985
60176
-84209
-1396
-20573
65753
43544
28741
95048
-10239
-79304
-22773
-74158
-91850
-94060
92089
-53486
-38463
30913
76266
13971
98288
89639
48940
-13615
-50074
59265
30308
78087
-84613
-33280
98046
94694
6801
55375
28430
71394
-31692
-40782
34248
-31515
92205
69640
-39016
-97561
-14684
44079
-48801
-85995
81647
65606
-3700
94382
-67717
89229
72530
-62995
51221
-66327
-96885
77345
-72426
-9019
-38039
93208
-52055
19282
57684
40697
-86214
28078
-32346
-81743
61181
-58205
-86977
-66554
93400
-50746
11845
35527
-16530
45376
-33285
-46556
90505
-73559
-18819
-99942
74212
-21552
-56298
-79929
92562
-76457
-6338
24859
29325
41211
90739
51247
1055
-8974
95154
-68304
46438
73773
47890
42995
-69176
93373
17982
-49747
-75148
72465
92941
-59142
-18160
95133
-36032
-20069
-54908
87
88663
-6787
-44509
-19941
29264
67636
71281
-35025
41789
26887
7573
-11232
30720
-49564
-77156
75851
99558
-21260
74343
1400
69854
39881
80307
2848
-23979
-22540
-14397
-32113
-67665
-82124
45036
-15068
-23645
37385
46525
65142
-26701
86694
59848
1297
-22969
84356
54097
99934
-3803
-47661
8787
10016
-59057
-15669
-2199
61531
-45574
45473
-21600
18063
-80794
77974
6870
-76574
-58402
-7447
-10994
84507
15694
-20307
-12012
-17654
-2564
-61515
75015
-2682
95653
50475
-41272
-4849
-51211
-57408
64446
-175
-98719
62654
-75197
-66038
-61275
28921
28974
-4862
-41259
-29
24765
9977
-16542
-44609
-26401
34400
78444
77294
4444
62717
-79810
-71195
-38494
95217
71339
60096
-25043
26902
-67774
50543
46353
79298
35760
49614
24423
85609
80499
-22509
-85230
52895
9719
22497
12013
-1030
-25009
73401
13715
35925
94545
26064
97674
4657
58510
46459
-65140
-49289
12460
52743
37300
68057
-21022
-96987
-43710
-10026
45840
95042
-89973
54236
-20231
18421
25728
-20025
68830
-65454
83928
76552
49464
53979
-19043
-45023
34449
12694
-73520
34252
60351
63418
-98886
57019
-31682
-31741
70801
-60997
54377
37925
79171
-81102
-15467
-27619
-6303
89479
87946
-58014
-46101
24800
99487
51323
14900
-74554
29169
95402
50
30822
2047
19334
35044
76913
-38043
-69274
42592
-83870
54067
22905
95544
-2081
97066
-56525
-84728
-51719
92243
-40990
-52449
-58482
-11333
22047
31048
14414
-58866
7647
-30156
-75494
79
-97047
97925
-43192
8945
-1310
-97543
82179
-43051
8196
-68239
-4592
-96543
-64595
-41442
-47637
39737
-47916
54279
-52016
90525
47254
2424
-93483
-83937
39406
65227
67956
49983
-2620
3148
26023
-51611
63452
7051
-49108
92025
-94545
71619
-40152
55522
55255
-1374
-35800
74842
-64669
-4683
-96830
-8405
14602
56242
-2086
-48311
27901
69793
-27456
66762
24661
47079
93751
96646
88108
-12944
99793
-46393
18119
-25736
-85579
-32915
16432
37687
69251
-89823
-46301
-8409
-47730
68660
-16930
53235
56840
80979
-41765
92605
49468
-40983
-66662
-80692
54964
-3503
87
58897
-24646
-19274
-83556
27668
85756
90698
-71569
40192
-66423
21983
84971
44807
87159
76837
-4628
89971
19047
-69119
26852
40971
-93279
-1914
10251
-85730
-13927
-18798
-93965
59439
48659
43144
59257
-97540
28642
-50523
40343
-42451
17164
-60287
-26985
-10410
-32823
-19548
-77534
93353
-87510
60739
65271
-88133
11991
-48426
-63241
10801
46193
45015
-60004
-27833
6422
99032
-38774
-20612
2434
70849
12990
-37666
-37678
-30106
57571
83245
-16860
69889
86595
-9489
-90149
-94575
-4070
8272
47743
66894
91463
6387
-62335
14855
-7844
97625
-14756
85914
-20716
-43924
21270
-19121
-28828
-95191
-71515
-46830
-12502
6185
25839
19340
79298
-5046
-89174
-83235
50104
-81154
59811
-61576
-81961
30512
-48166
80602
-9568
-75122
34505
94888
27862
74679
-15419
22692
30262
-85117
-41538
46923
-19899
-16023
-543
-37169
25345
-81327
-19172
95020
-11911
27319
-25663
99177
84473
59128
78340
-68690
-79459
-28547
87903
-27332
42758
60161
-37931
-94836
86571
82240
-77934
-65656
69895
27774
-34831
11104
-44816
-92112
-52136
35083
-81528
-9397
88894
80347
-50868
51560
19533
-5318
-84278
-47663
19299
-22394
-45265
-25941
87794
-65337
-13762
79231
-9914
-58999
-4579
-41433
-70489
29275
23690
11601
-1772
-53598
-95318
-79437
85808
68506
-3134
7051
24825
-91861
-43201
86033
66546
-59612
-56273
89149
-15069
-10986
91666
-28370
823
-97585
51915
11390
-45053
42610
-53071
-8993
-3610
-40656
-33149
-93775
64523
80677
-4360
-49308
10699
34001
-68941
-25595
57072
-33743
-63659
34343
-37292
8569
13101
52079
51689
-97679
80202
65851
55442
-3031
52146
-8529
15981
35034
58795
-79714
-59852
-38629
-34250
-81966
67705
-4292
-44901
35385
65871
37571
57567
-19028
-13625
-32639
-6509
96604
11352
73103
-75769
15643
-61288
-17558
41307
-77435
-62105
-31767
44277
29577
77291
-60393
50638
-67752
12597
15089
28583
-27736
17538
-75907
-41702
-22171
-65634
-8699
34507
-38091
-66589
10159
-60675
-26330
85600
50682
77249
-35401
95381
90455
-14391
86848
-12454
37857
31898
-65986
78558
44027
15968
-64513
-43443
-26171
27163
-11098
-52533
-81478
-54345
-52004
56798
-78231
-96198
30419
19176
-95218
79383
57080
1681
-14323
74399
37493
33411
62218
99863
13920
-94577
-473
-27484
9795
49517
78555
-19741
77384
-36000
-19156
48021
71169
45752
-84855
-53128
-97198
47793
21254
-83727
-17540
-87367
-59404
-74780
33990
75343
-28580
-79258
35465
-56569
70232
-41398
-96999
48618
63759
55512
95884
-97414
-32821
5212
95080
-31918
-7047
-19942
97453
11180
54844
48287
-68933
71101
-34706
14258
-36063
-30789
16244
6698
-24060
-76674
86204
85145
60137
72452
-20266
68198
-18401
85071
61996
-58760
-7540
-47319
-16993
-59250
53906
-46968
-97600
-68500
-39587
-79540
33192
-65360
50636
78692
-55883
-90173
31545
-98031
-2335
72107
24359
-35709
82048
90428
-87033
-79585
18838
-60113
-72665
37986
13458
-67957
12471
-90209
-1237
10623
22650
-16540
-30186
-83887
-55866
-61573
71841
-74959
-51465
41228
-39569
-63129
-7562
-3552
-12591
72684
-54559
95616
51709
65684
9240
-53316
79405
26024
34531
-11257
-36138
-44654
-95037
49663
-44029
-19663
-96428
15051
4430
-31283
-88037
41822
-63173
81444
38706
28056
37297
675
-98931
-25461
3670
-65040
-1880
-93862
-49658
-88604
-95537
62910
-2641
-98346
-92343
16610
-92981
-1198
19042
89966
-21701
53033
79124
75618
-13763
-84510
68881
-36136
29258
80526
62768
-23317
96143
-18759
38641
49207
-25595
-68035
85871
46518
-86353
-9744
-68383
68553
-38160
94845
48588
69912
-87098
-13552
6921
77264
-8985
2411
-66450
-37877
-77194
20758
50908
-25586
-44382
-60173
-89755
13675
42971
-45777
-86761
-18937
-62606
13333
-25558
-97162
-38515
-81795
-94463
-43582
-92413
27745
-352
51979
32922
-74865
36779
-53240
-37414
66299
5655
-91925
-70195
88556
68912
-20957
-98730
89047
-87355
-4165
41068
-36279
-20941
-41504
89969
-18563
58829
-55809
-51085
62925
50725
-90099
-322
-77242
-81158
5856
66395
77524
6333
9211
88874
-57316
-48959
-51353
-39337
-71895
-49472
-48196
87356
-67907
-75708
-62593
-22573
-70967
-9223
-87643
95638
59129
-54772
-77450
70005
-75674
65471
-76915
-47565
-31505
8972
-82437
-12130
1570
19059
77900
-65943
80979
19170
-27487
61800
-97009
-65408
-76612
30887
70635
-53801
43099
-69850
-60235
77020
-62149
-75979
-45556
18715
48509
74472
-75636
-41533
76070
91640
-29023
-21044
97985
-51786
53053
-4287
39135
59436
6564
-45651
-59393
44306
44260
-87258
84744
33514
-69021
-34383
88755
-35847
62864
67216
34629
-88798
-64837
54831
52026
-28320
-4799
-10969
446
-33
-88224
-8276
16020
56696
-30935
79322
95513
30984
-22957
80727
-59357
48491
50987
-74588
-37564
-39078
41769
7813
11626
-57697
-7265
68363
-13208
22576
14795
-62981
84431
29232
-74229
12509
-98122
-61571
-8592
-72030
63194
-63177
81834
77362
19998
-5361
71779
-39726
-60621
-46201
-65367
3119
-6894
-14517
-56061
72713
-17114
68652
27748
15295
12040
70709
-51587
-83917
72738
11756
8557
-37991
-12683
-47065
-20332
38369
2229
-38713
82693
-88129
-84527
-2346
-41574
-16173
58065
19961
85473
-68678
53337
81170
2419
61745
2314
-22092
57125
34400
-67512
-17149
74520
-6261
-66538
-89496
-24404
-79152
-48804
-61393
-79599
75166
-89397
93373
78013
8627
-29353
-20431
49338
69711
-7197
71637
-17193
7738
72251
52801
35646
-57617
-57478
22412
74214
31780
49228
-41936
-33249
-2761
-12210
65977
-63414
62134
80722
21930
41323
-85877
62782
29484
82711
61570
84948
-43597
80264
-20935
74444
96048
-72753
-25821
-18723
-17044
-73304
-46152
53722
76424
81897
29437
-43207
-9650
80661
-40149
-32912
14067
-77427
30015
-77960
20780
65446
-93219
5556
24233
-45226
-49246
24362
9074
-70137
-79483
-90129
20573
16782
-73624
48546
-23255
88693
32257
-38578
-453
11828
-8672
-77005
-67662
-73281
-36516
23519
74281
64441
89950
-85451
18504
-83130
-29751
-31729
-12281
83709
2821
64512
-84031
97981
55207
26354
-49488
-22377
78206
99502
48139
-40983
44221
-38853
21241
-69878
30144
-52963
-93264
-92447
65148
-87234
79727
-55728
-32184
69739
66836
24398
25538
22773
32667
-47277
-60385
-71816
-61197
35436
-39661
64568
-27650
89774
-45159
38502
96614
16967
-94688
24323
-1065
27952
-77806
-67940
-39780
-6018
89345
-18125
96346
14232
-25616
69118
53795
1283
24380
58121
39032
87513
2022
-37066
1694
-45415
-10690
-90715
-19301
83735
-6868
-92434
29133
-20716
27102
97419
48168
14952
3017
15827
46858
-14564
-63010
78241
54973
-11692
-10292
21139
-15928
-55191
-10005
3118
57778
49877
-56308
13151
92692
-43193
92250
-82212
-74534
-35369
18092
-4823
56086
-15468
27051
32375
46336
-22600
-47141
-45785
53966
92797
58375
-34388
-63828
87113
78157
88142
89817
-59068
-70013
-48950
-71651
-36790
-47163
12055
-10646
4284
-48611
53251
78927
58417
-40691
16828
-52973
-26422
-94661
-26197
24820
-40669
46522
-24581
59388
-65434
28209
10296
-99396
19065
14314
-93102
70248
-94889
-87751
95744
51663
-835
-57977
71937
-25931
63418
-26950
97597
39374
-14487
-87358
43722
-70439
-90116
99011
-69684
34711
8430
-5030
-94796
-37977
-6182
-49906
7080
74048
-69014
75989
60931
-52790
-84376
49472
-77325
-70375
-65424
-1277
-40255
-57401
23366
30949
-63378
9388
38276
-27328
37816
-88451
-40596
-47882
-48324
-99074
24732
369
-51595
-37979
51999
14036
9954
-38387
-82913
-22973
48326
13075
-37063
-91701
91273
41937
47529
40368
19964
47669
84324
98834
44730
21373
-44923
-69445
51370
1169
44895
-34937
39136
-99140
-38479
-33616
86755
14216
-98249
-18506
-32055
65654
57117
-12633
-18817
-52585
75215
-1840
-42203
-12470
-79829
-57280
68374
-60461
-57064
99829
52613
74195
29040
22502
-65278
11946
-87335
9004
28892
-86810
-40143
-88754
-30559
-36058
-79769
59944
16705
30991
-48729
90998
-66607
-90326
-89171
-82558
-43285
-32935
-70277
-58072
96626
57972
58149
-20285
34675
-15611
-52022
27318
-95193
-65189
-30051
54041
59669
-25137
-30111
81341
-12716
-27567
1331
-47842
58862
-2387
31425
80228
38305
-54112
61593
-57130
69823
28177
27996
77212
-15819
-64338
85265
-54033
13992
-69788
19925
-83553
-76229
-4870
85680
91392
-88467
10123
-61500
-81486
86816
-40802
3103
-54068
-18124
-53916
20079
58917
-70958
-6579
-97131
-3650
-42363
66247
63826
-78321
-80830
-28716
55838
32620
99592
-6074
27991
-63276
-10718
-6886
-19882
9622
-20214
14895
94
80737
4456
83041
52206
94886
-68041
97606
-16138
60012
-49271
-51196
88998
36784
-90655
75342
-78943
37430
-6082
-69639
5648
-38288
95991
29631
89044
-23542
34945
-36209
43283
93776
21966
-1266
84659
-21891
87760
40046
28965
57953
11036
26921
98265
24877
-70167
46171
32079
-87010
4087
20090
86862
-12028
-90612
17651
-11219
65134
-26023
-34207
-11122
47861
-43140
-83412
7659
60321
-63841
47548
78024
-66693
-44995
18457
-39608
95344
-57659
-53791
25180
31518
82711
4452
22294
8894
10923
4896
-80740
-77905
-80303
-93740
1399
-13285
-33518
-54077
-24053
-78008
-15114
-18105
-30175
86077
97951
27534
17632
39118
-7213
66742
44763
21318
79191
32641
52612
-2831
-53322
-2251
66173
98883
-19999
-15789
-91505
82344
38384
58417
-75661
77417
42055
-77834
-4914
-21832
-85357
51698
80827
-45288
95988
28120
-79616
-10517
55477
-26728
-66783
-82790
-35850
-87523
47187
-17381
68523
12704
82761
93538
-74755
-15385
-42261
-13146
15566
86622
62821
-29234
68826
-11056
-38436
56824
98681
-70910
83578
-21018
-24768
42348
68010
-90490
6472
39061
75616
15709
-84986
72458
-34929
-94513
64601
79994
-98626
-98803
-19997
-62863
-95179
-17061
27790
-62737
68497
-97667
-25680
-34267
13495
-58691
83913
69963
39141
7836
-88471
-9951
69796
-59245
-26129
13056
90714
-36348
44844
74907
-85956
-64894
38373
23639
-80864
-74823
-57673
-80507
-85776
-24068
-28523
16504
25915
74858
61165
-43640
66213
-87685
-60951
15329
16383
-88852
44818
76552
-49871
25477
-97330
22380
-64812
-31356
-25782
-12443
72092
49192
71411
69963
-94606
-39525
-52067
23029
-20704
78844
87303
87693
-27738
83785
34998
73805
97833
80294
-69827
5144
-98677
-3508
59998
-54857
17174
31697
17611
-54994
-4911
11599
79429
-19397
22581
53876
17126
39786
36986
60710
63610
51608
7306
55504
-30073
-70718
79639
24910
57453
6920
53128
-42191
53608
60740
-62834
-27281
93747
81409
18005
-75606
33479
-69798
27095
-38629
-18046
-61519
-86774
81883
-75422
51208
29434
4558
22768
-42241
-83407
15340
57721
-72213
-60206
91373
-74185
18063
-55995
-92015
47759
-34887
-63156
27337
21684
76731
-5004
12101
94313
59525
-61464
-84965
-77085
75356
-66464
23249
-24308
38329
29814
16071
34276
12672
217
87172
78914
-48613
93146
89243
59513
70067
-13468
18425
-3178
82891
-42935
50702
-95803
-89032
-54985
-44010
-92782
-26175
-33719
29571
-35635
77903
63226
-34999
5384
-19439
9332
-50107
-15622
-21137
-98298
93707
-44282
23976
92981
-92150
-15659
-85046
83625
83934
64415
8973
-6072
-7757
63561
-36531
59744
-43760
-74775
40803
47230
95559
6373
4638
40988
47032
-46663
-84829
-35274
46717
-8233
16670
89981
-78603
-15000
-54748
-539
57776
38001
-22617
-23015
-3532
51793
38613
92878
-22038
36070
-25907
-92811
-19224
4624
-96962
-81526
-52452
-99891
28894
36938
28817
-72380
93125
70337
-60831
-26019
95332
30081
-25352
58701
45860
-60369
83712
-12177
36319
-69769
29423
-48626
-31947
29279
-21783
-26305
30668
-74887
73170
-19477
-47896
60019
-77900
-8789
69155
61768
-47798
-47220
67209
-77351
93351
36145
35986
20310
-23674
-71912
4925
-51818
8495
-93707
64965
63047
-5438
-56902
-32446
50495
36771
632
44831
37425
88450
-17697
-67788
-51077
83333
-73567
-49536
14171
35157
31669
-40060
51842
-33790
99960
-6146
88705
85332
-41298
-62783
-56608
84719
-41243
54445
81934
27873
-13894
-84207
-40334
-51764
4917
-65830
-13729
-30293
-49072
37237
-7513
-5758
-7531
-66935
46727
94310
37029
-56374
9471
35046
56916
-96836
61637
58581
92658
-42811
12751
-69643
96101
-55188
14798
-53822
-48654
-58764
-73605
-34024
35866
-74545
-16695
56385
63457
20929
-96326
-57057
-34774
-93294
53710
-38030
-14019
-48849
72214
-60921
-85397
81375
4262
-770
21769
96285
52008
4662
77847
74390
-25138
83607
69637
-73216
35359
-8901
67403
84308
62195
49722
24822
80362
-44422
-38128
-90493
54064
11958
86637
97124
68103
-78263
-37670
45215
-54789
-50520
32963
-50218
82652
34031
-84763
18465
99965
-24433
98837
33239
17609
67490
6378
-47252
45821
84895
-8376
-49548
-58107
-52695
18250
38214
-74889
25410
7883
41212
35494
-22884
79505
-52714
-66844
-99376
-98665
-99970
-27752
-23640
-47178
-70490
39096
94934
29487
-34291
-56798
98952
-4969
-55007
-10147
-5549
2591
18047
32935
-71220
66687
-92522
35322
-42698
65663
10921
-31584
-34987
88482
-90382
-56465
-77343
-98577
-75228
-41308
-61418
20765
50378
-2280
-43672
33626
45259
-53599
49044
-66632
88910
-15416
59922
14837
73722
-78366
22503
-28827
34838
-27059
82390
2238
53392
68937
-21130
11456
-62503
-6480
-60193
58879
49261
-30893
24062
94094
58544
-96461
-92279
43850
-40076
39193
-33972
39360
-50281
72850
-68639
13500
-7158
-19253
36925
-78097
-44756
62789
57639
78396
-32876
38580
-89531
-53793
-18898
-38982
3471
98234
81020
71419
-10524
55038
21246
91996
51963
75762
-45395
32797
90802
25891
-88799
28625
72450
-39512
-4782
31990
27732
-92975
67387
73717
-65044
35116
14490
1399
-84220
-13965
-6508
-85215
19380
-87979
1014
-48722
-75892
76383
-9833
47080
8260
67271
-93863
-54525
44043
-73707
-72882
-78314
-15045
73583
13111
-18122
65198
60991
15975
-51983
-78678
20483
-85050
-40668
-59401
8048
-11087
-58118
10450
-56508
60287
449
60858
97639
-44193
12970
-89817
37693
-93411
-15395
-23270
-24501
60227
36087
76239
86275
82780
88993
18640
67821
82580
-7282
31908
-41740
35643
74513
-86812
60939
-65560
-168
-77459
86394
69178
56585
16753
63497
-89734
-75977
29224
-73273
-88932
-9855
22117
-52873
-12828
-3193
89667
66648
-29402
22730
77758
91920
10533
-41761
57885
67252
15517
-46960
-54259
24886
5469
-35761
64010
-36244
61195
23640
-16586
58873
-79349
60322
-92148
-28518
-91781
66817
31214
29839
-87018
-15205
57946
-84893
-93640
-46524
43899
-87142
-92416
-21063
59932
73271
-49647
-29834
2871
-49177
-92749
-66188
-42644
-25331
98520
-23613
-81907
-30229
45496
83199
81622
-87574
38877
30514
-4742
39494
33211
-25338
52056
-95208
16567
48741
23628
38657
-68344
84655
-88990
70000
47803
29655
62566
-11823
-3248
32731
-58985
-47213
-13246
-7267
-6534
26259
-58332
83747
-89206
-95318
37415
-58456
46028
-7408
85560
79004
-77695
-15509
-14970
37183
55733
-78856
-80223
57813
-86091
-25643
6846
99143
-23138
-69656
52311
-31466
-34993
-58128
-3281
8508
4608
2086
34419
76705
-97108
-25393
21244
-13321
-85782
95393
-30734
64434
67674
22351
27914
-21401
97146
-97357
-32593
28800
17112
-38441
-30849
-34790
94178
-73376
43628
21947
71321
52248
30083
-87373
67428
-34409
-91255
-96434
-59007
65356
-29695
-86542
63766
94317
-29685
90588
11750
48569
-56729
47090
3935
-37146
-81770
-52284
-76337
29293
45793
26083
-87817
95534
80371
-73186
17208
-34880
90145
-51626
-64086
-80039
49418
-95043
-58676
60439
20122
96943
18837
92969
87144
-59028
10729
20637
-52033
-90510
-96089
-86586
-61062
-52749
-85281
10761
-53303
-26760
-42271
-7996
-16880
-72750
85105
-63972
14702
75192
65558
9250
-15909
-52478
-70831
-3742
63082
27905
-51477
-18617
45806
54777
-52121
-30674
-32903
-35844
-97321
10885
703
-3613
-1205
-54240
-47270
30764
68388
23128
-3545
-53077
-33722
-37472
-34995
-50834
-71700
17509
-57634
-81806
-37675
-63711
28693
-72197
11484
-53635
-2625
-29356
-38043
-63583
12663
91363
93875
-807
-34230
63464
26647
-30171
8761
43346
-19069
-16803
-61156
33662
-67011
63
89379
82253
73647
-35497
67000
-37728
72859
85193
-44288
58163
92907
-71362
57665
87763
27494
-74135
-50658
64061
-97153
-62219
-4803
-62635
29960
77773
-40631
-23232
-78588
6471
33043
79710
-82919
76654
-85997
-12505
4836
-56406
75661
-14879
56423
-86386
26895
-79749
-483
12030
-56361
20681
54575
-87877
-3311
4829
-79937
-89843
-20035
-96642
78497
5260
-98257
34312
-28631
39242
-30480
-26080
-90209
4832
-58942
-64303
37647
-56364
9409
-87864
-69187
71972
-88027
-36376
97846
-77006
-64220
-59381
-45054
-36213
-94156
70486
82422
-16427
93230
84600
59174
17493
19598
98239
-66249
93147
68631
-10665
2577
-73014
53908
65375
-40204
-58040
9720
1641
-78046
-34114
40551
90638
43258
98636
39054
41324
27621
-77491
83373
-20866
13481
-34558
-52299
48982
6299
-49443
32395
23673
91313
-62100
24876
90135
-18122
-43936
-33876
-81371
-83626
-84038
55191
28633
6553
-28463
81336
-17598
54125
14146
-83017
-41279
-20005
-35468
-21091
-82329
42396
-87226
-74892
-67411
55621
-91112
-27254
57546
64733
91635
852
-75083
-35121
-48426
12142
-65929
66938
-5026
57600
-45845
-36058
61712
-95875
20693
-76078
46022
-41083
-99363
64681
19381
-81942
-90009
32722
-30825
27152
64976
-17754
-35527
33838
91718
-323
-18525
19633
964
87329
56351
-40257
-70807
-29468
10600
-67880
-97996
-99058
20848
13529
-34082
-3282
41870
4059
-22508
-28015
-81661
-37384
45520
57233
24039
429
-92717
-4923
-51339
-7781
-24255
-33834
-63696
-60440
32280
-29263
19568
-46525
-60210
-79656
-27124
-2044
-48121
-81388
88997
79921
81968
98821
95181
49629
43067
-96487
-32621
-96534
-96969
31643
-86228
-53648
45003
-52189
41920
16950
-70769
-29460
-64690
-87011
-80442
-13118
-21380
-40227
1660
-73574
93951
-17946
7161
-13380
27491
62248
-52065
30043
-38729
62958
89061
66821
-48231
-53787
53040
45301
-52902
-9413
-91957
42950
41741
39651
32067
16194
35889
56373
16482
69017
12792
59377
52870
48045
53939
73380
-69924
94090
64477
-55581
-32322
-86989
41729
79604
47847
2135
63240
-37811
35343
-157
5091
-46156
80040
64945
79441
92677
-36685
75038
-42675
26322
-70145
22265
6744
-38428
14783
-76842
-51106
-5280
67847
-79357
25672
-23867
-15517
54930
-55395
23634
14420
64725
-90219
64901
-13784
-55192
-20228
31229
18612
59176
-72320
-42751
17969
-59582
45719
35929
42545
13414
-52593
-5350
-93764
-68839
-53645
92352
-22965
53098
32407
-17997
-24672
-38276
96769
42860
62080
4738
29748
-11663
-95729
-27830
-8806
-10692
62982
56432
95245
16186
56019
-41933
27394
-70097
97293
-40092
-14574
-12618
56593
50874
41254
61478
26302
-8445
-641
91473
50251
35701
99296
2726
-39040
19043
-42216
-96714
-34025
91467
41200
91859
5360
57676
76077
96468
-70613
-77836
92610
-34634
8998
29047
46357
-38691
-98989
90173
-98836
-63304
44532
-37230
99572
-34046
47670
-58047
-83218
80676
86503
16890
60470
21047
-18282
-88976
-37966
-93144
80518
-66496
-47149
-65355
-9778
-1525
-32245
51476
-14960
7460
-62773
-89742
23636
72485
77303
20120
14656
-91556
-87191
50538
53046
-61853
-23009
46218
-30838
26765
-94462
-81191
-65762
19900
-82028
-27043
53724
-99760
-77899
-66050
-21040
63546
-96623
-54357
-9568
-55698
53801
-23782
-82392
96823
-40387
-60052
-52554
33636
-58797
-26130
29855
-90464
71719
96188
-35140
64224
4592
-31232
-44283
74037
20042
-45224
10504
59777
39300
89558
-24507
5574
-18488
-76959
73833
32026
1443
47032
25701
-12617
10161
-51433
-17237
24431
59174
52466
-95291
18300
699
59358
13841
-91787
34675
37967
-27235
66781
-73528
17404
-57125
-51242
71031
-23393
46465
37555
-10203
39192
-81728
62763
-34260
48561
-18594
2216
-59385
-16196
-96526
-3201
-54890
-38567
-82372
-62021
16717
-14828
44190
40274
4415
91883
41019
70905
21635
75244
-93397
-12013
14272
88125
24856
41284
-68773
-86986
70968
-81499
11193
91368
-3929
62288
-79117
67841
-21280
63770
-50794
44231
-6249
36832
-18925
91138
23479
-60614
-86518
-62089
-23437
30413
-1043
12942
-10613
2813
-91692
-47915
-50787
58239
35293
-27875
81509
-42996
-15618
64706
-51629
39601
-53719
3849
-45560
66499
-24230
86946
-74516
99121
-14336
39628
7918
-74766
-61626
-80233
-35623
-92515
55036
-8699
68304
-50601
-20825
81994
-62938
58470
-97119
98483
2780
-70364
90478
48547
52536
34896
35869
-87817
-81474
39999
85336
66187
-1906
-59408
-96376
24278
6937
-93828
-1049
68145
12673
64748
-61341
-1739
-54515
-59099
-21396
-60671
-49339
-9026
87131
-92645
-50704
13170
-56578
-41554
61608
77937
40260
-55823
-17577
-73583
-56062
-24023
7504
82017
-95265
54980
-56628
75614
-17886
6054
-33985
49855
-58154
-35262
69270
97771
-64616
64094
47888
-87925
8061
22840
83702
38905
5794
-75193
16760
-62505
47889
-11686
-9818
73917
-91444
-675
-82233
33290
84922
15995
65562
29467
95275
-9699
807
-68262
14986
-92721
37376
-83794
-62306
-66428
23577
13520
-64132
88624
-19199
17534
51405
54035
-2948
-17144
-35720
19414
-43457
-16889
-22036
-12274
-16312
-84563
9547
-8163
343
50232
-72074
-59657
-7860
-73407
89393
57602
-81762
24241
-72141
87319
70581
8466
-92019
58918
34214
-83965
54068
7734
84425
-73914
-73747
-94391
-67529
86260
-20268
19933
-7003
82512
-47416
97103
94424
-6088
-87818
7067
-508
-46473
58561
-68482
-96571
-74824
7947
-15876
82233
2709
82083
-44546
-94024
75598
-6581
-87149
-56400
-20650
-78172
29399
54434
10502
-97480
54193
-11853
26677
35108
75958
-17808
8991
87648
59755
56481
-65343
32237
50151
-21752
-56889
-38438
37783
-11017
-76195
-93454
-91557
22539
34402
-58363
93646
-15480
-88773
45073
93540
31826
41156
-80755
55980
13318
50464
-23981
-78092
-63757
-3407
32552
-21621
61241
-11613
81897
22561
7036
43235
-80813
86731
-45308
-80914
-58706
-5597
26292
56836
16279
98125
-93020
-30981
-28887
-36972
-61730
-69329
35399
-60686
-80974
40471
-25207
16302
80822
-2957
-64319
67872
40030
50785
11881
25936
3955
32207
54186
60733
-43853
-55733
48907
74297
26310
-67017
-4236
-71951
-74088
96280
18910
22731
41047
-70323
13786
81704
-55221
40924
-11782
39945
-77428
19496
63520
-75123
-74075
59327
-65503
65432
51204
-97520
-75755
44944
-43174
-64582
17918
-36863
37333
-60737
70162
32608
-17353
20119
34214
87469
-51117
-3615
-10183
52657
10276
-71308
-89765
-18585
-74038
-49196
4664
8247
-38302
-71744
-74491
31581
35392
58600
-72890
10217
-70708
77180
-76359
50847
-83914
-36320
-65501
91198
14807
66428
23796
96926
1638
57007
79577
-33230
-70061
4515
-58017
56878
-44925
-63621
-6913
-65022
-98583
71850
-87478
-62653
-84994
18269
48946
-12053
-44516
65048
-97038
50807
-44996
-54945
53851
-94865
66890
-24310
-70020
-40766
-76382
15612
63982
83087
41642
2029
97657
75648
94668
25826
-46042
-44015
68942
-66242
80227
3695
42511
-4621
-50996
82235
-57056
-66927
-64164
54381
-26692
11455
70959
-70571
-75098
50503
21875
-49539
71646
14986
61931
-54613
89599
96661
-12001
80771
21240
25164
-98716
44744
98789
-66557
90307
22915
-55415
8748
-52407
39164
-64726
-55190
22507
25701
79945
-71164
98195
-82729
-77507
-49163
26891
40755
48619
-73184
-65723
-13013
-96796
66912
-45948
-77223
69723
93694
-94741
82125
50241
-64964
18208
54116
95359
72846
-96803
38931
20303
-5016
51091
-77437
17528
1714
-25925
-82857
74916
21017
-22918
-1591
6175
45695
73007
-25422
-84434
4562
9373
-77080
-758
-48774
25904
35841
-28872
96812
-44498
98358
96838
-85796
94779
26851
-14684
92623
-22776
-95253
-69028
18638
-65062
84537
64367
-66378
-461
-48607
18510
-71187
4895
-50716
-5646
-40977
-63716
-14062
-10920
-39226
-96154
-94710
67548
-36776
-5473
55005
-49551
2522
-94184
85457
-80965
24099
94079
-64254
15241
-5029
-83419
28066
-43086
-4078
36073
24928
-91189
39469
49542
94183
79618
-51141
-27657
-63107
50074
-62043
-35453
57228
90563
53892
64168
72190
88597
23821
-50008
61825
58793
79399
32682
-91606
-30444
-35747
-27057
6645
83393
24175
23315
-25109
81450
67075
57307
-72036
-18893
9337
-98207
-92468
-68381
-76708
46968
-69398
-5761
-6732
-88578
-68677
-55483
-29832
-19618
50454
86338
89120
-16577
25544
65296
17817
-75251
-59049
37424
-3182
-30622
-41116
72192
22068
99728
43306
51736
36078
-81011
44835
-86713
8237
-19716
-2359
-87451
20907
35988
-90631
-99627
53215
-25105
-46604
-14822
-71534
66097
57472
-26798
-29038
-42093
-73108
22930
-73537
7307
5040
38752
-29182
-58278
-94030
20551
-98786
13169
-61723
-93477
62494
-65919
75852
-94263
78894
54302
-77667
-26342
-82042
-96689
55680
62916
-86271
88436
-29322
-83155
66700
51860
-169
-70531
-56518
-87613
36724
20318
29107
84524
13083
-65453
-67059
78017
-48968
