7400
-27579
-61485
-48420
-88511
644
-56512
56492
90765
-77904
-65868
24530
55935
-79169
48355
29297
-68270
-71124
-25535
42973
63277
42264
48641
-99381
-95895
84940
-5016
42535
7039
-41447
-75636
65541
-13741
11296
-43218
-50705
38615
44654
-35855
-66531
34397
-1409
82743
34114
47998
-57948
-58729
-8509
5280
28095
-60740
-3262
-40538
-72534
99741
-52391
27706
92919
-21100
94499
95920
-84910
80798
-50892
50263
-54333
-63058
65768
37857
-69488
97006
41945
-67988
-17537
467
-37398
-69012
5113
79003
-54208
55415
71754
7206
-94703
44525
50949
28654
47316
-89534
21701
-90779
47960
-26646
41294
97642
52081
54624
92049
29735
-10228
-91502
-18546
-67063
-77340
2348
56084
-9059
18573
-76033
-33372
772
-62994
42638
-20812
12754
34828
-34251
91599
-58679
-86399
67639
-85991
4269
46667
-13342
68913
2884
-20864
-54687
-49041
-1300
-12384
-40994
-65908
-79016
63299
11345
45089
-12631
-18447
-89366
53384
27621
88016
-93097
82079
44182
14712
-64014
-69013
-69759
-70621
79755
71576
-17918
-93312
14413
-7138
-56959
-2394
-66929
-38848
-1965
-34331
64249
-34769
-45969
2105
-64239
29067
-92534
-53352
-60511
-47287
59986
-95510
-84473
15087
18052
-12391
26585
-78340
39275
70398
-40142
96358
-33994
82682
-18146
-84549
15796
78182
-10146
-74391
-79058
30882
-97768
-57255
39073
56330
11294
26741
-43818
-81017
-2855
31563
4448
36097
-1967
-3703
-3022
-53326
-60324
-11224
-85222
88278
23330
73382
-19938
89471
-50744
57515
-80911
66820
-62271
36621
13138
21913
-77139
-8593
8386
28026
85036
-18876
36256
-36734
40004
22321
-61214
25368
-62549
-51247
57906
-2040
-63759
30162
-74845
-39952
-16116
-6340
84686
18833
49730
-78318
56589
-26939
79597
23569
75091
87312
96238
-875
-29977
18318
-51343
22939
-9797
-29556
-68200
-64543
18797
-25293
-51450
-90070
20057
-95713
94475
47838
-51495
719
-62297
-26547
-65062
-77708
69181
-79340
-38500
-94100
-10347
81560
-8955
-49336
-90674
74608
-84445
4553
-85730
11999
66493
95850
25031
71614
61780
51991
-91239
31353
-76613
-74629
-25122
-69200
-87664
-92233
20901
58877
-68074
-41682
6510
12373
27696
64445
-56209
6407
83260
-60856
-43391
58018
-85686
-26896
-79894
58740
68088
-69216
62727
-55828
53548
16199
63446
-97375
-84244
-27872
-53538
-48981
-96739
-47700
-92037
77807
-21546
89154
61514
94457
-26336
-78596
-21075
-71294
-21428
-97197
66555
-64112
50417
581
42375
-7107
23297
-36174
25995
54095
-53433
-3897
-16142
29126
-91136
-62895
-43841
27061
-91373
-32461
16221
-86392
60589
25715
-98877
-74268
-84355
61358
-11517
-80340
78153
-92052
36528
25375
-53716
57998
57066
-75106
-42772
-9948
50952
-10293
50812
-9125
79328
1422
-8053
-89837
-26187
-15439
-86330
-65073
82110
55083
-82895
20230
4303
-25670
6301
-68010
50599
-54935
-89337
25048
-63787
77233
-22003
24974
-10297
23612
-47154
28217
40496
25924
-69796
56456
-52331
87514
14240
68394
-3275
-81085
-85749
-46908
14547
4733
4021
41535
-63775
-10977
64340
31864
57866
76574
70361
-58341
-96868
-15380
77162
99850
-84975
19514
43448
51254
47353
-13217
11902
-88047
-18299
-3311
-74795
-50598
-33742
20239
1461
98775
-50993
-4063
59596
-99999
31917
-15369
89780
-25319
77923
-50769
53077
15161
8571
-91278
10135
34309
28285
-75842
31233
75679
-15339
21886
-18957
17338
75619
788
50812
53543
72928
-66759
59929
8971
98856
-17092
66315
67698
78376
-34906
-66284
95740
-31580
-72769
99149
56181
-86299
-73431
72679
43779
-66242
75113
-15556
-1096
56890
-4794
-93423
-26937
-23196
-71030
-72405
58452
-73613
-35099
90826
71396
-94513
-23951
31558
-49932
20612
93329
71941
80165
-11774
-398
-69545
-51948
-87538
-2445
-83282
-68344
-13367
-68191
-55747
-41019
-30757
6043
-14741
1661
82748
-32939
-80076
13478
-86113
74231
-69667
99687
-65221
31845
12434
38380
-97353
-48422
49437
2520
-20623
-34131
-40187
47898
-49813
33910
39681
1881
-13294
-39670
-53289
93193
-26260
-44959
16726
-77665
-14690
64985
49772
15585
89048
95380
-7195
-30250
-7522
39100
-55167
44509
-4045
30310
10480
-62758
-54748
53524
63660
23755
25198
-77419
-26765
-14663
41805
-28985
17952
-60791
-22558
42365
-34075
58482
-56257
32443
-8537
61385
-16301
-89890
-23306
-44681
-50579
90521
-17944
-18099
79214
38425
-96623
-19538
50448
58186
-38304
7914
20877
3891
-14439
-92564
99373
-69443
84458
-52343
3695
59985
85549
85368
-62253
42654
75129
17121
-35518
82554
-55771
-22514
36635
36192
88602
32638
76571
13080
83412
93592
16872
64628
-43979
51709
-32134
97846
13830
67638
98727
-93233
-92469
69965
-84471
85314
-88639
-40201
16589
-77529
26230
-86162
32667
65356
-17915
-64803
17565
-43018
41645
-24843
-7505
97989
-56754
-59939
72353
57781
-53569
-5370
85803
-92671
-86002
90972
56878
55138
34709
-4008
-75229
-16587
35765
11954
10018
-29318
-53518
-25036
66833
-33800
50283
-68502
95591
-16641
-10444
81718
-92964
55941
6930
-37952
15599
-67150
37906
56906
91667
-16585
-95674
48097
58679
72665
-28387
95855
-51151
-56756
19678
13550
-79226
9850
-71039
-27145
39576
-99805
81258
-33736
33261
1438
-47294
-41724
34968
82493
436
-51515
15430
-41074
56961
57100
51174
2174
9857
-25591
64182
60761
21687
-86570
84135
-57364
46159
-6291
60652
-66356
-16202
48571
48164
-60881
48918
-75316
-76830
-59081
77549
-25755
-89259
-13425
22281
79536
-91879
-56402
45730
73298
82329
68985
86164
75929
-45090
51653
66487
62161
94265
43514
-65635
-66954
-80887
54995
-38425
-88445
-48086
60993
-46716
64937
3258
-53521
-32441
-1829
-46327
57825
86884
91270
93
-47050
28424
96606
-81634
-14708
-57838
54356
-71836
31298
-73551
58083
-83108
-49576
-6629
-81974
8145
66099
89190
-64748
19741
-85250
11591
67027
91051
-18006
87590
-58453
-4569
-52011
-46438
87882
-86011
-5816
57414
-75531
20971
-57125
-41457
96894
13884
58483
-35911
-77550
65282
35820
-83811
-22674
-11273
-751
5321
-18318
-95440
50632
-85964
82702
95015
20107
-93284
8537
-16029
-91759
-53506
37632
-92602
24715
98993
-66277
-28877
96906
-60128
-43685
59674
94909
49442
-49504
52129
72024
-64328
76583
-73616
-51439
-79070
93025
-23079
-67004
16798
-86178
-87837
-4553
67326
-97112
49778
22327
-45339
18221
89684
-94367
13213
-92076
-4246
50173
29592
-89744
-16335
-17596
4418
-11822
71724
-64382
-99521
-4872
-73552
61718
32198
90148
-14517
69783
-98407
71688
-29934
-71279
-56352
-91939
86918
-4371
-20639
94931
-77854
-67410
42591
-88285
66372
-2152
22220
-72896
81077
98411
-27093
-26837
6231
83917
-1529
44774
-36182
23429
40265
56384
-72325
-61149
58042
-82353
-30423
28926
55446
-75460
23445
-41706
-25719
97272
52773
41879
-23351
52173
-11787
-12801
7631
-37937
-15844
9558
37107
30961
6678
51036
-3613
5172
45267
59841
-91073
-2567
-21989
81934
77844
19256
57500
68321
9524
31305
10386
6037
430
64864
-82031
-20544
-76560
-29162
61362
15830
30773
-5598
-29864
-98390
-87572
-59034
30749
54421
65319
-84314
-19298
67375
-56388
84627
-71520
-37254
59196
16645
-83682
-31777
-89139
84360
81840
-12272
-89881
38989
42393
-36596
-53785
-75390
44973
-49471
-54893
-74308
-4451
-76149
33899
37519
-44703
-33765
85992
-32512
-11135
-2893
75604
-27566
86591
-39987
-29819
-59076
-68956
6619
-14793
94140
17318
-16534
-10811
-76603
76850
3680
1412
77204
-51812
-2780
52540
-13471
-8863
-71908
41284
-71952
96597
97105
88889
37702
42797
-36432
34843
-31495
-30869
22762
7940
42785
-72158
54842
85765
-29205
-22939
76614
84894
-7348
-51248
-95393
25434
-2287
4018
-92125
2501
-28459
50390
89410
-78901
-62579
-11027
-4323
-87441
-29059
-48359
-9142
-6620
-71091
35352
27828
33163
-94154
4235
17824
15114
-2601
-96862
-49078
-60795
18788
-67610
-28178
-22532
-44739
-28189
44194
-6143
66525
-52112
-82272
-1708
78185
-65315
42274
-43491
55720
33143
50470
-699
20370
66810
32337
-87055
19265
-21740
5296
29339
56580
-4590
-83815
-75889
-5421
17321
52912
-23616
49692
-42717
54341
-47675
71164
63845
-26853
-33421
-81911
99609
58372
57943
95436
86012
-96281
-20592
-43252
70277
-51484
-86201
-63035
-16079
-60722
-9907
50488
-97688
-12073
65999
-73956
80205
13322
77304
58482
22759
10225
10723
10102
-8729
84694
-13316
6193
78293
-20633
26610
8811
22171
-80462
66970
-60994
-89042
-57584
-4509
77894
-16299
-60321
-82894
74165
37463
-66008
39322
-94781
20165
33375
-53959
36034
-63007
41480
-49742
59727
-50646
72822
-78654
43429
70213
-9682
-45567
75851
64266
-88661
47288
51182
-33112
-10437
56921
-3447
-74507
33607
3103
-50432
-21611
40560
49347
19469
-36986
71380
-30568
-72687
13319
-71889
-91837
-2100
28515
-20898
74715
-82584
-5410
-9601
1497
-21328
54010
69365
-20740
-7458
-35418
23688
-29764
80081
53060
-91799
-18008
29341
-45418
-24110
-50402
-95427
-83580
-19444
-85529
-15197
-79924
59018
-51731
-1680
-41978
-87757
64729
59711
81811
-90371
-46963
-61220
9442
75637
-32517
-83309
-94946
-45029
94048
60898
-40968
52585
57569
-6064
-94900
-40972
15680
3543
90162
61228
-9349
50748
-20636
29054
79681
67968
-43769
-96808
69073
-81745
-47528
-67700
-59790
96405
7476
48974
-56951
-76784
-32701
-31208
-3110
-73023
-92221
26989
18206
85788
-43667
-24711
-27972
-79841
34629
-2345
-22552
75424
38083
-77907
7573
-72706
19737
-56142
4120
72377
-74143
-27312
11738
40990
-66395
-11035
64058
-60069
-46902
-26141
23293
-3279
86361
22870
97586
-12218
18347
-34107
5863
-23654
-86415
-35278
89601
-33902
63773
-69251
-86148
68080
-21199
82085
-75392
-57116
-20446
61229
-10532
-1797
7848
-99043
-27999
-76938
11173
65439
-13539
38646
56175
48330
3187
69586
37884
93309
85012
-19381
24105
2913
-96228
-58793
-25625
62096
-81013
-62311
57091
-95980
11038
-88014
-94192
62855
54665
15281
43250
-12710
-81196
870
84426
7154
-92657
94036
67257
-46419
-25549
-85244
68051
-99133
81175
51318
-94494
-4153
-89588
62387
11028
-52661
-40747
-51842
-67710
87203
57670
-78039
20893
91331
3768
90307
29687
-18814
33382
-35857
-79829
40447
-90777
38736
-77653
-30878
-23992
-53472
78308
13500
-39419
-14496
-6448
-18488
-7580
24553
97623
-62509
-40401
15458
68323
90103
64588
18251
-12417
-78845
-81478
16181
-47894
-96521
26154
71188
36158
79914
27896
18989
56440
-87090
-97660
-32919
-69789
-67252
-99791
97100
27174
69833
-38278
21951
-74842
19338
40172
-61943
-88039
65204
32260
-97892
-78551
77228
69093
15692
50432
9181
47541
-18534
-15818
40088
93718
-24529
78677
12117
19388
-66140
28037
-59817
2224
84350
-93863
-77138
55328
-95049
-97292
-66218
-65184
-10697
15769
6653
-88895
13218
61199
27746
53580
-57782
62957
-94055
-62756
50885
34887
-88405
27349
4890
-84747
-6118
-33339
-23595
51517
76865
-66027
50170
-18916
-5862
-8789
82006
-28426
-34598
94176
65457
-29289
-45833
98841
-61793
-40667
-69047
97540
-59274
27749
-86706
-74383
61401
62054
34184
43850
64499
32909
-9343
-87375
86720
-69250
-15953
-80972
20997
-56412
-36622
-99985
94112
67806
-199
-86657
-17862
17927
-99323
-1506
79960
-83297
23494
95584
88849
53083
26465
42185
90266
-21115
-77101
84937
44989
8721
81839
37909
-98904
84990
-16573
-66334
-36190
-80347
46681
63744
-65576
-53982
-13223
-17518
-8170
-46180
87052
-79578
89297
-62606
-4677
92853
14624
-5053
-93451
78136
-66293
24730
-29008
94180
19004
2485
31751
4484
-81005
19952
-79454
72626
87189
-58797
-65228
-14990
73092
-46539
71261
76459
17097
12426
-32145
95939
-42546
-54256
-48499
-91434
28904
67091
-26641
-45934
-64334
-10664
58819
18482
76277
-61076
-52434
87252
49859
76425
80432
-79687
77027
-91551
57702
59481
-70874
-34614
28200
-32543
21208
-75257
-17582
-63158
-81902
90991
-97311
35927
16173
96509
-93645
-56405
69073
-32589
21232
70724
50731
76139
-99128
40664
62396
-84613
66386
58570
26958
28356
95828
-2871
-87101
19735
67104
92934
10822
6277
11419
-80881
-87966
-38782
-48679
80333
25585
42293
1124
33046
-6740
-14689
86364
-30352
48674
-97883
-28936
-23197
27204
74555
1962
45306
-9123
9391
46177
-4266
-84322
-86896
56872
97518
-38377
39801
57004
83622
-3966
70461
-91622
-56885
85818
-7376
68519
6185
11081
59920
-23319
-79223
-76322
64655
-35038
-3253
-36259
94142
-38498
46044
62865
-96553
-93838
-85869
86141
-85721
36644
-53395
-27760
47958
-9815
91747
-56714
-61227
42313
41702
-14453
-40286
31
-36873
-99734
9531
94012
61988
97828
98525
92844
33378
-35699
44855
-76144
-45436
28272
16624
-72854
48662
-95134
-95534
-85768
-71656
-73356
-84207
-9033
14426
93634
59900
-10616
93553
-85784
-14401
65136
66195
15572
-99310
-47622
97300
-52105
-97598
91767
-3458
53142
79834
89254
82822
76797
34478
-81938
72881
-54190
-99517
65031
-67005
-80569
84894
19257
61663
42601
-87128
61565
-63488
31958
-70470
5696
-32878
-4021
10571
62085
46254
-76581
-37901
65065
-70351
-59140
68699
17474
-60040
-15172
-49276
-44639
-66695
84817
73840
71351
64065
-79603
13808
-68652
-56506
-5328
14027
-47670
11048
-81960
-33784
95024
64969
59027
76249
76099
65157
25941
7204
-27098
-80432
-35131
-28113
81994
27755
-21967
-40538
22888
-58877
78754
-14516
78571
-69402
20235
77372
-23764
55138
10075
-74469
54485
31740
-51534
-1635
-53146
-74742
34799
77744
5910
-67026
5672
46728
24529
-32977
-93133
82632
-91040
96245
-85855
1802
-7321
1697
75339
-18165
55239
-12409
-19068
97718
-15324
-22775
28398
-12021
59521
51473
68456
-85332
1542
-19222
52453
6084
-67612
27323
86616
-92652
48655
-55134
-68981
-74404
-49622
81193
-57777
-91294
-97023
76520
93582
90146
-42577
-60681
-98116
-67566
43744
-32499
54892
96912
-96399
-85126
94079
27498
-85004
-2627
-66313
48778
37071
95939
-60055
30524
71171
-68675
-70063
37597
93067
97948
-30464
-85405
9883
-53524
34928
93379
-21241
59978
-9288
-72893
93061
-50621
7258
-84004
93195
24587
-74886
39691
-91502
46551
-26646
-39692
-6147
38359
-94048
41395
52754
16659
-55799
-93119
81702
-9887
-13322
50816
52568
58497
14068
-30172
35571
-91947
-1157
-58627
57463
-57089
-13252
-14940
-88078
9369
-11043
41986
-80633
-98420
41473
35576
81104
46605
-88576
92910
15584
33850
-75722
78140
32353
-3763
65719
-57426
26716
8122
89632
-22345
-7592
-23765
-38199
39350
-47719
-7402
-15402
-51555
-76599
6903
-91667
-62332
-36555
-30673
72386
97289
39726
39737
68301
-3807
31824
-70011
60317
-2176
7263
73203
-81530
71265
36940
87213
-89226
24306
-81128
84129
87910
-28193
-9520
-11430
-9236
45498
6262
48442
87468
83396
14784
78294
-4561
-26277
-68487
-55186
-61172
-37377
99334
-40185
-25534
43458
80132
-95065
-72216
54732
-58932
85804
32827
44360
-11240
-93494
-62761
86255
80639
82719
36097
5039
-34980
7221
38433
55351
31757
6163
-1907
88546
96279
-1216
-89088
62973
64679
54549
-82455
-41353
-21005
-17730
69792
-7068
73407
57229
50739
-54098
-73156
-86470
94239
97944
-7797
-85445
-6566
16432
95135
-16708
-94195
-66543
-34240
8828
-16609
-58990
-58005
16900
-25427
-32561
66070
49348
-77419
-44270
88786
55563
-21646
-33891
-72822
-11678
12258
67222
79720
-40890
18050
-27569
27927
68481
-26245
71921
36515
84836
-32010
-74618
-18244
-23645
76203
-18144
80857
-99699
-24105
17192
5368
45798
31884
-41274
-37692
-79902
67746
-85270
-51376
32897
5515
2038
70784
-16894
-31740
-32824
-18168
-44731
48552
54759
-51509
13184
53215
43209
-18459
4893
-76173
63230
87684
73647
-44285
-74115
-41743
-61296
-68080
95689
-60051
-40232
-38924
20992
-44298
-15108
87987
-36032
-73559
-52800
-58966
68342
-13887
-42342
-98140
45765
75133
-24859
-86068
87183
69664
-4482
-5572
674
-17774
-70785
31220
-16254
46180
59670
-7450
47695
-16527
92737
46125
39379
-44128
45608
59038
-91158
-46267
29910
66231
4878
-21849
51094
-75147
-6082
46492
-80858
-65855
-52469
89361
-80038
-46518
25471
17446
-97072
-70418
4202
13750
-65972
-82159
32778
-21708
-12048
53265
-20266
50096
-2087
-40624
-72921
23801
-6376
62064
6852
89181
55883
-76259
-45560
-95220
15064
-4861
97010
50203
-54011
56289
-83639
46436
4023
64501
-8662
-99382
5510
30167
-55376
35354
-14471
-57438
-46146
-27571
-56285
-26164
41067
-11478
-76647
-63721
90123
2120
-53746
-31648
7254
-17167
54094
-27755
85176
-72349
-86701
32964
-29324
56944
13127
97486
-17419
18821
-42089
-81286
-41101
-51065
55280
31206
-39874
32153
62873
17688
94635
4858
-76947
-73358
-96488
16588
9075
-76796
12125
74799
-71268
-24452
-92976
-12980
-98216
-75912
-10571
-31826
-84267
-56068
63169
-8118
-13739
4927
-18231
-51617
8170
81056
-51956
-94024
-82863
57078
-72615
6863
-49047
73476
51358
64844
92174
50060
40399
40874
151
-29318
6063
61115
84904
41537
50878
-33726
-65100
45699
72192
48446
-33134
3178
60389
74950
-54085
-9964
-48422
-79793
11998
-3349
41131
52683
-74976
-4974
-54125
-48724
18675
-37829
-3742
71558
-39854
92629
68105
-62189
-59178
14563
-18299
98320
-62280
-78808
-54170
-55036
9572
-83394
-11589
-63776
-87434
-3513
55260
11906
-12781
-65990
53076
37460
-75929
-35937
83944
-38959
7286
-33642
30920
87848
82337
92432
16786
-84231
-392
-24479
-16067
-78660
88182
174
-62296
-57087
7005
30081
-57345
2001
20719
69115
29127
-67148
10566
32297
-60792
12044
-46704
-96337
-11692
41311
-90453
-79712
11767
-35534
66073
7728
-195
-60720
13600
16385
-58726
-88278
-93503
-31207
58170
-17640
86162
34549
9126
-5890
-89478
93559
94479
-34807
-61431
-91334
-84613
-63207
-59918
65990
38601
17081
20326
-2273
68066
74569
-79475
-1096
-55810
-66051
31139
-66043
-67888
46014
25774
82990
-9264
-75474
71447
-545
78563
-33271
83308
95484
-23256
28967
29553
40882
-91359
-9763
-69281
15785
50428
48771
36090
-81963
42557
-58863
-23918
-5396
395
85027
-88298
78578
-94444
7516
6095
6575
-37987
92582
82753
47619
-88791
791
51673
93008
-96379
35887
-12782
42645
-17490
-21762
29931
-88677
-37472
-42909
88317
83655
-96707
57006
66747
-97136
-26346
-79641
-8437
26123
-35816
66152
27707
72418
-13098
81445
-69471
-78428
-76050
-98548
98772
51062
94107
-81337
-7039
18662
36247
-18337
-40406
-91680
-80853
4154
-75327
-69127
-91500
-35579
25373
13353
44179
-31315
-56297
18902
9810
-34106
74308
97227
52846
-17841
-5042
88839
12069
44237
-15119
50610
72669
-46253
-98545
-7765
-25585
57379
43889
61308
-70322
11055
-34661
-44113
84536
19576
48011
48890
-27272
4312
-80946
48085
-22283
-30886
82878
70380
61082
75271
219
73264
-92157
-73860
-34939
-91128
92545
79734
57683
45286
-49654
24944
64596
13364
72576
-2909
88864
-78548
-59492
-85204
40281
91719
-84873
-81908
-34365
-29555
-31499
75785
-38403
14603
56014
36913
-90660
-42013
-55174
79870
55971
-87491
-15816
-25387
-71840
29020
-36356
-27991
40933
-49397
58291
-77251
-88606
55157
-56844
-12410
-3620
-73644
-81596
25710
-34484
15682
19334
32309
-72874
69739
99005
-15054
-71388
77988
6143
-5064
-8225
56532
-54471
26771
-64630
-9200
98841
-16206
79547
-36731
-59748
-45666
-69962
61006
46644
-29016
-87065
-26458
62357
16738
-37764
48183
89180
-33853
44573
-51631
8284
-49618
50825
4406
-88825
-34612
65678
-58542
41078
-47723
40996
-32120
-34731
52910
50919
35111
-18898
97773
-95120
38971
848
94264
-50033
22528
13532
75595
75238
99250
-69397
-59112
-33307
-36416
-2017
-43832
6173
-30626
-60923
-19104
-37565
-56519
-40860
18495
48708
13702
98213
-1213
-49601
24884
-31138
-60404
10788
-29312
-70979
-87592
28583
23654
-40755
94221
70176
-11659
95656
57238
-87742
46844
95866
74085
2933
-39392
5165
60822
-76333
46671
-20234
15860
-60612
-70577
77627
-65260
71191
-40208
88352
55199
-92251
-57952
301
-99602
-58813
-88035
88605
-45234
32572
98437
-55290
23522
58120
-29303
-19680
-31128
94054
45824
39539
-70252
71441
-55592
-2911
-47656
9570
-26713
88013
42757
43713
19167
-92057
7947
-18999
84768
-42858
-74724
14776
-61720
17088
38575
17487
-10523
-47111
-80735
-62260
96171
-22203
6005
-19326
-69567
-43060
-45764
-18990
86486
-43879
30672
89480
9809
32334
30522
-29420
48326
-92888
-17164
-63837
-94204
86635
35912
72281
-48565
-89046
88855
-19475
-48549
23221
-69835
71650
70311
28575
28466
-56546
61417
-76822
-29900
62761
97359
9361
46335
51715
-79533
3442
96151
60641
-37336
50135
94653
25798
66512
-55136
-55020
-89477
-12022
53326
-2265
-78677
-40919
79150
-3708
-13859
88640
82144
31744
-91058
99066
-34365
21854
76970
-27258
-14017
-47989
-18713
-80401
-57746
-24832
-55810
63689
35175
79754
85703
-50233
45289
-87706
29041
60202
44705
-2042
-73381
35348
45528
-74000
-19759
-30597
-59204
-41210
-68826
-97799
47625
-58272
-76822
-21825
-33644
-73579
18056
-64406
-95628
-72103
68991
-52818
-75891
62336
49787
29550
30970
87649
-26353
37166
-71209
-35499
87441
-1632
-3608
-42337
48211
43674
71209
-94234
-46407
95721
68594
-57251
78716
97023
20103
-55805
-88518
42567
76986
92742
42871
-11302
62205
-44733
92916
75657
10824
-28632
-18198
-43238
83555
84347
54243
-99247
-47151
41843
-49674
93731
-92391
18820
-79203
53520
-39118
-68744
-18956
27593
-70646
-775
33296
-57140
91635
63531
-73670
-95151
-21462
33526
-49529
-20772
-2042
-98335
-40939
-85581
74106
87130
80612
-78486
51526
98322
39182
-82022
-87744
99781
90724
12784
97851
-13673
55463
78753
-22575
-7462
-17632
-49029
-47341
-50900
53469
-6185
45449
11390
51400
-37653
93799
-9489
73701
-68100
-96497
11222
53991
-20624
-87811
-53601
85232
-33855
25620
70156
74660
36366
82242
42269
90409
-65204
24594
30283
-50627
75481
75982
56941
53875
80561
49550
92222
-22965
92153
43489
90102
-66643
-62663
-62057
47060
514
16871
41322
-88067
72303
33758
-13561
42174
81455
59374
42108
-14802
-43764
-34036
12799
-35793
40954
6186
-52648
59091
-15408
28706
89068
34586
82468
-53685
-34008
22298
96193
41710
70150
-84104
74951
-23085
20415
-63406
-73056
55796
-34611
959
71323
63699
-56548
21870
-95706
8231
-42548
76843
61804
79090
87141
65728
15881
55214
984
-88904
29222
15717
-24402
-12290
-54154
75616
-97584
42149
-73332
-41033
42801
18561
-98602
14343
-18788
42802
81146
38658
-22251
-21055
-4981
-9375
55599
-88926
-60120
48500
-63510
-51687
-9423
-53671
-38330
69114
-39641
-25141
29096
-9400
86431
-42926
84200
28479
-34845
56984
-8203
68014
-25946
-54564
-71450
-95557
26657
-14080
13341
23562
18894
64508
77402
40633
-4928
36981
17306
-66046
-11811
-58264
2857
-5116
74298
89472
-74037
-58469
50385
68680
-10493
40811
-63839
-41285
78078
79612
1634
88822
75679
88703
-76700
-5810
56296
30703
19395
78526
-60607
-76653
-50871
-9479
79016
-30560
-51872
36318
17462
66939
-60814
-38966
7178
-75109
93663
65799
-4012
12429
48346
92193
3904
-29295
-92895
-92007
39356
-24542
20439
23603
-6616
-42605
3135
24682
-16934
7893
-71913
-51964
53770
-43499
-22449
-31616
62497
96578
-95900
70123
68697
-70292
-81762
-54959
-12528
74376
-58654
-48175
-62481
16400
70260
-48758
-39631
12615
-13043
94449
-73709
45466
-46123
62789
-19497
90594
75134
63257
96500
-28793
38461
58192
-95331
-78850
87269
-88600
75436
61682
2081
-88915
-90837
-9535
-61043
4365
-54785
-45859
-82446
15692
76338
63507
-91684
-47090
20635
12904
51994
14161
-20052
27615
-29550
26494
-82920
38232
-84354
-34348
-89761
-95470
93831
76484
-8201
-83375
19964
99996
29912
98459
96559
58139
70053
15964
-16212
72483
76978
63209
4183
-95348
29878
-6111
77665
19220
-52402
46256
97958
53237
-82517
-59795
-83289
65615
-4198
-11485
41439
8325
92590
20653
6340
-95324
-12020
92347
-55653
26621
-33645
-67855
5752
-43437
56614
-52370
22929
96496
3223
-67158
-42114
64338
27313
-39304
-19312
-43709
-66398
-83477
52939
-24954
39683
84117
-99071
-9107
-23994
13546
27276
-94136
-19653
59844
-4121
9975
97215
-6656
-61335
-29535
81857
-53755
-94240
13117
-782
-25691
-8442
54349
18569
70491
-478
-11477
98416
-71948
50366
-51268
-45746
-693
-4223
43073
-77582
-50195
-42008
88908
84569
8155
3365
83535
55068
-13971
19028
19984
58425
-88877
-54058
-80072
48763
77943
-94196
5259
3145
-50946
-50254
-85581
80905
94958
27221
-89483
18863
88426
-85262
62341
57126
59224
38637
-35788
55001
-49373
39915
-28473
-71074
37340
-82420
45604
-5121
56763
-65976
-89690
-72409
76484
-27867
98959
-9946
-88891
58962
-64099
42529
-48645
-67612
32949
22745
38037
99626
90876
-42986
25168
-49874
-8315
-61009
59649
-67701
-4956
-5319
-19599
91494
4065
-1782
-74462
-34550
-72056
-7383
93424
-13468
-90914
-7149
90259
-71657
83438
-95956
91329
-15171
58113
-62271
-58256
-19140
31467
-4234
-44935
-11648
76162
14609
49624
4314
90794
-31583
14608
-60747
25548
-97140
43820
-2320
58917
93172
69087
-54115
37946
8838
9997
37142
94122
-37409
-88349
-56777
-36900
-68262
-55840
39099
53142
31098
54135
38326
64943
-51663
77133
3372
49373
-35445
-48227
56653
26664
60410
69115
-42866
86336
98942
97334
82661
-42711
30641
-35178
68641
-48748
-64532
-86844
5475
-51574
-4263
75721
10877
61057
-67561
71215
13989
50897
27139
-81660
68501
60800
-62871
91836
-2621
-39303
-66105
-1034
-22600
12828
51834
88919
68880
45679
57800
14931
-627
81969
-42039
-64694
73047
-90545
46066
52878
-92268
-9296
68863
643
-32864
-38677
-25987
49120
-16535
-69480
40369
33490
-36374
-25404
49000
99775
-81918
-38082
32669
23463
7280
-39474
28160
-31001
-73874
-85498
-97815
80216
-2010
77936
72921
21972
-71595
-99034
15464
-43752
-58117
68737
37905
-15803
-92228
31593
21462
63425
-78569
-25716
-13743
-84358
36928
-87318
37337
51979
-73637
24972
94541
49719
74455
-73836
2816
2578
41957
95600
-68479
35774
31700
73257
-92603
97619
139
34584
-63693
71832
54434
-83337
1804
84270
-37603
-27179
-22602
99021
-79419
-66589
-32221
-66715
80869
-17876
24994
-99738
94046
-47134
-28862
-9061
85223
-91181
-89761
88177
-77467
-6853
63306
34134
43555
64178
-95079
27389
-19794
-72250
72200
99133
39184
-47453
44554
84889
88743
30319
-69456
-46309
86945
15090
79157
84185
-31722
87475
81379
-3367
-3263
95326
-73050
99793
-3236
-61920
52652
-38841
53656
-60139
-69195
-59305
91766
84057
-7108
5907
63749
-75461
-89086
4996
38712
-57584
-15245
-15665
-86301
83427
-24521
-51725
-54766
57930
-69096
-44049
-9338
81172
87883
43456
-31603
-36066
-98403
73992
-35075
81733
-5509
73227
11532
69493
42142
-70062
62991
-14304
50449
-70734
-36659
-44789
-67744
-47385
-39616
-41918
-28961
-39399
-51673
92332
-49324
-92863
23818
51385
52674
71589
-82804
-51401
-57197
81279
-80410
57668
30177
59900
-55034
-54626
85984
-35424
-84605
89494
-36180
-20026
43963
93284
4331
51269
-60981
-92653
-8033
-75921
-57046
-34339
-53813
69811
81506
20049
-1602
52642
-93908
1712
-98112
28878
57256
66200
-90664
53518
-78026
-18920
-54408
-62497
-73164
-18334
-24889
56741
-34220
80734
92489
12495
9944
-2341
65772
-43560
99117
17120
68529
2857
-30366
30561
-10188
-79909
-13693
-72371
96986
-23973
-44586
-62140
-57577
-60761
90737
60838
69465
-18828
20086
-34105
-14443
-82062
73645
-3138
-7828
-14873
-95428
-20003
4281
-43592
-75451
61691
-35014
-79033
97116
42348
-488
-63819
19427
58322
24020
-21816
48197
-90611
-43184
40744
-12469
55629
-13128
-85436
14430
67145
-66357
-28974
-13222
-16632
-9462
-21261
35658
20061
-66245
3572
-2426
10672
-87398
-88335
29990
-81162
97821
99028
54498
-93182
36835
-26885
-81976
-18187
89080
31032
55192
22162
84359
61745
53567
43244
-2275
88488
-15314
-69568
34453
92566
63959
-80289
79398
30000
52228
-97212
29381
-27381
-66092
-14460
78136
97179
5714
-64157
-1415
42839
-52749
51394
-28285
18553
57708
-80202
10684
30817
21742
92213
-33346
49049
84735
-83798
89731
-5005
95798
-54296
-2963
58255
44883
-61382
35760
-97735
10360
-81703
19293
44015
37960
85367
-22965
-24961
-22693
9976
-63900
52431
41563
1728
-27895
64247
-59138
26087
-10589
18952
-54368
-29559
51655
-95760
-73668
15099
40965
92917
-59577
-1448
-40882
-54689
31977
-92679
-69441
-11469
-52712
-21118
-88882
-46823
91347
-39
57104
39519
-90439
-75918
-92956
-83114
-7677
89542
-56320
76762
-61340
79010
42966
37808
62780
26332
-88350
62152
-50893
62176
25043
87777
-8328
-85080
-95277
-41205
-96042
-60470
-78603
62408
-42768
-63189
-51526
94988
10585
12945
85696
36196
50642
12311
-20344
29171
34145
61561
-67678
28566
-75830
73999
-40265
-34391
97453
9303
-28493
-74845
50875
74411
15437
-18211
88534
-96815
-91852
22320
10373
-10063
-83753
-95237
-94639
-16095
-47471
-27964
-92801
88157
-62480
-64266
37417
39122
-61663
75016
71995
-19623
-15623
86846
-84793
24321
33442
81993
16070
-64443
42784
-47734
6892
53980
95231
70069
-72282
-3472
-53413
-60272
17331
84902
44684
55961
-23140
40476
-63636
-93625
-29167
-57807
-94971
94633
35618
27005
-81316
26539
-23529
-50527
37652
-46344
99948
51194
59457
59769
-83476
95151
-58550
-78726
29032
-86358
18938
63534
-93292
-57436
-93917
-42743
-58113
96216
-79569
11595
41774
41433
30148
-57763
84948
-84417
64211
-79661
-79569
-27715
29758
-36974
76289
-58802
-89436
-33461
29865
-26866
-16758
-85979
-99874
-91099
68071
75833
-50231
46302
-9972
28599
60476
28182
64238
47206
-10606
20751
-36975
-1272
-71325
34596
-56621
44827
-88220
80151
29715
-5892
-29606
48582
70396
-56409
79865
-32195
30386
-71271
-23907
-30684
24279
-99946
23076
88729
-89670
26567
16358
-8807
-87012
58939
-84526
-28905
-8223
-7858
-87386
-30289
68240
4327
-4790
-16332
21255
-95910
59594
91173
-21634
23087
-53778
-58369
71029
-6982
30136
-18580
33277
22953
40122
92889
-20960
-29156
-3439
10277
83759
41710
46850
42997
28966
-61869
-74641
-32924
-91075
7706
75125
3352
84366
30545
74725
70832
-66339
76167
-39778
-16103
-33783
-86612
26180
-66688
-27506
76821
49503
61217
78261
-36196
-71534
44478
3865
-33947
29109
5356
6742
80059
-61358
-39481
-3313
-23016
73081
-36538
12636
93443
-70080
78249
-98225
41684
-97061
-51569
-44383
-26349
-28588
49636
-85634
59007
28903
29559
33002
-69462
-87684
-64599
75406
-75519
86465
-38911
-45917
32170
-79581
-48355
12154
-21370
-60630
78148
40933
41366
20655
71638
65286
76601
16634
70052
32626
9235
-81860
52252
-66816
61386
-6555
24669
-30924
-29782
60195
-32151
58755
27048
14777
85368
79747
71428
66295
-31703
-64783
3015
64348
30228
-94882
-56532
97284
18298
-99018
-87973
91279
23582
97966
50128
-48879
-13459
-39158
667
-32849
-20392
-60664
-4800
83292
46019
-99540
-52354
4272
-10091
-58903
-83923
87330
-89488
-30551
-68032
74722
-41350
48569
58347
8726
93722
-64172
29022
98862
98047
33611
23342
-61338
-44838
37069
11477
-98536
-51156
345
-22320
85627
81785
31037
1254
-53636
7964
-32311
52873
16183
25780
-90091
90965
80530
-96004
-71956
83253
39862
76281
61972
-29147
70123
-8564
-26565
-77870
-98097
35687
-75072
-94307
89587
34076
8346
22462
-79470
-66863
-78359
-40635
-95249
54416
52503
85628
4234
-81029
-67349
3881
37886
50077
11626
12912
-84678
-549
-69398
46100
49882
-75575
-25932
-81634
-84831
87448
84309
10902
-72107
-41170
98369
-21906
37240
20110
-38427
-91073
19678
-58826
83464
46890
33264
-55608
-1315
-67615
82555
66976
-36569
-39554
-17483
32324
-76919
-68272
29390
25593
-66583
10871
10031
95090
-69184
27941
75027
37412
17218
55876
94014
-58187
96548
34998
9181
2258
-75634
65528
-29060
-34785
-73185
-14816
-38946
39498
4055
38853
79292
-80455
15398
1597
-89891
-51807
94926
96769
-58738
-67848
1719
12845
5247
58050
70415
41956
39354
-61752
-99621
14225
5376
-44056
19743
-35256
75458
-39547
-53658
-39030
97977
-23074
21295
41063
-55646
-85059
52596
-12354
22490
-88762
97624
-2976
72849
-40529
7276
-36589
-54994
11342
24926
-53774
28927
397
76606
-53518
85851
-90693
-67218
-2241
91159
-98819
56998
30405
80993
10082
74849
9482
79612
-9068
54888
-33480
79960
55785
95545
39609
27789
83865
72788
83003
-14476
-48885
44065
44307
-3870
61576
11777
-51715
-59902
50769
41775
-2431
44238
-78517
-18669
-84686
-39958
86040
69539
4113
-91875
-58366
93494
-51954
-46676
-25391
-60697
11310
-76651
-21316
47778
-71160
47781
-84932
90766
76457
-29066
-64837
5847
-64681
16585
-64020
-66858
-33741
-3268
78772
73376
41527
37160
-86331
36968
-68769
-19815
63628
-63470
18085
47659
22464
-5675
-81884
21053
80987
-59509
19294
-96619
-73114
32216
21337
-13040
-99092
88821
15780
19332
-7472
-61480
92855
-99404
-93061
-9150
39864
-16914
-3859
-47004
-33126
60549
28533
13679
-98528
66919
-47428
21239
30592
27546
-60101
-13182
31330
-50281
10957
-52557
-75193
6019
55838
96270
40135
-31226
-61885
52071
94387
-8182
24292
-47444
53465
-90094
-24108
-36341
40869
-19852
-84991
-34623
-540
93621
-84537
9281
72420
93823
3231
77245
53176
91969
88564
16147
5464
-38301
26326
83927
-56540
30373
97415
-26375
-79927
19219
54451
-4205
91388
76135
-31555
-2158
68516
1659
54581
-70978
76180
45545
-34203
-95449
-73354
-32767
-12021
-18
8899
-38874
-66144
-3987
-68434
85829
81239
1156
-21215
38323
-32991
33921
95070
-1182
-67155
51691
-58616
9472
-56722
53803
6331
-64915
-68780
60632
-78507
11030
18972
-90467
15896
56307
60163
78601
-90712
38873
62230
48563
-25298
92348
57189
-34872
-38753
5253
-51819
-23501
-41833
13580
75221
-15961
12575
62003
6121
-94836
73678
28830
47586
-90108
-71733
92114
-88082
-89832
4080
-2583
13003
73028
5450
-81489
64023
-97445
-97859
22045
-67964
-67752
83140
10672
73063
-25469
-57193
11684
51887
-15555
49893
-78574
99378
84520
82112
-83549
45027
-5835
-52071
82864
80992
55947
4768
21688
-98392
9617
-82227
25533
-63958
64024
44029
-37061
-22216
-29720
92596
-40954
84187
-30299
50177
-19009
3840
10846
14911
-1870
-46961
-51853
-3977
69711
-60708
-86688
-55901
-17405
96886
-30550
-41778
19955
79773
-74460
-63209
19541
-94446
51294
-82476
-48342
63622
58539
57618
-36196
-56140
-55858
-1669
-30800
-49846
65985
-26991
-60633
-99134
3873
51926
-59977
-22704
77945
4366
97121
-70796
-7447
-15716
-57425
-23057
73074
-86135
8652
-42222
-76191
25764
-71553
36465
56086
-87997
70150
-41417
-81807
-51097
-14133
-79085
72088
-89538
19269
-81839
-94426
76353
24430
-74045
80371
-97026
-25124
-62755
-39812
-63376
-51777
-75551
-59921
-25270
96182
-82513
-15018
-4461
25998
18942
-85667
37546
54743
-48472
44737
-10261
62693
93983
-69225
92458
84896
70077
-9289
93212
-49208
65722
93443
-94698
80138
-74953
29015
67437
-65289
89207
-69617
41084
-63961
52333
66287
9923
-88087
-98769
-22221
-8340
-39579
86538
-68748
-1110
13905
-20688
15668
-81670
-65268
-98355
-64570
-1077
91290
48888
61149
-11334
86653
-99388
99055
89718
-42836
74933
93061
54915
75123
99471
14306
-75110
-51354
84938
-92851
-26835
-4797
34531
91133
78983
-63325
-11124
-98847
-49582
31197
38340
-29047
43379
-74056
-35519
55476
-95088
-62710
56009
24823
37425
-44751
63519
-88378
-54524
-99347
42843
28194
84666
-43879
2579
94431
84432
-51900
-70219
-79151
-27032
-86480
-15049
-28973
40149
-19802
91877
82931
-72266
83508
-52199
-29699
59321
62469
-35767
-64222
39553
-61157
89338
25733
-31838
-90901
-49773
-83549
2825
57237
-78196
-66980
-86535
16382
83077
-22558
-66128
22028
-84109
-2115
27752
13885
-19659
88440
24377
1572
65733
32492
49563
95426
-35767
62630
-78966
50045
39241
-70792
-32190
81919
-57284
-46823
-25174
46190
45371
-56711
-87667
88003
1111
94438
26883
-24503
-2426
86036
-9874
54900
-32008
-20404
64672
13084
-2360
68276
35418
44372
-19058
22007
23215
28907
50897
84176
-22584
62783
9497
-95432
-7232
86841
-56989
-90134
-2577
-66392
97326
16335
-30907
-23427
-17677
17868
-39540
-34399
-15183
28452
32527
1135
-77146
52234
-96871
99857
-19366
-58425
-68970
75642
18580
-72124
79639
-56515
-81424
87605
53233
-15159
-88247
-82270
-90428
-66430
90768
-44845
30489
-1988
20670
98328
46949
98902
-79514
42162
-74261
-17935
-28957
95202
93245
95244
97777
61771
-96606
51133
82840
30214
50899
18638
74691
-66430
54752
-42894
-29969
-14442
65200
-63389
81919
-69019
94629
94681
47084
68269
74206
66792
-89383
12140
-95082
-96009
97412
-52497
74025
67800
-71975
-25800
-36873
-78903
-70495
-8885
-80799
98118
7767
-85419
4721
-75895
-52453
-16582
22
16992
-36288
20090
-70388
-24600
-74176
-18690
56474
6699
-86193
29829
26549
42836
-64756
-91610
78338
11275
78228
5825
35385
-28751
50545
41478
86309
-95367
-46160
-72223
12168
48545
-27568
78529
71067
14220
-21290
-82108
-17742
38718
66046
-46655
26238
87539
33804
80113
18349
97436
7872
-14598
16940
-74697
13415
72538
-50612
69898
-32882
49324
-83518
-87301
-60526
24282
11976
66063
-43949
-50976
-66974
36733
-6777
-88648
51771
21358
51754
39080
10990
-39212
-85805
-80412
49440
12964
-63774
-9247
91722
-27343
-86378
-37833
37716
32359
50939
-3151
-95971
90976
-12416
-87819
38487
11366
-55705
-23286
21968
17286
-64171
31627
86603
-9523
-26295
-537
-16372
-83358
45545
-87662
62963
-78337
34744
-94132
-32896
-81138
-92443
3212
13365
-50852
67580
-71927
-27175
-66820
-5953
-93852
-20392
85435
77200
-75787
-80952
46779
83653
-16528
-22842
50478
88734
94260
26431
54385
-73198
-12944
-63797
44610
-93371
-67982
59635
-87648
3543
79373
15443
-16706
23766
51047
-56037
10595
27603
-18083
33135
34529
4370
89171
48622
-40209
-17765
22171
-95600
91749
86701
34688
86889
41492
-42606
-15631
-15094
96320
60174
60037
32903
12412
-39183
-35601
-71150
98720
52940
63487
44166
-19544
-1344
95634
-7360
-27860
72242
30296
74600
51384
-37798
-11008
51598
-58617
15675
-57022
77934
-65887
67245
-9080
-68394
13902
40790
-22918
-3809
24949
-58249
-99163
90838
90454
-49886
61895
69759
97697
2314
-75591
17327
-3599
32563
50361
-15976
23592
-77752
28755
-11678
-80665
29195
-11668
-11724
-79126
8294
-52693
65297
-76353
-34143
88709
57503
71585
-59091
-82653
53316
-21387
-32995
-56719
-23063
800
12084
6341
49696
79363
-22567
-65366
-83934
-96556
-40153
-68663
-98767
11034
-4447
98995
-11940
29957
-95933
-55347
83361
-84185
-39181
49049
-1428
-20845
-26986
22621
84862
38801
70911
-93262
72873
99130
-32061
97962
823
57398
-8216
64543
-38101
-49584
-15364
24468
13471
67443
59969
12363
-8180
90308
42502
9507
-93400
-59493
30801
-30166
-48598
-95586
-74824
54215
-6103
-87364
-38001
47613
-64990
-63740
-21445
-97763
-2087
56991
-51227
19467
44566
73776
95882
-95062
18128
36039
-29328
74151
53224
23420
-58701
93727
-37940
28078
66174
6702
65980
15640
-31979
-61419
-61271
71052
92686
-64825
-83271
-12528
-49376
28432
35944
-61998
8147
-13533
35144
-95224
-57385
-97154
-34263
-49944
-27663
88188
-52077
-76159
-56048
72823
-62928
12405
-14466
38807
95879
-63533
-70798
-95876
64419
-60523
-92926
97348
61074
33267
19765
38905
-93943
-74847
6582
90842
-155
58604
98789
-77372
-15924
-98515
81672
31613
-77198
19303
-64545
-21795
84727
-68477
92501
-74278
22190
-47707
91218
7342
-95495
95914
-66579
92711
-64560
32449
55679
29643
77088
-81373
-49005
54757
-240
7792
53817
13360
1054
88679
-69638
-59169
84264
1346
-43995
74375
69767
-21716
-44536
94122
-66282
-57568
89979
-89887
78736
-87329
-15914
-63259
-23785
-94195
99714
93946
-58735
65833
3821
-27080
86957
39719
83543
32183
48964
47724
-60790
8150
83738
-11610
18022
-48216
27523
-35131
35738
-69316
-25566
-41511
66607
-44408
6605
-30903
-97154
82610
-82100
-46035
33282
-58118
-74367
8521
3976
-16378
38753
43815
5763
-61109
8288
-59824
-89412
-12458
27755
59302
-95194
64629
50703
68129
-63217
-7804
-34569
-85980
-29069
77015
-68654
93499
-27477
39873
-82285
83956
73026
-84545
-65070
89175
14376
75076
-78960
33795
-2048
67298
-70889
10086
17492
90962
-16640
48344
5224
-13792
-27121
-78507
1836
18102
61432
-83371
-30837
70531
-72955
59722
4576
-52281
81039
-97355
-84920
-73154
96681
-28891
-45806
19814
4253
99598
-35053
42223
10318
-4478
-87209
-89857
93628
16270
-69966
72734
92390
24180
48948
-54203
-85494
-33920
35962
-11650
99848
-72631
52513
-13897
-52251
37126
40662
10601
-49685
-18614
-91383
-39264
-55123
-72931
-60096
40550
-58073
-6983
-99512
-50928
70276
-2722
-86714
81188
-68678
-88558
-76373
30245
21393
72825
-65659
-56898
23233
-94132
-39885
90503
30328
38329
19825
31606
7674
-81641
-94895
41573
-47709
96388
45899
-83845
-98552
29342
59883
-21830
-19972
-98022
-84504
93733
-36178
9412
3349
-22964
-69137
29971
12657
-18443
-50862
-39704
-52071
-26263
-68883
46179
9245
-94888
-93381
80162
50799
-60055
-98973
-66216
-3529
17954
98900
-84859
17284
68337
-24633
-30825
-8226
28885
-34970
32733
-14921
-30932
30923
5668
-43265
-95847
20449
24688
-30825
-36015
-8793
-82152
-68195
-74621
-63981
-5697
-27098
-89758
50387
40107
69386
71824
41262
-8573
1432
-4248
-15543
-62807
-38294
12072
31238
-96718
-4268
-27910
65223
17854
-8202
-27875
-57008
8057
-45135
37300
-63285
19437
-80586
-11861
-27932
66305
81850
63682
-10668
-60015
70278
53752
-36164
92523
-35286
75604
-3609
11172
97041
63762
-34062
-90218
47280
13737
-36088
-64905
-58599
-57803
-75707
-43050
-91796
15366
9532
-17356
99244
38021
65876
-5124
57583
41853
-94899
58784
5999
97933
-51680
16338
20799
-15191
-94395
55580
-41705
14280
57230
-29731
-65072
61550
-51023
-76703
16043
3350
-58973
-87397
-24373
-46021
-42913
-60671
97923
-4669
46149
-6460
-41398
90953
-86432
-81749
-74165
25029
-79616
43787
-84647
13658
35270
-21083
-81664
19837
21118
-28068
28983
-9155
74150
51217
44337
95858
-79603
37213
65234
2438
-56937
-78934
19967
-45029
-12387
91375
33998
-99432
-90447
-38138
-40163
90899
-62273
-63381
-70466
-28132
85263
27283
31120
54308
-49370
-4442
-57495
-66679
57548
-21669
-64273
-20417
-98839
-45073
-92730
-15524
-82871
52930
-88541
32000
10879
58446
-70657
57630
31717
64260
-9560
39148
-9663
13317
-67087
-25501
-40893
-27974
-41526
71411
-99990
-98992
-23702
17415
61447
-85933
-18008
33584
-73190
12902
-36118
13616
87384
-18532
-18380
-18778
68174
10359
-22686
46673
-3553
-13253
37553
-11390
-43351
-12947
-14473
-52317
84678
-62931
-59853
-93859
-27153
62701
-76673
-63445
66682
95885
41250
-9479
-16188
69653
-51774
70328
-13591
-88626
58678
12481
-45136
37501
-52422
-14621
-88252
69693
76923
-55221
90141
-81800
-26989
-241
-55298
-94142
36367
-51497
-71081
84370
17771
-3416
45130
-93987
29919
35086
53770
72656
7314
-92058
-43616
-7318
-94483
-5563
-38456
47989
81419
-46392
-21640
16287
-60724
58745
-72768
8761
60041
61275
-15348
49739
-98911
72851
29575
63825
90674
70963
-91430
-31337
-55644
69923
-36526
-69460
30559
36718
78752
-32378
-15908
57831
50041
-84814
-61543
75958
38174
629
75430
-86142
92918
-19451
-77859
4860
65047
70557
74927
37638
-49117
36993
-42344
35135
22927
-92082
-42252
-87123
97919
-76419
-57812
25989
2829
18932
-36727
34393
-13655
-8248
58921
-85857
24346
-67436
-30514
-25639
-39581
77039
-51372
-78618
21952
30092
92411
-37211
-64688
-97229
27682
47042
-82868
-48488
32213
94430
-74315
8789
-66179
11487
73676
8649
-22666
62545
15675
-20788
38014
45623
-6703
-4082
50696
61747
26795
-34677
-59728
72205
-24338
-71700
10826
-79133
-39760
-36354
42003
-68050
-13706
93383
2377
-13524
42008
12362
62678
-10065
-77567
-96103
-23064
-36670
76243
43922
66780
-15245
25703
27127
53400
-72318
-10254
14574
29048
99620
78403
-82543
-32161
-8588
14184
30771
-78416
86391
-72143
-79631
10645
458
2188
-32336
-24516
-30229
90511
-6856
96162
-35104
38805
-9556
-31289
43015
7487
69157
-73407
36411
60508
38123
-42003
47968
42915
65103
77056
83788
87965
90088
-8133
35474
70175
-20568
28413
62124
76469
-73894
-34702
-43708
-51045
20282
-87958
-35489
-31451
99568
-82684
-86489
-18306
96619
-26679
-87085
-7603
95703
81301
39157
-38989
-79814
-11153
99296
22641
5872
-326
72819
-35097
12801
-1851
-7865
93367
-6564
1213
-86927
84360
11059
40258
-60876
96422
70898
2262
92678
-70585
83484
41586
-19587
94505
61189
11891
-37354
-78762
28006
-47375
-18078
-91127
97888
92976
-42354
42859
78928
-40464
14221
-60938
-44725
-72545
55908
67387
35574
19567
60753
-38146
-2619
-90814
11801
88895
60238
75904
-50835
-35180
83209
87371
-49352
98289
-35290
-88310
-73400
-42486
39627
-94622
-91050
-19121
10537
94595
16371
61590
99130
-1122
-11566
80279
77593
16052
58540
32208
29949
11594
-77933
52745
44435
-43143
-54441
-78926
76664
32546
86031
-93080
-14000
-31298
39621
37974
15686
-76397
-92224
99448
9440
-53822
74158
45563
-61763
-28611
-44178
-32767
-94674
1623
71160
28224
-78737
31156
-26902
3338
80833
-609
72367
20199
-9243
-25158
95438
-70498
31862
29008
58445
55123
-36252
-7609
78335
-95990
-25335
49777
-21967
-4534
99177
-52991
-8915
-41764
1867
-14950
-21399
-77581
45102
-42749
77711
60901
16554
88183
-86934
-42729
-73819
-78246
38634
-91912
-90962
-14331
-76332
-38748
28537
51458
-69943
-8344
54775
40595
-79120
3941
45906
-15443
8387
81165
97090
-68286
-77581
14539
-7025
-14148
-80775
53439
7843
57285
81786
-28697
-54837
93059
88726
59161
47754
-52255
24846
90220
16730
9865
9295
-14857
82560
-26066
7775
-54991
-65142
-62075
76387
-69001
6376
37779
58186
10797
97317
15777
-36774
79228
41728
-60467
-82667
63225
94187
-52229
21191
-12507
3487
-58904
18607
90193
-88998
-63905
95624
-36902
-35274
-28220
9651
3218
37287
74445
-95998
29183
-92719
60369
45475
12861
99204
-82888
95527
94910
40213
74707
73774
2482
-76646
47621
26481
53506
12865
-27426
18732
-50379
21517
-79864
44262
-96906
-9553
31770
-97314
-72275
-23683
-64694
-28396
-45431
-29807
-16065
68145
-85601
-24639
73349
-37293
-38420
63030
91226
22393
49590
18411
-50139
-48440
-23791
32964
-84218
-92424
-14658
-54392
328
-99874
20910
-90627
-4941
55382
4068
84063
63487
-88884
-84552
-71172
-90077
28647
85367
58735
59210
73428
65512
92919
-38937
97386
12586
-25293
52959
79487
71417
49212
-90715
88647
91215
30303
93028
47331
71719
-20555
43861
-49586
71004
38881
53616
-72225
-88592
22950
-33729
87099
-81431
-63389
-87667
-30373
66070
-80533
-90050
-77898
55920
-59579
-26504
-29365
-41765
-53443
9087
40397
50764
28581
41759
12074
63812
-81237
-23870
19578
-32390
-13800
87585
-27327
-34794
-24733
72919
-25631
-88870
74992
6033
-27041
47195
19944
-60830
62671
-73107
30645
39475
-56161
35422
38554
22744
-34114
-42472
7534
32701
-51865
-14806
-9229
57087
13518
-72672
-56745
-7913
-75739
-84466
-70138
94449
-48181
91884
53226
32283
-13358
-65573
-6592
46041
25707
-18298
-89256
49429
51888
-24924
-76759
-20493
-11058
-82343
32014
13315
95885
-6340
-86367
15184
-64514
-12172
3763
14613
-46656
28859
-77083
-34929
75886
-81724
-89562
-97874
21609
46329
-95607
-5659
-29187
-18147
-80255
82528
78706
4433
62333
98453
-51918
-56142
-30630
11892
72978
-49441
99145
18680
44478
9432
40959
-27681
78790
-13374
45778
33462
94847
2823
98423
-25458
61719
93210
-1899
99787
14329
39256
-55227
-43750
-99943
52170
90985
-72766
-77540
-86649
51430
74708
-79705
36278
-80385
40061
69571
-86862
-3889
-15238
-56790
-39290
60451
-85462
-84175
39895
-17166
-80897
85969
-85983
-9415
-5618
-17517
-2919
35511
18695
47704
-48014
47106
-6722
68162
-97284
-75131
-8473
-2173
58470
20631
-9631
28224
-21852
14456
-53207
-89823
-70356
-27158
77423
20344
13018
67178
-45755
-86581
-92301
83273
27828
-29761
-22458
53356
-11543
-46557
-5650
-17828
-21555
55703
-64203
91531
49394
86744
27539
-76572
37609
-27863
-95724
-84339
-80080
65054
83095
-76164
56712
-15288
-95630
-20429
39461
56056
86387
-359
-21377
4274
-67262
60599
31046
-68816
99042
95372
-95758
68815
-44330
88077
-86856
-11430
39328
62460
80600
38962
-62364
13603
-5357
-77097
-49236
23661
65339
-51051
33861
-13918
-7838
92493
73990
-86467
2228
56927
9584
-73940
79073
38897
88689
-23708
40498
671
-51965
-60770
-33091
-51201
-91279
94321
-44044
-70321
44858
-63923
56791
36221
70478
85841
99914
5011
-34187
95754
74817
67838
10255
-98487
5271
-17479
-45706
-41824
58174
-23269
-16897
91064
10129
-68487
70432
30226
11270
28537
-5909
56344
65919
40884
81401
44767
6591
62599
-4830
-95556
29433
35447
-38424
45056
-27836
14398
-17997
-33263
24108
-93450
-54601
-49242
-25054
83233
41777
-37410
-70061
-79917
-38191
-41474
94358
-84932
-60046
-17914
-56898
8278
26628
4206
49039
99495
-26357
-67198
60110
-26765
-80128
74007
56945
-3326
-72875
-9367
47670
49801
-50026
88914
55888
-97672
-1749
-27799
67643
58208
14522
-17291
-21519
65982
-7767
-84467
32309
-62232
78401
-16307
87948
-41198
-95186
36343
-49141
-26307
26595
-69213
-52404
62718
33050
-96732
-75462
-23577
-73351
-77639
-47860
-39020
38864
-57171
51279
39187
-60737
54412
-77541
-75087
-66379
-17790
92903
-35875
50899
-38959
89401
61372
-70738
-69458
-64266
44040
92339
-15623
16087
3429
-42970
-51176
99836
7746
17219
60527
78875
88680
-92027
9021
-23407
91235
59716
-87146
-13095
1673
-8455
-6407
-28902
13611
-55458
-93555
50778
-12328
98032
-70531
84433
3272
-15082
16620
24216
-18260
-73572
38935
-80000
-56304
17752
-28474
49407
45737
41197
68463
34118
-58943
-81619
93223
69678
-4932
-37542
6533
7248
94150
88325
35477
-79053
-2533
74968
-24330
16928
63218
-35921
-77679
-71726
-44729
-26592
-53578
-50870
-50045
-27109
51989
574
-41205
-91219
-79659
-82127
-61278
-24353
19668
13342
27260
47099
-16708
45774
7712
86958
-90498
-55735
-59784
-47223
-19346
56169
-9160
-37854
-78533
8394
-63831
86103
-92983
71453
87313
49650
98861
-92836
50689
-96664
-65724
-46248
1979
-59844
41072
61037
37181
