7500
-35829
-82627
-86070
88126
-98703
-56340
-48037
-26095
-38473
27068
-2901
-93436
-33645
32777
38658
89557
-22618
43359
-90445
-9906
75902
-53420
-1626
59944
82997
85826
77713
-71717
-6538
-10018
19269
-22973
-83232
7994
-49755
-98832
-55293
1491
-32527
-9398
24071
44248
77632
30495
-95125
-36808
97548
1611
10539
-76826
-69401
86787
-51908
1388
74828
-72194
11057
79849
75856
-98816
-75137
-50263
-21128
-86588
20893
-79073
1252
19845
27013
60289
97896
16873
15320
-87296
-10821
29899
-95010
-16285
85448
12963
-19797
28927
-60190
-45036
-98467
-74155
-67179
-94254
50113
-40184
24279
75758
-63403
-95367
15006
99776
-64856
26433
55819
-94352
-90018
-39158
-57213
51232
-86512
79626
34207
53434
-94640
-78371
88185
-89135
65098
-87681
6119
23030
-47099
20835
-60796
74138
44489
-84366
85417
91099
18459
34403
-98373
88429
8932
-93965
-13858
-8858
80688
12226
28040
48933
89233
-33846
-45392
-39904
27812
-22532
-71260
-9463
-77205
-67015
-72070
70429
-36263
-80023
-30177
44233
-86419
32892
3339
94137
92790
29051
-20203
52862
44853
-70070
90210
-6566
23967
-63876
-88903
-7509
58689
88275
22322
17587
9342
78610
35981
-90048
31412
59969
38944
-33924
-42627
67901
-20440
81619
-9071
28345
89919
-22916
7113
-4139
-40082
-41369
51390
96281
58074
91329
37520
19854
36827
-27609
29571
-30279
72874
56100
-63869
-93707
-20616
99368
-9336
93420
-58597
6792
-81388
-23759
95843
-42068
96474
-53571
-7861
-11622
88377
78021
-22772
-7396
-35739
8820
74827
82191
-97433
-12790
2226
9099
-83206
17617
23643
62762
75478
79351
-31831
-59593
80715
40781
-40463
22709
-32957
86619
-91754
51273
32874
9565
80435
-42939
59113
-29922
-33744
47121
-56371
98096
-38153
49656
-73913
-71035
-28223
38092
-26804
-79058
-46710
82423
-92131
-21331
67363
48928
-15839
62264
87718
-970
9325
-39603
-89533
44060
47718
76652
69113
-7439
2622
39350
23137
-17349
39962
-84384
50980
47535
-8556
67540
-47411
83359
67740
48228
-68679
-59136
28025
-71637
25451
25559
12974
-94590
95292
-33344
-82057
79196
-90512
-50533
-47502
37119
-40285
-2093
86299
82528
50402
-72884
17520
38937
-15594
58089
-52109
-87863
-81702
-71497
80718
-35704
41518
8953
42320
17669
55429
-67952
-50475
-58369
-77639
-92729
-29307
1116
-31137
37177
-25229
-1303
-70988
-76257
-66011
19055
58806
-13574
-2573
31406
-36209
53913
88328
51833
76396
-89080
-68026
66349
57389
-76203
-79290
46863
60149
-52160
76220
-6271
-33184
-72706
16633
-3103
-15404
-61334
-16565
-21953
-23568
35785
-39745
19704
-15646
-8328
-57977
96500
-93099
-69580
53366
4536
53511
28038
-44953
-93592
60536
30729
61374
-20707
58238
17881
33670
-89313
-3082
-51814
88314
41791
13397
866
-69153
-428
-83876
57668
66254
73808
-4950
94010
-73904
37757
20779
-90770
-96478
34714
-12370
-66075
-91881
11084
60117
18761
-92003
19331
90789
51729
-12393
-11862
53245
80079
53034
-14518
-50140
-49835
-66540
-51972
77499
43589
-84234
-77495
-87151
25140
-19790
-86688
-84907
-35014
3247
30770
72870
98905
79929
-41234
-91961
25928
65286
-72748
44974
77403
38803
85176
-56517
-70000
-53139
63254
90630
59512
71180
47564
15825
-8256
-92582
-34760
-23715
-92645
-93551
94126
33944
86606
40386
-34346
-21517
-24105
97905
-78559
44178
-80133
-162
61926
23837
30187
-58273
-31395
-55180
26130
64040
83318
76415
-94275
25261
58071
483
5800
25182
66865
-81712
-19871
98961
-48578
-23113
96539
-29954
17113
-14183
27858
-1437
-88903
57467
1109
39240
93131
83958
49013
797
37163
29994
-74296
-38145
-91776
92051
-68198
-34279
-143
-86733
62578
-14937
-98488
50095
25340
53270
-33951
36534
20824
64968
-77874
-65892
-85186
-97997
58059
44293
-20277
72873
8985
-98948
-14227
24434
40505
-48093
-8216
20885
8646
11717
97538
62838
-69777
-46713
95057
27353
66256
60350
-90977
-17724
-85779
94554
68087
-76989
-92662
-50369
-25329
61253
63082
62644
91025
34596
-57950
72628
-6712
5762
-87272
70114
-66461
-46578
-19555
96538
37033
-35482
11877
24867
-67462
-93033
15199
5824
87166
-82752
93429
-33050
57452
28308
86370
-81721
-89223
86781
-6038
85452
19227
-80162
6907
46690
75256
46641
47838
-596
-82704
-63536
-33190
26646
53572
14095
-97563
-71735
54241
9221
-73144
-84550
-51827
68332
-91634
-92258
-93651
22366
84072
-25800
-55632
-39681
92384
-66670
-72548
-48134
-25352
-28854
-19725
41060
-8353
36739
41089
89084
-72689
-16259
54085
-82348
-80570
33407
83706
-34423
-36962
-97679
82880
-46291
-37557
-56314
-79956
-89402
44017
48214
53609
-27088
41632
41097
-57143
-66595
-41171
-96145
10668
-67331
59246
75693
63627
-40072
44753
31635
-9822
17176
-44711
58312
82168
-88828
57271
-9114
74892
-29977
-39743
69283
-80931
29744
44689
64996
95766
37810
-90051
32630
-939
45547
-98130
41495
-79337
-13599
-16609
81006
27586
-55384
62580
-63397
2253
-1215
8116
61353
-86448
42333
-87067
99296
-79644
15103
-18941
7415
-78794
34367
19036
36519
15981
25706
38411
-99429
-95243
32007
-39666
43652
49512
95860
-42361
3464
-91623
-25105
43724
-19942
-78852
72178
73131
7397
41141
99509
32829
-59295
33467
-80745
83301
-24439
-87703
58711
-37402
51427
-79071
-56004
-79202
-56578
-37923
-67435
21475
41146
-88748
-58725
-24199
-46975
-46523
57842
92717
80212
58402
-65778
86352
13184
50588
-49805
20115
-7697
63175
12500
-90884
21402
-79318
-65891
-53117
26076
-8090
-14452
13515
38306
33152
-81798
-30400
-42177
-82483
34168
49801
-20452
47225
3156
-17110
91596
84852
72955
-54662
-706
-50119
-37320
-1925
19788
99387
-85157
38107
-68688
45871
-87435
-95034
71638
-39055
21503
35622
23948
72788
-77414
-32648
83861
73353
-42127
-43444
-4578
-62742
-17734
-53159
-8440
30564
19228
29306
6884
-88001
-18325
-80503
-14084
53900
15310
-40681
-11890
9066
-70462
-14139
55572
58996
-32649
-52031
19326
72842
-20968
-66015
-73918
24315
65832
-85803
87561
-70196
28360
55628
-17014
93223
-75691
-47066
-31820
-34397
43822
38289
27077
-1876
-76909
-25725
-94536
25231
-41560
19474
77275
61797
21977
-75661
-49346
-58087
985
-55795
44359
25623
92099
-12679
40483
3218
-2847
-38759
47511
98674
-63926
44690
-40011
59225
-39515
-89049
-29463
-22575
-94452
1843
-24909
-72172
67853
30210
3503
91446
-34486
1677
46736
-68685
-30144
-81647
-82133
-21039
-16860
3339
-53137
52017
6953
42258
-50445
-30088
13727
-53744
78248
87956
-39435
-43490
-51347
-21522
-65185
-85828
-9406
33323
-76718
93866
74580
64669
-69844
-95899
30070
-91060
-33615
69633
77297
-55843
78321
-16608
29170
51037
-97019
83852
-58206
80941
79480
-27017
-22637
13769
80450
-20980
-78955
-22986
-31570
-25551
-77527
25672
6110
79644
-37171
-19507
95205
80591
7158
-67750
56530
24433
34204
-19856
-55604
-50230
-83921
84682
985
8155
-31385
55557
-78663
-77544
48825
13740
13999
-13117
93733
3999
-92257
5735
-19540
-70368
44370
-82771
-94433
-29061
40599
-50850
-14637
-79921
-59003
-49355
94577
97276
24091
80608
-19094
-89237
40648
-13869
58439
-50892
18374
-3063
-37282
-78095
80736
-65511
-51872
-42403
4821
61617
77968
-95961
-21035
-36559
-26034
-92519
71848
5606
92754
19808
41070
10017
34932
73527
-61311
-24333
231
-75980
14518
-76280
75654
-77649
33475
-40546
-49594
15371
-84294
48096
14156
19106
81715
-4765
-28712
40273
-43832
97724
-85410
-43939
72634
4283
-91851
-71936
31730
65673
62633
61908
73889
-79654
-27349
-29413
61448
23822
-18456
-14296
93972
83626
-842
-22290
44833
8621
71467
61860
-85409
-4462
29832
-1071
-60782
98978
-22253
69625
77875
54259
90370
19364
11060
-17152
-44909
-18105
-82207
-92058
-87559
45778
82722
6201
-43280
2901
59869
-11903
-62991
6608
-79688
-52396
29378
16917
62908
72849
99365
-50212
48085
16630
85808
43683
-76490
-96161
-13124
46528
98713
17500
-14921
-50748
-52444
-88915
50517
-91762
-28249
-43940
43235
-89687
-42046
82936
33340
47843
1252
20201
31124
-19221
-67347
-88331
-69134
33637
-99915
41294
-11654
-86834
67686
6037
76200
-16377
-41916
63535
90329
57152
86414
13314
-58877
-37054
68348
95949
-31675
97560
7271
49698
-15975
10011
-69176
75008
73318
61657
-2792
21841
-83149
-36126
27735
86012
-46539
61358
-60375
-23960
69641
-93906
9178
6159
-72643
64877
43970
-28422
-34872
-41309
-38844
-31906
73370
91223
61424
31571
-16626
18157
-4856
13485
49725
-79405
-78560
24249
76972
-39356
-66081
34390
53477
-31752
-42014
91309
-51357
-37528
1663
-98866
38758
-82303
92262
-95704
51623
5349
59940
-8987
20710
-54888
-12479
-73632
46047
-17267
38410
17284
59291
65614
-54679
-30526
-63390
79490
20528
62830
-53427
89182
11508
-96201
-36678
1515
45910
-9023
-77030
-58385
55901
14113
61540
38331
-61953
95732
23916
50000
83967
-43108
-2482
76655
49072
14232
3908
-75652
-83945
-27265
-79848
21582
-92754
729
38323
5654
41861
11162
46547
7273
-83197
-85636
-4517
73067
-58229
32440
-72060
2842
-75398
-34784
88625
-29964
-1588
-92324
1953
-25146
-15970
-56961
-80386
37011
-67442
-52795
84434
87517
56510
30187
-42599
40978
88760
-45461
91057
-10410
-46101
21651
56302
-58519
15508
33281
87242
-12811
-49480
73533
27769
80375
33613
-26317
52955
-30777
-56263
93131
95627
-88507
56690
6439
-94764
-19998
-29628
19897
-90684
13512
-28111
-4546
-8808
31591
81522
-69222
67094
55966
-68004
-12911
1722
39426
48030
26335
54664
64205
-75481
-55434
-27200
-70298
58276
24978
28720
-52152
-17881
-34822
-65245
66450
-37277
20564
78903
87468
82260
15525
82253
-40112
-25733
7525
96217
63100
-18169
80123
-59751
34931
-19889
-47974
-85982
-39958
32188
-35593
39957
24406
18692
-1754
63537
24911
75601
72784
10242
57761
34240
41683
8952
-20496
-69500
48118
-4590
-42683
-53781
-48440
9913
-94919
6265
-87788
-33367
-5380
47344
-5758
-56374
39491
-56463
-56627
-9507
2252
-95172
-34020
-99054
-76401
88468
30592
53750
-20285
-8130
22537
96777
62921
-97305
81861
88237
60025
-18203
41430
33275
52744
97302
23535
69872
68563
-62747
36779
-42363
96906
-93845
-18678
-32100
-16325
-72399
58376
-3882
12346
-43116
92827
88449
-90389
1858
4682
-67665
9388
5856
96101
47394
84513
-58738
85349
2659
-30243
97090
-2080
114
39401
-81647
-33688
74967
20469
17996
-7614
-58857
-615
-37881
-18370
-11838
52870
43381
65912
78761
41997
5551
11241
-96658
62859
39187
-82710
-2253
-77327
-22967
78087
7988
69932
49761
84476
-655
-10699
62232
47439
-96125
-53769
-17030
-62263
93136
-31977
-33695
91922
19482
82533
96091
-41368
-63887
83167
-63958
94972
-23479
83740
-12316
92841
-52826
63004
-46405
-14319
-8076
-79831
38103
-77226
19571
-29655
6559
21042
-11953
-12093
76119
81332
-24435
40108
-9628
-66472
86690
86221
-48854
-51071
-98658
25683
-71594
96917
80453
76178
-9417
84021
76158
-41
49287
14232
22565
-26999
52552
-93501
35707
5754
15306
-85017
-23875
-32112
38217
-98986
15890
-84534
35315
84771
34077
61169
-98170
-16682
-41869
-97378
-40
53705
93478
34658
66737
76323
61184
-65131
8850
10286
90316
-40770
-34855
-65706
78670
61852
-20100
-91072
-63598
-72241
96307
88004
-56479
72230
-61262
-80951
-90543
53062
29140
-74372
-27852
-63693
73171
64493
87920
73726
33076
10758
24687
-67701
94208
76136
-39956
10174
99308
13539
-83986
81666
33946
-84718
42130
18037
-49864
23761
15360
-92301
-24890
-93603
-55680
86974
-51850
40262
-55131
70535
50348
-73325
-71577
-72037
-9307
47090
-30257
-50259
6132
51290
31051
90940
39206
69567
48993
25761
-25721
-3983
5760
69303
29822
-62318
-3022
56167
32403
81074
67439
-65010
64849
90185
-6901
-73778
-81593
96656
6478
-83154
-72088
98940
-56796
57327
-99630
92504
-78485
-36692
-30484
-10435
-57302
-10836
-86168
26417
-69022
95368
90472
-35814
23036
-50573
5052
31453
39009
62315
67018
71320
-3991
9723
-98361
-49800
-67157
65386
-29151
823
-69261
-18172
-7105
-98251
-59375
-74942
-47136
-91598
-60082
74584
-91872
-1498
99194
-42276
8857
47933
82529
-92914
-87642
23218
-30820
42760
-41725
-9401
-86845
-88125
-39088
87966
-1152
-63165
81780
-1992
14911
-28512
59614
-78073
19777
13491
-44057
-56399
-61104
-87207
-22892
69476
-44403
78375
51639
-40880
-67675
51306
33204
-20538
-40990
21913
-73823
-32149
71901
90522
-55353
6040
-55343
90349
45254
-878
-83892
-80263
-42091
27681
639
-47311
78694
70351
23988
-64477
53415
-66498
29662
-49571
94693
-2842
35532
-63108
-1077
59499
-59720
96850
69833
32279
-88644
29299
-99312
44345
-70876
-32932
94457
53465
10974
-88383
-88187
2198
76622
-38798
-67841
-34209
-41666
95529
-73986
-10550
-10189
-88462
30343
660
-20901
2039
37071
94582
88674
-56473
12509
-95584
26531
96259
-29234
-99948
-7877
99269
-3598
9314
35578
-7379
-35692
76412
96883
92777
-96936
26037
47667
-42592
8380
-4518
-69362
-84901
-5119
-37843
14356
54544
6051
-61318
-66077
62605
39171
76441
-47338
76861
-99418
-46529
-67045
-33830
61014
58560
66083
43888
-86618
-47707
-78158
-68150
-14701
50597
15190
-48069
36614
39748
-1932
-17462
63862
-65339
11390
44091
64299
-21939
14400
40246
86301
27030
-33894
-40361
63291
75276
99464
-27183
-78393
84360
82269
-32769
-50210
-93210
22991
-90487
-3754
34117
-68757
33839
-7872
81562
-25879
-99467
69580
92017
-96358
51755
79372
86722
24894
-60072
-59695
69164
-21774
61635
-68687
-55664
-90426
75613
-55061
58637
59501
-12786
-76127
12563
17869
-94950
-7293
-7194
19447
70448
37901
4913
21616
-80561
53606
-86204
-71890
2069
6185
-41108
57886
-87002
88193
95982
-41566
-95371
47086
32416
32601
-54606
-42076
60835
29078
66832
85138
-76992
-30542
67954
-26432
47262
37756
66417
-55279
-55651
-11505
-56180
-93080
40339
-76931
57709
70567
87393
-39961
89300
42259
-3919
3054
-16030
-77997
-67826
-97020
64580
-10537
11935
-85796
91194
-50986
-76863
-99392
-38013
-68881
-78272
48576
86631
-69007
25074
-66296
58785
-5834
-13071
72331
34854
-27094
-48269
-39844
-80746
-64726
-84088
-1253
55486
89031
68399
-4340
59976
-38359
-86636
50691
-89920
-98224
79338
-28996
-41341
40054
70817
-17977
-35706
-54639
-75516
2016
-51584
52916
95411
-27556
-80587
31701
84792
-53056
46945
22377
-77561
-68244
-23363
-36628
-47466
66613
49520
-69379
-96937
-80240
86869
52773
54991
-90583
-10779
9592
69844
57427
9025
42772
11431
32987
-66337
55046
43051
62773
-61490
92493
-65214
54744
-34521
-62858
-97789
60901
87762
89510
20441
2178
14002
58678
-70981
-70906
-46482
-44360
-76925
2829
95133
-41192
-36562
8682
81933
-29346
-5649
53436
84080
30544
-94800
-35943
-85404
-1291
71206
-39320
25374
36084
-95921
-85621
12978
90
-51957
-46343
62593
-31366
-72620
-92119
-60801
42222
-53476
57194
2463
87804
16130
8080
52446
85013
12528
-26744
83625
-48457
77075
-38387
-76116
9649
84152
-55501
-47751
-33466
38464
88673
81040
57387
81024
-2916
39697
98603
-32905
-84482
55931
96555
-44436
2501
80288
-11577
-80668
-9785
76839
-94438
-98371
-57277
72189
-72163
65706
-21229
55642
-5145
31436
-9345
-78676
-11630
-63383
53035
-95774
-24194
-72053
9072
94806
-95441
-2761
15239
72343
-45870
9161
32993
39378
34461
-68887
-27499
54749
-13677
-79380
-83087
19169
33703
57353
-68559
10401
77496
26229
-48818
90283
-99141
82782
-94867
-92007
-7625
-83519
2424
73540
63209
11817
45066
-86393
92167
-81147
-41020
29355
-6814
76132
81405
-59916
25252
-81649
-67434
94791
-59463
-63165
-78037
-4746
-62197
23433
-59867
-60118
10789
40948
-16788
-32276
67321
13047
30650
-8176
-62851
68192
51787
-68738
-85649
23989
-4304
10718
-79879
-23511
-79421
33695
-59727
63419
71925
71589
17271
67884
-55101
61837
81857
-53413
32199
54686
-32652
-49282
-21525
14477
-30872
56511
97528
29356
-21298
-44303
-59508
-783
39150
14893
-7318
27231
71368
8141
-38932
61267
-1188
60868
91859
-94611
-47034
-9191
-80449
-11431
-47807
-70146
80314
27897
42060
-78447
89518
31473
-79511
86126
-11593
71630
-7742
85167
-45549
-69420
68135
21889
71286
-32350
33778
92004
95419
14724
-86260
-31361
70772
-17067
-36472
-16931
-34782
-59825
72941
67848
-46208
-73551
-8175
96128
40506
34059
45088
-45416
22907
91369
700
-73234
-47708
4314
59774
-33275
-64616
-23140
7259
6849
-91788
-50075
-54365
-51970
-10020
-54768
-28446
-15668
35888
89699
-97815
-3125
-90082
-25479
14183
26528
10578
-90416
-6480
-3055
78408
-23375
-91296
36035
-51775
-23752
-4199
-30835
-46253
76479
-47897
-44872
96027
-55893
69573
64853
81935
-18670
-98887
-48261
15918
-18680
-99366
-99620
-46632
70277
71218
3203
-56646
-42892
86398
-29779
69537
-52646
50002
-18943
86064
3681
-94119
-71444
35757
82049
8570
-33059
-79819
60554
-19049
-22566
29264
-4080
14831
99774
58783
-93389
27619
94864
-34446
-82743
-43370
-52288
14838
-65813
18349
85312
14795
18649
29622
-94980
-76556
54347
-98780
-90376
93224
13333
28664
91525
59845
-25099
-34180
-63072
47012
29116
82282
64679
52231
90775
35177
-72583
-98321
3450
-54089
-7192
-63861
39976
-51614
-79715
-59062
88928
-11536
88009
51729
-58457
-68130
56068
-35256
19439
-1595
8644
14287
-27807
-69607
27323
-17009
37516
-27572
91852
-40789
55849
36624
31724
74068
-48374
-75719
22546
61756
38111
16576
-53862
76386
5605
10020
-33796
-10356
-87188
71210
57443
6035
-21181
-27706
-23443
-80040
-92542
-10606
1406
-15020
39987
-71685
78593
5325
-71523
11579
48508
23333
62639
14080
-96497
81741
-18682
-87508
68489
49686
-46181
-17866
-2521
16360
-98740
22253
92906
-71669
97733
80029
87316
-46813
20683
-66294
-43586
18745
-73371
-32295
-11111
-79948
-75353
-50994
-44609
-11610
29980
-54672
57781
-62334
10383
-28151
-22016
-59476
-89930
-31798
-1120
-88983
24764
-96053
-20818
-46283
67242
96367
-28787
96756
-51983
-73946
-12592
-47104
50710
-37812
76392
46497
-20998
43054
-26232
-31910
-18107
45869
76183
57056
71215
-42372
-46895
-27738
682
84356
50619
-88429
-15697
-93530
-37311
65685
-46748
-14880
59501
-93425
-96281
35721
-68730
94574
-3654
27766
-55165
-47911
-81589
79743
41706
-3833
62046
54556
58698
91498
-93735
-63320
-62895
71497
-60372
35144
53707
-16149
-89829
-6171
-69640
-37841
-75031
-62892
-85496
-37639
-25310
56023
4789
26567
-34362
-38787
49341
89569
78221
-43676
23611
-43153
3163
88607
42337
93348
62146
55282
34644
-28968
-25042
6138
-11292
-90060
89073
60970
50151
-63545
-47124
14960
-16591
-67147
54934
-20938
35249
58766
57900
53316
-15765
97277
-35339
93378
6029
82967
-44431
34011
-7247
-22125
26334
-4290
64302
45273
-38234
-86850
-73765
50291
59240
-14631
12002
93408
10529
44694
52156
8711
-27529
98503
-51378
68489
-31646
31534
15520
95023
25335
63228
-51530
-56190
43282
57397
-51379
38458
41696
15407
-18253
89038
78343
59320
54915
-23894
-35598
16791
-83268
60735
-70468
-20437
24894
33588
-9224
38833
-47840
2298
77019
-20447
-3920
4797
84103
-23497
-67064
-51850
-24972
89999
27913
-30755
35645
81641
-88393
79740
17925
17997
32177
30175
-36796
97992
-85557
86504
9266
-56620
-47414
2879
-28146
63573
25531
50342
91659
-46464
60144
16106
33112
-13098
4952
20661
-2742
98510
88826
86145
-89239
6993
-22962
32039
74580
-98529
79544
-82283
46545
-80177
39906
97246
43317
29747
-31052
-22996
-57236
-42854
69875
-99568
-49882
73391
-81293
43450
-29025
84926
-4934
-6460
-94136
15447
-12813
-42840
33687
29387
10955
68562
71976
-38829
55468
-21487
-6002
74576
-49708
-76057
-95557
64430
-87983
-70337
43911
-10527
34587
46398
54688
-20079
-69554
44786
67279
60754
-17214
55143
-36573
-63732
-13367
-19880
99964
-54214
-55164
-96765
33461
86286
-61918
9173
-80081
45617
-27530
92421
44343
-76377
-99788
43325
-21101
17745
-14327
92530
-12114
-83956
-22636
99412
-10403
57975
24644
30177
-8499
-56685
-20273
71637
-68276
68419
28235
85948
98800
52082
99949
10087
-23129
95251
56413
79741
-66275
15364
44978
56041
97092
-12724
-99121
97841
40131
39299
64985
-53145
-12355
-89071
-60844
568
88572
80142
51161
52513
87802
-10615
-52106
-38270
29388
-82396
-3486
20875
-34901
36060
-96421
84050
-44447
98599
-12898
-42617
61389
56950
20866
-36417
-97518
60314
-90958
15980
60066
-43453
-58555
41518
-29790
-47325
-86468
-41150
-33541
-83152
-95401
27736
-39875
-12471
93716
-54077
81071
35056
-49531
-55926
-67081
69174
63949
99227
46818
-47308
14583
-70241
-75887
-22027
-51406
-81111
43777
80753
-65235
-3640
18549
-2892
-63861
-30277
-90174
34078
-24829
-17276
-23753
-91069
60247
-66155
92199
-62222
61743
-42393
95636
-3949
6034
-24214
-90119
-3542
49728
31255
-36236
56888
-39890
-66847
-83250
-62528
66142
-15159
-46040
76519
82843
75025
-17275
66548
-14962
-72824
49390
63032
-33728
81604
14150
-29497
-23379
64110
-82070
-90012
-4671
98359
37764
83387
40946
59177
-55699
87111
-32839
-18472
-56516
38676
59054
-82505
-49360
-8609
-62721
-21882
-65035
68121
62156
-27735
67798
-71670
44898
-74731
97984
31570
-98669
-40989
-78097
42443
34671
59463
1016
-87541
72289
-12518
95601
49670
-48921
50963
33920
-52144
-77201
-23852
7103
-81153
-24501
4064
-92791
19055
-80239
-14997
25764
69535
-70702
-42678
-94581
-39176
-14347
41290
39510
31406
-66385
73436
-62968
85439
99296
35629
38901
-15527
53453
76372
-26034
93592
-8266
82277
-90357
53229
-92268
-40989
-83469
-7846
-63183
3858
5323
-51175
67043
10473
-91623
96285
29158
41830
-92397
32176
16085
4540
71593
-57029
86981
94632
90284
-5148
-16642
-38175
-24871
-58734
75799
686
-65658
4300
-99731
-70255
56616
-22081
-65408
-5663
19071
-69794
-22614
2613
-23330
96356
38844
-16836
-13094
-77899
-17162
-91990
83791
-51166
-1501
91021
89290
87179
-83569
-31618
59286
79199
86182
-70862
-7002
-35905
-17173
67120
-24228
-34751
99985
-8611
-5708
-46639
71289
-47949
91856
-5455
16457
5520
-4192
-416
-89819
-43285
-70867
-17575
85133
-67551
46659
16306
13139
-11602
78905
15781
-23945
90615
-49698
67884
-96671
-90365
51330
44677
55930
-69174
-79906
-61035
-89369
-35418
-18079
-94743
-2781
-75738
-97321
89623
-47433
48066
-93960
26563
8729
5672
-82805
82430
-87457
19188
-42059
25608
72798
-2945
-80478
3638
-13597
90895
78351
18095
27597
-16084
-67919
-23920
15685
43666
29317
13039
-49060
-48254
18549
78205
50623
47475
78628
-69179
50969
-78426
-73642
64593
-85562
-58601
99007
-46229
-92945
10063
-74329
99265
2822
-45482
50934
-99806
-77025
-762
29217
-93595
-55510
25275
-12751
27368
50889
-63897
11821
71478
-42478
42882
-38876
-29822
-95838
-67298
69145
91152
67804
45784
-86901
-79885
573
-37589
34591
94833
-4515
-65314
94316
-44670
-39803
-3234
95523
47223
22375
62886
34713
-9928
-93058
-53798
74291
63654
38083
86772
23981
46495
-18423
12309
82823
14175
63990
64701
-51700
83524
-30882
7318
82240
72426
14461
29674
-26779
95284
-27247
-81738
70314
-78100
-93102
8214
86961
28162
31887
-59169
92859
-82895
-79194
-14261
-87437
34367
76576
-26801
39123
-82973
-94617
-80695
57399
-79360
-1372
-38763
84348
38288
8569
-28161
-85484
45148
14296
-68206
70442
12711
-62466
-6961
15788
30379
-11632
-15942
-60166
-68933
-95600
90126
-28823
-30201
-40452
-35568
-22412
-52098
76931
-46784
80831
-2674
-79899
41708
-19127
-35513
11558
-7520
-59281
-28003
-75026
90680
97559
41356
-60992
19350
56063
65366
52629
28462
-49310
24424
17236
-36098
-54908
52443
3505
-75813
60251
-84523
-23201
-16217
70426
7376
75955
66015
-55526
-19021
15639
-495
19687
12508
-20889
-16982
-18971
2623
-8853
-96595
-45218
-25496
75249
-90048
55017
56156
-1401
-72415
-12105
68637
49362
-87626
-50755
-3955
17166
-94783
93882
2090
-65821
-38734
-8924
-38216
-42144
66326
-93069
96060
43478
-86354
69385
-74268
85076
-55526
8252
59204
-39430
12340
11266
61755
16508
-42502
32376
-66316
85429
-69789
-79793
35464
49573
43922
-89133
54401
75721
680
-63783
76026
91926
17204
4101
70562
86097
98694
-89739
-76577
47821
96545
9102
55439
-9726
41614
11041
41769
74631
61837
-2439
-14270
79149
70503
-95741
78956
60407
-68897
-31782
62905
49785
-63162
-62865
85917
-6964
-94418
-89902
87281
79275
-76618
-55713
1428
-64979
82948
-56953
53676
67551
88210
70842
-68278
35645
-70561
93870
-19349
-42355
5829
11087
30299
27417
-56086
-2429
74101
49543
-40752
-52072
9605
60694
58056
72013
55694
-34249
-71228
-77958
-11609
59334
-55223
-15204
58880
-45533
-84669
26049
29826
53809
4402
-2868
9621
-22997
72835
96934
36987
42590
65786
62914
46425
88455
-83830
44106
76246
7369
-39609
77739
91932
-93494
-36366
-50566
-6532
21548
52340
25473
26734
80867
66086
14251
-99595
23992
51661
-28345
12001
-98023
-54621
68412
-93330
47002
13392
32586
63306
51724
95352
41976
35252
-5768
58221
-82400
-31936
57081
28805
23443
17079
-26381
-2425
-53654
88987
11892
84095
7978
-46648
54373
-88079
-72429
98357
61868
-30806
-23483
-1382
82978
-15311
46480
-44692
-57300
-83811
89302
55876
69048
-83840
18463
-59491
-25386
-76863
-50887
-41476
-28176
-50488
-74038
58794
-11096
-65326
-10380
1181
6540
-81372
-38173
36085
-1416
19996
-51658
-20830
-41783
20770
-6777
-61406
-42759
-33666
67161
-55512
69404
95364
-36771
62936
22582
98282
-89567
89327
27255
-7430
-4522
-45888
27156
-78750
-93444
-9767
-6142
-15831
-17492
90436
-27375
-93252
-91007
-96855
8996
25255
-17436
29777
-79671
671
10227
-76731
-59335
51131
-64370
60053
35181
-5053
22462
76276
79130
-39391
9153
-46079
35915
20596
-80586
25824
-38309
82692
-66847
-33465
97739
-3505
90268
42901
93574
-71678
-55909
91548
-34898
80963
25690
-26241
-91422
-65493
-51483
34935
-82225
-73647
39235
37488
98160
-29822
59264
-27504
995
95052
-67562
-93865
11433
-81479
-30408
-46047
31610
2586
-33990
76041
-31677
10169
53856
40232
25085
-2000
96001
76411
-53525
32151
-53481
-26270
-13136
-44264
-58970
-22907
47306
-85088
30087
48273
-17809
-72658
31441
33696
-11838
-41523
32994
-27721
62514
59870
-47793
86184
24880
1807
-61722
65880
-45622
-49240
-56228
-50405
78889
8324
26776
251
13411
-93412
30234
-41384
-27394
44671
-7478
-81943
60546
-71394
-47079
17377
12090
49795
-71722
-27924
17415
32482
-95153
-41128
46496
94344
-94047
-18415
-91799
-77456
-81121
-86459
-67409
50549
68635
89574
-8770
-351
70100
71437
-81312
-61469
-98692
-26884
-81230
-14625
46308
19260
-24476
-99936
31430
33061
-66676
39401
98863
88636
-92824
-23447
-61497
3574
49518
-34932
-5122
-26149
7698
86574
95893
88134
-60460
22634
48454
99465
-11198
60625
89489
-83027
401
-16458
-81691
-7978
30804
62886
83943
-47739
-64361
45302
-82591
-20680
39067
-19084
-54198
56748
-76435
-34945
-63314
-35453
76069
39603
-35654
40000
-20360
-73284
-44634
-46034
62267
62668
-21953
5089
-28683
67495
50256
79444
-87073
-18213
85356
31281
94202
-10674
11547
75696
-22771
-25680
92831
31127
-16390
82319
46753
-42145
70844
-67192
-65283
-82249
16831
72091
98343
-42335
-70628
69336
48184
51643
-21776
45430
-84199
70936
-48744
-74621
54666
51661
-99190
26293
-816
70088
90899
-75490
-88967
-87206
-44311
-27778
-52083
-66475
34092
86834
69011
12368
9022
-48757
-33924
42055
76155
-60742
-143
87391
89367
-4761
89844
-27960
50515
-51936
57141
49340
-20836
40430
85364
7588
-44352
43908
30349
47513
-96371
-4015
-22555
-66873
53704
-51660
61295
-72274
58823
26703
62428
-22270
6764
-36427
20125
50035
-49538
49277
72278
-72953
44517
-43528
-67296
44514
81666
53311
7355
-35608
-4311
-9051
-6129
-51975
49404
80779
68701
-9765
-35931
44243
77447
-35082
-24017
-51603
23544
70776
99329
89165
-13199
-27176
41081
81597
37553
-91464
33633
-96690
38784
-29404
-1455
89834
-19047
26616
-80095
19845
-37646
66718
-55288
-46798
94953
94643
-36970
36178
43789
96715
45066
48999
-94779
-56885
-18799
-38778
51105
-37707
-90212
-44181
-35525
60929
80540
36006
98505
-8730
73949
3828
-10173
-41416
93436
-15895
-65941
42795
-71290
-79352
-52035
-49291
-36305
13237
13877
-35438
-67348
-28287
51512
-43103
-9491
25061
21024
-31444
-4742
93706
-89945
21637
-77591
-94523
-56785
-48757
34362
-89248
61611
4300
66511
4819
-80146
-99644
-8309
44306
96974
-48508
11589
-78592
-34060
98414
14249
-23935
35459
28509
-13973
47277
40035
-55263
26153
-64800
30889
-63513
-42275
-68434
-39643
-54088
5755
49204
83271
-87016
9901
80137
-31762
22862
-97111
74516
-15665
30660
-83477
-85065
-23426
-55356
-24684
74217
13788
-98910
14431
-38430
-82530
53689
39676
-11665
-22475
-67379
16843
44965
21215
28496
10358
-85070
21450
-87744
-59669
21135
29280
-92563
13429
-36718
-18572
97496
-60874
40607
79815
29367
-69885
45310
-46282
21142
-26980
-15159
-13052
-23593
95238
-80324
-25280
-81638
-43769
49327
44819
83255
1214
89055
-99672
-25432
48732
81704
-712
-35260
-58365
55503
83121
66022
-28039
-17669
-17662
17260
-65208
-83196
-9915
-38949
97142
76196
-34486
-48608
-76836
-99957
89148
-57550
36454
-52722
-38157
-47469
-38106
73407
-52011
-70604
-94124
-34217
8169
-83080
-52058
-44528
-70214
1809
-42936
-97840
-19612
-61497
65465
3711
-61762
27479
-22334
29753
10020
17592
-62317
-56417
-16993
-3399
-6981
52040
59955
-955
-23293
-12650
-63226
-80375
-80088
92131
18344
-13588
-58764
24921
-50365
-24515
67256
90656
-30688
-92565
90536
-17869
20883
62829
-98733
12236
39621
86402
64829
-83394
-93988
42834
-80101
44705
-67063
85556
96874
20775
-9747
20041
-30612
21965
-50007
-62459
94912
3502
-87744
5006
-57892
1137
83755
-52292
9898
-10141
-49286
3649
-60995
50719
-46366
-80862
87471
56106
-12249
51427
82392
-48293
43943
44481
13677
97655
-15808
-32679
73714
27803
1503
58022
-58467
-37294
-30234
-95384
-83383
89479
-82119
72671
2835
-75180
92390
13878
74069
-67528
17390
-84675
-12995
-56408
-78732
-1777
-39095
-81092
-9343
8275
-57951
81290
-18574
-49763
39120
39632
45311
-10508
-39135
-50486
43752
18799
6418
-27612
41662
-76808
-4361
-62134
31243
-10510
92270
-46949
78047
39159
-48773
3067
77816
-80262
34752
3975
-62579
-64564
-19686
-9884
-55625
64186
-43494
-82192
-28228
36307
32030
-40294
12410
-35193
-77812
74894
-55635
-88342
-82198
-91064
39581
-9192
-84515
62026
-69850
-6733
-50051
21609
82021
-68600
18897
-34623
-54532
11728
-72468
35080
-85821
40402
42083
-96704
39244
-29467
58921
-60730
14544
-37932
-65078
-3704
45178
86938
-36544
15700
-54064
-88372
-87691
89675
60218
94166
71126
95988
-83663
99805
73424
-10195
73925
-3900
27947
20412
-16182
39499
-66305
41795
4896
49809
12566
-37358
84574
-48070
90528
-85610
-87205
-39765
25037
34608
-94312
10610
715
-14239
24717
45955
93916
-1887
85903
-52707
29458
77839
11610
-89012
-41430
16898
-94847
-43833
-92093
-94659
-3665
80441
-71495
20801
-44647
53341
93539
42749
-702
-86462
-86043
87265
-10902
42990
-86542
26704
76244
-16993
91425
86644
-36365
10540
-92053
-79125
-73232
-75509
-27201
96670
-26406
-1109
-61694
36851
-50517
75137
55718
40920
-8013
59809
85414
-73728
-45916
23682
4443
-66325
-45639
58340
-28162
31069
4867
43597
15675
-13520
-55215
78638
87598
3589
33147
-37531
-58116
-59498
95755
53788
-23535
-9753
99849
-54706
-6735
28443
-41118
39594
44797
36963
66548
32528
64389
-89199
56313
64056
36676
12619
-41523
-52878
-18564
-87461
50909
38024
-70801
12130
-58706
-54785
-84041
73901
-97977
3325
70339
28128
91005
-19644
43886
-24690
-13031
-41060
-99395
29995
-45785
49103
25717
3545
87326
-30642
36823
23454
49383
65777
66873
30583
-27765
15132
-30782
53381
-92034
19453
66562
92070
-41534
29169
-58196
-83105
89274
16454
-59151
6965
54028
77723
-53063
-5669
99761
-82012
25408
40901
-44260
31498
-59700
85658
-45628
-63697
-23417
11401
-87728
-63409
-95619
-5581
88990
450
50610
-2682
23665
4510
67041
26601
97397
-91527
57165
-2605
-47377
98956
-10938
-32585
29701
32242
-13957
28314
-52569
-35760
-97034
-54268
82777
-50160
90616
-61612
5407
9157
72561
-1426
-11644
-8781
-29668
92624
88518
-13146
99701
-20797
37921
-61440
-11944
-78931
50998
7057
42167
-6525
-21544
-34594
99704
-63973
-27916
64900
-5591
-31521
-25510
-5578
-75039
-75170
-99732
82595
81268
79804
-89247
11827
-59822
2122
-55369
303
-54020
1521
90291
-35456
66724
-61689
-40170
-52593
-6111
-88700
-75106
13452
18700
89038
-38219
54603
83130
-48208
-68613
-69688
-21995
70121
17963
30411
-20391
71905
-69524
-26906
13225
566
84726
-67236
-31989
77557
-53281
-29796
-81209
-62299
-8063
-27350
-82281
-12484
16138
-44193
-50357
35061
36064
-95609
15292
-17223
60463
-51224
72106
-27142
8784
17314
43253
48735
-56361
27698
34676
-32167
-68359
10064
35382
70933
-82024
39097
66387
26378
-6739
-49593
-64275
-55246
29265
60923
21640
-7915
70248
21725
-61693
65728
-96790
80058
62899
-17131
-65265
78861
23003
-58948
69463
-36232
69321
85111
-98765
-527
-7600
-36972
12691
-4358
7389
-6277
3277
-62264
-16904
-81049
71207
-74619
-27687
57586
-86143
8369
-16604
20360
-76126
-62364
47491
13886
64989
93486
-30113
-42821
22303
-5857
39739
25300
-42600
22818
38893
46774
48324
88004
56889
-91524
82901
-3117
-30837
11553
-83457
92129
42513
-64305
26784
-86744
-41613
39318
-63223
40583
52976
-24968
33645
-35158
7510
-50655
-54683
-95543
40349
-49485
-97123
99015
57569
-65728
33759
-29062
-1605
-63599
22778
16138
-76101
54499
30670
36850
90755
87665
34743
-30684
35971
65004
-76652
-23991
42060
-87992
-7821
43686
33747
81968
33114
95002
-25211
69210
-19596
-85564
-24959
-47244
-30889
14081
-98953
-90370
88238
19155
-22629
-29903
52872
-52067
47173
83933
18812
-87286
-2520
-57968
71862
5006
49965
21810
55011
80196
-99477
-1554
66997
3447
40197
-97717
-59501
6332
-65183
56281
-82848
-57092
-93696
-83450
59111
61136
4543
-23600
-39008
74565
-12823
-67691
-93983
-32193
-22218
21702
-72988
57721
-63451
6074
-5519
15850
21041
20702
88232
13763
243
57867
-31379
86677
85716
9392
22768
-78512
35372
-72978
-61097
17255
37628
-63485
-71285
21263
-69820
-10467
77660
79909
78274
-90608
23826
-93457
22537
97955
76113
-79814
44410
65477
49320
-31965
-15071
-52195
-906
84722
51438
17343
91449
-46559
-15666
-96454
-22924
-78534
-37979
-75506
-66372
57694
-94805
81659
-52128
32034
48288
-52364
-66701
-71597
-30099
-33998
-5768
18074
52057
77030
72488
80827
-98844
-34362
-46174
42551
48259
-88055
-37008
55506
67065
31406
-6607
66735
-74929
-86859
57897
58583
43376
-24911
-43870
9432
52835
9397
61564
-89398
-82587
-14100
-70376
-87187
-76574
74693
67933
-12754
-66416
2507
-17755
-52408
98344
-95918
25992
83911
-32126
20301
66307
-46232
-14963
96637
19588
-6499
21096
-92604
50132
99053
6879
23256
-59359
96695
-74235
40146
-74201
-2154
-74646
-97626
75643
95456
88953
-40851
-21132
18121
-39631
-60961
65910
49701
74622
-78820
21532
-31541
18163
-28439
-32319
-87851
-4634
83256
-86549
98435
65129
-85537
90965
10495
8672
89387
70936
49851
-82108
-25330
-47499
-61705
85427
65011
193
-92514
72113
-32462
50158
-47728
-14913
83743
84658
24187
-50410
-67395
71253
65058
6144
15696
50844
16128
-41772
-42224
59149
-83643
26380
-48455
-52513
-91457
-16188
-75072
-86208
47572
-89455
-75744
-55230
-34900
43068
88785
79459
-10709
-2406
-3558
54071
49180
-88439
59390
-93068
-343
56521
97874
-14374
12358
-79052
11566
41981
-54994
48796
-31038
36528
72454
78335
-15488
19984
27485
99049
34295
63402
-71275
75367
-9024
-87286
30107
-43357
-85679
-82207
-41135
-27359
-61905
58770
-22707
-9387
-96192
82009
-5253
81246
-32514
-26920
-46242
28195
-47480
58944
-18573
47817
64018
70744
-85770
-8114
-99587
16173
8126
-65275
31106
-76457
83779
97262
38535
74275
83968
63409
-27692
94370
-34381
-16073
3295
-22387
-40062
8613
63171
-7981
-64072
10742
79183
20417
29548
21492
96507
-24947
54850
96851
73846
-87553
-98101
-99350
-71398
12093
16136
-17265
83713
48049
54668
54925
45041
77337
-48065
-1276
54835
40938
19198
76126
-91391
-89310
30048
-77014
15581
7721
68564
88534
-48130
77603
39590
19725
33125
-22443
20128
1259
-50801
-527
-25971
69977
-72189
92992
56857
-49974
-46389
1258
64596
33617
63679
-8155
-62763
-40228
77436
-54216
63803
64465
45940
-42005
37967
13571
13215
16013
15109
24081
-62064
-62943
72929
88987
-82910
-4314
-21257
51938
35345
6786
-59317
-38021
61093
-7286
15382
-10896
1544
77809
-8534
-95692
-20807
-67830
-69523
91648
-6631
-20677
38401
-27890
-10205
28672
-43132
30769
-68103
-5031
68595
55631
19225
-84398
59305
-84931
79470
14765
90502
55029
-75581
6893
-50069
10998
-59502
96833
24353
-88072
-89029
-15860
30937
75275
61840
-6643
80782
40779
75597
29872
2246
97026
95845
13232
-42504
-28070
-78473
-17113
-63288
35453
-11616
83187
59694
23243
-13783
-27897
-13580
-84809
97569
8843
99870
10047
-57146
-60559
2851
-85562
-30371
-38058
60506
23823
60833
19216
77424
-50280
33688
-67686
-81707
28113
59008
-46951
98999
-24457
70441
36490
83239
63954
57756
59595
13271
24903
30009
-53438
-61436
-88934
62623
-32466
-55631
24069
-11005
-62328
43849
-49235
58276
-10859
-47706
1991
79829
80459
-55377
20999
-27591
55261
-89125
-29504
-83571
2085
-59307
-77795
-28705
-44882
54968
89274
72093
-21605
-61511
-99680
74376
7798
-89436
15643
77320
80217
26623
95866
-21288
-29517
-80053
85667
-82847
-28745
-64280
-92528
-83163
35047
-85800
13226
-33902
40889
-70372
-19264
-31177
-78813
82426
-3804
6226
56328
7456
83298
-80057
-6017
-11998
80222
96238
63868
55968
-51383
39491
-78563
57027
19903
-63295
-93805
22118
-99263
-46584
-29525
-4271
-36342
95226
-58120
22176
-79024
-5210
10143
-22974
-47976
-57124
-69697
83037
-22602
-92960
2938
56527
-49760
-26823
-32795
42640
91566
-75927
41992
-25933
30193
40630
-65262
64459
-28691
94695
50844
-3350
56692
56267
2392
48389
-70432
-5582
86166
19059
-46356
-16129
-17806
-70700
12015
-90731
-39330
-85298
79991
85487
37640
-16397
29182
21836
80807
-86017
83468
-82361
84775
-30851
39848
96580
-52881
3848
16124
-46009
-13109
-35409
57668
61279
63483
-70158
62002
-3585
11799
-29655
75042
-79956
87133
-74812
-27851
66834
-94631
9709
-75956
-30158
82032
38666
-39005
-67210
-16696
-92066
87303
60646
97687
-80561
36469
7410
71495
-36990
45905
-89425
-46461
74722
-82944
-15073
-28639
37056
-83230
-32343
-68948
-8939
6639
72679
-62388
-54430
-17811
42142
-89900
-67080
76299
53321
12905
74452
44318
28238
-83318
61090
-14795
48594
36159
-82654
47386
-31000
-53406
99624
-11224
24548
37636
-85827
32900
-5042
12670
-17117
62713
-15630
74966
7094
98612
8341
-69174
78254
-99943
-11198
-54148
-55295
81599
50369
15737
87782
7503
-77783
24359
69619
-12556
70157
51339
-2328
-65025
43410
-83851
-64828
-60453
-30623
-12663
49557
28903
-62281
-71830
-17714
-33611
-80423
-45884
-55984
-51745
69221
12150
38027
94017
71428
-47909
-39874
-15914
-43396
15860
-12454
3186
-47902
34355
74756
-21159
-51667
17574
61114
-90885
-56923
-81090
12621
-75571
73849
-46788
80524
96901
51184
96503
66625
57202
-80840
-74932
-97899
51061
84891
88226
91534
-41120
51855
-63848
10361
50601
11372
52174
-87517
76938
-84360
62541
-10943
-83591
88734
-27884
26095
-44353
-69122
-94912
14165
70968
-78179
94615
11558
72742
37181
78961
-70718
-4239
-97144
61507
-84292
-31169
-76890
28041
99765
-37460
-93650
34127
95463
23270
94584
-4963
-19074
-38040
5585
-83395
21664
-16047
-72952
-62806
-14898
50144
-83547
87
-94814
62799
-79623
2712
-68424
-10167
-35119
49009
63209
-21880
-71804
41658
-67853
37775
-30100
55915
-13068
78401
57649
-43062
-81835
-12643
-49855
-33682
84804
81559
-35428
-6162
-49191
-48365
22283
-74580
-81446
-77888
79664
-65481
-85798
-60017
95225
24097
-27396
79951
-18770
72159
57557
-49881
-95958
-85098
-29393
-18193
-71129
69256
-86678
-79381
-95502
45018
-49154
62244
59517
-31487
-19109
-32987
-31469
-57655
55601
71375
-18010
-96766
-10420
57881
-2492
-89913
23255
2728
36136
48556
-63551
17543
47469
12483
2492
42115
-39074
-5365
78242
-6554
-48984
56310
97394
1870
26993
35158
23929
97385
-73663
-23581
38604
97615
-51298
-36245
89905
-71685
65079
92950
-28130
36647
-92938
19285
75865
46084
-52936
5479
50942
75987
-9767
4680
67423
-7709
51944
63478
7622
-66137
57786
47073
34005
-87757
-85606
57902
83599
-63853
50014
-75480
-77969
51272
63380
27332
45302
-73696
-61412
23503
-22014
-33551
14863
-2698
-55206
57585
89885
10289
-87418
-55179
70005
37325
95323
-51068
33949
-91178
56597
8408
66593
-2211
-23204
-2448
21032
-91093
-97303
21141
58850
-78270
-15742
-45209
-1635
24524
-81055
74338
56311
98147
-43085
53171
49646
-84932
-22340
-8847
59283
66673
-31849
-93766
1245
-35159
55899
-5461
1626
23909
51674
-14725
24832
-56662
52419
-71116
38050
84295
-38489
8271
-29506
-36414
-92711
52780
36787
8611
-65810
44267
90256
33628
59747
76010
80775
-63149
21790
14171
49728
95630
87053
73856
72842
42170
52587
-43642
-32084
-35176
-61087
23356
-92070
-55995
73
-84306
4035
75748
-25395
78050
-84345
88682
42798
7022
51974
-3515
43169
54580
37268
68970
33939
4412
-16120
45114
93454
54316
-94413
-11312
51891
40102
-17170
-46679
59047
57214
-17459
1648
51403
70871
58480
-92122
-56093
-26983
20471
-98901
92632
29200
-80683
-29205
-53352
-60572
-14274
78120
-74277
-38927
-35590
-75233
96129
55106
-72612
-25638
-1129
-47313
-89653
32594
4921
59280
21951
23486
-95599
42269
77320
-33924
32061
98788
37768
-61797
80783
32421
67201
18627
-7186
-71603
65225
59649
-91559
8526
-89318
-83789
-6260
7895
54790
-61428
-41349
-34059
-249
-53179
54011
-55674
-27915
-53535
5376
-14699
-61552
-32934
-22847
-26345
-70467
8685
44984
15681
-3890
-79873
19845
86148
87930
10731
-75214
-94682
89260
-71447
5585
-11010
56694
11676
66562
-58740
-38490
-43336
74257
-68941
71217
-57523
-7556
-74029
65356
49845
50834
63047
-35622
22294
-31178
20472
-76736
-98475
50051
43164
-36140
-20008
97418
13071
-20557
-40139
-78538
-71988
-92943
-31620
19665
-51512
-2196
27421
85919
12011
-36935
-53000
-26392
43243
33408
-74112
32083
-1337
-92892
52682
-35794
-80930
-42854
60728
15051
-663
-66021
50556
-62588
69595
92212
-70261
81950
31124
-36869
-75487
69259
-13572
25692
-65238
-25143
-48254
70865
26644
86569
77489
-14032
-94033
-21462
-31380
-91490
49149
-43452
55238
-17247
14108
88832
24896
-75500
3981
-90876
89824
33459
-38688
12717
13482
-15978
73726
-49451
70078
92603
-68270
77044
86030
47228
-87019
2210
-66119
63839
-50826
10170
85833
84364
-93598
-69158
-73658
-69799
26421
-4344
51445
25857
17597
-77777
70960
-13964
72678
58439
82723
25736
53128
-21294
1248
-1075
-1270
30850
31072
19581
91633
58872
-86249
-24622
-62391
43367
94706
-19790
-63954
43991
66928
84870
-23625
23942
-72358
23720
6272
12840
-11039
-80261
81299
1551
-72110
-92652
-3981
-66969
26040
65749
3844
67864
-38962
-41445
24922
-41458
24543
49101
-92132
-1003
37820
-41963
-71212
-65507
24665
31851
-12905
98653
63109
-76147
34059
2836
-98875
71051
-63910
47915
59404
22846
-51854
74807
22872
91481
31670
22426
97515
27479
27908
-91703
15844
41428
-8157
15592
97403
-14920
18377
98385
54102
27470
81543
-7629
-95734
-56526
68370
-51817
-74447
99881
-2961
15550
-74460
22219
-10694
18663
28309
-95461
55186
12396
65356
3895
-71067
-90804
-4100
-38486
-38509
85572
94913
-22753
19905
-39338
51833
1329
-86467
-19605
16636
49309
54985
-85484
6585
32409
4166
-77012
-23826
-92610
-85314
86682
-22909
21280
-42098
53107
60484
-52418
-63634
90428
-76743
-65131
35743
-74484
96228
-55345
-99344
12944
-88617
-29031
-58068
67241
13551
60242
70179
-58192
-75599
15518
66964
-88487
84799
-6373
-58316
-47499
-70986
-34580
66333
29969
-32280
-55632
-48490
-96516
97137
-83241
7739
26086
-19400
44619
96393
-84188
17604
21641
65992
20689
-25032
-37933
73557
70798
-91156
-26306
-60597
3497
23466
-45018
-74482
98971
11906
-5438
-65357
-64916
57866
92690
73231
1841
-80842
-39243
66907
48565
60496
279
91009
-1802
44436
-72377
-81659
64646
98218
-9370
39891
-92397
13760
-24389
-51871
78272
-75069
-79260
65728
-99599
-17733
-28121
-62267
95206
67521
16871
17934
-41345
-26083
-11982
90419
1054
-192
-6025
56075
-27607
-5926
-72043
70040
-38674
53337
-76722
77200
-98974
-39040
-60326
9993
-86974
30431
15640
-9344
-48933
3893
41119
-83515
-1692
58142
92339
43847
-79095
64570
-22892
-68616
30467
-31523
9904
-24228
-19294
-46036
5368
-92237
17644
-80614
-43057
-79935
-27489
-88001
96415
66295
-53101
-87918
-41338
-70977
-83588
-6781
68782
-1239
78795
25144
59195
-56531
-80205
14433
-94499
41820
-74999
-24646
-64827
-55704
53956
29789
21491
77772
33764
61825
-70866
-88935
-39312
25939
8078
90015
22679
-4625
-65485
-53068
52536
66299
85848
72548
-33283
-48352
-30271
-77899
15714
41830
-4718
-56683
-33004
55723
77434
-51358
-10956
94400
57164
-1770
-60614
-92768
-27282
41102
-97801
79502
-3990
-6603
-46413
-29238
58274
2769
-89996
87087
63968
2154
95648
95916
-28532
60882
-64070
-48099
-24074
14230
45320
88005
-28269
-23297
-63531
65578
-12987
-79931
-42286
4366
-17197
59601
-7464
73221
-78536
10413
-15991
-90888
-87273
34827
-43116
80884
-90548
-56273
-58154
-91025
89565
-13959
-24226
-83878
36815
-57197
-30903
14172
73109
-58445
-58484
-51216
99363
-70835
-77423
88220
66466
-3559
66808
63500
94332
-56900
-59266
-35636
27926
66838
55291
18271
6174
40295
-10619
382
-67847
67934
61746
87024
-39649
-19520
91899
-77950
-28861
14705
42557
55908
-20630
-41309
25113
-38752
-46371
920
-72198
-99209
-97414
-98987
-52682
45466
69924
-53787
-30258
-52158
45466
99782
-26288
32300
-41435
-20875
-70948
629
-4245
75601
-15549
98637
-77087
-38930
24907
11035
-13474
-24519
44431
61229
59978
-7549
26691
-57254
82229
71852
10709
79287
-83004
67501
67376
30258
-64250
-34879
87706
78
70501
47665
-40835
-69573
-50057
-58117
-47613
-87407
-8396
-37218
84634
-6167
-33534
96709
58775
-37352
-9107
97485
-92617
-10167
28082
-33035
-79936
-77322
-85766
-89695
78918
-42429
82788
-45237
-17527
4663
-99333
-12345
99132
61783
-50105
-58128
20768
67745
-63809
30260
74959
-44510
-79332
29626
91605
48372
-33400
-36437
-94599
-4072
-54923
83556
36057
32812
-82485
97014
-13901
-28023
-13831
27992
61440
44219
89773
-25942
-42758
17886
69278
86950
29055
-16111
92294
-97883
-82674
-76774
-56850
-60276
70893
-1514
22945
-74991
57581
-49573
87554
-78355
-40315
-78740
79354
32288
71708
-64744
2633
-48548
38435
-84177
13822
76559
64094
-41054
-67775
-82288
-90814
-84106
69582
-34971
27770
91812
-15748
-56145
39684
31185
-88645
96691
84536
-28187
75549
-94843
-61271
-84598
-92213
-6829
-5788
-82237
43864
59659
-94635
-30938
95986
-9494
-39031
61880
-55116
71970
-60466
-79773
3801
29735
89719
-10794
30476
64471
28924
80953
47387
21316
2174
-31028
-86455
72223
-93465
70875
1730
37442
25008
85280
-42519
49433
-21636
-95691
70670
-91346
2658
-41228
-30469
-37935
69384
72365
-36243
25120
60330
43651
9504
-9416
68986
-42269
71043
-42632
-81438
-16862
-95541
51375
40229
-26894
-6044
-22942
-57053
90945
-73855
84667
22715
-46289
-84204
57296
-63349
-76887
-2470
-9265
-17198
80679
-54386
17604
21367
-40514
-52227
70919
-42205
-69214
-60679
40709
-20023
-4292
98791
-72919
-30523
-91868
50420
86182
-21086
44924
-82844
18659
-60106
74152
2699
-77756
15016
14829
-73516
-87214
14802
56869
126
64966
-67199
61724
67687
-57289
4121
6155
-82047
-80483
-14058
34927
71713
89281
68205
57092
-4554
-89213
28368
-7069
80982
75847
-19439
-73291
-67532
55550
31710
71187
5422
-3060
28906
-88196
-96189
-73701
-19987
-1614
21026
43644
62081
-51087
65117
44661
-50323
-627
2620
-60437
33343
-27417
-21202
-74579
85010
-45749
-79589
69338
-62096
-70295
-28331
8561
-23792
-8914
2412
-30029
-24064
-26689
10208
75575
38174
44306
80241
10378
20672
-84631
3667
-32000
-68684
-23445
82622
79452
62881
82464
81185
44375
7820
-98680
23094
26896
85175
-18087
43697
9233
-52829
32532
-79918
62906
14199
-32253
26842
-61363
83065
13649
-3238
94805
-62664
26309
32486
63411
-1716
-52515
75433
24518
19062
89987
47186
-38218
7329
33390
-35284
-79970
24394
81368
32076
31188
13243
-98409
-64541
-33450
96434
70683
-74893
62738
35425
-91517
35423
-53231
-24369
-27812
10011
37506
58460
4598
20674
-50337
92769
19621
-57850
80702
69046
-26479
-57151
99638
-69811
-91334
75883
-87316
68475
7373
87717
-37959
85463
-64165
41265
98809
-66501
23228
-91387
51
-31320
6527
78772
63072
-95866
-80820
57868
76570
67528
-40807
81791
71138
59630
-71163
-51271
20302
-44252
91412
93456
45325
2184
-44344
73882
91544
-67191
-3112
26712
28856
-42646
-47536
-95217
-7890
-93146
-79676
-8969
-28606
-38546
40370
-21619
92331
70222
43955
-45053
-84841
-95187
-62370
-32169
-45223
81075
-50502
14593
47277
63429
26781
90566
-63320
-28437
45669
-76054
38784
79507
-25262
14786
-14795
14767
-93441
-18904
-85540
-80135
-23621
-87481
61190
-27626
93576
4565
31889
82776
65263
20257
-6645
94430
-78466
73730
-91906
70742
8544
-63505
4380
57763
-65833
22637
58376
-79846
-31336
52579
55870
54373
71107
-99639
20641
-71350
58237
-55425
65568
-9274
-47316
-52870
-8509
-43437
3278
95321
-28200
12297
6710
-39338
48884
-63391
46053
-57193
4136
87636
-98047
-89436
-42622
75874
39604
-91660
-81539
-850
-64348
-64480
-14330
11846
-14262
-2375
42091
-76095
84337
-13195
90786
72897
-66355
60548
98612
-65576
-65034
86976
6917
18951
97536
62275
16320
-98270
-56201
-95340
-5725
-45169
-19460
28665
68004
68973
52407
-94160
-22785
64721
-45961
-4680
-53091
-26069
38126
-82934
-16734
-85497
-54718
-69723
41683
-80848
-10927
37063
-926
52783
90756
73719
50008
-71567
-95410
7743
-27874
-49146
7042
29176
6184
19717
-58353
-41923
20031
17678
-52007
-73855
-69527
-32664
-50828
51645
21686
-64824
-66049
-58622
-81942
-4301
53147
54956
-71998
-3718
-16505
43447
44709
65317
28890
-34517
79785
-25045
13851
50547
-97026
-75620
79424
76940
-36101
18209
98882
-62503
27139
12060
31897
-91629
91539
-64215
-61927
25053
59436
29446
29417
17653
1687
16783
-57125
32711
-7590
99873
-27603
-38373
40181
-23327
-98213
-18449
-40359
63637
-61089
73056
-82330
