7600
43960
-82302
-34647
-91720
-58643
53942
99963
16057
23234
87368
85155
-2404
55473
-28296
96073
69549
35892
-26962
57073
-37764
-87543
-26734
48084
-38012
27605
-80629
-61172
-3981
-45339
39187
99112
-90410
68431
-61580
32543
-55197
57271
-59742
67362
-71454
-81619
93875
6986
2680
-17804
32319
64497
-66735
-1186
-72688
64092
-42327
50514
23942
-5355
-77128
5616
28426
21208
32824
8651
79661
8995
-62764
-41515
-76836
-62800
-27602
-15591
-89342
96959
-63795
99873
-14150
44428
96418
23735
-55953
42529
-69259
-10487
-37933
82756
-20239
66406
-40136
-54000
-64120
-22876
-61170
-65055
-73276
-88540
68730
-34711
-21204
77486
18831
10272
51535
-62474
-76885
-21160
-31184
-92096
-36879
-79186
-50035
75231
8734
-27172
-33458
-7335
22666
-32340
-8505
-86554
-46403
-99257
73130
-50473
-73620
-47380
15628
3924
92367
-88580
-74670
-97410
-63968
177
-3592
56627
-49551
4079
-78595
-69777
85354
-11405
85423
85583
-69409
-3096
87374
-90255
13706
88536
-76320
-58312
3306
-44225
-49583
78380
34807
-69316
-28796
79614
66048
-8159
-46726
52009
66531
-86679
-6371
22003
-76888
-36535
28202
-72046
-41029
41951
10746
-78292
-38459
-2105
59051
-58825
6950
38605
68655
-85248
-62447
14588
67697
1991
58179
25877
-64481
57606
-52895
-14373
61912
-77102
24365
69131
42612
57371
-26716
-2966
-34838
50894
-25928
-31306
-97310
-27303
41509
40318
-89064
93390
60210
-87986
60969
-63391
47047
60674
-18242
-27124
-55771
19963
11218
55378
-48699
-77584
71265
23199
-29295
90076
24879
15758
13305
-87659
-64527
84101
18740
66941
-20388
-11461
32084
-35055
77129
-43558
58179
34335
45314
-35264
66911
7060
-67220
40479
-54032
27315
-22128
61507
28034
-90078
-83448
-24268
-19356
22559
-23166
20785
955
84367
14452
-95907
-20157
15543
-61348
-57610
79716
19012
90674
-95361
15149
65924
16942
98624
51311
12855
-64209
-85596
-85640
51072
27279
73920
-92949
-66890
68480
-63629
91833
-25448
78882
-9304
-17538
-59491
-35163
-968
52026
-21528
-80746
-21651
54058
-42086
23560
-17823
97794
5506
-50656
54662
16842
-56785
27900
-55681
-97198
34727
45056
-41942
-61613
93872
-48001
84481
-37660
-28469
-21181
-67754
11669
-70912
42298
63932
33196
-4332
-90947
66436
-80390
43864
61501
1125
-39208
-15140
-7476
20149
-41853
45376
27590
-1388
-36398
-5014
42010
50472
-96176
-75757
-25479
43778
-22342
41724
-88551
70175
-22250
40255
-12314
59851
97390
89600
-3770
-9760
44136
72642
10055
-46675
53443
29142
-6872
6258
36080
-50130
35329
-42169
5322
21135
-86449
-15781
54260
-59867
-83872
-61030
50574
3312
-39977
-53464
-58221
39324
60445
49995
1298
-90769
-84828
-5403
76871
-22820
84569
-99938
-95466
-24396
-31194
12832
21731
40636
97185
59708
-88688
-33639
-80044
-56662
-99628
-66008
16681
37549
-31691
-49878
8242
35477
-65310
-74531
-90285
81566
51823
24294
-48819
82294
-69203
-42647
-52185
30364
10917
8891
-95558
63204
90993
99375
38682
-10217
-66440
-88755
-58147
-46409
32964
9889
72073
92767
-190
39279
1374
80713
60309
-86460
68348
44522
-74473
-61273
-90446
-80136
-69075
41327
82405
44235
6213
-63506
730
47073
-52049
67851
32736
23612
-19563
-84563
5597
38758
-56232
22931
-56269
35285
-80503
-26431
50766
-599
96257
12309
-17267
77969
49118
-12872
58186
-58546
37722
-96080
-7352
-30064
521
99025
-86216
700
-54033
84436
35944
67407
-67397
-40256
85768
9436
-73116
-89852
48347
20721
54687
-28698
10999
-76840
47098
-59690
-61512
-17607
13592
19548
-83705
-18083
51018
-18063
94018
-57331
61894
-81239
79817
-19303
3014
-8563
-73756
30132
67263
9095
-87852
37500
-70276
62198
-63051
-28840
-83241
-16286
35020
5499
82772
70793
16307
-31163
-17894
-16232
20446
-12152
70799
64757
-88055
-84569
-58225
-33351
78016
-94053
-99768
61947
-7414
-4081
45172
-50425
50035
63083
-31756
33710
-21899
-40017
-9402
-87561
52866
17333
-58141
-81933
-56335
42840
-64712
-2194
-81534
-91212
-6786
130
70096
-36029
22072
-63227
-48558
44070
7433
84898
89485
-39355
20463
-19067
-80358
-34803
-6432
10800
-7921
72408
56831
74539
93773
-40149
3771
-52712
-19546
8984
73796
-32924
-44888
84612
-74901
-12198
71627
-90557
22550
-46254
-41422
98719
-40868
51398
-1695
-96584
66051
-4284
92604
-27579
-95341
-62656
7416
-76168
39638
38657
48225
-36416
-3153
-19652
-1402
-53336
91029
77310
-45180
-88803
-13462
24834
18990
-50356
-964
20258
-95082
-40342
88343
-18965
67899
-46963
-96380
-80439
-94450
66168
-38557
-88991
-78750
-91404
-63584
-29634
-75663
4825
69717
-93022
93701
-97300
-44100
-84226
-20150
-30430
31951
55102
93997
-90173
32766
-67845
3312
35434
80076
-79468
43725
-41432
65543
-49321
-63676
-59639
27618
-92776
9091
-31826
73009
17828
27825
93785
-64960
-58992
-89192
8008
63887
17322
83629
66040
39086
-64111
9148
202
28785
17313
-1996
99779
-17391
-23290
96461
20270
63263
11442
99154
-60772
-65947
-27095
11342
-22772
59035
90297
69015
10917
-56189
32776
33010
58272
32738
71429
23137
4994
89499
10560
-46192
43975
-96407
-25258
50136
-46693
-30728
92869
86253
24641
34785
33758
-1301
-99434
17153
46232
-83592
-52816
17844
58688
58837
49569
-88077
26702
-32186
38807
-2744
-78636
-47972
36197
-37783
-54512
42460
-53348
1977
53856
-29426
-33773
-21866
41237
59171
23495
67808
-45345
-60477
-41125
-3960
-19224
-64973
-54208
-18032
-83714
1056
23151
81060
58664
47306
-72109
-98411
-73767
-47344
2053
-81106
-41406
10644
-33297
99317
17602
83402
-47278
320
75193
-49630
-99230
34672
-87046
59856
6798
-40689
-69729
-39500
5278
-18558
96118
38891
13238
-70037
-36072
-73934
-6665
-44003
-4966
-47375
61253
4028
-4195
45676
78435
18609
-70591
-36223
24441
-55672
-86090
-84321
32440
84710
-25614
37124
65492
90602
-15105
81776
26352
-18722
-18836
-85781
-87016
-79974
59491
-58064
36711
-25227
-81829
-39883
61449
20329
-35484
46808
38107
98370
-76001
79399
-85969
87363
5008
-13748
85099
-49707
-76788
-31277
11409
-81812
-46259
15130
56345
60857
-65244
-2476
-37574
-90491
-63027
74553
-3769
-88655
-76194
-98034
-46282
33607
-1382
-96180
73085
9852
-48926
-60944
55765
-68411
-80373
20830
-75999
-57006
80395
89971
-86105
-45653
-84852
10726
94012
-92122
29475
-67687
31935
14658
-71974
-98686
97275
-41820
-39383
-84879
23344
-79893
-70396
74237
41516
-91214
-46194
39119
-78254
-36255
-61909
-37174
92476
-69264
-91598
-30826
-70787
44282
94978
-9656
3071
-92935
-74836
32047
42827
45092
-66866
-67138
-38424
11170
-9089
4369
96986
28905
-57946
-90211
-17653
-49096
-12507
-9927
49800
41709
-75405
-88637
84450
19524
24328
70704
5365
-15316
65585
-90956
-29371
59783
-52669
7882
88963
-50369
-95316
47905
-52304
15168
-55259
-42781
82521
-98795
-33981
-2142
52224
-7069
20205
22753
57755
-72196
54120
-84611
-77066
85345
-51314
-19273
41459
4695
36254
-48225
-27534
94628
-52628
67165
62795
-14554
-73863
38367
-84424
23057
80605
-11430
-16624
-11645
-62559
4991
-96338
-8058
77353
5437
84016
20129
-87986
47148
-35685
-40293
80778
33629
43420
-69043
-33780
84731
99561
-19997
46828
40861
29574
32239
80057
-76948
91556
19625
-54483
93484
63780
-56889
46402
-68376
13625
-9803
82718
-57474
65451
96050
-99479
-1276
23095
65350
-41217
-49834
50580
-83037
-96255
-74690
-6640
9432
-69242
99966
26137
80684
-87761
-46596
-28072
95453
3288
64331
88504
-72139
2475
-10990
-59195
45509
-40242
-81317
-60305
-80895
-54980
41594
75245
21944
-2638
94552
91326
38254
93055
-33189
-43254
37911
-44034
-15501
-28633
98610
-49887
71428
43321
-87360
15011
-85845
62577
-5792
-61153
-14545
31413
16265
-3329
-60986
52064
-40029
-23603
-7103
63776
18306
8101
41364
-90370
-13504
13003
89030
75643
76533
44825
17713
-31467
-30442
68177
-56649
-21911
-90137
-10351
-17342
-85326
-18594
31652
-32523
-48209
-24362
89972
98356
-94877
-70100
65950
-55284
-15178
-59846
-16994
-20351
-46663
29422
-52887
23603
49031
85318
59354
22188
6727
12842
42308
12744
-73587
-37211
-18842
81089
-39648
67905
45500
-76905
40598
-54145
-68302
-18792
94620
-4496
49012
-18159
6738
27891
-22816
26833
-81133
460
-81955
-80298
11346
-24740
-39099
-66281
97567
-78717
-52674
60205
17993
67471
59494
68831
-40098
41759
88556
19913
-83250
10712
27964
-27481
-30162
71427
-97006
-35581
4312
42754
18096
45241
-60561
-42003
-93718
2852
-16576
-71282
31839
66151
98436
84212
30850
18970
-72254
97336
-2666
87118
25233
-73974
-18760
58175
8827
-15370
-55210
68309
446
45305
-36802
-17257
9644
93818
-63983
19373
-70286
88807
-35946
61136
28405
23341
35690
96016
87320
44499
-71467
-88447
154
-35084
-25927
57155
52189
86551
34468
73069
93057
-9235
-69436
77014
-99537
47910
27642
7743
-89166
-8400
49991
19424
39359
81101
-19229
-55347
7253
-72817
53740
25157
-59457
-44685
-95365
-23081
4919
89880
50259
35378
-81755
14874
37747
86599
28868
-87985
56971
-61091
54950
-46307
66955
-33551
34638
-53833
-90410
23687
66811
76338
-89003
-89391
-15484
-760
-70743
34235
11166
-94488
19512
-48623
83963
57335
-6104
98510
74829
91623
-4822
-56702
26921
-12430
63598
-61858
-74170
-55244
-64140
-88737
-41308
57251
-5949
-36331
29129
-94868
-62414
-22129
-13466
-58966
-15581
45030
-22439
12037
71504
23650
13388
47845
-79427
38604
-80518
57746
-48819
8081
45522
-5078
37361
-36337
40308
-43843
-55557
14207
-39464
83465
30737
75264
73806
3789
-37252
79996
-88225
-95412
-18656
-91783
-72749
-69984
-17914
92734
-41332
-58633
42069
-30369
78992
-82833
98720
-80985
-66012
79306
-15079
-53598
-8877
13582
12770
-43132
59726
-98372
89220
39929
1389
-17750
-49352
-41462
87956
86015
-95133
-49111
-58256
13515
20832
-81831
57377
-58047
-22155
9468
-58446
81873
93606
16699
-26429
-45850
-14808
-87348
-9528
-92935
34350
-72925
-34070
63440
-54368
-33481
-73717
3479
-67478
7663
-80345
59161
-61519
-3287
-46890
61275
-6241
89447
-2963
43669
-79713
-75625
-1979
-37106
84005
61246
-67373
94227
-48796
97344
-51658
-42925
-9757
-39666
85520
93210
-61014
-87828
-693
65192
-85738
-75554
80829
-41618
14860
80430
14118
-72412
-81334
51357
24278
2826
68505
67108
32172
3705
-68449
62373
-66183
19940
-93359
73523
-62782
94640
-95291
-75526
-82204
97390
-55067
11149
35730
-5071
-55360
59531
-85830
-78511
21178
-95828
-39738
70970
63844
-11283
-7489
-70607
79398
26582
36427
61413
45785
76965
35543
25262
-26383
39833
35920
-60508
-62953
96220
58762
-1186
-89323
73549
37764
45574
2347
-8278
-6397
79958
84670
-15657
85338
689
-57040
-40499
-38965
57696
70923
-98014
-37880
-53273
-40746
-80272
-21742
25732
5962
-90267
72387
-58685
-70561
-19033
96423
17345
-74433
-4255
22532
-79429
10972
-98961
-8262
-56111
25565
-8734
56069
75549
-79501
91120
-65440
-34774
-22774
8571
-73980
-73837
68764
-38532
-75121
35642
82783
42380
-54401
-1119
40031
-6321
95389
-75736
16358
-61187
-4554
-33116
58327
-81458
-5884
32344
-40550
-67774
-57812
-97582
24305
-91254
-82335
-29276
-78615
-75754
-97626
1278
99053
-61444
35248
-30939
18613
-61246
50217
62418
-80549
81096
23953
-38679
12750
35029
-40129
-35052
23583
89084
85702
-83332
-67591
7146
-63501
-94748
52334
75855
-24910
35105
-9044
98663
-45169
-31622
-1970
64484
-16230
-86568
-88177
99578
-7067
-37078
-63911
-45882
86823
97048
53947
-53988
-73085
53665
-56646
-23765
-48542
76499
87358
-41393
88508
-77210
-29843
-49548
-3722
-64010
12885
54049
-46106
-97572
74563
-61848
-23502
14439
29745
30249
95190
-91652
-22501
47038
-17916
-34041
49138
-51066
55845
15901
87466
51217
-18114
-67728
34222
-21851
44398
-70418
-80973
18923
43731
46966
84074
-14983
-16691
-94921
-68657
-60227
64218
743
99359
-76094
-8607
-95138
86118
-29406
34890
65165
80886
-74679
31114
925
20852
87521
-58308
-22168
-85172
-42144
37035
87566
-52604
14762
5612
-24011
13870
95395
82920
-53919
73016
1493
53112
-18388
14557
26107
9705
-53150
-63490
4456
66078
-39109
24075
-23977
-11755
25590
-24869
88592
59778
-63282
53404
47283
-70505
-82789
-47004
-37916
86885
22984
9638
-80429
47772
66925
80448
-46938
60462
8329
50864
-56954
99282
99293
-85785
21891
-7771
-11097
-37514
-75675
21611
94202
93733
6736
2482
-14154
-94429
72018
-58665
-33494
-33385
56845
-50014
-38013
-27628
-900
10829
26926
56492
-8733
20770
86482
-85028
31383
-8958
14307
3428
-66265
-90303
34021
-30022
-23962
-20561
46206
-68012
-4906
31666
2869
-90717
-77005
-18801
35981
28192
87321
-4089
46264
-48258
-92654
34782
97082
88831
-42880
-64969
2971
32547
33507
-80678
38152
7099
-49912
-10024
-18488
-45285
-30385
-14010
73494
49005
-83753
-37596
99167
63203
94856
11234
97817
-79036
92284
76600
-14851
62120
-68725
54771
45411
-15681
-12239
-64176
-10567
38155
8862
64513
72544
-89554
26715
81036
-14044
-15651
-49452
-94317
-99883
-10892
-48826
-25298
-9018
61732
-74106
32308
72866
50759
27627
67865
-88858
88852
17625
-89935
-64514
53102
74219
99347
-36096
-78313
27068
-14503
-6273
78785
-38126
-32829
8205
59781
99304
-18437
13393
-30483
97559
39283
5249
-60757
-82144
86570
-98245
-20435
85144
-28274
86022
-22456
59888
61244
-47072
66129
-53280
36771
45379
-41333
77232
-8698
3833
64186
30691
223
-95592
35286
70976
-86175
-93539
77723
-96962
81047
61921
70973
12043
-35544
-9734
6137
85177
-73541
95345
-8441
-1274
-83529
8603
-21204
-3322
-83805
61078
13419
51631
88109
60130
-22757
-17471
58502
52313
-31020
1040
-98006
8716
36739
4143
-25155
-47364
32158
-7557
78097
32434
51825
-42111
-50172
-65221
54422
-85875
72199
86148
-8510
-55536
-34183
42958
26108
98413
61681
-94259
-12182
63328
26139
42211
56132
-7989
21497
9460
-32535
-85345
-88373
-69531
64784
-20253
-11766
-10314
-75753
14756
-42674
-33414
11383
-68999
46607
-11793
12761
-23438
22152
69758
-90879
-53219
37047
-25520
74537
80820
-83519
39754
-25431
806
33075
83879
-15663
-27520
44068
97905
53529
34168
32118
-50404
71728
-11434
-6533
84287
24944
-68992
47604
19439
-56973
28512
10420
29114
23551
-31500
-91805
97149
-67812
-68815
-84066
-1053
-38009
3221
42940
97786
-11905
-96760
-10004
-79629
7420
-99922
23162
24310
-769
-16244
54448
63840
-77756
-67500
-35623
90266
-75563
-30066
-46367
41559
32313
-53531
-56872
16554
15305
15756
71829
-20287
-43678
-55349
61175
-16126
-24522
54954
80711
72576
-14723
-89608
47801
-5990
54922
-88392
80465
-40528
11000
21993
26211
-93565
98691
-46415
-2510
-9880
-48398
-5915
-57414
-45079
-60366
53751
-81014
-22728
-48385
51581
-68984
-8943
76859
2266
81560
-7829
-7711
98187
-80360
55450
82003
-33392
-35453
64004
98255
88372
19445
-57155
-72768
-17157
62093
93570
-39247
-65496
-25874
55439
99676
36008
-35232
63645
-66655
-37986
-14699
25468
81874
21772
10245
-80952
54955
-48293
98106
35659
-93409
-59513
-65176
-31441
-77043
94121
-28300
-74786
88593
57698
-72299
68920
28663
-56735
-5544
-91088
47883
72850
-87171
37188
-36148
-99676
26623
-874
-8897
20532
-56271
56428
34463
9307
97092
-42111
90865
-73519
-61147
52165
64310
47420
77891
41272
3514
-75303
30958
53918
-35958
54598
-87461
56416
-95613
84841
-69116
-33985
-40252
-96255
34668
15541
-13435
84743
86400
50282
32897
-320
-92839
7312
-12337
93986
-20641
1563
60175
-23328
-8377
-38304
-11841
89044
-72132
-30263
82221
80136
39068
24243
95687
-81503
-77415
-73116
-9458
27881
11712
-14996
64745
-20296
-2090
-56617
-11178
-47171
-8610
-34677
-37765
-30226
23096
48325
66651
42378
60260
-74837
-15836
96071
99939
76365
63076
-26914
49662
-28676
-25188
25007
25184
66887
-98067
51025
57182
7631
37487
8314
-19625
-72442
83937
41864
-54281
-40056
64506
58794
75605
32405
-82978
-50450
-74628
80299
-83220
-92441
-89273
892
25524
-9670
10534
18001
-98746
-72571
96829
64379
-92506
-38739
64043
-83087
-37285
-66557
-43928
57995
-97370
-55405
-16121
-64230
-80560
-97656
98267
52194
-85668
46527
-67722
-89995
-35556
16614
-76212
60396
25824
30801
-45641
1733
-77495
-14503
-86700
-72812
-58501
91441
76938
13031
-42511
26118
75563
-5317
39082
-31342
83058
-10924
49665
75838
-79828
24637
78042
-39182
-11404
47260
5496
-11782
-14505
-11471
-27540
-75370
-12202
66987
27944
-83810
-63863
40999
-89038
-83184
53920
3846
77364
-55112
-1915
7785
39024
-52614
-9379
22476
-67440
-74177
-3922
-88260
40667
-82438
-33509
-95882
-23676
-10730
-79798
-57762
-49635
80318
-40090
-85223
-75543
77320
22912
-95929
61646
-95681
75472
33760
-58391
-8053
-83174
-69718
-10948
-17153
7916
-51628
-22974
-55297
-40828
-22734
-19740
-52148
19342
-89578
-95228
78894
-42422
93959
-9354
-84611
84236
-48223
68046
-42165
94429
79433
57748
-59151
73471
40394
10260
98549
41998
50641
40594
-58603
-99454
62913
-70949
-64333
16145
-57484
21111
12380
-74255
-1585
44283
-31882
4987
38529
-62917
96006
-12821
-17256
-37540
-1572
93124
84352
8262
-37733
40145
13592
90681
38121
-87547
-57934
-18569
14639
-28732
-49497
33439
-17395
75451
-78635
-49830
80350
-19350
31671
-73298
-38173
-82558
-65377
-60112
-21682
-75480
-62894
-31466
98733
98393
-88256
-40149
59505
40617
84126
-24165
-31333
-53148
-37406
-39890
65602
-60779
-41189
42578
-7997
-2268
-61974
-41712
91013
-67942
-72928
17697
64423
-85503
28214
46234
-28663
42471
55203
96898
25908
-34175
74398
34500
40103
87211
12848
-33217
35583
74317
-57292
21435
40321
-32678
-93778
10295
-76537
-53262
-59578
-8482
88710
-18777
73952
-72681
-12104
-70691
-89447
-65605
21674
-91253
57759
-8734
91556
90654
-20755
33686
95792
-95236
-57758
57705
-27063
-28059
-56195
31331
80993
81526
90615
85587
-73201
29704
98173
-40058
54996
75573
13577
-31530
-76408
82618
23580
-55334
-31130
33464
7706
47931
-88207
-53931
-40959
3686
60097
-97024
68551
-13091
-89555
-36463
18640
27241
71830
83534
-247
58730
33166
5514
-40284
-54130
-34780
-80153
-6224
-42080
-52787
-38147
1748
39416
22577
-85229
-8280
-23215
53903
25610
1391
85623
41165
25306
23477
37791
-50016
41587
46402
59793
86484
-42747
21112
-78272
-61704
64091
46862
-68806
-57814
-7454
56873
12410
56699
21384
-40620
-27493
59390
56064
-26020
62055
-33870
98786
-50357
75726
40841
-93202
60095
-97998
45908
-13071
-66715
74463
-66418
5184
-63017
83032
1410
73569
90256
91404
85209
-17526
17224
5544
-91260
-95743
-32719
75270
59778
-44894
-79412
82819
-89586
-82049
-64280
19374
-32791
2785
-84360
-5541
87615
-90259
-61360
-64552
73017
-59806
-13700
-54345
74590
575
-14083
27018
-40218
-2110
70177
85165
-26275
5194
-45251
-68291
81009
-80546
-67318
-99481
-21736
20166
84826
17243
-32032
-82281
78517
-34850
38740
19085
-98796
-92225
-6136
60048
28089
-27743
-52158
96409
-72727
-56585
82757
10222
-7480
-13873
-65413
2249
19087
-60539
-99010
68247
-55444
-61032
-90429
-66852
-13322
-69351
-28253
64627
48522
-42881
74823
17523
89031
-20264
32240
-73618
-77404
-68134
-30111
74579
-61847
-46376
-15511
-27725
90704
-80112
75153
-21216
95097
76321
-30818
-57935
-82108
47705
59971
25251
-30577
-68308
-31514
-89766
-49652
-80254
-87795
73349
-32259
10855
-155
-4385
-55153
-50074
-27921
35985
-47664
-56017
30023
-29004
-92145
-24139
-54893
-49419
-37105
-65707
-8060
51986
33703
-58512
7628
43201
-8967
21785
-69540
-45521
-23219
27946
-28136
-33051
57865
-98063
-31206
-16761
-82225
5384
-31968
-14537
-91469
79106
21011
-79850
-56041
-67711
94325
-34966
84901
10149
24934
18459
-70551
74079
-44270
-40744
-15671
9443
-11270
55447
97761
-90500
79774
14777
59583
-89223
34436
-67125
28728
82053
3560
-85783
57317
22549
-28863
3901
-65154
-86534
-94165
-45467
-4399
-1898
-14475
82099
-15202
-97365
-90999
40718
-64174
-27185
35764
78005
35614
61948
-12270
-97948
4916
-79228
-49193
-97649
12702
83361
-64836
-42741
-47302
43946
-54076
-19572
78934
-59870
-21975
63817
55076
69803
3048
-93828
1626
4632
78630
28869
83625
83360
-71235
-32274
87895
92077
-34712
74825
-79301
-28460
93127
-30986
4501
-31328
-59442
-87039
4679
-23545
43344
-50968
55476
89726
-12764
-86727
-77388
58344
-76367
16410
-67343
-14615
-22436
-77981
67361
63322
-26102
83109
16416
65109
-24300
91726
39145
77039
45767
-60508
8560
85701
-74924
8687
14560
27951
38811
60916
23276
-28142
5262
-12837
41236
62290
-96123
99826
22582
-78236
-70242
-95542
29902
4353
43919
87679
-81524
-43658
-40566
69654
-62575
-43368
80779
-94273
-17019
91798
92801
10297
75031
-26649
-47273
-51820
29138
-92062
-8419
-93166
46105
-46292
-26472
-26457
-20417
94603
-83038
75744
52869
85337
89279
-19744
-53967
30741
-32898
-30972
-29881
17172
-36215
43816
79591
53077
-84535
-91453
-16190
-79183
35256
-9170
94906
29809
93316
47106
-1706
40826
-94755
12638
-73378
-8093
-25956
-55864
-85031
87847
-62641
37931
58017
26870
65381
-74178
1760
66278
-84173
26438
-36375
-49338
-54048
87729
-28875
-10093
-79181
-47069
30584
-52028
3575
-96945
91487
-20032
2441
-35653
-16855
69936
-59906
-94107
-37857
-25682
34227
-19132
20593
97692
-89422
-60505
46703
-21486
-13763
56058
-12448
48431
66043
-16216
-22781
-69104
50748
-55782
-70176
22431
58347
83612
20553
-66685
45135
6817
41010
-4235
-12995
-31395
-12054
-85197
-78306
-19376
40565
-7795
-21159
73123
60040
-60068
-32995
-33557
-53599
16914
-21236
75594
-76416
-27603
-32441
-85644
38661
3142
60946
-28081
-13465
19334
37540
-74956
-39858
-13897
-74162
-70445
-10737
-38024
93381
-40525
-55166
-6069
96718
-55978
-15104
-52599
81669
-22342
-47362
-15883
47561
-16004
-29311
-4307
-42745
54424
37437
-79748
45026
96139
-50930
27277
-71876
65945
34514
-56070
-29468
45291
85089
3651
51484
-84976
-3223
49307
10117
10212
34411
68059
-49687
50190
-5556
11674
2085
-81565
67545
-99116
-271
232
-49318
-15802
12302
83380
96977
-22820
-50357
76020
48912
-28734
79411
-39992
8756
-32681
58902
52171
-94143
-63424
-44494
-89103
81051
88153
78142
-70967
-22945
14277
5268
49569
-28580
67046
-34695
77448
-97102
95336
-71030
25966
-33723
56504
33540
36392
6045
-83757
-9489
-27696
-69475
-65095
-56984
9546
-42211
6336
-28598
57505
-3033
38340
-59720
34063
51275
2556
52426
-21413
75743
-42968
86674
61149
14871
-51034
-37750
77981
45564
-77596
-94053
96794
-42996
12656
-52724
-39258
-11793
91308
-5179
-92242
-62063
-66339
73727
42264
-83872
-91614
-97269
-6779
39524
20161
15291
99766
42741
63453
76977
-70006
33310
51780
73730
-84891
-73075
60517
-87226
-27667
-57677
-13473
19967
84270
93438
-16844
50531
8477
77168
-96484
-75705
-19014
33052
-12618
-42198
-47218
14461
55257
-29092
-56620
-6669
-84343
39625
69428
50075
-51835
-77978
75690
75017
80445
42743
-75258
-3867
36897
52026
54028
53535
47829
-11340
-37381
-78256
76929
-51307
-75669
-58449
95236
-20662
-51313
11628
78920
22624
-90021
-65556
-37520
75216
14783
-63518
92527
-77781
-2224
-87225
96690
24803
-30072
-18955
36477
-16077
81892
96037
48916
42284
-28756
76611
6799
-23779
35983
-93717
-11247
25119
87660
-7229
-76654
5946
-29459
78197
-14825
-54409
47182
20039
-54077
-87228
-62596
-9320
-84536
-38147
-26216
-95623
-44426
-16291
84058
10725
-32524
-26048
-49966
-76321
-65524
-1580
6602
-23769
-75617
-22692
-94264
26840
72506
-95264
-92944
-1503
-86847
-81355
96645
-76578
-77496
-20828
15568
-61934
-93055
-44806
54169
-22333
-61425
9772
-38638
-54734
-51207
-97756
-44460
-55690
3258
-99412
-67200
30964
97461
-6410
-45176
-78339
-9275
-15035
2630
-55100
-59021
4860
-54838
-19526
91073
56129
-35343
65288
32483
28814
-26960
-56920
3725
9236
-83600
51041
21287
56396
-83116
-63075
-65570
-8229
35670
68840
-96492
49184
-69809
-10361
-18057
-95778
-11627
-38797
33711
40001
-12098
14449
-8143
-37361
-98301
-70321
73585
95340
52992
-56899
-88204
-503
-83432
66245
56451
66219
47478
53288
-12485
27860
-10386
-88361
-54782
56848
-2943
-19509
52308
-42979
72511
95873
-23109
-58697
-54649
-23083
12189
4864
-97046
-76550
34095
-58039
61934
24404
-72760
87296
92015
98226
-51888
78198
-8865
78955
34007
14922
94509
-16172
-76862
23031
54340
-99173
70752
63160
77226
31683
18650
-19116
49929
65276
-42743
-57271
70731
72542
93218
86937
-72162
50434
79052
36331
-36841
26749
83666
61600
51954
52538
31668
22004
72632
57331
10392
87692
-67911
80652
-67106
-93662
-91335
58124
9297
79817
-67417
82680
-1991
-75681
-82104
-95410
80781
74319
-80269
99099
-53179
-78528
-29579
73785
-63474
86046
-26924
41705
-5929
76035
43505
-92599
41929
-36223
9735
10353
55635
-16882
-18160
-86032
-88990
-66099
34822
47646
-51280
2229
95558
66206
56180
57504
-10415
-32717
-67977
98802
-17427
77883
-2297
-94556
-66199
94475
-53756
-2964
-76483
-69783
-44905
-55989
-31985
-40800
42371
-95950
47890
5316
-93101
98450
4361
56770
66995
97599
-77910
-59805
89435
-99136
-48483
-53987
-29146
-68555
74595
33174
-4095
-97307
11924
12662
73663
82724
-98431
-59225
44744
-8995
12664
66220
-70158
-64062
92581
-40805
-17944
68301
-2027
-31816
23686
-82831
-79274
95728
-68537
57634
69051
69743
30422
27454
18748
2142
42304
67798
97145
-66692
-40757
-81059
-74977
16152
-13984
-5332
28004
-74839
52771
-69136
-32020
3594
-30621
-50447
18893
-61868
89581
48831
-74192
-10598
-80837
-19653
-54898
-51141
32010
33471
-74982
-8856
-5367
38635
87934
34163
-4563
-29683
61693
-84721
71649
14828
89719
92778
42971
12722
-17205
17636
81866
-4301
96022
-25494
26604
-40738
-35110
95476
53371
89279
74747
-68969
-9593
-4818
31266
-83961
-3105
77016
-13372
61613
84329
-19609
-29763
49761
-15727
69137
-27050
44036
-4706
-98566
-43290
-42755
-2912
903
-4204
-52722
32262
39232
91258
76306
60684
-90079
-70363
-56107
-5231
-64834
-73607
32464
5702
38224
81777
33599
-17981
2911
97541
-56223
99572
-20850
-96796
-51252
-50192
-56258
15137
-67286
75306
23072
92202
-2348
-33408
-16293
-73102
61833
46385
-49770
-76559
-2614
92972
-16926
-47871
-60138
-42365
-73209
-58711
15933
43582
9898
2743
-38620
-42868
41560
84358
-39468
28245
-36559
-13665
47294
13418
-50381
-44996
-28593
-61986
-82270
72232
67372
-36050
-53103
25282
22155
64667
6864
27168
-37267
39577
63987
63887
22651
-2144
28986
-28231
43004
-86881
-93342
-46880
61809
-51696
-10745
-83066
-46898
50790
-57932
45167
-83627
51556
-8311
-39106
-24816
6471
-14008
-94851
98410
-18525
-72836
78840
-6934
-47092
88710
-29688
22477
24683
90245
-88659
7488
-90320
-63327
-36587
-77001
-22234
31093
59001
18989
58082
72406
-6105
-10376
14101
56964
-55206
-33080
-46975
72493
-39995
53564
55880
-63528
-84625
26336
-21216
-62604
-94345
3911
25507
-93954
-1095
45057
-71933
65673
60745
-2374
51995
-47827
-6244
15727
65376
23822
39815
75981
-25034
-90936
9759
-10968
-50465
61620
-95425
50325
44558
99610
-10649
-26844
84442
93811
65089
95485
47374
91225
-71616
-5930
-77987
92173
53793
-33778
94771
-75867
55764
-88727
-97754
30352
-66573
85417
-31221
-21561
88752
18117
11877
71762
-22578
-70904
-92295
8052
34438
66377
52605
-69579
-38454
28291
16622
-18294
46437
-56688
-95999
40610
-73087
-49273
-79247
76111
-18813
-31122
-21001
33743
-65711
-89186
59096
72439
-12557
-8078
32664
-28229
9815
-26453
-79092
99164
-72082
-41692
66381
54254
51381
-11732
11529
-21051
66318
32517
-88205
-62724
49868
-56904
39386
94113
-78066
-62957
-34600
93696
-11966
-37247
-10015
81291
-74421
-41468
73787
-28125
62717
-5999
93964
-17851
22725
-15545
48079
-70124
3878
-91122
-57247
-23490
39518
29384
25976
73358
-89753
-61001
-90382
65294
-83431
11499
6795
-82793
32620
-96987
32681
51575
54236
-10674
-19118
19773
-26267
70477
42237
-58525
10926
-20983
24582
-13287
-7742
-13765
-78214
-40406
-76743
-62482
-30382
96909
44981
49238
12413
21579
43464
-31093
23254
55751
18995
49440
93045
41967
-7350
12004
-83743
-1538
-25933
64501
48611
-51093
-63411
75131
42870
-43663
46764
71112
-28198
-76804
-63421
-84534
-8313
93805
76315
-79957
-11457
-90038
-34689
-58235
-21188
-76539
-59142
48709
-18615
-6361
57272
72795
31981
34905
80842
-96869
61634
-45105
-78139
60659
46691
-91438
-36150
-18487
-38909
61352
79583
8433
81627
46689
-2180
-3512
-20293
33217
-44125
30448
33730
-84155
29798
38696
-93399
-31532
22988
86022
24953
-62525
-22322
35540
-17635
1157
-19204
78469
88914
-64274
-42691
-75182
-55686
-41374
-24141
-23370
85904
-98850
15805
43842
67638
-86494
67158
72797
-82197
65850
28699
-8676
85528
-30808
-19671
-5382
3209
46128
85092
43572
22009
49088
91669
-12092
-80506
19449
69291
-75849
-26493
-12706
-89246
-49235
-95188
57048
87937
-4307
65588
59107
62461
54627
1147
51417
44987
83383
60252
90905
59443
-61878
63138
66068
-62608
-58801
-66214
94772
58932
19844
39939
-39960
86776
88908
-93790
37584
-90800
-99477
-41486
-63742
86445
27293
58745
8759
6205
-78829
-61130
71190
-19731
-72309
61431
-58086
-88306
-4853
-36537
-93406
83989
-4743
-22781
-32875
957
-59942
39053
22959
-29241
5861
79578
39149
-74271
50307
-1241
-75375
-25115
39334
-84727
57106
19640
51459
27681
42788
45459
64941
97837
24863
94494
49679
44732
-41842
-73864
-81274
44090
96279
60115
8089
-74007
66178
-27331
72534
79729
-68057
-42311
-95798
40782
-60615
-92404
65052
58855
94249
46163
31750
70975
98168
-53359
-47631
8260
-8996
-84345
-48019
41797
7310
49148
17994
33153
95918
4060
95381
24474
-33644
-71107
85746
82729
61044
-78404
36435
91819
39981
-71738
-75758
48344
10030
44147
8241
21268
-96571
58316
27563
39614
36486
-73747
-458
61927
-61100
71814
61720
989
35983
34875
-52061
53605
-59622
-37332
-9329
-47546
20871
-30962
-25294
-18430
78818
74808
29534
-97440
59607
-90502
-42921
14756
10304
-63448
-79953
89313
4495
76788
65473
88613
-21931
23993
56518
96210
-88915
38484
-75369
-66612
-63225
43949
15871
11982
39700
63828
-1924
21975
79051
79622
94291
-36989
95639
25742
64461
-63948
-37091
15752
87057
-97233
80365
-45439
-54945
-83581
32068
-56710
75046
-46557
-18949
-9013
80003
42261
20625
-57819
-96552
-93565
-84528
-66704
-37692
-78225
-31330
-36461
39940
-29052
-70942
23697
-41370
3975
-61936
96272
15333
55276
76179
-68490
33382
11525
-89770
79788
-41778
37973
-89040
-92860
39102
-47869
93737
-13897
41516
19242
-60947
99079
-62113
-55155
-5556
-91197
37638
-19544
72812
-42007
-46154
73058
6284
-31515
-22081
-27298
57397
-2952
39401
-11152
-76353
-76364
69840
-51731
95869
-39773
2329
80859
59270
-67192
8144
99975
-78367
63805
61024
39670
4748
3771
69486
-63181
-54999
-45191
-6574
-43897
9990
-92437
-24782
67335
75335
-65941
45501
-21625
-18766
-93899
59905
-47188
54231
-70387
-43222
-28704
-27430
-21573
-47784
78302
-8673
-73674
-53605
81772
-34928
88607
-96050
58217
58765
-72604
88397
-86596
-35727
-44347
-67052
98092
27197
27059
-29195
-39090
65508
54292
11189
-96935
-26701
52388
-98747
-93994
-98150
-56523
18456
71282
75674
87447
94629
-32843
91469
-94574
-41861
-19187
-63027
97424
-42885
-73468
-77950
42072
-35785
-88687
-14516
99061
-85402
25738
-97143
6773
-19968
13431
-80573
17165
-89540
-18751
-57607
-98278
23844
-23223
-75575
2434
-18351
4245
-85193
80249
-40183
-74587
60828
-15905
25905
-24732
45421
58183
-93263
-77766
-75865
80595
19811
44862
-33644
80955
-46922
-66295
4157
31148
82085
293
89644
12621
65616
45733
14429
20252
-61004
91406
68609
-56009
-89268
27507
-52946
82743
-20285
99102
-73050
-47945
40532
-37398
-53247
-41614
-85248
72942
-28806
83146
30955
70292
-68460
80293
-95212
7751
-32281
-13390
-88529
-61301
-5173
-61238
-47519
72870
-32545
68913
82391
-78404
91703
7419
-57020
90808
33504
94155
-68299
-32922
27920
-63945
-41454
-54433
-97361
6855
-37517
-79973
83004
58973
7196
-54870
-85090
-49810
-13225
-20546
50824
-37010
-17363
98464
-19961
44106
33280
37955
-59349
94031
-7736
14838
-3760
-67992
89384
58482
89288
-72700
-47764
-29485
38502
-28138
36642
67236
-67479
12854
-68399
-1645
91908
-56155
31386
-92668
22214
-53330
-94614
96321
-41813
50087
-61606
-9842
-22338
67479
80867
-64230
-38487
14001
14209
57362
72411
-87937
82531
-880
-48684
-50342
-71157
-24847
3088
65749
-96888
95429
30670
-45638
-50290
77599
22267
18604
90863
82123
93248
21483
-8840
-12385
-77211
-67146
15338
6186
-48544
-97845
12756
55818
-68098
72330
80266
-93030
6893
35320
-47868
62600
-50269
-56673
88916
-16508
89647
-20014
-18683
11476
-68518
-24051
-66739
79428
-2375
-42117
52272
59003
15634
-51118
58417
66473
52777
-29606
50676
81053
72486
74571
33525
-6925
42596
-83565
62687
18410
53016
-66378
5834
56020
15068
62672
-33324
-5786
6167
47862
-42789
-21585
-24693
-89797
-80044
82470
-9285
-7282
-16117
83932
66167
77313
-9929
-56688
-42682
33700
44409
31777
7406
8592
55793
-27810
71778
-43009
50685
39289
-24119
69528
13327
4571
45543
54986
-63190
-59695
-9494
-23154
-87431
-24221
-11373
-43954
-74868
74885
-67009
22564
98224
53415
76562
-92677
-41303
79591
83583
53330
-69426
-97177
4469
-25249
-6590
65464
39337
59600
60938
92341
91900
-5972
60368
-30867
-29430
95512
58163
46072
42958
99830
-73399
95018
73525
26792
24242
75622
-29122
18674
88218
69386
68234
99006
12490
15880
78917
-41800
94891
-45996
-32591
-69351
61273
-76231
-30836
-62
75104
-83385
-91106
-89794
-3626
63079
33825
7658
52437
-18097
-50356
97073
98002
19280
702
-55569
-59297
-44276
3780
46007
11897
-19194
-249
43504
-77873
79698
90325
-79526
6096
3947
-9014
63982
41071
54371
-97894
66596
50806
77493
-44482
-87794
-49148
-99658
-89863
-16798
27813
27434
32070
-50539
-57652
-14093
-80736
-10654
73071
-99483
-92115
83433
-15681
-16395
31752
-62731
6467
-12785
23594
82262
-47536
-8186
52660
84461
17511
-88154
-3941
-45114
-24277
36133
-92368
33951
-94083
58936
-44341
84551
15030
16515
-30381
60194
42944
-26520
30381
-98679
-64495
-84095
12991
-73714
67141
-37336
48992
-56227
98968
16115
-25122
-43394
-94275
80189
32747
-46794
61981
-89121
-69148
11469
-38225
-16130
-77633
31083
51888
10366
2129
97500
79360
8341
-41286
-61901
-67303
-5382
74222
69322
46956
-5061
-29664
47015
-72806
25006
13580
59450
-56245
12991
23266
32130
60143
30761
-87734
-27056
-9521
66816
91992
-5788
58255
77098
55438
-97805
97282
27246
-47992
-60086
91370
27044
42056
-66932
-85686
40140
-53410
88855
-5014
-67397
84404
-28155
-77337
-5520
27252
-369
6388
54469
-70954
-89589
45297
-45375
18569
-42538
60134
43210
-99779
-45812
70876
-60040
-14965
86004
96472
-89404
46850
-15111
54069
671
-26865
85715
-43363
35359
26696
-8891
-64093
-92908
10837
-17537
70016
-72199
83195
-25821
-45591
-2682
65158
-65116
63561
67619
-83821
64779
38944
41270
-80713
22548
12664
85661
-13680
61237
-94017
-63048
38822
-85826
8262
32797
61756
22683
-41323
84591
12473
42615
18216
21064
74990
54395
-79990
-10157
-13884
-95244
10445
52087
39619
37139
49892
-57298
-93759
-41203
-84515
29492
8101
-4061
-32835
-29094
96279
-50692
47737
59321
-54586
-83922
23183
-74876
-93803
35739
-74496
439
-13597
62584
-58390
18028
40693
-77399
-94587
-51892
32898
15048
-55366
98594
-57380
-3771
5403
20363
51190
74087
-88381
77130
-71210
-57423
11147
-29192
-57704
43616
-68250
96600
46300
50256
51418
87689
77965
22269
-31140
85140
92367
-37081
37254
73125
9988
-25713
79031
79063
-40261
-10849
-6265
-39000
-91786
45798
8357
49484
-42537
11905
-90672
-41379
65510
-60075
67758
98223
-39615
-9672
-4404
31810
-59103
-75025
-33997
-84399
68421
-37742
22307
43335
61885
-17844
-68561
-79023
-556
-8833
18612
21326
-35173
-23740
-63497
57252
-306
71312
-97445
69356
-33050
-15758
-22917
-79987
-47238
19384
2858
-94490
1042
46258
3972
-78939
-23670
-63730
-90255
46645
-90784
36130
53558
-3116
3994
-21623
-97993
71298
74391
44964
19085
-92459
-83024
-92670
-37248
1066
93002
12634
14689
87414
58107
67637
-68793
-84486
-91114
27113
78564
23509
11221
-32705
39618
66803
-79902
-31242
4512
-60061
30914
-56031
-12253
53191
26142
97579
-15365
82788
13999
76731
-58861
-45735
-7226
20210
59828
54829
-25354
-69039
86199
-82431
30431
-68232
94629
11812
-96233
-50423
-51667
62149
71542
48043
-22720
-44029
-56578
36843
33165
60321
-14875
8636
-66988
-17387
57921
69279
-64023
28607
-57329
76894
81928
86135
78432
-31630
16335
-3777
9697
-12796
70684
-30248
-55291
52176
-5821
48368
-40239
-3098
26604
-41160
-37692
20682
85512
86036
89120
18876
43502
-40980
52697
-42798
-14122
-60256
54297
-81279
40496
14936
-33810
-41862
11298
-32456
64785
-17296
-3043
70195
78740
-24008
-6181
84919
-13273
38922
-10761
-92602
-41210
60708
77416
64677
-66301
97870
54427
21357
-17365
-90312
-20435
63614
47768
-32833
35714
59091
64787
17934
92036
12017
20963
-81567
-2500
-39110
-4873
26597
98950
-1826
46571
-4100
5684
-48719
92474
63581
-76542
15511
-98303
-2345
-45775
69211
-9108
12341
-10686
-46241
-36929
74941
-72368
67822
85635
-83693
-63606
-20563
-39029
-20549
-76276
28976
55009
-580
14746
-75414
-95406
-2785
-327
43708
-9709
-36777
-13271
-5010
42447
66234
72962
93179
-50802
49773
39081
84166
-99645
16159
20528
-31637
-21582
-17236
16712
9521
81532
93345
8611
24411
62600
62495
-6934
92445
25168
73688
75480
-69588
-13115
-58441
28273
-80722
-800
17500
21795
56401
-90297
-39547
-70985
32440
-36328
-97016
-31308
-34673
-70252
27452
-79855
-26433
-69397
78712
32212
-1411
-76000
-32077
-65269
89085
26840
61387
25830
70981
-75771
-88479
-22545
-88548
-15575
-55327
32872
-92511
13450
-10721
-21696
4855
-64463
-53347
-89103
5022
93854
-60695
48249
46301
-14581
-55453
13234
-67301
-31845
13724
-86256
-18866
-79073
26394
-93321
-78134
-56507
-79495
-14793
-81029
35998
90156
77989
-56594
-17142
10528
-8297
85385
-26813
-87743
-20869
-91173
-13566
-55275
-17068
69838
43985
-1273
-49709
-2375
86254
-18433
-18354
-90478
6233
64940
-81185
-66431
-29253
-2141
92
4879
-9549
-39199
56878
52797
-45506
64876
-73840
-38799
-51775
1560
-33178
-10228
10550
64870
13431
94999
-57103
-45433
67209
-12773
2446
-7810
22744
97295
-99911
71651
11058
25836
-5094
-44477
88882
94813
-48421
-87835
80599
7378
-71465
70568
-18880
1076
44448
25800
73222
36275
-74451
-72193
49782
63802
-64225
46472
42601
1412
-55250
-63298
-92286
70536
11060
54243
-9724
27984
-25898
-65410
-65331
63144
10699
-34405
89971
-27855
74890
-73354
-58246
-84075
82708
-87822
58223
-53611
-79013
66692
79075
-61506
16270
31085
30919
51642
-36350
94756
-65439
22914
27838
-1903
14633
-2767
97827
-29578
28546
89396
-72330
-7575
20056
-9314
-78580
77756
-90606
52120
-99823
63869
-97740
12853
-39372
89176
4437
-79196
50738
-89893
-88841
14335
-47234
-9774
-54072
-6656
49802
59025
-67980
-97838
30325
-30896
53285
-24187
81809
-3600
-67624
-55972
2575
-63588
19485
-82111
27722
2763
47723
-6759
84268
-52703
48797
-49551
-93567
-94091
-18227
-24105
48022
-78802
86604
-59898
2957
40518
67131
-66759
-90239
73520
-2935
80480
-34672
83350
60489
-50000
-46327
-84101
30382
-24811
-47501
-97792
-72794
-89213
-85768
96834
90449
93866
-43347
-22944
83229
92936
81727
-39846
88320
56984
-4357
-33515
-48176
62120
-24199
-97605
-60926
95240
30310
59903
74237
-33058
65581
55230
-2214
-745
45954
-66687
73275
76792
-65845
40799
-73083
30418
-87765
84735
46651
-43308
29611
-73412
41912
22395
43271
54817
56969
78948
-61485
-86445
85284
75649
-19896
-15154
53577
9002
70575
3783
56500
52683
11625
-98767
31420
-58180
-27559
-88548
-27509
-40338
15534
35575
90234
43712
61840
-17354
-99447
-76815
-99866
84559
82040
-37904
-6078
11230
90564
97488
-87638
36968
-96895
12951
-47868
-67396
-97711
27190
-5411
29621
54526
-13294
-40106
87389
69626
42561
-90197
-95700
39856
85200
-74655
81070
66566
27777
92940
386
97138
89426
-22918
37310
-85386
-71176
-60801
99056
-94919
235
-43042
19840
32004
-32806
65425
2353
51477
-73984
-75274
-52730
97507
27278
89302
-65343
97455
38984
24466
-94650
-39740
-49620
-54932
41503
42763
-97908
63727
-89575
98829
34301
77244
58379
15045
-76760
59891
-49738
-18079
59198
12986
584
917
31176
-58387
11451
10844
27164
-62622
56666
19149
82027
-32489
-54172
25174
-19144
-15685
-8503
31063
9891
60374
34513
-8547
-41501
-17899
92508
-53127
-91309
81974
83268
77181
-25949
-4660
66270
99026
-81105
42031
34720
-4039
50604
-32700
27420
-28068
-96321
99045
17067
78864
74856
28780
-10907
-42326
-54629
-58911
-66804
11899
-27665
83517
67848
-3351
-14737
-18469
6029
-38805
-30641
34106
93721
-56480
77496
71089
-29415
-63027
97540
98224
-77205
-83535
37702
-40274
92926
16455
24064
52469
-45802
-56040
-36744
74630
-9876
-52998
-28508
-67735
43634
45288
-28158
60054
20532
-14785
-51452
-18567
96666
-50221
54761
-39642
-11446
-47892
-39321
32025
38250
-11424
-57788
33768
84803
96206
68484
45383
-54079
42676
4989
47288
-50281
68206
-16826
-99443
37695
-89332
2830
-87845
81183
14350
-54519
32253
37959
-47745
-81724
12610
-40809
3627
7834
3636
71358
3069
-77825
23942
-44195
-40390
92601
6169
-31415
-7724
-76945
-42133
3760
-17428
8538
-91364
79443
-85017
97752
-29794
70065
-59093
-66977
-90823
-32508
56247
46478
17017
-36764
47069
3551
61173
15306
90844
-18439
32444
-25680
-35682
78050
78301
91475
-52790
-78638
61203
-8806
2823
58979
35723
59217
-31089
-50332
-72364
-33842
-69461
-26484
-58270
6388
-59631
72075
81919
-84330
54102
-22724
-29489
-84109
-39791
67127
-83522
89055
-60978
-59836
84232
34819
75116
73642
-83484
49211
69460
58917
62798
64861
85462
-42123
58800
-91175
77601
42259
50924
-11524
-37793
-76545
57800
-69809
-61781
-18252
-15753
23132
87728
74557
33344
94416
-50721
71970
-29619
83964
82828
-76678
15123
-73418
-59034
95268
-38632
-34404
-54767
-69615
-51674
86072
76962
-72520
46410
17215
9014
-61395
48905
-99468
8751
-51124
2401
57322
53388
-66353
80375
80870
-16604
-95233
17378
73570
5503
-56824
-83246
-47954
52433
96933
-16738
-69710
40404
30650
84330
-68466
3137
36032
-3727
-7518
57258
-61350
-84939
22185
-25097
-33337
77376
-97600
-45637
-31567
-28459
28485
-96014
8866
-38856
63515
-75430
80214
-54889
93897
-55830
-37141
-52652
29506
88371
59508
61104
-82689
-61422
10158
72917
89288
-24689
-73270
-90688
29075
27158
-11799
63497
-18941
28495
52710
-60272
34513
-84196
94540
60998
33864
87151
-10712
61205
9194
-26811
-61638
-43795
-46288
24130
83269
-70676
84463
80362
31750
-8279
-59050
-66887
-2559
91294
-62060
-62111
-52746
10799
71638
-76322
29811
-51365
-32210
-68041
22339
13182
9935
-2285
72068
44992
86069
-70732
-65642
99038
-2974
-6891
-53968
-76973
-26878
-75044
86732
-27038
-47824
-24900
-15806
43715
74961
-11605
51187
-31192
75934
60602
-14372
-40726
-93760
60182
26186
29653
35348
-52327
4716
-79796
90126
82958
-97596
78875
95481
-59008
-90056
-33193
21084
-68611
37061
-1612
87673
-3668
-93549
11747
61039
64200
-64797
-14491
61503
-56712
58852
-61199
-64213
-16307
-17690
-41474
40570
19095
99878
91246
73113
-43612
-36665
80727
-58469
-10474
48866
-91154
78369
-50080
-99980
-92590
-9323
34717
49206
98355
10128
-55923
73802
65373
-61476
-91732
-62831
95013
-85869
-17743
-61863
89902
-83930
-77408
63028
-15080
-85382
-8564
93604
94855
73196
70957
53618
17803
-56907
-41959
-13923
20657
-8535
82786
78832
31589
-11878
-24435
-44564
-26494
-58023
25322
-62171
31160
-69476
-72299
-43799
-65831
7995
-72441
30298
40704
-19243
-26599
34397
-20898
-44209
-29545
-13141
-8926
-4932
-52483
44037
86789
64025
-53615
-59772
53231
-82513
-92260
-34674
31561
-98789
-79482
-40283
-18848
-18646
-62131
-47399
-96078
-14242
44834
-50274
89497
-86002
-29728
71032
82001
71017
74345
-30317
41384
65179
2399
13807
73025
21768
77628
-9672
-35068
-24843
-53041
93107
10726
-85178
30676
52501
44944
-11102
-93074
-22482
52014
-45838
-189
80450
95383
-45559
-88844
-62984
-49772
-1378
-91912
17836
-72561
6260
-90156
-60705
64474
61402
32761
-68850
77464
-94642
-66630
72544
81868
-5315
-99736
-91784
38908
21414
-76981
46891
94977
-19172
7039
-84789
-44946
14250
11114
39330
80475
-94576
34774
56827
15757
-85780
-70801
85145
-14845
-35916
57114
-57269
-82529
21920
-23121
7703
-86288
-84699
7829
-15597
80984
89115
-66631
30612
-56482
53696
-28245
6333
-41645
-22123
53397
22841
-7847
-38490
88664
-76861
50068
-65689
28484
31842
-15567
26490
-3148
-82509
-28082
78350
79300
-34210
9925
-33119
85809
-32085
37976
-25819
78475
8237
-48902
57601
23705
-68644
-60808
-8082
-63671
8769
-26557
-21758
38418
93386
-95270
84938
93608
-7107
-74984
49167
-84197
-54583
55447
27387
-53235
-27208
30720
-86251
-30130
4865
27761
-61463
4566
-53381
-28535
75267
96158
27563
91347
13465
-75237
19454
-15348
-59256
-14632
97682
-56174
-67977
23214
-24210
-49172
-61544
28387
82451
82736
95501
93981
-5974
533
38247
-43903
-81572
-20138
80137
99885
-20352
65086
-74389
18958
-64657
19926
64442
49822
11764
-30487
31389
-92163
-37152
-35727
99155
-3733
-20486
-54240
-99720
82912
-30317
-52596
-16665
33096
15606
-99785
91832
-24865
43710
87418
-98390
-94556
79107
-50866
30236
-59587
-42388
-22153
79030
-66649
31400
-14578
-5083
-77737
-92872
-88087
-73597
-58382
39588
50281
-54380
-37146
37646
-95969
-69844
-60061
-38237
47195
-21137
70394
36013
-82477
-39887
-99440
72901
96365
-86532
81470
79014
-80278
-95761
-10423
55709
61742
27267
-58695
-69859
-83792
-82263
45720
-57616
36218
-12145
7688
73991
42269
53314
74049
80370
9205
-81362
78759
-23957
-74476
-19520
48388
-76404
93902
95980
487
-13279
-26527
-37238
-13928
44824
-72002
-41125
-31114
3413
-54920
-15702
80560
66850
77768
-79026
-37604
-1724
-52293
86284
-62281
44200
73273
-12711
-35590
-49604
-84878
31357
28821
5275
-14490
76690
-75126
30880
82193
-80084
18409
12124
-31758
27091
86564
-58334
29303
76267
20686
48319
-59577
53173
68533
47303
-98005
-91922
25304
77002
-71846
-80299
38790
96294
69727
-17142
2454
87862
88233
71762
7805
88552
-56401
9079
22095
70317
-5634
-56948
29653
-8951
-89184
14350
-39673
-95670
-30101
-27738
82086
65685
55267
53004
-70216
-44965
-75956
11397
-49951
-45717
-41455
27213
90843
72610
76170
74575
-46318
-3
-62034
63120
-47073
-70449
31125
-70548
-94370
-54706
-96025
55161
39726
-86649
-50073
68360
32900
10738
-62186
80970
-98772
69920
-39803
94926
-74082
99664
1339
11752
-8391
16802
-24898
25646
19614
43043
88258
-42852
35436
-10617
-79893
89239
65811
-50124
17217
41742
-63017
-44486
-43729
-13507
-56413
-22943
93112
-6452
-15481
68828
-3017
34452
18768
-81639
89680
-77695
-24765
-90374
-63175
34322
98230
96157
-60449
18877
-3894
-19113
33526
76016
6728
30336
91424
-61069
34519
-8216
83385
-63511
57304
86376
-15299
26934
37918
-15086
-33065
-39750
87757
-87542
48647
-24838
-52466
-44498
-90130
77728
-85140
35825
5241
86809
-82482
-11835
57896
95388
-44399
10486
-74246
-31669
-30719
52308
98103
16433
43253
-37495
38873
-58388
-65340
65225
-75304
-29532
-16857
-39130
-57583
-71367
-531
55747
6290
86075
-46763
95585
67140
85074
-42869
-49195
-94219
44478
-81790
-77926
5698
-86343
24874
32387
67870
-39303
-92722
38857
63105
-12974
59854
37890
28655
92919
-99596
98995
-67101
17633
33332
66876
-35176
3336
-71739
-60751
-26827
64334
72534
-3318
-22701
-21381
61807
-64848
-28564
-10781
5541
-53321
32353
17892
-83335
-79765
51239
-564
-60530
-6845
63376
-89641
38406
35251
51442
60693
-87240
6301
26486
52522
56463
-38809
-9153
6511
76738
-42392
-97484
-83785
-21333
49083
-31700
-33812
-47929
23734
13109
-81193
-86327
71541
11585
21950
-31589
52751
59118
-52313
-9102
-31638
-94672
-79173
-78196
34667
55581
9030
4361
2693
40085
30171
67235
13427
-82740
58197
99148
-81279
-62474
76471
-74909
-90301
70414
76149
6802
99113
-50942
-91316
48646
5931
-31490
-26420
-37812
-40226
64659
-10250
-1211
69225
44228
-56000
52742
29969
67373
61621
86990
-99281
-83951
-90823
-98268
-5948
-90754
7082
95693
94115
-50913
23331
69031
24396
-60578
-65254
-603
13721
91252
-56087
-69400
-95087
-81394
76906
-22666
90203
-61603
77627
-61159
42700
81019
70176
20823
86433
-39563
78600
-58231
9480
31993
-44248
1562
-2279
-50531
85060
50270
15650
-27959
-93300
-28276
-33
-76733
30691
-47526
96073
59221
52666
53107
-56379
36765
69787
96216
-23043
-6863
38338
62096
22476
60716
20069
-24691
-97069
-60966
-88363
30557
96809
74812
-62083
42057
79279
84728
-70202
-95666
-42240
-31648
88989
-523
49544
3805
81868
-7663
-42772
92856
-48571
-41963
-92185
-22524
-5762
-36145
63349
13036
-83915
-65659
70119
-46891
-2731
-32086
-90409
54767
49905
-76227
-23498
34397
6509
-48897
-57343
57918
-37764
-49073
4242
-38824
95171
45923
16403
55393
-23075
39845
-88243
-38999
-86408
89192
64734
-53657
17308
-50043
-20535
-92130
-66292
-80042
-97240
-9429
13765
-35121
-16708
59822
77347
98868
-47643
-46637
90915
54010
-60691
-81732
-83837
27326
53182
-4404
70022
-30628
-54860
35091
275
2670
63373
-46319
43581
-9567
-59587
-6743
-98466
-62091
78302
-68956
-26276
-78767
39173
-70754
60301
-43072
-63440
85457
-58633
55372
95899
-94788
-75600
23093
31730
90927
70628
-20530
98784
-97610
-47243
-26443
88837
37087
-76867
-34515
-83961
-98774
-9553
-69222
11328
-31603
29659
72984
77653
-50719
30672
85879
-19290
78252
90843
33303
97825
97099
-87442
89181
-56847
28476
44380
-51889
54164
-62394
92801
-12590
-63541
85893
-20929
45437
38122
-55530
48483
-52455
-64561
13915
-65307
-10761
-58257
-61461
-51442
-32658
-96436
28249
49012
35888
63811
28832
43041
-89271
82305
28328
-57902
-14861
-69802
55031
47323
-46888
90402
-16905
-33368
-37083
-789
-8161
-51234
-33338
-84399
28033
-29793
34308
48409
64432
97836
-21575
-73243
-2996
-49818
52460
82116
-73492
-19539
-3315
-84314
-7770
-96215
96910
-35672
-28227
-93017
-65381
-90226
14312
-24037
13112
-1906
27707
-9532
51062
79241
-69707
-34771
-82926
5397
-20699
-14641
72490
41845
-2631
-50732
-27235
62314
-44316
-39946
-41986
-15838
-15189
-83706
-63949
-62961
12301
90761
29104
12051
-78835
-61507
-98036
64151
77085
-64455
94141
40507
47337
-8654
98293
-55704
-16771
35289
31960
67585
7635
-42334
-424
14839
-97475
97376
33327
-72389
91051
28108
90744
-71217
6810
-98267
18859
21430
-77351
-37647
13043
-68662
-27079
-38559
-14034
-53716
-93807
-96110
-6144
38677
-77333
-52560
96596
19147
93775
46389
-20176
-41360
-82903
-49713
-65420
-22923
89945
70624
44655
-96021
-18152
7071
-46754
30842
64578
71388
16706
-90710
70916
-15840
83037
82655
81954
56754
64905
-79774
-37083
-54922
-7244
-14183
-69344
58289
-61765
89305
46174
56808
-45342
5330
-95574
1957
-72658
-56215
28411
-41701
-11937
43363
-44743
56865
-80050
38652
-26192
60826
-3618
-78632
-23728
-67338
-59614
32785
81950
-25839
25547
36975
78524
-65287
16908
-75659
-91953
