7700
-91383
18933
32542
-10839
-77644
-2102
-38443
76065
-87724
4044
-89551
-79454
94726
-66218
-26975
-67376
63358
-66960
49639
-52556
95175
-60440
35369
2279
23912
-97973
-43356
-17767
35299
-73600
8256
33279
55063
92162
17150
-90345
20485
-46855
-20467
49753
-89617
25459
55292
70395
-31844
-82557
-52021
30241
35001
29238
-294
80160
80985
3503
-43645
82670
-46371
-91618
-22525
-53401
-25873
-80991
83859
-88642
55400
-38729
48597
81022
73938
-32675
61354
20988
-46137
18247
23136
80860
-50568
57596
44745
9148
37578
7438
14310
-30848
99354
64501
-44222
44283
36641
24008
20508
-21962
73907
10903
-69251
17761
63586
29991
65575
-50732
-74305
35595
-32274
-24064
3712
-95525
-79328
-2570
-92291
28948
-39073
57299
-77419
-14644
-46384
-64760
69101
30160
-26964
88578
83608
-5669
-58060
-26630
-77421
41269
-33279
76634
77543
-53081
48249
-60726
78641
-52778
-52514
82839
89982
-64508
-23552
33856
-22640
59998
-80237
-69028
-27458
-44222
-18917
30507
74615
-83758
10563
-97993
-12634
-41426
-8050
-71514
89458
89681
51685
-65569
-95651
-40630
-92338
67927
-11316
-9004
-60547
-87049
97829
73172
-11323
8300
-31788
40752
-30681
-66998
22313
-2297
-30581
-21538
14811
-51824
71949
-29682
-77264
9618
58414
-60433
69108
-11331
38955
7268
87526
-40924
25451
-76819
90547
-31528
64017
39955
-96038
7586
-10383
35950
-37842
13660
-76768
-58862
64314
-80596
-8731
60500
-24194
-89506
60683
-94212
22360
46749
-30824
-75895
64254
-11442
-77352
-77733
-54168
81674
14610
-33983
-18293
-63242
62620
25119
88959
-94272
-98933
73980
52417
-24841
52098
-94938
68885
-77561
18219
3074
-3836
-52336
79492
2164
44611
-38813
19857
40039
-64908
87448
-7824
43769
90501
81679
10441
49286
91831
-38975
-20189
-84464
-65415
94786
71828
-95288
-79886
9493
-34543
-2693
-78690
83115
6435
-39780
-11440
27322
-73221
-48406
1173
-1865
-76260
-26242
-63303
48048
-35402
26227
-47901
10311
84435
88370
41179
65742
91306
-39208
-68436
-58116
24529
-90489
-13787
-99574
48208
76230
-11591
-14291
8849
-19563
90502
3952
11891
-43438
-19533
-35795
23677
42561
55538
-3993
3951
84668
73253
68807
90229
21686
861
57266
5429
93677
84925
90371
33479
7916
98877
-73814
51140
57594
5578
75040
4791
-63773
-65013
-36794
12785
-61600
-76801
98778
5945
-15771
-14974
-94892
-59552
73607
90862
99171
-69391
-887
-72418
-36609
-83769
94722
49934
70571
-88134
42220
50910
-71479
35889
-34485
-75786
77145
39835
-62025
1155
-47792
-61959
-62968
66718
-92911
61650
59166
-1714
-52406
-8886
-29045
-32156
83118
38349
82269
47429
-84662
26214
22667
32901
1670
99180
25402
61549
-96645
77787
-79059
79583
37419
-15040
-58680
52177
-31519
-83186
-21633
39605
20774
1039
-7520
12793
80413
-21580
50233
48938
-56132
63629
-59993
-98445
-26265
69780
-56772
-81212
-95446
19619
-49140
-60722
-3629
17478
-88620
-29974
-20310
-95957
42632
53145
-61361
-76042
63736
-25882
56622
95217
24862
17640
-52448
54113
-91258
-33948
58017
26227
-17190
69839
-50134
93717
7433
-50768
-32597
-4574
65492
-5468
85607
-76747
-98059
-10692
15467
40671
66092
-9344
39340
98483
-56665
54423
-64516
74558
-62004
-92866
18281
-82732
-48665
-50570
19314
5125
-1941
41979
72807
83695
-18905
96558
-57636
-70675
90118
29652
38153
-45011
-43454
53943
88577
-52128
-12057
-23830
55181
970
-86400
-37462
32101
-47367
-40160
-35552
74186
57682
-88114
-77052
-87485
-56186
-8498
50203
80754
51556
87368
17120
94993
40009
-49576
82497
19279
-32270
-34127
-49024
71873
69874
-45778
-50822
31686
-70274
63991
-3451
-65860
-44122
-46772
82418
15769
-26657
-16783
-27471
-44505
-39685
-59722
-85164
45662
34041
16802
-15700
-17121
-94919
-61124
80016
42955
-50424
-25227
78844
-17026
-49575
1077
27669
-20308
55765
31360
-80758
17686
-19319
73669
99799
17832
82430
-84477
-52253
-97614
38310
25112
-46646
-47103
17714
3304
-60811
37977
18689
-59994
41700
-43438
21234
-21950
94221
-66164
-41446
19503
98654
27665
-12399
-79920
28063
31941
39847
-24130
-37901
4428
93044
-76744
51005
-17736
-75123
53928
-17824
32429
-90093
-66994
-17442
29076
-8795
50187
-35934
85240
-82955
50316
-66279
-47808
59128
55377
-16966
-62007
-96073
46105
-44505
-19744
83651
20268
-38613
72601
30982
11461
-18077
78735
23796
-35367
69370
77752
35871
-15544
-48179
58787
-99926
28063
36781
26769
23893
-4856
-58430
-1554
-33736
-80689
-6644
-92310
97867
65041
-58299
46840
79458
-637
33379
86627
-38282
45148
98233
81544
80989
6752
-38147
65396
81948
-80054
24804
77146
27987
-9578
56170
-10255
-25450
77352
-9618
76456
-40228
-64420
-50439
-99641
-27247
-94101
70303
70756
65926
9334
86334
68222
3144
-31053
15524
-69959
-3634
-5327
-71091
13110
-35060
-26423
-93367
-4850
-11292
22371
21308
-52308
-70276
-41758
89663
-78460
-50134
-2899
2085
-57548
-15924
56155
-56296
-54539
-3403
77946
-31007
-89923
65218
-62916
-56378
-26059
96970
79999
-3443
-94062
96563
92344
94367
13011
72930
14715
-25336
-12587
-21942
81257
89307
-54122
-46042
-73226
-50574
19972
-83391
-31147
-13037
34817
-38158
3139
70319
52662
62118
11885
39812
47953
1942
-73665
-30686
60956
57751
-11573
-42550
-66117
14479
66577
-36303
-43070
97797
42353
-16603
-35087
-25454
46762
10247
-60531
-45132
-11698
42166
-19941
-68990
-1148
-9012
-86724
-61255
-45639
4354
-89120
-18508
-80475
-95569
-76568
86266
-4554
-53139
-24036
60210
-52069
75932
89413
-69263
94446
-36288
97513
-12684
35902
-8186
54881
74281
30520
-74076
90520
-94361
-48462
97630
-34206
16895
-16683
-78236
-52362
9578
-19676
-8231
-10934
-44063
37805
52782
68170
60236
-54390
13229
-36812
-96622
-43308
-28334
94291
-36977
13286
11091
93269
-7004
65929
-42751
-23733
94760
14721
-32954
56317
72123
-89805
78990
-95064
41403
77937
71683
-93290
-79856
-83420
5424
-53928
29155
-49003
-60473
33953
-21396
-31464
-51010
76162
-14873
-10155
81363
79101
-6552
40436
-82255
95305
-15098
-32924
58475
-85214
13939
-55671
14885
-44727
21100
-82944
71122
5279
28683
-22321
62743
-54118
-6982
98478
-15858
37665
-30974
36012
5095
-33526
48385
-50112
-17686
73774
-80966
-70419
65816
-71771
-4282
-58736
97839
91811
-34135
70153
26443
-38098
-5888
5636
81513
52091
76182
-52509
72135
-99420
-41771
-5366
36776
-81527
-86439
-26234
64947
-1216
-10336
-33957
13883
-51718
11614
-30552
15898
16499
-82259
32633
20854
4053
-54942
14953
-57179
53866
-97413
-38414
2029
86332
-6924
-67437
31588
68684
-33800
-83556
45238
-27413
84853
68249
51845
-96265
30536
-23143
875
69237
-28712
-66790
20762
28168
-17089
78674
-41051
55756
10978
-80612
35992
20242
67233
69374
-55231
33016
-51990
70419
81426
-56861
-13720
-83431
74078
4636
-74663
-94183
67073
4292
-96962
-85841
-22435
-47371
57003
35381
-81154
-94537
-82754
34704
89695
3420
-37332
49494
-47994
14457
-47817
-40805
-82102
43009
-23556
60759
60917
-1473
-72856
-36939
-35964
30767
-69493
-76102
86219
-60870
38149
78608
-87627
-85427
27676
-1937
-46166
-80299
11824
-79705
-73719
-21607
21445
80652
29844
59571
85504
85118
56235
-4692
40813
-52205
73457
-99853
21053
-46556
54283
-5766
-4595
-42127
70599
94382
17313
-36879
6873
6161
87663
-36869
-42624
44533
-42344
63818
-12153
3542
-35918
1008
-13849
-1771
40704
-8806
-70199
92685
13123
84860
-45014
33172
-40727
14169
-29096
96912
-11804
-56272
79001
81779
-40362
73542
-45014
43412
11112
-84531
-46875
-47125
15226
-35090
43452
-83095
4916
-9352
74977
61810
79547
-56156
-184
70520
-27264
-35388
-81724
93685
51314
-92856
-5490
-93180
8980
85613
-56411
-42147
-68119
-49981
41935
41451
-16757
-66087
-25155
62988
-84773
22343
-44852
-25051
-2350
87511
-70232
80478
70326
-44016
69003
-68287
63081
-52127
96675
68971
66139
-12953
-22254
-49236
71904
-39077
-21169
71297
14237
-32613
36073
41899
53211
73363
91372
-71637
-22403
-51000
-25444
59037
-97586
43521
-54242
14318
-1740
-95534
-87945
11132
27074
43590
49259
-54904
-919
51240
-88889
97434
39821
90286
-94469
69618
90806
52611
-43041
42598
42269
70831
74582
-76067
-56473
66726
89488
-34714
88878
170
10025
-56394
6074
-40611
-81361
-1156
36046
-30809
81793
-14493
88031
-45056
-16046
-72476
-50464
12378
-6579
17604
-75208
-18770
97939
-75663
-42155
35490
-5665
94325
62234
70036
-23093
-36971
2740
-92858
8427
-5368
73866
-75034
-68969
-37929
62802
-86984
12743
38798
-95615
-44510
-69737
-72996
55002
-27308
-86807
-92212
-56088
-23598
-71255
28960
-16953
79007
-27220
65735
86940
-93817
53106
-32516
-11612
-6903
-3446
-57093
61866
88480
47124
24031
17363
75245
-44894
17501
93267
-65597
36920
-67177
-69694
-64626
29107
64478
45129
-84128
52614
-69305
-27914
-22950
29151
83368
-5200
91379
-69784
-80592
56708
26664
27433
-928
94365
-66368
32522
23274
-75054
96443
92342
-95836
-29734
-65897
-83364
-45399
-11301
-41922
99151
92621
91359
-71025
90573
-2758
33703
91207
55005
-51029
16026
5004
71825
-75771
23510
66070
-87573
-91315
55592
92794
65308
-17270
66646
-19052
70120
30328
54873
74321
-20187
44966
94120
71639
81186
-47059
60207
1553
-26909
-74163
9823
71130
61707
-83355
34142
-8955
-14253
-16305
-35809
31687
89846
2006
26765
83778
-77393
10196
-70367
89646
84058
-33555
-59692
-20634
-45257
33314
90670
42893
-16882
80018
-97092
-83813
24300
-51053
-77921
-1145
-78133
37801
99201
37523
-82225
-62047
86179
65327
-24211
-13427
2386
16331
1702
70172
36409
-5124
-67663
66453
16399
-80310
-46089
-95568
6321
-26860
-68360
77585
88010
22368
-30069
87906
29934
15235
-78590
31692
61190
-89687
17196
80017
-49690
97986
-79180
-73719
96763
-503
81062
41846
67232
-9742
-21230
23302
48975
49840
-44087
-90266
-90828
-71200
70532
75006
87965
-43563
39717
21452
74894
21249
-63595
5088
-3726
83196
32204
-99214
-71765
4340
1711
14171
-86582
-63054
83219
30198
-22054
-90171
863
97364
-24169
-24819
-46384
6998
-12996
95141
-53289
75435
-64006
-92178
73373
-81433
-30972
61429
34982
13884
-24761
24192
-2797
-93545
8760
-19846
769
-21095
88389
55864
28496
-87696
94637
-81561
-37186
21202
93803
-35948
-53135
28950
-4274
-41576
-12525
16111
89380
2334
8471
-59067
18644
47571
-23013
-42511
-11701
-92952
50022
-37291
-43441
91975
-96112
-96809
-36305
-92528
37761
71352
-47269
-68402
-42863
-22764
-72176
8827
37903
86008
299
-54292
51037
38555
13983
64474
-64583
87675
10498
-49905
-68842
-52138
77506
50090
-9944
82369
52532
-84850
37119
-73177
-1779
82861
-70197
-34142
47529
53740
56766
69999
76617
95924
-65137
-40495
80794
9429
-29862
-67451
-4688
31382
68900
-53795
33170
-37603
-55235
29564
29294
78327
-84610
-13011
70189
-88571
-30862
8864
-69215
-14012
-1455
-29759
45531
-70409
-35289
-30602
5786
59315
-5548
-85386
-83554
-79417
99756
62977
-34854
43910
53759
18047
59079
-85390
81714
-43783
-78187
-5306
-64564
-37138
-82692
62175
23309
-72749
25905
-45303
-98760
14123
23541
-86046
10674
48574
-33401
10285
21763
38329
69434
23030
-7495
1250
-41503
91229
-81877
16181
-3738
45888
-25253
85280
-65734
-72631
97141
-58088
80934
-60719
35508
35670
6337
53359
-69724
64050
-82374
-27166
-3838
27354
-35947
81494
-41665
-72017
26547
27222
59875
86780
18825
81615
-35249
90195
-48269
7869
-66469
78278
-58143
51637
66589
-24897
35759
82637
-78453
-40259
-29805
17323
90296
18411
-80016
-98903
66426
59359
-313
67426
43693
-44244
93389
-80228
-2352
96804
-33705
99474
-75892
-64467
62705
26652
-16811
-62402
-92657
71485
27946
32631
74075
66249
-7754
-51429
9325
83441
-4583
77483
63641
38764
67392
26591
-36319
-6396
-65680
51011
-88117
-40389
-6621
78957
97934
23128
-56247
-82025
-42330
-85807
7791
-67619
43719
57494
-15043
43796
-17234
70904
-89191
-34364
63186
37812
-93654
79492
42489
-12512
-56137
41201
34408
65841
-89427
-25014
-2381
22694
83583
-42389
67186
96149
10536
96676
-236
-12720
6028
-59146
-62963
-2700
-69252
67433
-43669
25358
-2152
-12147
55751
-97559
85711
-59253
-97194
58360
-42685
5670
29151
-84452
41031
29652
16839
-83053
-56054
-97037
-53688
55679
88973
95146
80128
-98674
-28016
52829
-75995
-50486
-45237
83788
58839
-91201
44120
-43447
-44658
71812
9646
65556
-66382
54504
-4089
16660
-6902
39547
53027
91636
83276
-52362
-90906
92120
17235
-47353
27037
23611
-75602
-22723
69854
35815
-68396
12109
65165
47759
89206
-80065
56443
-77812
62765
19192
97576
41970
46803
-33244
-99671
-60145
-74963
-9345
58725
-17792
27333
2049
-87175
98351
-54761
92516
29052
45548
98209
25107
15516
-55065
4189
-22095
68519
51016
-73781
-10878
-41498
-24469
-24793
38394
-32540
74619
-76677
-79520
85580
46698
-25971
-8289
5616
78666
-96648
66345
21414
72331
-35240
16968
-24115
-84271
13279
27715
-62419
-17999
41669
84393
12092
-40055
-53924
-6403
-22339
70713
-72511
57150
-27261
52418
49198
-11695
29588
-94215
-78163
16717
47976
58023
-98073
47267
21969
-48448
-68325
-55512
-33036
-55810
-22230
37761
-71051
-54438
-25778
-10966
50737
-4825
-98581
-88029
-13339
16523
41790
63927
82988
37018
99378
-80598
-98843
-96559
19985
-17154
93683
20459
-85225
40482
87517
79971
-12317
-21064
-43242
-35577
71
69505
-42280
97398
35518
2408
10985
-27530
-94403
34663
43904
14260
-59742
61082
13569
88025
-86775
14558
62243
-17531
47166
-8667
-11662
-22230
24780
56602
46192
-13368
72948
64427
-37865
94784
36857
-14664
72378
70936
-14952
63190
-20279
-16694
82198
-35457
-56653
-39927
-86735
96858
-53850
21521
83320
5219
-10510
64809
37622
-8201
74763
-49480
-2358
91967
29037
25473
36370
24566
84314
-12227
-23674
42712
-961
47060
47201
40169
37237
20471
-18567
-13921
-55261
61148
36080
-78163
51072
76439
52227
-70740
-64522
88594
-39296
84776
-10206
1257
29524
38853
85432
43300
-89534
27853
65220
39826
33008
57815
-3509
51710
-549
-60396
-32304
61585
14635
61177
29810
-16316
-42462
-39292
84210
77759
-75539
-43986
13011
-19949
24221
-72468
69146
25489
49135
-88479
-70027
86917
31047
43107
76664
-45614
95996
-10648
41666
41003
-22708
-7539
81278
-55188
73840
-57406
-79419
-85293
18891
72022
-83487
-23267
19132
44507
-35603
-58303
-71021
-54602
-43112
-88573
75807
75205
-77624
76791
8933
-50003
76635
-69101
19566
77439
-65464
6255
-88072
-54906
42660
88027
-52532
81327
-56255
-77027
95599
59733
72625
51461
-47758
34601
-24216
6191
12516
97339
-42433
-77099
62824
-27289
-53867
-98354
44577
6878
-52528
94503
85449
35344
-95487
66525
99169
80755
33190
83828
-56893
84275
-44728
-35466
-63405
-96458
2181
37323
77908
-46902
38120
73778
9431
-54866
40116
87514
98638
75962
69248
-22305
76478
75627
-78724
31524
7507
-7473
16145
-33399
88525
44553
50215
68809
88152
49538
9216
23859
77434
24685
-72511
1411
-71578
3700
-61295
15389
-11667
62340
53594
-93915
-88428
80434
-96275
-18371
-58304
69192
-49278
82012
57102
-22032
10909
-41273
67007
-19012
38219
-78481
35665
-82608
-91252
-53208
47145
-27603
23883
-24255
74859
-46310
-15096
-71484
-98388
44977
92822
-67253
77695
91843
99968
30013
86508
-11159
83463
-7196
-18177
-12504
50183
9900
46780
27776
-71817
-34501
49968
785
28431
45543
-65502
76651
-9084
-43496
23017
-24464
-12625
-61380
-4521
-87064
94092
29152
-96749
-24159
1565
65138
-45436
2369
-83474
87376
-6039
-92246
-25804
-58036
-85178
20360
-11377
-62529
-18887
-68486
-61137
75398
-31893
-9254
-25518
-7138
31778
-20437
-38997
-46696
36594
-35938
97119
71096
-73389
-38399
6056
-10832
41550
93765
-43812
-65420
3282
-95958
-68664
-55558
53731
-14583
-31498
56848
17202
381
69838
19929
15687
47343
65305
-41819
-22501
70717
19936
-1492
93314
-50233
2483
-70745
40069
12181
-99450
70156
-70770
4776
-62283
83236
86844
-62244
-11160
42186
6295
63286
-62639
29570
-72547
98576
-93294
-21261
-48133
-26466
60924
61763
79191
-1700
23027
5581
71882
-78442
-70099
51393
71403
-85805
70617
30937
-14010
-1121
50588
44660
-66068
-23372
81142
48337
13092
-96956
48131
-79447
32191
-81562
94430
31016
-54839
84762
-94048
-7990
69724
42363
-23098
45775
87118
50048
-11664
71514
46922
83310
-32314
-26580
10300
-2978
-21707
-26249
62630
18214
23255
21154
91984
-15385
99057
-76008
-20068
6387
89302
-45555
-55689
37785
-18648
-65265
-59604
31438
25918
1156
38995
96633
-69406
-48698
-34778
41882
31473
-10472
60787
-93160
21605
67203
-2962
42663
94512
-4527
-93026
13523
-83586
-12187
-46728
-92053
52957
65205
-14327
80716
49977
-28058
-13748
-57783
-98368
-84349
60187
57652
-82140
83097
88898
-74996
23743
-94351
61936
87171
-28976
-41622
96007
-43286
-79965
-54925
66386
-4485
-78129
-13085
-38250
-35069
61337
-50187
-67327
25642
-94154
-44253
-95360
81504
20782
-68451
-19796
-55130
56156
-93082
-75036
11510
-52078
-86260
43574
-59376
66457
-54334
77110
5347
-59178
88859
-44303
81940
18760
48677
-4
-78931
54061
16160
3621
-12507
-36668
-69926
96395
53896
-88018
73448
64266
7619
38958
-9085
-73010
-65650
63695
70524
43401
-42186
-83227
35741
-22337
40070
97899
-88418
17918
-6895
30284
-89087
60140
-85601
-50307
56522
-35720
-38158
11719
-23458
-96078
-92045
-90846
-15049
-96649
-98050
-5571
58562
-30395
-4217
-61605
-69482
25069
56935
-38697
-81584
39910
-97977
35912
77455
-64067
-67481
-92417
-84279
-96150
78092
-47635
-57656
57855
1668
80738
-57275
-17286
-15529
20848
-54497
-57479
90764
9902
79288
-40819
-19820
44312
-19
73766
7703
72980
-90769
-46610
-69094
8207
76547
11443
60874
-12154
-80558
-71108
-75736
6049
-50771
-14724
-83312
-12167
60002
-4700
96039
84538
-43661
44051
89056
-8220
54905
-99479
-59156
-10964
8341
-39815
16060
-82113
-96498
21469
90612
83110
-54196
-84957
9965
7812
-45136
9764
9191
-25219
64654
-60747
55306
94513
-21624
5943
-60457
96806
22920
8970
70960
17156
36761
34334
-35712
-20871
-35933
-68951
-53944
-5187
-83647
99509
-1337
47919
-77119
61841
25541
65438
9527
94503
43133
-80411
-92354
52142
74533
79022
-10996
-71434
25499
61207
59313
-70368
9325
57329
24236
30704
-91451
65893
13546
35323
51568
-23503
-31204
75450
27081
-29296
58228
-88959
29958
20600
72635
85001
16158
-98627
49426
-14999
-72874
-49197
-34429
-22684
54759
12016
-14717
-15653
-26674
43984
-44410
35107
-44560
20690
-31937
58737
43303
32768
25203
-96206
88813
88748
-54471
25656
33892
-54155
-50992
14990
-45889
15081
-39524
-55060
36689
-67772
93375
3078
63024
6615
96272
-67777
-37627
-31100
85819
72315
-48717
65318
99189
-5999
226
-60979
-57766
-14240
44647
-77913
-77020
19705
-34030
63354
7050
31673
-62253
98893
78707
43642
6345
14823
99029
32608
-52695
-73553
11631
64526
10631
97394
-30561
-82693
77956
60867
-63136
-76897
-16427
-84355
21988
99079
13931
-68060
-21558
-83512
-32188
-49814
-22596
60560
-80690
-92595
67560
-97576
-51917
99101
35161
-55435
-76283
-4324
77489
-9138
-52024
15294
-35131
-90392
28758
35279
1301
13277
-21069
-96268
-8921
23020
87534
51401
60030
63529
41584
80682
71164
19221
53220
94413
27921
12936
-3389
8908
16671
78987
21946
93953
-70356
30914
13307
69515
-38013
67334
-81635
38573
-95129
-38447
-77327
4436
-48779
-64942
13794
81145
-94955
54817
-4344
84317
-55012
-16563
-92151
-74895
-45310
-4656
76588
-59688
-22597
20132
5372
-31356
31220
-42642
73365
-37699
-88853
-73575
75598
-99712
-12181
-47042
56450
5572
-44253
15359
-33411
88216
-74718
78899
-57216
-22808
87666
-79493
-26830
-67554
59726
30387
21667
68644
-54336
-72763
15293
73864
-15204
-37417
-69623
4473
-20845
32420
6747
-99858
91252
49064
-15716
86310
92229
55605
-44430
-79222
-40262
-42077
12750
-76562
-11824
22117
49489
37558
88521
36086
63259
-46379
74756
-26767
-42830
43569
-31624
41984
-52212
-95901
37517
-28115
-74630
57242
-37929
-91564
-76879
-88993
38191
28473
-48779
74994
69232
41462
-98844
53908
-93045
88013
-82404
24990
41608
-79780
20170
22735
-44134
-3218
-58224
42403
-68643
19309
1298
17950
-4114
5430
16158
30632
64359
-29883
-9419
-47918
-7883
94159
-31558
-20234
-19816
31535
-10
-83331
94071
94776
71750
5883
2270
10153
-72862
52724
-12139
-86786
72138
-34942
30686
68451
97038
-14450
49546
95107
-80005
-41476
-46472
85375
35229
-34461
-6101
14715
32246
-17351
-80633
58642
-2951
-51698
14376
-2839
-84157
83183
1695
-41567
44119
9195
47690
73382
30676
-86606
-23921
-2587
-84938
7768
4789
-88614
-50683
-43975
-73889
-38457
2141
-35273
-48603
9216
-65317
-97313
-33008
52515
57121
-70166
-49614
30886
-90169
-64417
-38496
43977
57310
37142
-18802
10346
15906
-41449
48133
-54921
-30981
46368
-59645
-96322
-57104
-15739
46767
25184
12073
-20558
-5193
-1500
-9761
51724
15240
87783
53794
-71114
-6103
47985
59206
90928
18997
-54748
-22741
-23079
12787
-11314
46632
93397
94675
-29027
-25196
-19319
22855
-49550
32688
-50941
18236
75342
23092
29623
-52172
-11159
-82955
22628
45122
-48607
-96849
59158
19105
-28145
-45259
16452
-33744
61878
43186
-70759
-6258
58005
-6309
55504
47182
43356
-11789
52536
62039
-43461
86586
-83689
46747
-76587
71219
-64661
-69582
-16429
32913
-68468
12562
5077
13501
28013
91629
-49724
-8250
-68799
-62617
93763
26278
-54406
-85325
54340
84845
24108
969
-79689
-19507
86544
38278
-71844
-5951
91493
-35168
-71238
-19046
-95119
-70717
-39320
75303
-27738
30797
-97720
84160
32223
-6365
60820
-96849
-81079
-41362
95696
-9860
-97697
-70410
-39521
-81004
-12403
-35495
61874
52117
64054
31527
-70309
-23304
17745
33245
80704
83740
-18834
12541
-50582
-78357
28567
63878
47293
-26901
-89007
35797
48834
-44317
65026
-67752
11488
97383
16364
-43350
14186
-31997
32151
-45743
-99439
51712
-43891
-22768
71034
-87146
-80129
-14168
78123
-40850
-21179
64946
38302
-66415
-1469
18386
98168
-35405
-87449
-18407
-98541
96406
-91506
-51463
65336
-57443
93958
-27675
-28440
57006
-62610
-70267
-20583
-3262
59130
-27245
52798
-51316
-16749
84309
-40769
-99645
79579
50935
-85176
67022
-59698
95300
22525
-79797
-49276
-54143
-47669
23996
-82157
-51930
65434
-54321
-44655
-12102
-45217
-2231
27767
-13366
95629
-13234
-24863
-58427
-50389
76111
-54031
99639
-74815
-99568
71188
-70944
-77908
6037
50140
5488
-50031
11497
9677
-12574
40558
97738
16627
79410
48460
-58700
-25808
64636
54993
-64888
-91052
-93453
-88334
49305
-90843
33530
31173
62740
76798
5218
30196
83081
-57261
-18367
-40243
80858
76242
45355
93751
-41858
-12315
-7600
-50560
-46925
-66988
90546
-47343
9918
-21176
-3135
-33277
28128
-52630
52180
92106
-56361
-3286
-49850
86799
17741
-86436
43819
-83556
-84191
72572
-91602
-94351
-59439
99474
-11064
69043
-39679
-9039
-64865
-82300
38506
-52071
81337
68270
-62366
-99396
-68197
64888
-39165
34782
-17342
-95781
-15365
-87979
53181
24207
-10384
56560
-89883
51966
5902
23540
69947
30746
46254
33537
-47268
47754
-63516
-86316
29859
-71425
-75547
-99994
56923
76325
20051
-19535
-40801
44150
-92249
-5934
47057
-88472
39034
-24566
34675
69895
50864
-26722
19557
-41379
-55743
83679
-2949
83917
-66523
-28092
-2886
-75585
-9956
-48269
-89040
38709
2647
58270
93101
-94980
-40186
-88118
-45919
-50113
-42177
88299
50835
-17930
-94776
-91092
68412
-72581
65
54410
27390
-89667
-71759
-7776
96964
-30003
11435
43517
-34121
20502
32348
90033
67417
19498
-60748
66087
-64638
72567
24751
-43540
-61643
40728
-21185
36494
-1377
40584
-61544
-29409
90155
86321
-34665
34009
-45820
-25758
-29232
47515
94760
-33184
-83021
-23150
11430
50771
-34599
17971
76980
52705
16625
-79836
-59281
43864
34242
-40518
62831
24453
-92644
67165
-90106
33506
-27873
-58808
75606
-41877
76135
-73683
-27828
-45167
-13485
-32459
2493
48136
-31055
23717
92699
75195
39111
-94180
58003
-94177
83520
71737
42503
-71643
-77454
-25447
75363
92745
-22456
-88706
-38050
-78456
-17391
71243
-3761
10158
-65437
28651
20137
-71859
-37523
-2222
92565
14730
-18983
-23012
24107
-36143
-64422
23697
55628
-52760
73815
-22710
-98658
24417
28467
6445
23909
12970
-39239
47571
-79749
52350
-25951
61899
-23380
-88002
75137
-60936
42608
97178
-74221
4373
-19323
-50391
-10593
13401
-66263
83929
-8571
-11146
-5327
22912
-33623
-43013
-33463
-47919
-1541
75609
-1463
33258
-41503
-39998
99823
-6519
82820
75821
-8769
61471
-45132
-43594
-26060
-60675
43001
-18077
-87007
-56981
37175
95746
-65815
-38760
85565
-9939
-98537
20011
-50070
752
39963
-33097
63228
19137
57378
81102
90038
7533
61201
-3604
-79827
14292
-84387
-25772
15472
-86581
-82167
-26951
51346
48479
-18883
47250
77142
-65287
6400
33104
93877
-28835
-74926
30444
76238
-81460
-53399
-35943
29675
-1078
-44922
40665
85995
91578
37426
-79252
-94382
-59227
51610
52899
-73175
-58727
82372
16594
-95021
-64978
-44243
97443
80494
44708
96193
-89657
-23326
-22744
-56138
-35128
-63479
34485
-52154
-71045
46331
58840
11783
-94639
56565
-60660
-53464
4172
49189
36099
35850
1550
84308
1734
-53000
15052
51312
31347
48197
96802
78453
-44442
-45439
28673
36856
-74573
-93993
-98813
26192
-40177
72134
59871
-68703
76558
28026
27384
16582
-87930
18759
77904
11866
-30701
-6591
56217
-61661
81588
-47686
-87764
75292
-73581
10585
-81261
78814
89250
92563
-74368
72426
-10911
35209
-159
-52715
44284
39294
-77365
-38895
62480
27571
-22893
3539
-83442
-9055
-4804
-3354
98168
5523
-92086
-3956
56585
-29155
39989
71756
-80399
43900
20601
-37283
-43906
-87284
92426
52589
72278
-7584
-64603
-97010
-61023
-28607
-57278
-79810
67779
-23034
-86106
83217
92487
-66035
36372
-16835
85463
40723
41699
18626
-15064
49718
-84181
69428
44594
-71612
-56487
27366
-49507
56831
-50589
-79115
32119
66224
-68587
-6610
-45918
-69980
64009
25757
94283
-81401
-524
-98893
-51692
-69028
-87779
-86893
14036
-50921
-78934
-90887
-82508
68887
-70957
15687
-1158
63555
74743
-94802
-82910
75648
61901
-78091
-92376
-98932
75059
54249
77091
3578
93986
84321
60619
29514
75587
52269
-6885
-80540
-8806
33627
30162
-80143
35552
-36891
57619
-45097
49712
-1478
-83540
61455
-7593
45351
80051
-63068
-98354
-61278
-70644
90570
-12093
-52045
87752
-91560
81043
-29184
-48024
-73565
-34091
-3021
67967
-30279
-20336
89674
5941
-48649
77324
-73734
-64152
-91641
58758
43713
64876
35066
-58115
59015
62835
-13826
92009
70192
-97272
57724
-41781
-20735
-1035
38225
98335
-93332
-86459
-52506
74991
-1415
-12316
-40210
22209
-70957
28002
-63045
50161
47469
-362
88766
-13543
-50801
17695
-43687
29164
56001
20166
94818
53538
-64622
4863
65655
-72499
14149
-71025
92345
-60405
-74151
58375
61927
-86636
-47564
-1554
-62249
4019
-14741
-11075
61522
-96366
-79503
54403
-3251
53870
-87079
-48727
7296
25769
-85623
-92336
46629
-52290
-98499
-77610
-99249
76943
39797
81272
21861
-43878
9085
-31983
76601
-65910
55255
80449
-21367
-71958
-8570
23209
-4271
1588
-23879
17746
77194
-28344
-2157
68461
-13309
-91144
90387
85685
93339
-62592
6245
-62607
-99176
13395
-37692
39445
70952
-92400
71434
60360
66737
-20845
67477
-49983
95959
90472
41112
-55926
-28214
-15013
-73797
-75033
-60152
94699
37616
44176
25718
82077
45076
-77543
83031
-68884
-14595
66866
22950
6173
60006
-62965
66518
-16975
50740
97424
70756
-42572
-53148
-27822
66133
98291
25428
-9787
-48494
-69302
-94614
-86810
84508
32219
15909
-99979
-26259
-72165
11198
608
55917
-58042
13114
-78592
74573
27187
41743
-90372
-11068
90178
16752
-54069
45796
-89551
9591
-92712
89240
-31218
-29970
-88258
97724
-26169
5051
-55822
21657
95453
-80923
-99264
78972
-76041
9543
90286
63793
97747
-85296
-835
-84895
52567
-53645
-79923
-9083
13318
97458
26848
-32762
-53746
-53565
-82825
-4621
71101
64668
-55912
-14754
-72108
82848
-97999
-29356
-60812
76966
-73129
-42954
95541
-59870
5543
42424
-17770
4722
-86515
89974
22350
43335
84195
-69714
-29759
-39314
-33231
-11106
11982
-19270
-78317
72955
773
-72816
-93384
-52149
99318
15439
80326
84128
-64796
97177
-43301
32689
-56231
-11773
-85265
-45226
27347
52309
-56747
82335
-7524
94782
2272
67154
8631
94679
91106
-49024
98038
1554
32976
24259
-71063
-43649
91073
-82346
-34767
12346
11861
82769
-23950
-65355
-12109
91263
44519
39838
-406
-63778
3983
-62868
15033
33714
-87867
331
-92566
-74042
16237
-72414
31704
61312
66570
53309
5650
-56992
98989
6556
20056
-3243
49352
85591
69186
67132
94369
-27092
86656
34230
-57822
-6233
33724
-85596
-36275
47149
22364
64065
11660
-80284
-96541
38301
86694
-54078
63671
7986
-55794
-50575
48253
-13531
67158
49436
-33632
-74982
10177
2457
-72143
-45708
-72971
73395
-39703
93544
44047
-65902
26121
78204
60881
3401
-70302
-92062
62966
61948
70385
65067
-17177
70188
-79838
-34646
39110
-37343
-33035
69542
25062
-9933
91454
-21765
7198
22964
29830
-53619
-70605
69117
53456
21034
60914
-33452
53302
-76741
43743
39223
-19215
-9689
68743
-80568
8631
-62267
71922
-39724
38270
78651
56885
68417
-45665
86136
29732
4692
-8106
-55798
-33180
-61283
29286
-96292
85341
44608
91673
63760
66447
96992
21861
-6219
-6596
95785
4266
-54427
-8509
1402
-40
7870
93133
-87378
50158
74683
55264
-47866
-38883
36142
82897
-50636
-47605
16604
-59242
63750
53235
-68427
-83527
92973
-7959
85422
-31831
75754
-31301
-46275
-53717
66388
45747
78064
60398
12296
25210
66795
-3205
21741
-65769
-30660
-2357
16802
-72364
-36644
-64014
-26233
-11391
-36987
66042
-91483
-4526
-40918
1547
40955
6691
-9896
11717
98534
-57379
70631
98800
26284
-74000
-32356
-49269
96740
31552
57055
30337
13382
84508
35795
98233
89163
-99863
31703
60748
-95936
-7331
-3751
-18990
-92243
-40089
-86574
49813
-28772
51628
-93471
16807
-25016
-92755
75976
63056
11236
27524
96701
75679
-5116
-59827
72302
63457
29484
68962
-50603
31472
93364
39358
-20301
43683
-48940
-40253
17964
79395
13266
-66538
16958
-68259
-91067
-51736
27487
-69869
19332
90704
-74381
35470
97968
7252
58663
-49298
-33765
19847
96173
-3679
99220
-42996
95124
12914
-13231
-2248
-3134
-2951
99959
-6570
-16175
-30543
75144
-53308
50820
12710
-76311
-62278
-26715
-61107
-56753
91243
67580
-12498
646
-29692
53357
-13316
71006
51857
-68561
3269
-23694
70527
-97307
-892
34326
54332
-39845
30164
61916
28602
59166
69311
69699
9299
72184
-21323
14077
-77689
79558
72344
-96548
29600
42616
49204
-16296
39094
80229
53708
-27201
-59313
68169
-5873
-64647
-30498
-74020
-41046
43191
-47252
59599
-1097
23544
67732
-93083
94739
50424
86184
-36564
99405
54773
12466
-74536
94777
49694
39061
61306
96613
43547
45073
18402
-6237
98804
54436
72974
-5307
61535
61134
33741
42023
66728
-19346
85876
-66266
89023
-36408
-77380
-55185
29273
99304
20535
-34574
-88316
84511
84333
-95244
-1460
-95828
-20649
70340
72002
-96713
-28105
-30523
1199
58166
55634
61162
-64235
-72782
28299
-75967
72542
68644
37918
15142
72996
53753
16181
-83496
-69924
-971
24234
11624
-31201
62132
67546
-57843
-79913
-13813
31138
-3883
-27710
-57716
-14663
-23754
-3802
26024
34794
15619
-37742
-74001
-6228
31034
-87412
-55052
94303
42042
51484
-44020
71525
-31983
-11404
65076
30363
16435
-27910
8658
-61965
83208
-82188
-70124
-85648
16412
-28785
-50507
-26116
-24070
-79348
50078
-98839
60754
-24760
-73303
-66110
-95721
-62810
62528
-48114
47590
-85477
-86492
73121
41952
75669
-39414
-55138
71320
-45687
55648
-13812
77928
-58537
93549
-69036
44126
-28707
88342
89045
77588
97109
22268
61540
70365
22635
-44989
12323
-50533
49504
-50770
-68036
-75666
-76012
21350
92155
-46457
34291
95641
68805
-92390
91327
-3009
6201
93810
-61643
-61576
-37086
78302
29919
14482
-97514
88841
-63435
-13978
80366
-59160
-25807
83873
78817
-44404
51054
42913
68159
-17705
-39428
16949
-27704
-24821
-13053
-52281
9959
9982
-77040
-80682
-95986
-34582
-44031
-87717
71471
72737
-5175
-1651
72916
-85731
-35871
-77376
20315
83829
-85876
71656
81490
81836
9476
4348
-89109
-36444
-9594
-80842
93340
-83152
9719
-10313
98901
-10810
-76366
43206
54751
-31533
35759
-74823
47630
-17047
-49775
10348
-52702
-75564
-19508
-23570
-5120
81802
1584
-70724
66824
-33152
4759
27685
978
91673
2599
-1140
34442
19193
27589
-43508
69797
6840
19287
-28234
6207
67123
-94541
-33419
-64749
-48388
-46167
99795
-85674
88305
-80727
-1516
5552
-82518
68499
81920
29336
-79412
28506
14207
-45813
-22405
-62509
-71268
-37592
62636
-29152
90476
-85077
26712
-29581
15432
-13436
67532
-39295
-30667
-76525
-95011
49989
-16347
-60605
-21830
50862
59799
89088
-1126
85223
-38439
-14570
-45101
94400
-38099
-97689
-57844
-52546
68426
-43959
67083
-57988
37945
-98054
-49176
-47620
-43168
-96576
-86237
-16498
-90660
44578
69649
-26341
45383
-13572
68785
-66930
-47783
65731
41820
-87392
-5910
78678
-52453
-29121
14549
10620
78739
84891
27001
88256
11483
-90739
-90087
81318
-17938
-30940
-6237
48969
-30148
80844
90446
-9838
-81573
65117
45468
72151
43610
28414
-24705
33997
64502
-92556
-15464
25644
77734
-27829
28506
-80866
52625
90079
-24755
-90333
27616
90247
92207
-90748
38829
-70753
85749
-85327
-86566
7345
-36817
34681
-28801
57279
42057
-43738
46203
13488
-23827
-2765
25003
43221
-55930
95019
-19399
-93866
-33696
74720
-97844
86077
-77333
-91836
-55459
33503
-78370
-75673
79914
-43614
-19399
-73395
-35453
13680
-89566
8107
-29759
-42633
88689
45822
-97770
9690
-40889
-14199
-98368
-61001
35225
-9175
20376
15061
91595
-92842
-5177
-73686
42487
-48264
9175
37383
78796
41571
-20505
-71711
62803
-26063
60601
-41091
-14771
-20293
-34907
-31497
7545
88372
90417
18606
-33742
96545
-34632
69007
57012
-94600
-84794
-28611
38079
-89515
72582
-67110
26708
41875
22930
1205
-40420
-85363
14250
-66096
45416
58033
-51711
-69620
-49965
19901
-78928
72947
-56444
-88038
98573
96994
26192
27921
15191
43857
-2692
58222
-31928
-82687
98016
66416
11853
18369
-41626
-727
-61870
13916
17970
35577
-33994
-58206
-14308
3937
-29282
98577
49944
58758
51750
-97567
8503
19333
95857
38313
-59002
30509
-12703
10865
45268
37213
45602
-91627
-95150
78715
43809
-67118
-22573
-88946
-60325
7664
69298
-82823
22032
54860
9618
-78635
58902
94017
-65472
40809
-55735
-42445
4085
94409
-60832
73719
57465
4104
-40101
-45086
-81823
11418
-84200
-97171
-53895
11275
56645
-87038
34812
-6058
15408
-51099
-20672
-88989
-61957
23938
-54289
-2719
14699
33551
37487
56379
23071
-5859
-77597
-98695
-85987
65153
95051
-55178
48264
20313
-35321
44282
97198
85821
-93127
20787
5310
-78908
69127
66133
80918
94384
-17088
-69941
-1157
-34121
-66858
-60136
-34590
72495
64713
-77937
-40661
-74028
-60123
91883
-74131
-82119
-60254
36876
-2772
-81270
33385
-38065
1511
41209
94518
13256
21454
-98547
-26600
-44770
-72367
86595
-95146
68676
12756
-8544
69932
66640
-71937
-12076
92978
-80519
65969
-36340
53982
-63374
7764
-82155
-72608
61661
45707
-96600
52459
-77906
-59448
58198
24788
-74083
-20101
62865
35346
63943
-78427
-38764
-73306
29026
-1973
84912
57492
-21413
-40187
36853
78927
66830
5558
33401
-1038
87969
96598
4808
-88853
-32130
5034
98600
-76366
72555
-60779
-48953
-8969
82055
-49144
-22077
65882
86307
45526
45078
-60652
-71494
-60509
13468
-85837
-1458
87226
96515
40322
83297
-97796
50126
37062
-71410
-41610
-29690
69349
60802
-5172
13629
-58334
8409
-52654
64512
27523
40409
-76870
7448
-97004
-81851
8231
-99523
56132
29983
-13728
-31656
-31252
-59138
3424
-36813
-97680
-15609
82634
70528
61438
-33397
505
-23037
-22604
-65539
-25546
-6180
-35298
-30194
43139
-7627
88604
15591
45780
57476
18338
67138
60509
-57987
64474
-30618
-29306
-62376
94116
-52739
-23172
49466
-2243
53779
-48031
49539
-58115
23277
-54621
-66637
-78086
37316
-2582
19577
59147
89373
-84629
-52902
40167
44038
60890
98042
1067
71534
82172
67083
-45638
-42974
51866
-87473
64190
72160
-53999
-76277
65165
-52071
-82937
43978
65896
27400
-70408
23050
13533
35562
46894
-84600
-39156
-88999
-44593
28131
-67642
88265
18320
-21969
-22895
4061
73992
93209
18184
-58265
76703
-29198
5727
14075
58789
62490
68101
-8274
-2689
37898
20642
71344
27963
41917
-25344
57219
-89467
70460
-87355
60183
-70157
-76923
990
-66172
-51141
85463
22008
35427
36804
5533
-74584
-84022
36697
-2700
89835
32994
30266
81499
-22393
90534
-88051
-21386
-60528
-24327
86642
-44929
-59706
-66268
-98188
-16374
67356
-46996
59227
23858
84756
-22580
70302
23973
43845
13780
-75147
98441
5182
-99874
-8819
-52918
81797
46504
-4075
12354
-71176
18771
-61515
52675
22037
-22921
-545
62148
68501
6049
71613
-43483
-67534
71146
-2486
-38688
3850
91317
-99011
29070
23196
71108
15199
-39917
-30929
2359
68094
-87000
-32879
93667
67322
-94973
38845
-27893
18684
23461
49750
-2178
-92281
-3456
33040
-71795
-82714
-72638
16750
-55258
-51579
1922
-12891
26129
40860
-28346
-73056
-19833
38790
-1809
-9123
23082
-50512
-82430
-98700
28582
-2580
47059
64120
12514
31909
-42224
-5002
67426
61549
20519
-27173
53628
-54541
-49003
-34190
64756
-99248
81228
78794
75447
74432
17664
95541
-61647
-6994
-5681
95789
-83253
48999
43915
54034
32644
-98767
-11547
-11697
31659
-51275
79479
-25254
9526
88279
1389
39961
66114
85158
5201
-16862
-27608
623
99379
-57061
-88520
43180
-45135
-34304
-50731
97626
-33304
-13629
20205
10536
25591
-26610
-61741
-99381
-16724
-52252
-47558
21038
-2354
28709
-49840
-63161
18183
22768
44468
-45307
-7765
9315
-71018
89829
-30295
29118
-1046
72548
-53171
23141
67721
50511
-73105
47172
65508
-68362
55356
80909
22181
-73729
40734
72988
81572
1558
29067
12988
22018
14786
-34265
-32573
-9946
-72109
-67881
66584
75474
86776
13092
4949
-1759
-64339
-82425
21639
-41249
77649
61463
18834
-87932
20629
-78004
53938
-22385
58321
-94481
31388
-77700
-32911
40544
30851
-91615
-82356
-79933
56374
-62933
86805
20296
30758
-23825
27882
54422
-82682
-38801
4362
-18348
79243
50924
97380
-25324
50835
-67549
-83190
-66596
69730
3109
-41276
98577
-45049
83478
18305
-76094
80861
-35198
-67351
6862
70829
74775
90125
7860
-17039
-49789
53440
-33291
16563
-85
35071
21224
11860
7428
-37365
-76454
56425
95506
26200
-17825
-12288
-9669
27805
-94599
-47040
-16633
-96500
-27420
93102
-34057
36700
92860
40908
52478
15489
-1012
-58468
5472
90430
-35532
94914
-66330
-3312
-58698
-41465
-12357
86539
30301
64442
23271
-14269
-67958
44465
94053
-53087
6492
89645
-99294
35157
72635
-53733
11989
17770
-1406
32695
49269
-53579
-98233
39179
-25252
-58585
97607
73429
23286
-70462
-77069
76743
12069
58600
-47471
55080
-87499
44879
-20463
-15016
-17225
50897
-10067
-82256
-81348
26720
64571
43912
-74384
-58537
68626
-62638
-9968
49515
-71081
43811
-11063
88640
43619
-35182
-65361
79064
-12782
31289
-31338
48038
-18261
25241
44433
22913
-45273
-24166
24389
-66124
87904
-75729
34216
44210
-98665
-99496
-71397
-95449
-6046
-53695
42594
-32663
-77008
-86072
87036
-59315
-1606
-93220
54947
-52010
40969
18624
-48542
12169
-33122
90671
10126
-45348
11649
52698
83298
84812
-37399
48525
-72133
74254
60740
-44177
-92820
-44323
93797
50344
64895
14130
-39608
-22435
-73271
-42158
69122
83799
-59863
-96895
-50487
-47935
29917
59220
48029
83088
73088
-8284
-91245
-50179
-12828
-58081
-65668
-83922
-35960
90616
19510
50099
22390
15614
-34098
-98965
13180
-29109
30801
43911
-48124
52755
-37970
-62298
-52334
-15844
58441
-35808
-20518
-49204
606
-85089
316
-25954
-70000
-85210
5149
56751
-93810
6645
66275
57269
-98144
-76283
11084
-2610
-69164
34414
67500
-29322
13695
-90455
-8575
22611
41394
1263
-50508
-30741
40635
-27968
61103
-77707
-28523
42751
77781
13517
-54995
54266
-87965
-20992
83729
90760
45281
40647
36855
65100
31940
13393
-42648
89558
-63517
44921
-4345
-71832
31572
71063
65154
67733
-85853
-26766
28692
-73275
-70738
28499
90996
29334
-89312
-8779
-90147
50589
63944
-14376
-77957
51274
81493
64116
39407
30313
-99792
-86837
-98113
36741
10230
10903
-31587
40359
-93231
-71005
-89966
-63748
70834
-28362
21703
-77804
-47507
58089
80752
22407
-71696
19674
88726
-78094
-23711
-4039
2431
-30113
-41324
86080
3771
-70909
-30618
-26433
80078
4192
-89288
-59627
67701
70603
-90741
32315
-44969
-92344
-10187
-76870
89994
-40623
84414
38717
17086
48437
-46566
-14015
-29110
40606
47810
29416
71057
-30421
74033
18413
-15792
15291
85240
21554
-18681
-5685
-7810
-67146
-90814
15159
84760
14946
-94653
-41955
-20607
82946
-7410
-99745
-23818
92753
-58735
-13178
-72592
-60179
-29843
93380
-96705
85609
54373
85586
-37120
-94975
39138
-72584
84923
-39768
-62624
34987
68059
70078
65209
62608
-98614
-75746
-41652
-39137
-66199
67539
43594
77474
-25943
-47190
-39971
-867
-49335
68002
-78411
81352
45868
-83968
22063
26872
-69354
89791
-4892
66268
84739
7397
-37044
-48862
-43100
-73935
5902
-41927
80823
86257
-59227
4978
-55167
-75217
-48976
-4352
-74325
60619
58198
-85026
-55753
26468
-21101
-50737
99037
32752
-91484
-66559
54150
-40916
76171
73611
33124
57517
84928
-10347
22252
-90732
-18892
49175
-91599
27871
75394
-6022
862
-44643
-22475
-97318
20496
74746
85296
-6995
45134
40632
72638
69181
74661
95998
50999
38609
-44380
-89846
85771
-2966
66801
-62077
-87314
-19095
47943
7530
83040
24718
-80115
12462
-66600
6875
96787
92510
-28340
-63530
-26453
96249
-29409
56814
-79390
-47583
5544
437
92314
-97682
49883
79948
-72251
-73185
50263
39452
30208
21164
-73909
-64640
5258
85239
-1211
-97599
99871
-32992
-2023
60153
-66763
61944
37418
-40168
-58542
-64115
-4200
67589
67400
13668
-44154
-73892
-2481
-48380
63814
-53994
-52163
28143
-28444
45766
67300
33452
59276
-70336
90248
-85889
-5479
-39788
-22981
-24581
82811
-88904
-5993
-30738
-42045
87171
-32680
-68038
12558
93654
-2861
11779
-80372
-38059
-5097
33028
-5780
6291
28511
77308
-13338
72268
27568
-82618
30948
-41397
5717
-11129
-43187
47660
41589
-7615
78128
29756
-74674
-30588
-77046
30204
55952
-55677
52149
47621
-11624
58052
-71571
-7227
-70713
-10383
-62529
-72025
-26113
-85620
-47280
-4911
75258
-58304
-76601
62087
-75962
80338
65688
-39187
30881
25270
-15634
-2263
-84627
25342
-69644
88231
-87408
48045
-3647
-63242
26794
24618
53086
-84017
50868
83728
-8204
73974
54066
-70878
-22697
-16838
61844
32604
-91991
32470
98415
53285
55596
-39302
-12078
-45216
55144
-44509
-93560
87009
36981
-93466
-88022
86908
-79578
-35379
93726
95034
84690
26904
-22608
-91547
-82624
-12251
-31285
92355
-15122
-87894
-43565
-33377
66622
47838
-59486
-43710
93630
-26249
-99362
-45503
64338
80207
21812
39472
36352
79328
-54669
10228
-48104
29550
10183
-87498
-30914
29508
5840
34292
-99754
-5930
-20066
63793
97738
-59259
-80693
-62195
-69509
-30718
40886
-41873
63937
-64374
67095
-83554
-84831
43023
-3644
56879
36362
37175
-65793
-97831
66956
-74627
-87175
41764
-48810
-94602
-44312
-16256
34794
21102
68800
52786
-12321
61233
-50287
937
-55982
47781
59516
-40081
65579
-66604
73939
93819
-63097
-70456
36300
74595
-37753
-21041
-28702
45358
17076
69790
-81847
-87736
-61746
91730
-20084
-91633
62896
-65327
-77180
61194
-27039
-17073
27766
-59911
49849
11437
-73526
50055
-65171
91132
17252
47836
76410
92510
31777
-34673
-7894
-93427
-90128
-57607
62406
87798
-65014
-74076
-92455
15549
-30769
26467
-4836
-87900
-30913
24443
6147
-32186
-2095
96767
45923
93117
25268
-30535
-84482
2915
-96097
62660
-88083
82230
49495
-60937
19624
34965
-52547
-61060
-99147
-95449
83409
93374
49323
89883
-53945
-18496
90722
-2615
-45308
-28789
68858
68855
30069
5184
31172
9528
-58996
37899
-13488
29360
44377
97208
41492
43762
29121
6752
-34315
-44150
10973
-78917
-28811
75030
11057
38553
-27526
-35633
33479
-89812
86391
59494
-49177
-2371
-87879
21833
-97674
-60033
8720
62468
-77911
3137
35352
-80444
44324
-27716
-88029
6328
57907
38860
-17404
27728
-2205
-196
-99077
-89433
-67778
62586
-23752
-78723
-55198
13033
31566
-49763
-73859
-9066
-98251
-81954
-84057
67202
57595
-77692
-93284
5917
41865
67590
2069
29204
-10098
75946
-81791
-79615
41802
35917
-94363
-50431
-20871
89343
-2995
92388
-66278
-55670
-64531
-96195
92634
-69357
60185
36824
-8926
68890
79070
-88309
14778
-80804
30203
49573
-26664
76248
-44225
-63676
-78007
-65234
93120
-84797
46907
-88414
83765
1359
90405
-52608
-31183
-9573
63379
45466
-11843
61418
93905
64237
-10416
59913
86132
84002
-77139
-74337
23872
34736
13466
-83812
-95879
-44706
38456
87183
-27831
-21786
-34876
-3948
97482
37173
5801
-90070
73777
-30065
97343
14627
24984
-80880
45796
-8460
-88281
97037
-20171
-37652
-32866
-95207
-79190
39106
-71296
48548
-33077
-8761
-47521
-56707
-19245
30202
29889
-26696
3679
67514
-89108
-21910
47443
88086
26387
46865
-2038
6720
-31011
3537
-53065
-7455
74254
35289
62557
-69882
-12076
37092
-59481
64375
49904
18012
39077
98280
52543
-36008
-13021
71753
95077
-92410
80424
85432
-56043
-64604
-14200
-50217
-18818
81384
14054
-36553
30357
-68800
-96630
-19789
-72901
28148
65691
-78822
48076
-9881
-86855
64196
71812
83964
-83015
27653
-70963
8148
-22850
-56512
-47447
-8010
-59408
69331
-90888
39240
5532
22128
-19673
57146
232
52555
-75019
77506
65649
-14033
73699
97153
9091
70316
44856
96325
4468
-26069
65198
-77848
4125
-8414
92668
-86571
20534
-87774
-76927
17770
16525
65997
70282
-87687
22819
-86618
38976
62313
35619
-86463
55921
-39814
-81728
-89895
32505
54310
58474
94080
-89587
21218
3628
19953
-99805
87940
-84443
71425
1793
-28354
33312
33972
-32607
56712
-17069
-66900
-48514
-20260
-98319
-48259
-62529
-60581
63724
17627
-45060
20621
-59253
-65931
16177
85190
-20573
-56741
-52930
86755
93365
94170
64216
-40396
17764
-55896
12048
-14988
16785
54266
-45634
42483
-14955
-38604
-7542
59669
39066
-54472
5782
-9742
-57770
-36513
4939
74142
-83419
71366
-86977
516
98754
40960
67968
-97044
-23710
-9943
-46272
-79844
-30546
-68454
-89508
-86758
10651
-81928
96523
-68337
63271
98727
82399
-48762
74993
65117
-81861
-60716
-31563
83089
-40686
-76014
42724
75665
55895
72902
16860
84595
-35257
13088
-21111
-37853
-32753
-58464
74327
63900
70426
-26540
5075
-77774
66043
-35777
61405
63563
40756
-9322
18636
13550
-21983
-62428
-97954
-2253
-39548
-53875
-14950
-43302
-72082
91119
-56187
-50184
-84858
94244
-70211
-38516
43257
-25372
16565
-83344
56126
61768
-83123
34027
63748
67177
18764
-74269
-56581
66407
70525
49712
-81028
-25659
-74779
18955
-59306
-13198
-29219
67813
4726
46691
-97201
56468
52274
91611
-67887
63720
-51598
-80372
-75367
25116
99195
60311
55324
-2328
-35302
-75024
-88696
60340
-18519
-12195
-8486
85734
90177
-38243
-12580
33948
2300
96357
55871
52277
-66459
92741
8209
40266
55551
6250
26458
-8581
-58578
-92099
-29351
-39837
57542
18856
-60522
-91283
20591
-72328
-90652
-78272
-23887
14877
565
-79402
-56670
-70833
18329
-33109
-67287
-89653
-17835
44880
48750
15035
58268
17310
70560
-99788
-84755
-43960
89250
62297
-3832
61258
31507
54556
-31346
74494
-12168
-14171
-30156
1293
48009
54155
23075
46082
-77483
-80449
27440
-56966
-86702
1544
60467
-67720
-92027
-90136
-26618
37973
-98422
-77538
61340
-49260
93441
34373
-10117
-67372
77077
-77542
62679
11742
-5846
4955
-91251
27358
8354
-64374
-37639
39855
-31988
35664
53492
-4209
65259
42751
-76755
-33230
-17122
-58576
79842
49970
-68879
-66101
-86532
93667
15935
-78043
-59195
-3323
-23743
-41084
38919
46547
-34504
44926
77122
97976
-62925
-62337
9097
-69087
77757
82728
33273
40301
21735
93333
-60265
-92031
32109
36855
53701
69049
-36920
-61280
-61407
-47111
17040
-54626
-20165
25057
71819
44798
-26448
47711
-26794
-79310
-17241
-97058
-84690
-25267
57576
-80548
-70052
77162
7700
77337
-81157
12909
-33915
-82069
18279
13601
-35262
-75729
76548
96641
17567
-23463
-7256
-45038
-70481
14381
-40794
54189
-63897
-48249
-54728
73499
-815
-1132
79752
-61224
-43863
-98205
-36709
-91526
-91112
45462
49370
-37717
23306
31346
5183
44434
-4946
43606
3224
-91247
29514
-15543
6011
13607
87480
-47828
93767
-4172
39040
50254
61394
-18467
20179
-12066
-1484
30406
35490
47867
-30673
-56708
-46311
-49304
98938
2613
30396
81051
-88344
-48978
6812
-332
-84486
49652
-18763
-49397
2942
61503
7335
-87006
69601
-80072
60624
87098
28440
-75300
52610
33345
48743
-21640
-48922
5736
-57587
-82860
18220
15507
-20596
-87380
-3922
67818
34968
-26471
68256
-24371
3612
-41265
-74634
-22236
-62621
70399
11411
-38829
-51671
15837
-64344
34381
90687
-60228
-63439
13056
54101
52565
-94776
-30610
74471
-93274
51557
87068
30279
-95945
47475
-3870
78019
48631
-36529
78691
-2126
26822
-5409
-51433
82272
98316
-947
-67260
26771
-37498
-49697
-89076
-61318
-4895
87413
75615
-47055
96254
-16674
75472
-25293
-64746
37718
13894
46301
-26569
37536
8969
-21221
-69139
9468
39164
-3471
91004
-62778
-82134
65832
84680
4971
9528
87251
-64808
-97080
-51334
61
90287
-34783
34274
28272
82522
-64774
-49324
-49564
-76344
29526
-1899
-25085
-66221
-61559
72225
-54571
91549
-92036
-13989
-77683
92117
34237
97759
-7441
76761
-30464
-13068
-47780
-4170
41911
-34851
-69124
8074
-48439
14158
-97082
10059
-27470
64188
10991
96864
-69258
-65715
-39956
-84627
-37181
37999
-91802
90028
86242
-68092
84474
-75914
-27623
-63173
-92695
98402
44641
-33478
-9309
8772
63935
-65161
-78421
56663
898
-29594
92775
57909
-58088
20109
-12538
-16830
-31668
58611
-82610
99305
-96352
-91529
-4863
42558
-43645
-3588
85995
96835
94959
86338
46091
-33594
-26847
-86576
-89253
74791
56438
35725
36222
17080
-67937
92079
-20026
-58947
16257
-14262
-60962
-84206
76523
-37494
-60326
50860
20213
-1220
-59046
-3784
81649
-43130
-65643
38239
-5743
-969
-24761
-18069
91349
49209
20217
35779
53358
7331
-80854
95378
-18316
95275
-92393
-38522
96385
8889
5996
-17739
7464
-61418
-60921
-63335
-6315
13059
54373
98620
-22013
-62554
-47765
27887
-52972
-3360
37395
53172
4944
80634
24369
-14917
33277
-81411
29217
47241
-38698
-99872
61712
-5323
-40468
-41508
-28701
-58611
19094
-76132
79367
25301
-58666
70416
-85226
58159
-97846
-57759
4258
39062
73356
-80961
20450
-23292
51622
-19755
91767
99508
-69259
50910
-34535
-8958
-39975
-50159
-8861
18798
-77802
48568
-329
-81089
71370
-79457
-34673
53444
71435
-3097
-52511
-32650
-70308
-55238
7406
-42183
77004
-55975
-88664
66497
40940
-944
6206
-79663
90027
-63605
-69051
91423
-48
26179
81988
-86188
49746
-94383
-49316
-92817
87127
3299
-61742
-55351
62215
29068
44731
-70733
-31027
-33227
77571
-20549
21674
-29519
94745
25166
-88459
34863
-13189
-69129
99379
-88760
-10087
-97594
-75441
27129
55464
3339
-72458
-13334
-28794
90690
66577
-97684
96069
40841
45024
-45438
46935
50891
93616
-78954
21396
-83327
70521
-27827
83882
79311
33046
-83724
-52959
44618
-15967
-37351
99657
-40999
-47574
-93577
30979
-49863
15316
38857
94570
95770
-64371
20031
33884
-77081
82600
46094
4328
39523
84121
3234
-15594
-67666
50892
82223
-1971
-10200
25250
5925
50789
73644
12425
-98366
-86326
64829
63926
91585
-81655
-5761
93890
26032
-80902
29660
66078
-23649
-72502
-92409
84277
97844
47972
96925
413
84124
-71940
-81561
11256
48220
-97032
-55684
-10707
-95099
9275
-55932
-55169
65798
28687
79191
6087
82075
73325
42883
-86638
-33948
-73940
-72595
-92391
-12336
71941
