7800
14866
-60529
36615
-83118
91893
90145
5837
10388
22592
80468
-49573
-69176
-39367
25110
31435
-99023
-75204
81707
-38982
-21753
-36965
65697
24759
-69813
50719
54252
-3369
-64532
-60627
75037
6309
45455
9860
-52989
44726
62271
53027
85406
-357
71025
32968
95932
91377
13234
-78126
84723
-34414
2223
-2040
72122
-6354
74273
-77902
99236
4404
96083
30757
-2183
-67351
51665
84189
-36686
-19428
36847
-79806
57745
-54416
49907
-61043
-21029
-28904
36768
92804
-95053
34786
80224
3041
74389
42282
-59252
15825
-56085
63599
27035
-25384
32719
-32702
44646
76177
-65954
59418
-1516
-78637
-44171
22341
-93529
79728
26955
-97351
38305
14359
83947
87881
-87212
64793
-49076
23091
47109
12296
6926
57366
-48836
52924
80339
7040
4395
88239
71032
18790
20345
47176
-77969
-95955
29801
12085
-80005
-92251
69100
15089
52294
12949
-17409
-48859
89186
4465
-25214
-28885
-51238
-20696
-67369
84589
97141
76186
84403
37804
78855
-79257
78020
-3875
-19917
90658
85823
62509
-76224
-43611
76293
-57755
-97897
-72258
24753
31977
-74858
-28537
83201
-18533
-45739
-29164
-98274
86109
-74829
85189
-21175
17331
49755
-6662
-99868
-24442
-95399
83046
-76005
-21308
-15342
53501
-3539
24421
-82971
59911
13083
46409
-46051
-47146
-9301
94909
28880
87892
54041
27357
-67241
-85194
-30501
-20141
28457
52941
-50609
-29059
-67178
72507
-20860
91309
-5602
87426
-98782
-85110
-21908
-20744
2999
16339
-82318
-18601
45982
40516
-2398
-14543
35022
-31983
-59643
-96704
50044
-58225
14780
3867
-58322
54514
57170
-22523
-88098
-50959
47610
-20704
-24505
-32698
-16087
57535
-78257
-36975
22034
48537
40400
-37668
-62789
32217
-12924
64889
-56903
-58671
24653
-81528
63820
-91825
94047
-69931
28569
49800
97291
45982
60096
96689
-48664
-7438
-48743
63341
33952
-35532
40080
-27039
-86636
9215
27226
-10141
59245
57443
20755
-66160
48896
-98610
95222
-99524
93213
8007
-81032
-41468
-33163
46419
26753
-80128
-55003
-32582
-97720
81365
-14301
-97437
-73142
-70361
-45308
-27812
-1562
61995
-38425
-87306
-24680
-83494
45250
59789
20240
-28607
-24889
19110
-5010
70901
-25742
-63631
6749
80805
80178
88877
19145
31048
-60303
87275
73470
51317
94722
-35606
-77346
30225
35878
-73823
54783
50402
-25413
-30308
52511
-71998
-36926
-28226
44356
71344
-73717
-89435
-64268
54337
-14849
69098
34958
87348
-9014
-48825
19076
97954
-16349
47252
58806
-27884
16057
-21462
87723
-91409
12603
54568
-87314
-17142
-23228
-76780
-10365
72736
39202
66713
80069
69089
258
23726
-6243
-22237
43641
2776
-82207
17270
87793
-8634
-94522
11028
-51730
33049
-48060
-76681
-59908
-38009
27717
-51899
26487
41173
-31032
-85145
-23881
-92223
19737
-70089
52758
68098
-76315
-99305
23966
-51929
-62596
90399
87892
30940
37096
34990
81883
-59124
-66908
-93214
96775
66784
15931
52962
-62337
-58139
57087
9624
22478
587
-95902
-91908
96582
-41783
-63564
50764
63505
-5602
-83847
49944
-67307
-65165
-51226
-6215
-74557
-88995
77560
56034
5309
-38786
54642
-68210
-72478
68555
-29775
18009
-62665
-67929
87725
67499
-38157
-11282
77838
-99889
62439
35279
38952
33569
35208
-61743
-44779
-11290
16986
-99786
89262
-44426
71163
-78852
87141
81492
-70070
77568
-90622
-33954
34546
43454
-94728
-74465
-31722
20531
63140
-10558
44123
5027
-70175
-57182
-34228
47991
-54774
-72900
23214
-5122
79117
36166
-6494
64660
65192
-45479
-4112
79840
-66556
55945
-24906
90871
-74518
-76267
39724
-67938
76070
47290
-98222
-91412
14583
-85214
28921
-98738
-65553
64313
40683
80165
-61139
-15775
-36935
-9782
-25739
-54085
74335
93361
82537
-88922
-83115
40875
65191
-78524
72821
-82299
5182
46071
-43389
-9842
39693
-1492
11166
73526
11770
-27123
50306
29074
-2868
99610
80376
-91908
71590
27602
88731
-56104
7329
97483
78470
-98255
-96380
30945
-4769
49153
-97630
-74037
-98501
-89457
69009
73417
29677
31923
-95550
-26247
26606
85237
-82686
-98294
-68950
-24108
99276
46535
64741
-41182
-87864
96341
31752
-68084
-51356
-71688
-58228
16888
-21554
-33073
27842
41159
-82997
29344
64508
34810
55735
89358
-82213
-15888
-26022
-51097
-38857
-3123
-29662
43162
73124
28983
-77053
88646
30823
61498
36136
-91475
-27979
80332
16148
90247
-98204
-32534
57882
46579
30065
-26527
7989
94984
98989
-86360
-87739
-3126
22276
-96278
-49881
-59848
64299
-12190
-40657
-16189
29798
-28832
-43068
-5735
51891
-99032
97049
51870
14742
-70215
14468
-88068
81090
-35797
48764
16273
-25439
-93326
-66124
-2745
16960
-5121
-30002
-49854
-8038
-75131
18174
-25550
-53057
-50279
53180
-93113
-44127
41202
-53915
98884
63163
-99120
34351
-42451
4575
-87238
-23673
-32550
-54630
59807
70985
110
-4411
8478
-76645
-67551
25643
51233
-34073
65592
5458
-14492
-10958
-10089
15464
4884
6814
58989
88588
-6894
91192
12749
-25867
-89066
15551
20381
-15805
1712
-35534
-12633
94752
46570
-98220
-71923
76627
-26102
74496
-74215
78241
20852
13666
-74958
-67680
46892
72793
-21525
62745
-46856
94376
58806
73945
-65373
75795
-19018
31316
68958
82780
-17934
-30089
51650
-71270
-25883
-55671
-97359
-76110
-24718
-29316
-68070
-64523
-40012
73110
13786
51926
-27404
34999
-1472
43718
73012
52102
-98007
-37714
4200
-10884
-66166
43528
99716
67597
19916
96731
-84496
-10066
99154
-10927
-23847
39687
59606
-69898
-42143
91383
-77903
4879
1846
-18498
-57479
-36907
-63680
-46580
84804
-97779
-3212
54243
7115
-88443
21318
61227
-64341
82284
35707
-67182
-39292
21646
-15268
90653
6788
-95444
-49914
-21872
-17730
9652
70751
14710
-29900
-70174
-18845
41934
-81612
-16333
-85284
-89774
-66531
-2623
39152
64613
61443
85696
-2412
16792
-84248
29971
52895
-68904
5419
5772
56889
38264
-23491
22975
16178
95639
6221
-86975
-68753
38958
-81146
92866
16703
-51464
-62546
-33404
-83061
-99458
76847
93495
26284
39166
63859
18611
69335
7415
-41240
52497
73267
-80748
96483
-29849
42635
53811
-38688
63646
67231
-69360
-79704
-54223
84501
86163
-6773
27523
49357
-10318
66893
37341
-48558
-46652
-12515
-51708
-47252
-73116
87360
88115
-70254
-81026
90253
41466
81148
62905
83473
-7117
84823
-21823
-3182
13532
-80110
67951
21297
89814
29270
-36392
50985
40825
-48878
-19409
88116
3730
-78796
-26409
90188
-63046
-75533
69770
-95153
64020
-24887
-59297
4155
-63070
8958
90171
49689
85380
-73440
37783
45559
-8881
55823
-26007
-82611
90182
-28940
-84110
-65279
-70088
8594
80803
22150
39413
-52747
-56659
41311
-48658
-88442
17828
20034
-5464
34944
-67762
-45481
669
35581
31950
71776
-3217
-3286
-94360
77554
-9078
68826
48688
-65439
-48939
81014
-81196
-71750
-10732
-15727
-63550
13673
-27939
-64743
52727
31611
-3980
-85527
-4826
70462
-96378
60476
-98495
-53435
62
-19331
45350
-89208
94024
-45318
46761
-99928
61152
-14538
68602
-62833
-53674
82205
67571
12086
13920
-98670
92929
93504
96091
-47836
-79252
-76348
12256
-96480
-88060
-15320
77567
44224
98794
8424
73307
-37503
40056
-78154
-13598
-29166
-92018
-12804
78374
11752
61242
-44675
39325
-76561
-96893
74329
40434
-44710
-34926
-12817
-93499
-88677
98686
31004
-4922
-57233
-52558
-70238
-88407
-175
17917
60261
-25594
86350
-95818
-75889
-6895
84472
-4086
-6830
-26447
98676
72484
-42803
-29953
-1297
-14537
-46648
-65188
109
-56853
52954
-42769
-95871
96098
-20822
-10758
-83751
75365
-37934
-87016
-59791
-48080
82335
64917
-72728
34966
-41419
71593
60976
-22702
65552
20499
2910
30572
60837
-84977
35873
52484
86822
-63565
95759
-74497
25573
-61268
-29029
-45173
-38832
-3505
75043
80336
-48038
-19426
79590
-31564
-35909
1818
-22061
-51189
75405
21631
-55300
-96038
-41513
-56991
-33623
52294
-7193
32865
-17975
-54242
-91112
63372
-89916
1538
-37516
-65200
-81300
80174
-59854
-89189
-64303
14631
-20896
-10158
-13389
90560
33948
-9622
-25454
-18295
-45764
-64281
-37982
-5227
-3250
84399
7387
67751
-46343
47946
-74708
-31047
53698
8313
51343
44968
-36885
-7057
-37064
20095
79477
-35088
97639
29918
-49273
-43771
-89635
-33466
4711
63961
-44885
36292
88740
88692
-65435
54776
54358
28433
30582
47042
42749
-62051
-4915
-19256
5191
-20465
-10379
75621
-98770
77790
-84989
-65743
87165
19236
-35224
49129
-44110
-12275
-58778
57531
83327
-52933
10272
33777
40619
41018
-88183
-28553
53142
-997
-18817
-17974
93721
59567
84400
54719
-10293
-36702
-94854
29678
-14879
3441
26449
43833
38573
-48503
18777
-37572
13831
62846
-55468
67091
78025
-36444
68341
81666
21299
-14962
95635
-86459
24943
13089
-98311
-28107
-47056
25235
30362
88340
63924
18693
-5342
33013
47208
65211
47271
40331
95338
-35212
-54402
-16564
-96471
81514
-56405
37697
-79256
91624
38320
44461
-89566
-66173
-66810
39767
93768
45174
-65238
-23626
81190
-61858
-63026
-68295
60067
-42546
39280
64752
-40409
68560
39944
-26726
-46505
51001
-53605
-41524
-27077
-3928
-37075
23610
-96703
-52389
5395
-53467
-81573
-79699
-28954
95585
3331
-7888
-7916
-90750
53022
43683
-94832
79842
79294
-92848
-56982
76754
-35454
-95419
-76487
-37669
20504
5484
54516
21615
29347
-90487
18912
-38351
-85641
87632
49764
14430
-95999
24481
26680
-65706
33732
20513
-12356
-18741
-6146
22838
86821
-31547
-8599
-24290
52882
66831
-21859
-73555
75260
57474
-78509
44193
33100
2731
75012
-76957
-14777
20124
19119
81437
34340
-52404
1210
-7246
19263
-73749
63536
-38241
-44762
-82105
-52567
108
-35697
-50476
-51897
82958
-84948
-90213
-5668
17692
-72041
-43710
-80087
-89556
-1112
-18636
-39806
34506
-41562
-86996
-72819
-41196
-49638
-87837
-98519
52597
70719
-5740
-15509
5884
-40683
59304
-51709
11608
37653
23236
-79107
-4622
63614
-57813
-3229
-32857
90062
69328
96385
45793
92044
77244
26753
51537
-68862
88472
-66060
60874
-84471
17880
-71247
-15299
-35844
35204
14488
-36787
28430
84132
-8080
89614
35384
-70392
19758
-10465
-56566
86705
23
-2719
14307
89759
12988
-47597
86652
33784
-94172
-26164
-2082
72018
1160
-88812
93556
12445
2360
41503
7163
-97552
46811
53798
-70827
-17234
77203
3491
67517
-3563
-1
24362
83862
-51549
34970
17503
54684
16741
-49791
5080
18299
92957
40465
37328
-29250
29199
-38033
62724
70048
26280
94881
-25939
34239
72588
28441
-33509
46382
-94533
26450
35307
-79511
34398
19091
-94363
-77084
-32780
-1775
-16332
53564
28372
-54286
-65342
32207
59358
74987
-34192
-43801
-33406
-36854
77231
-68463
73068
-91440
54398
65036
76747
-39818
-19584
-96163
27197
65104
62777
-25857
-66279
-113
-7963
-1352
-90984
41953
-72203
-46329
-24352
-26957
-53401
-35206
-42449
-45162
95168
80348
-94752
-33537
66089
33546
62365
64937
-12061
-80025
-71198
-41451
-62167
-41499
-87
77169
76897
-37500
42616
21847
-70146
-9000
27971
96876
97845
20098
-4802
56745
92697
33217
27652
-88586
-7467
-93599
-93219
-47310
47110
90065
51631
-54256
90611
55186
52740
88539
-4247
35276
-58316
-30631
-11337
-76101
111
24270
9155
14470
-14231
19352
98440
72688
-42526
-90825
-71059
3623
-2159
88175
64322
32698
-11667
53830
-6311
82856
46807
-69336
39679
-26925
-40217
76395
-36458
-15660
31505
-19796
-96816
-56024
-85837
-15272
-14902
95879
-74881
86087
-40061
95765
33728
52802
12023
-30734
-86646
-13659
55452
-96468
75715
-81120
-12680
-71340
-26873
-62697
1821
-64146
-48323
-90390
-13437
-53695
-97420
-87793
-29696
-28337
-5832
-41446
51494
48223
17079
-68834
41145
-10954
33035
-33938
59979
-90780
71332
-99075
-22282
94714
-56493
91427
91382
-19303
27189
88832
-10336
54693
-18694
15035
95683
-76391
77777
43684
98842
60725
-85710
-53640
46826
2578
78791
-1982
-88706
-34923
58104
-1634
-44739
-63166
50514
27289
-78235
-49688
26067
-77324
-2522
-60998
-80620
69383
-22691
-1794
84755
-90237
-60693
25118
-61860
61776
-69006
-64740
96596
4373
-20180
15971
65058
-17259
-36185
18680
-21702
57718
-53471
-85681
-55096
-41954
36604
75898
-82635
78070
-72355
27773
61080
-11120
58791
-90756
3388
30117
-51440
-48427
-19254
27831
33180
-19253
74067
15509
-12546
-29993
-20612
25085
60296
-4253
25223
49243
-27254
22481
-9606
83184
25423
-67979
-90962
77454
-29264
-18460
74933
88448
-63405
24676
-18839
15174
-35132
56130
60557
80445
-24018
-59197
75299
-78499
96181
-36302
62666
90781
-75533
-51496
19984
39153
69646
-34230
31836
31475
5171
51484
64433
-65504
31281
-50700
-29984
35129
-52556
38073
31821
-64311
53532
89129
88923
-249
1593
25034
70839
81169
-53595
-2952
62910
-29288
-70081
90141
24908
-81317
18623
95999
-86110
29580
71739
40500
-69133
7630
41461
91120
-94517
-59168
40158
81727
-65827
-55149
-38548
-41778
65127
15031
-56109
-11997
92164
-77548
-43358
-51155
-64498
85908
-9347
72373
-9555
58878
-74829
-94028
-36735
-61091
-58501
36351
-73752
-82433
-65392
-27426
-50068
25305
-11098
15098
60748
-9208
-86329
-78220
-49883
55346
-45745
-64366
63229
-75637
0
92372
-8212
-57932
-56509
-25051
12072
-32771
72444
92717
96619
-8053
14792
83523
-25405
80085
20182
22720
-36170
-69624
89311
20015
3727
99979
-637
92000
-14135
-43940
-3646
37339
68183
-45671
69395
-72654
-74674
8155
-32092
69040
33328
-83075
-26449
5101
-67562
71738
-15050
-51901
-82183
-98380
155
88027
-2211
63761
61086
-64992
-49382
-92096
-66893
11542
-55672
97690
-20609
-85373
66246
4643
22383
-21301
-77017
-39121
14069
78106
6010
28897
-53856
97530
81397
-7281
-98025
50628
-38082
41090
-31373
-1101
42837
30617
29686
-56428
-44704
-24884
-92501
19737
87444
15118
78554
84493
46526
51596
82024
78883
68140
-14061
17353
-5593
-1606
-73522
5860
15189
91644
-42580
-3774
73736
30277
50848
-27023
-65973
63826
7234
-99973
70732
27990
34195
-84610
8687
-96093
86302
57448
-578
-24718
-53575
-879
53501
79695
-71189
-60683
-90661
-39388
-8089
12876
52677
-31201
65463
-90424
-17451
2307
36724
-9045
62761
21321
-30223
41986
-50098
18736
-43336
18177
5402
95336
-4884
32444
-61608
66775
10702
-11264
-47906
-56827
-79461
60556
-33285
5355
13713
35439
62413
70995
12882
-48001
58223
-24469
9762
-32589
-98353
89196
-65653
-83042
30749
21666
-96
-18167
38175
-64553
55454
35243
61793
83040
-67283
-39225
53322
77635
-34362
16354
46218
25603
-66000
39456
-49104
94986
94691
-85317
9688
13043
-8371
34270
50882
46257
-17102
-63644
24637
19935
-58706
77224
-65343
13220
-90538
-99000
-13475
-79230
33725
41211
29765
27388
8786
37068
-30195
-52190
37607
5747
-40653
84474
-67636
-73202
29334
-34675
-68134
8385
26693
63563
-81268
-44505
-59853
87963
41415
-53709
-97722
32707
-62022
89256
-93234
-20047
35168
-78031
54419
5860
-69086
-72482
5575
56698
-56934
-8389
15834
49622
20915
36111
14316
75565
73132
-61970
22686
65774
89595
3195
-76543
-67572
10830
14270
-61520
94953
-24084
-2274
-66950
-16864
-87878
-51397
-49545
84399
85722
-14294
-72708
49856
-52050
-78066
-95511
23250
15354
-3249
77087
12168
-35224
10938
-47345
4558
-75995
32309
-92946
23268
75112
-75619
92484
40329
-56366
74302
13476
-38012
-68624
40430
13494
94865
-12386
-70266
-28624
-97689
-71097
-93634
22563
-20830
-61369
-33628
-72782
48274
-57359
60025
22365
-28577
20716
33000
-24133
48983
-25736
78308
-28666
-47146
-20529
87325
-61360
-72815
-6042
46558
-68140
-4609
70866
76614
-50457
42660
79688
-30304
70926
19899
96253
28706
-79575
35775
2476
-2049
-35444
-24554
49526
-29271
29166
-88997
27683
-15322
17594
-75066
73798
12302
-5885
-10758
93119
32479
-24427
-46293
218
82108
58918
-60821
-14315
90057
85228
77455
94143
-61925
48072
-69886
-38404
-48736
-48033
91238
-45723
-11125
-25654
-41310
-15540
-68423
60259
-95796
55197
-53915
-34176
79028
-39584
-44604
-33028
-44725
-96358
-67521
98736
30191
-12652
-29557
-3263
-83756
46835
93094
12115
3920
94022
-80401
-22628
39107
-98209
32290
67411
61536
37336
48816
22854
80669
-41993
-17225
91083
68275
12780
37411
-94386
-1838
-94409
28064
82634
-84635
-21786
48891
35731
-34627
23484
-20524
18511
98844
86574
54594
-8507
-46303
67590
37379
69005
60363
40234
61534
90279
-76757
-21512
728
-4760
42602
-97848
-25393
72912
-70924
98771
71605
-73290
-25088
62961
74669
-51804
-12354
65982
27579
-20033
64348
-44138
45611
60767
-716
-17984
8514
-38403
981
-26905
-50088
61770
-25172
-5885
84250
94108
54414
-66601
76699
-8957
-35739
85587
-2542
96698
-19466
78937
43252
4153
-58485
77597
-60945
-68504
67393
82469
-42112
79214
-91856
-35920
-37135
67750
-34894
-7949
-67085
64499
-5102
38782
48851
61866
46547
-31554
64604
28910
-10086
-78373
-29046
90
-61959
-87679
9894
-13418
-65576
54780
-8253
40844
-56190
89661
28435
52981
-1718
-51590
-38426
45901
51032
-54863
92737
-12123
78867
24780
70359
81111
-93268
-1312
-23449
29651
41797
79759
-36751
53720
-31107
96014
-3434
88319
99930
-83455
-98869
-51919
-70639
-58813
-34695
40889
-85772
-65471
89205
87220
-15752
87814
6935
78501
74018
53393
86777
45797
-74482
87266
-82354
-329
66268
-30892
-69092
78074
-92936
-67037
-18729
22264
64323
15375
23516
-99941
21795
83610
19078
-5314
-18204
-87125
-76687
-28255
77833
16853
-80631
-97033
88564
4977
-16115
-57446
83117
26791
34342
55710
13330
1676
18142
-80125
-79653
3109
56831
25092
-59191
-23478
-98679
-18676
-77397
54886
-24049
-71736
-48691
-74277
-14994
-88872
-93571
-46910
-30229
89567
-84485
52240
-93592
-15111
8892
21652
-34941
47884
40027
54108
65675
-86025
10525
79416
-55008
-27608
-39649
18838
66470
88970
-77666
6668
-44251
66459
-45213
-5835
-54975
-83941
46345
89714
-37871
-60256
-35860
-30638
83741
45895
-30224
-99764
-98759
-93819
-84949
-43031
7672
93659
-76496
-41665
-54577
52712
-35335
73175
33032
87576
-81552
92848
-35745
-26246
-64742
-23779
-21891
-82384
-38047
-55863
9934
-83457
91772
-68389
32193
40070
-54211
82548
88092
-49652
-33609
44565
77177
40242
54665
84894
-14688
40455
-96821
94897
-80958
-59206
-55979
69941
86928
80810
-77273
90999
-61706
-37670
-56264
-93782
-83528
35520
41310
74319
-77273
-29060
-14570
81520
-78721
86758
48433
52422
81376
-71744
95004
8570
-88601
7563
-77046
94088
72041
-24139
-72896
-50752
-50484
19823
-64900
75879
-81023
44829
39811
-28166
-80607
-16409
-2682
-2926
41571
47917
-49936
-7581
-33032
-31337
15631
-77538
1732
-88182
61788
33783
-55752
-82314
-68248
-58368
21904
70028
44581
-73740
-12634
96077
71055
-8495
15666
-258
-91723
76572
68447
23992
96872
-9208
-34614
97883
-47361
46769
-91367
-54685
33859
-25917
-66890
41170
-53890
-66120
-75993
-6259
70427
92990
-42484
57347
8570
78198
18100
99144
31635
78041
37019
27392
-38844
-21707
32900
29174
91704
10005
94703
96972
18102
-60097
35448
39885
-99773
81047
-55988
-32418
-331
8801
56776
-32044
40214
-61212
-36560
39135
-70927
-75671
37448
-33373
15548
22755
73299
96999
-3551
-9240
11301
48870
-49365
-46435
72999
-50109
74634
-93327
75687
65306
-35901
18048
28633
-86990
-45194
10007
-34961
54350
41229
-94185
93008
63842
90943
-49358
34807
38499
43198
49939
78507
85559
-78205
51674
-30953
-26612
-4941
-62267
-21499
3909
-18962
-47446
-13829
38094
74805
9312
-19982
46352
-3659
88958
56943
54656
-52364
-98821
-41983
96146
59927
33781
64662
80332
-43699
18381
8057
-24011
-15524
-96593
-3476
48428
7430
-85841
-34851
-91500
1303
207
86729
-88147
97870
-36771
20458
55294
-93082
45561
-51298
84782
-22336
23220
-99882
53555
-13330
-3371
-76745
64418
-41186
10357
-62576
5412
-59807
-53494
-23175
-63927
-76265
-7168
-87228
-19274
-1031
75075
34339
-74886
-43965
-36262
18390
92031
91196
36653
-77810
-63396
18531
-49817
-37533
-49529
-80328
8438
48431
-14808
37220
26287
89157
76488
95493
20367
24977
-56344
-50086
-2659
-55346
79791
96904
-26261
44190
-47493
-59321
-6982
33609
-67176
93676
-15555
-11499
27598
-88365
-4362
-87747
-43052
69032
-28675
2706
32547
71186
54559
37099
67942
-41859
89379
36746
-70387
76739
-9496
52429
-45375
71351
-14230
81229
70258
97101
-38109
-5737
93196
93481
-93362
84805
-83385
25347
-92922
77944
-31330
-4493
-15986
-31181
-98665
23582
-32854
69911
-93759
91965
-41878
74359
64636
87815
-36858
68247
-15694
-54021
-83419
-50426
26916
29260
-75656
54997
7903
-88984
84867
91635
-6963
-95577
14908
4710
-93913
15757
-77236
-40664
40520
2619
1074
33692
-45283
-53063
-93497
14635
51577
13208
-70308
-66432
75141
3847
14719
-47588
-75372
14837
-87651
86870
-18987
75229
-77887
-63693
-86174
10803
-75398
40926
-75211
-48855
-82213
-44924
38522
-62050
-97828
32014
80191
93732
23134
-2436
15111
-21908
-96692
13339
66942
97488
14621
-66590
-41528
19645
23989
95599
-79117
-1029
49131
-64999
-51446
2651
61158
44721
38667
41788
-2208
-75110
-84496
-52871
40205
23298
69737
819
73108
71868
35691
-19338
-56772
70332
-89566
13386
-97950
-78674
-33662
-43047
15526
8051
27003
36983
-7194
-84679
21387
-26029
87522
17845
-62035
36857
95423
-25728
-15441
79554
98855
6411
-5855
81433
96717
-24383
87849
-69526
30670
55928
-24140
47145
-55949
39762
51335
-19269
77587
-96586
-7436
15493
-92010
83174
-88025
50704
-57388
63358
-96224
68374
-30117
-75640
-12869
52652
6287
5502
85035
-65973
-86356
44637
69957
67004
86184
-42718
-5640
69536
8883
-96220
283
38297
2720
27085
-19105
77145
2077
950
-97629
-23675
36958
19678
-68121
17605
-73063
38023
-86312
16491
-10390
10350
-8631
-63747
70678
-42139
-78013
20384
99180
97422
-51213
3235
-49529
-85642
-25279
-8538
-84943
-48885
62914
-49626
26850
-24580
66499
24998
-48410
-50708
-94138
14010
19612
-56366
-17719
-93133
-13734
97711
-28351
65122
11246
10477
71206
-78453
-88512
40785
15528
55848
-813
7005
-71169
-35626
-37590
33733
-36960
64928
12103
77067
56587
-48601
-21810
56633
95937
-56853
-19127
-32453
467
81528
81221
-91818
-40170
-12945
41305
89417
78451
-30992
84166
-33858
51995
-87327
-99206
14573
-63657
41630
-29521
58126
84349
-24515
48305
49016
62974
-30020
60604
93339
70557
72649
36995
20887
88890
75694
-51763
38647
3404
90456
66106
27597
30574
30594
-83548
-2198
-93808
71299
10785
570
-57522
-39632
-78876
-95110
74909
-15761
78339
216
-92638
69017
46803
76326
-29795
-14709
-63441
91257
-80958
73418
69784
-9756
-43032
24656
-94922
93196
2650
98039
97021
-46744
-62644
-64063
-12181
6680
24872
87234
-17939
-98146
-79483
-66774
-43487
2685
58489
55987
-10634
-92307
-71419
62819
60144
56055
-72849
-83522
-24504
13683
-52051
43020
-4176
75932
11645
-52414
-23436
-34547
5842
17104
-22852
-94629
65064
3782
26030
-90546
33336
83044
14768
-43332
28423
54076
-90741
60292
66650
-86650
-72597
-99292
31556
-72768
-89789
-6280
-289
-60160
-91059
39184
43609
35224
87151
5164
-56730
62116
73017
15766
-42093
27698
46667
-51108
30459
77647
12500
-21911
95058
9898
73525
30527
-9314
-86936
-29628
-57836
-12154
72771
-79444
49222
92227
-59553
-97103
54651
-45901
77803
17489
27033
59212
54448
23878
-26337
-30099
77049
85864
16798
24720
-40929
30064
-29736
70620
-74704
52632
-77773
-56936
58748
85918
24602
14777
55611
54758
5105
-70820
64990
71487
-15374
-41521
-90959
33086
84905
-90103
-5143
-67066
15752
82618
-31536
57834
-91928
-41731
72010
58473
48733
29099
-70718
8088
-82124
-59319
-79817
-94627
-65141
10785
29341
13719
-71090
77230
85681
-17701
65034
13680
-51556
56090
1647
19808
-48637
99614
-63769
-82242
-90711
-53709
76173
11910
-50878
85602
-64117
-69376
-93227
94296
77141
17079
15948
-40346
59260
4801
95515
-51998
-60752
-71939
84747
75050
85141
87964
-18398
-13752
-42688
18133
-25359
60145
21134
32828
56378
-46936
36193
-73619
-95557
78592
-24008
-64414
87579
90686
-75350
-82395
60144
77917
74623
66847
-98389
-24725
97131
-51058
24097
-34608
33448
-92331
18806
32494
86511
-75667
-1368
-52956
-43054
-19783
-80203
52525
-82055
97528
40234
-24666
-98185
70420
-76982
-70163
48712
32855
46999
-67355
-82839
16445
-41408
-25515
34580
-25692
-47834
28720
93079
71840
83276
-79761
-93296
34091
39260
-97573
-32121
-12167
464
-88089
49256
34346
27331
-71239
72539
95705
24661
-93175
38338
-65775
20852
34
14478
60000
-5874
-99514
-50242
33027
-64944
2031
1462
80320
26777
-58001
39352
-78317
-36096
-8008
7297
35840
-47426
-80648
-27070
23623
51770
72797
77753
93238
-13072
-15434
-52436
-84968
-43011
34105
-84414
11531
68809
-39071
55742
85872
-73263
18608
-73191
-19333
-78001
-83566
-52486
38953
-44791
-45406
97940
-95982
-16269
43205
71900
92052
65730
6516
-16154
8239
-73457
31320
-37
50095
87587
-58354
-15975
-81532
84645
95370
-4185
-86867
47197
-88297
57939
-93485
-44700
74364
13482
-12686
-83286
88955
-41004
-31950
-38364
17331
50057
91284
88400
-79899
26292
-60537
36646
52307
-30494
-55461
-57699
-188
85223
-56243
-96298
-50651
97934
-18368
-18583
-20022
78202
-26867
41483
-12207
-97955
29745
-63655
-27801
80084
-51803
74819
-42332
-29666
-72373
29400
20754
60728
20932
57769
-28277
48790
-17186
1245
45632
-41025
-63317
-24623
-63786
-59002
10925
55465
-57942
-29024
-19219
-61064
-10571
12839
-54998
8072
2955
34922
21359
-98170
68286
-69778
53054
-5171
415
-38202
-64792
-69235
-93020
-68022
70718
91544
55333
98743
-45662
-58871
41089
15011
-99338
47889
87454
-43557
71478
72351
-77363
-32613
-8990
-17493
56139
38121
89299
-85664
-68445
61838
-70225
-18716
-80207
-51918
-50888
-84347
62531
-429
-93442
-14399
-53480
-32991
93813
-1230
-18230
-59782
8097
-38124
-38137
10877
-2642
-78796
-87301
3469
6684
-13641
-70390
-54556
57431
-58491
-10311
2129
-58332
-63856
-14868
-65329
31928
-38396
97674
48708
-3741
55501
21116
70291
-77783
25984
-55531
-85282
-27727
-99993
-63732
-97253
7831
-33236
-98780
-14062
-9764
-41760
22636
-37392
55293
68329
-95262
40459
79265
-8634
39411
-68045
-2069
-28223
81246
45425
52336
63728
27382
-865
2946
96103
90950
-27997
-64469
99773
-24177
7561
-51658
19321
-12628
-89603
1446
2394
35159
12002
16650
76928
-35324
-34735
-30296
-89286
48171
53809
29527
90349
69347
22447
-19799
-40931
19306
-21286
1540
40539
-39359
12254
60754
38987
-74764
-73060
-40306
89489
-85961
-45854
-77825
73240
-17492
-20980
66690
-27202
33346
75510
383
-71264
-81993
-28004
57406
66173
-46403
-37551
1170
-56567
-37893
-44520
-79501
65105
-57750
83811
17002
32773
44896
-987
-7259
-76633
-71894
-96362
-59158
-67441
34705
45251
-80216
-29608
-20801
22031
-99863
86827
87676
-52726
23204
20390
-49327
12395
97392
78440
4301
23341
15570
31227
-43291
67332
-24649
53279
45238
-1413
-29187
12591
-98009
-67028
95147
-49934
34730
54107
-97406
47233
15201
64623
-65749
-24496
-60707
88461
-817
-7462
-23167
17938
91590
-40851
-85883
-32339
22759
-88817
-23081
75544
20286
22732
-75301
63217
65627
2845
80275
-63111
-93945
-56073
-42278
61416
85842
73773
-17077
-8278
87816
42946
65791
-91654
37570
-76657
-85326
-47590
66968
62157
95047
54444
1396
-30144
-73886
-5968
-8575
-70783
-79629
56219
93891
-37210
-97965
336
-13631
-84401
1990
-96003
-42211
-88240
16992
23125
-35196
-57546
89285
20133
29760
-16712
48521
-64938
-79958
48252
-95882
-15490
-79363
22402
78443
17506
-59193
1329
94945
57484
38073
47676
33801
-75579
-77667
-91727
-15535
51312
-91738
-60706
-31802
26243
24547
-88416
37588
-51038
-21170
86921
-7960
-74342
20929
33773
-54474
-92682
94728
3978
70870
76162
2257
-65519
-61750
-43366
-61184
8917
-89061
-63891
-66401
75983
-13792
-41260
68851
-73845
-25760
-4727
17578
-75213
-95665
-14139
-70928
-47050
17205
-57094
-91552
34773
34284
-47382
12631
-21110
-62584
10338
43621
30805
88721
-40489
82589
65636
5995
72539
86092
-25570
-13993
-45124
32838
70412
-94510
14970
56987
77732
50907
87586
-21975
33716
-91822
-8053
-92853
34600
-46532
21740
-16273
29112
1891
17049
-36218
-45776
282
11480
-61036
-97955
89119
65444
17831
-17391
60377
-20482
-21532
-32940
60288
18154
60221
94183
90075
18893
94590
41397
-81563
32033
95495
-34215
30537
-37870
-7660
-32250
-25267
12088
-9224
17367
63755
-526
-72279
-67532
80857
-34405
-33292
-6691
-46582
22956
-26159
7126
98766
27822
-61039
31855
98868
-73766
19636
92655
-63536
20558
65175
-44387
-60040
1518
-97078
62698
-69656
13077
6464
-83650
59205
92855
23007
-97123
49855
-63467
13112
34422
82255
81371
-63920
90568
11744
-90663
43101
78130
-6966
51996
-27316
-939
67257
29993
46015
-99545
-75092
16277
-74988
-47465
99225
38084
-76768
-53544
-24594
-75332
-1988
47501
-66253
-29915
-26443
-4401
-54964
-929
-31641
67742
-39142
-7232
-43420
42849
96128
-68887
-75251
-5797
77122
92099
-94333
-63507
30794
59419
10616
-92798
28037
61656
-80033
-14182
62122
78997
-24126
47350
88603
3871
-58127
-34403
-21020
-75060
-45032
-83318
4704
70710
-74710
-73485
59514
77267
77242
-77067
-47599
64114
49512
90145
55989
-95468
-70408
-20963
19854
64421
97342
-94728
2333
-61162
57589
-74418
-71143
-53864
-67664
93204
57467
23030
83304
-56703
-38378
48015
7923
18266
71325
-48529
-60266
16344
-13111
73162
-22927
39351
-20206
34900
8281
84125
-24934
60223
-91261
15397
95273
-14638
-82213
-51448
-36909
-50269
-80588
91560
51638
-2639
38362
-97096
56608
68896
22404
51018
34573
-26927
-69850
-85578
19661
-35618
73250
-58012
-23228
30319
-68322
53879
79756
-48580
-7759
-42026
-69515
-22177
-71562
59928
-14292
-21036
63107
-50292
-1671
-45487
44276
-37086
94178
12284
51744
-95367
52461
-41587
-40658
-45691
-2173
94594
37824
-94052
24688
31801
-56564
20702
-21625
-93011
-50676
-85505
36195
17551
-62132
22387
64456
58304
-50847
54836
-49241
-3223
76472
-31373
-6656
-51784
-90996
-33767
-69982
-77961
-80143
59064
-73842
-1142
-31986
-59181
80570
40453
87400
6598
-89743
-60120
69912
44627
-79401
-60232
-26081
-42229
51146
46651
61968
70806
-923
-14193
-97365
15583
15838
-23065
96266
-45090
52111
54627
-59147
92035
39762
-1205
-37040
5948
-65979
25065
36276
93027
79469
72576
-93990
-41913
-10634
44204
35123
96726
55512
28055
-58346
-5340
-91754
87765
98065
-89446
25632
-83554
-26336
-47363
77785
96165
-49028
58906
14579
-97959
-4278
70924
-18507
12919
92660
95593
-76898
83658
75349
-34481
66724
84353
75214
75846
-8683
9771
39158
2130
78623
88977
20654
55448
-27477
-30993
55122
-31254
25443
-44975
87243
-53583
-82732
94407
-74559
21494
-9617
58500
42606
-45427
96554
60825
-53682
64670
-68860
-73655
-8014
-39343
34661
-28664
37236
-12522
36451
93077
-39739
52558
-91103
-80271
63202
-42215
-91054
-16069
-20763
-13251
25627
53993
60664
-87505
-81321
28133
-32924
-71614
22644
18561
-28857
36393
-29062
88473
-8732
16106
5484
-95356
7957
-89438
97991
-62282
-68645
-34577
-20377
34229
77974
54589
99145
72886
83024
64240
-77013
61780
95539
-82837
77264
44268
87707
-97093
74080
71319
-19770
28772
36267
30213
-77464
-48059
14094
-64142
97628
38250
46
-90872
90996
-48018
10529
84626
63217
-17141
-32851
82647
-98930
60352
63144
14043
-53769
-27490
60350
47598
21399
-27090
72593
71343
95823
-18110
11003
5537
91522
35735
92527
-41561
99213
40228
16701
12703
65492
-28415
-93516
9177
-33481
-90121
-12383
7731
88420
-8096
-92618
-34158
62086
-64453
4103
-83073
36508
51918
17645
85659
3044
75320
-18995
65728
-42955
-72046
76467
-37514
21356
81025
-22953
-95025
-46658
-74084
95234
-48800
493
-23372
58378
83740
-53290
-61500
66617
59982
69735
-44298
64332
-56653
15981
23376
84631
-62287
-57845
99897
-92154
77432
75911
-66260
6590
24244
-91586
68344
-12639
65260
-14088
30385
-84559
29754
61398
41335
61836
5991
-82968
-4064
-49771
-12958
40987
-9211
69555
-57955
54799
22118
67123
-11835
-25465
33979
-53943
57500
62842
-70440
78580
46644
-73722
28411
-80321
-4022
64388
-2571
-33181
-92164
81718
-36173
-40950
8808
46173
-46615
67182
63587
60968
-79078
-72288
2067
-13626
35142
-74907
-52374
53532
-70480
33147
2943
82130
4682
98105
87050
15560
-46017
4820
80892
56359
3101
-79170
-24007
50962
37918
-74392
-41997
19002
-90863
-46040
41444
-45360
-77654
26486
44776
70294
-28958
-59311
-89676
52687
17100
-91329
41463
37973
-55178
47985
-43829
57737
30328
24516
2840
-16860
14620
-4636
-84794
54060
-53655
56651
67548
29635
32142
-48985
37050
44378
-40664
-30950
63663
-89086
-85840
96347
-96648
45987
-93692
53242
-24810
-19835
-85744
62208
-93942
45132
-47911
-57420
-31568
50369
-66074
-30149
-8458
-18230
-1653
-57385
33207
-13956
-58029
-41136
-11912
33223
48585
-96592
-88771
-26224
43619
-1177
93321
220
-96820
-59761
28657
41191
-70835
46730
-65444
-87083
65303
18824
30618
71232
-28625
17189
82909
-46992
89782
32367
-46120
18856
20116
-91899
33970
-44323
27201
70810
65319
78146
60976
68953
86588
64638
23000
76643
40924
-94977
96735
37940
15316
-25048
-97819
-23517
-69208
96486
-1045
-40248
19344
-5280
-54113
-63752
-46446
-7219
-96763
60011
89021
50399
93187
-19521
-24769
-76131
42505
81109
7012
25550
-10661
54681
25451
-90799
-38148
-24800
9671
21642
-26247
-45718
38767
73591
-48113
22086
18914
-13472
-15303
61781
27451
-63315
-55781
-29850
4908
67729
-85052
-62015
89178
27044
36579
19327
-30827
-23537
-24374
58006
-3854
9440
-45865
-3405
-77689
-29314
-62972
79296
63235
10742
9741
44165
77415
-57229
-67718
76714
-15003
-7347
-28472
31579
-23277
-82632
98808
-83708
-40372
-77283
20275
-87940
-27484
47494
67544
-68482
-93563
-4238
-75676
28625
71531
-1912
-8899
20682
-88968
86377
-6757
74984
-19276
-40674
-75949
-29859
35237
87472
96258
-82452
-10745
16279
-94574
-70483
-68119
92746
-86356
5614
63908
88693
-66630
3828
-61832
-28855
-69929
-31713
50436
-61587
-39658
-97429
-50398
-99950
-12244
41170
56477
-32988
8827
39055
36368
-98916
-44165
18302
-27684
-55950
44359
-83360
74053
-21072
91586
61498
70186
78050
51620
-42980
-41761
-1942
-85147
-91841
90152
-20241
90180
-71352
-83627
-36874
-46476
-69463
-651
-68471
88036
25831
85816
77587
85289
-73610
28965
-1522
66571
44288
10420
-13293
33257
-87420
28041
32464
-57143
16347
-64243
-94376
-192
-46121
79403
-84587
-51782
64004
-15836
87448
-41177
-83952
-15280
9041
-76925
-69817
-40014
49562
92480
17974
9270
-75987
-99503
-29583
-54775
57782
-14571
-24143
38613
94340
60702
-96427
79768
35737
-47650
19209
18784
53728
5230
-252
-28379
-91842
50810
96619
-60414
-66175
-18421
-78893
-72750
-29643
-53582
-33692
-14109
42325
-46642
76120
22554
33311
-51077
20259
-64221
37504
21591
-57043
-11566
-53969
-81358
93370
-86821
-49898
52305
87467
44266
57322
18463
-54370
50912
-56677
-84623
6960
-7636
77927
14836
-34334
-4671
-95222
72374
58329
-25223
69648
46285
-35969
59014
65098
6312
14536
-66736
-13601
-34448
24335
-64655
19194
32474
-58018
-90359
-77343
-10548
-27507
82174
18918
77353
56449
-34925
97462
-46789
-94314
30052
96078
-92292
-58409
-38213
-6258
41473
-43926
-90861
-89562
-77692
-89015
56679
-51284
-95284
3306
-5067
-1840
-91525
-69695
-96940
-95769
-62668
77467
-21713
-1309
-28122
-22229
62045
79332
-75206
-27486
-38306
-87321
29653
32503
95029
-37988
95498
-29498
-40419
-2858
83039
90837
-80919
73756
38650
-49295
-10629
57436
79593
-71113
-65248
-41857
73611
21422
9543
2136
60509
-53230
-52580
39350
-15323
-65044
-33914
72216
-65036
-55844
35961
-57472
4892
38009
-35016
33056
943
-48369
28459
98609
10991
-80313
49496
-70173
49111
-220
-72383
-12753
-17147
-80343
22171
65224
-84286
95129
23078
-82001
86064
-62698
97581
-33114
40143
-18517
-84196
-33924
-7509
19365
76281
-81849
13798
-49636
68545
-73296
-57699
33871
-67552
-80152
-75526
-64915
-50933
20729
-8298
-32976
-4802
-14473
-51896
-36060
-75187
-72491
10319
13638
12393
13267
80216
76487
24050
84181
-15188
-13200
-63245
31504
6456
-39777
-25090
-10723
-64582
-22801
74725
-83088
69958
-61450
66194
4258
99187
-27353
2052
24873
-67356
50008
-29913
32362
39350
-91169
-24178
-21211
-40125
-13739
91215
-53041
52433
78332
17275
50493
-66725
-92675
44216
-72452
70137
-83894
-91139
-96771
90158
-42782
47850
-68179
6350
-8654
-52350
-57821
57418
1177
-90170
-15053
-99174
-48188
69423
92064
28357
59128
-30713
4270
24400
-40017
-34780
83668
-94911
61977
91394
86480
-18098
-73341
91196
-69035
-99417
-49771
4519
-62816
56221
-2634
-42613
32872
87725
-95606
13567
10996
37485
72027
96544
-59450
-26030
-89259
-42643
-7883
32924
11883
29058
-31464
40414
-26536
90927
27358
-37458
-66112
44213
-34821
-89179
7669
-26788
-91203
11475
-94251
43508
98493
-81854
-42608
62374
68400
87653
-84665
40629
-62371
73182
-48048
-89513
60585
-55319
-45034
92842
-18866
-2456
30429
62293
66410
-20405
57956
75388
-58700
29403
-91549
-21473
68105
-97820
-80332
-27568
55588
43709
29326
-77681
-62419
16885
37676
36356
31720
44892
-53236
73623
19726
93483
-96557
-79057
-20295
23697
-55347
10566
3320
17691
39827
43302
41219
-84162
59077
67650
-67064
-1340
90807
27699
42083
-17455
59753
-90610
-82067
-51759
-34515
9886
60907
-75327
50989
-64765
-56664
30358
-80507
63654
-7139
34125
-88628
92951
-44340
-79728
-93520
83910
67564
83266
56959
39771
-17346
21736
-59710
-44366
79294
17651
-38972
-46858
-58635
-90898
-66128
-66151
18795
-37568
99224
53165
25274
-24993
-16942
89378
74558
-93614
-56067
22237
34153
-10144
64673
4209
83763
70298
-1867
380
71918
-9342
-41926
-44319
31415
10263
57156
-15459
-42680
-57986
-93992
-81272
2347
-45490
74417
-81558
8137
-97096
78301
26744
3553
22802
-16892
49002
25748
84862
1545
-53254
72412
27003
46025
-91910
62557
14088
64769
89938
-28396
-56976
-86516
20629
-65108
-96841
-27831
31552
-81873
-33505
21979
60494
-934
-84457
-90358
16955
82377
79041
49927
-4781
30097
93214
32012
-74699
55660
-80871
28258
48233
73231
13101
-33604
35483
59992
40435
-49983
-57420
-30877
-80820
-35417
-12524
19580
43303
-82438
33710
43438
64559
-47299
27007
-15430
-95596
-45081
99308
-41436
-28299
16526
31415
-78681
-49753
39778
-53859
-71032
41957
-77489
-78704
-18873
-50092
45574
-47668
55346
33521
-68202
-31336
20949
-61095
59252
-81637
-52660
-93836
87641
-77799
-36935
-80705
-83702
-83640
-49840
-8971
-5197
93843
-74545
-67046
-20307
-54422
-55157
-11932
-25441
-22844
-92186
49158
9216
57202
-14051
31258
98042
-287
-74114
18858
31658
33708
28982
29594
-3644
-33188
8712
-83018
-79916
-6659
17306
99476
73567
-5602
-66582
-89306
76200
37540
76830
-97570
20302
16203
75320
-65666
-4653
-17861
-55896
-33989
82103
64835
65403
-82931
-23806
-85516
-15694
97622
-90655
-50532
-95443
17132
40104
-84194
-24186
-42363
26486
235
-11717
95934
-25866
74335
6787
80328
-84222
78522
-1663
63407
47714
26297
23702
-83704
66609
65232
50513
-71113
69728
19719
-20350
93786
3860
-77778
95660
-19882
-71125
-52162
-13544
-89988
-80804
21710
-98618
44503
50876
-31378
-5377
-49516
-45859
-40668
98310
-66866
23569
-85439
-37396
11254
-56820
-45282
17859
78556
-76121
-84360
-21270
48988
97025
-21210
21959
20135
72128
-40141
-15468
93101
79221
-29668
-80688
-6556
-76194
-93337
13653
-16328
59461
14557
-91895
11279
14021
44327
-67090
-81480
-71892
-70015
55445
-29841
90812
31133
60208
7503
8460
13782
66692
-31595
65164
33295
66301
-54260
-61850
-77848
63963
-81317
-13889
66652
-44981
93415
37276
-14406
-33072
16870
-91934
-7362
97376
-63935
99190
-19124
55947
-3419
60739
32584
-12202
-58457
-98471
55700
98662
-17647
-52814
83943
-51048
-23922
69649
35975
-83666
-76499
-29372
-99677
-19293
23445
-74360
-51377
-52705
75846
89291
-83300
88262
95239
-44084
-86445
52010
52082
96734
-94130
54625
-47592
-4020
-37324
1138
-46062
-20521
49615
-77975
61605
52571
-75828
-46774
48721
54608
-62130
94690
-41929
-80725
-47697
35768
71908
25316
-79596
-31325
16830
-99181
-80789
-42891
31817
77620
-7676
-38123
-30761
88137
59273
-74581
67722
-34785
-56357
3188
38535
28008
-72629
98805
-22791
-87353
68722
15500
86591
74091
-19986
29409
-10893
-61037
-75079
-83652
-36136
-41361
-71769
-40527
85919
94503
95356
-93706
72726
78965
-13017
47381
87022
-8915
-43681
3708
9767
12253
-38119
76210
43738
-42289
-17885
63140
-23837
57771
14944
-30371
2472
-60551
90848
-75499
-54453
20421
95452
-78432
-70296
-24485
-87861
-47097
-54645
26034
-24349
-16716
58993
48933
-43217
81926
-57799
-8868
-49143
-58683
8360
83145
50805
-81489
-68587
-90354
47962
-57295
25783
35324
46302
-91215
-98423
-78345
5468
-69240
-77097
76789
99461
96461
-20695
-47579
66960
39373
64137
-22676
57311
20886
95217
68362
-18960
34802
-50410
7260
-10948
26098
9675
-87942
71984
-33248
-94508
91072
81029
-23402
72200
63594
88894
-28116
5025
-82023
97341
-71732
49252
81394
-77629
-24542
-15257
50406
79939
63152
44164
-4724
6753
-87426
-27943
2537
88332
-10706
8504
-56046
19124
-5586
90034
32745
30122
59078
-2309
-47741
-55788
85585
83386
-10326
-60343
24392
-79184
-8450
99471
-85126
34114
-47882
-63570
-97512
-50524
-45436
32304
-83476
66660
-37993
60024
-9238
94352
-94278
66109
38495
-3770
44441
72801
68998
19926
47908
37874
-16838
-20843
99724
55228
-46267
-6911
-49429
47368
1110
-62580
-35008
74102
98129
-15673
-74601
41650
-98367
68844
-697
-60522
-12823
-18488
-20907
-99300
42232
131
50295
24574
-47846
97037
-20621
59052
77995
-94041
7780
-13271
-72378
-72245
34846
54147
22844
7930
46185
85933
64160
62624
-46486
86331
-76481
-63323
-97760
-35656
16430
90578
27465
-10905
-91013
41310
85413
-59307
53957
-79851
72658
-31017
57128
8356
-11946
85606
32784
-56893
27708
29715
-87313
74879
81621
-93336
-20407
23651
-15585
8093
-84948
76098
-79932
-20300
10046
20708
60217
4338
-72465
84299
54215
-37958
73869
-89504
7847
-95033
-79627
191
58309
-75195
73127
-70756
-45529
-79411
18099
-27888
-5337
34812
-89968
-17532
-31140
-98450
21516
18680
-10217
-15268
99805
-31311
-27959
22991
-14315
-71939
-91454
94336
-28492
67684
-75052
62607
-22185
-71763
-62954
3867
96783
-88182
-22140
-32380
46029
-70687
-46972
-73797
-70087
89783
-50301
-6718
44961
99387
92350
57157
15118
98285
99101
-51755
66931
-76439
-84935
-90371
93311
-18028
-91009
3
-88943
-29726
70700
37245
-68021
-30335
-51528
-44596
-89473
-75995
59151
-84678
-9081
21105
-99142
13804
26993
-65985
84445
66371
-90794
34380
97369
35861
844
86531
-57583
-88061
-51023
-18652
-61558
87479
-72536
-27055
-47444
4157
-79264
-80779
64677
6522
-44016
52497
-10259
-44659
-23489
9956
-48540
-32256
-8321
96631
-74473
51754
72250
92930
-13151
13861
78244
-12482
1198
-36440
-53168
-41016
49435
91840
14623
-23121
78969
-3856
97874
99994
-96079
3937
-33023
-22055
-44735
53255
-17499
28614
-23452
-3117
-20273
65879
-19568
-14066
77116
-11452
89049
17625
-43393
18895
76659
22654
-61282
-64523
75861
-90062
84026
96047
-2696
-90199
-79323
61413
-18306
-31082
-13544
48304
4848
91006
67388
94666
38368
-42248
-77338
36693
33645
72387
59232
41412
-8027
-59260
-38942
39146
-58747
-91174
-54176
17821
-41893
-61344
-17731
-81018
-74228
-44546
-29091
-12791
96370
-59924
-14056
-75893
-97955
-58299
-182
-42204
-34693
26691
-42681
-68317
62738
93405
-87316
61816
-71511
-67910
-40752
96002
-70905
-20016
43098
-55882
-37741
37598
-22996
64232
97690
-39934
11261
64569
-12752
87800
96901
-40226
-35731
-28177
-29871
46985
-55079
-31479
-30346
81718
-90974
8752
-59422
-98669
-68727
57744
82766
-91380
-40547
-46476
53519
-58637
13216
33856
41228
-95159
8454
-15799
65098
-19861
43867
46156
-58717
-39844
-10556
71250
51862
-2069
3677
-83682
-61384
-93823
-63678
22927
83271
99849
-68054
-72679
55134
-55044
-67155
-77542
59461
-49272
-90650
1244
-20384
69084
-9293
86054
-36792
-57453
-71463
-68865
-91209
-40198
26181
-47104
78301
22656
68077
14804
80399
-43271
88789
-31472
-79009
-69938
26094
-82135
49990
58181
-34536
-51434
65406
2409
32840
-52989
-28563
-9898
41285
83182
-31429
-4701
50125
27298
-1276
-8084
53204
-52530
-18455
95802
83564
72962
58177
84690
-26624
-74491
36077
21463
42234
-19563
-44150
-12516
76101
-80324
48831
5130
-25748
91275
-62731
13546
-9183
90230
-1049
27280
-81638
-90165
73935
47333
14870
16913
-96768
-20657
9150
18617
-26030
-13633
86630
-61693
-50377
-98090
15026
73136
3756
-18571
45973
12895
78796
1568
-12619
70279
-44994
-74803
59691
-7280
-39793
88079
65766
16782
-33190
23194
67823
62939
43876
82226
-13817
-59761
-86588
-99083
84332
-78306
54207
-19647
93243
82511
1522
-30653
98351
25749
88104
-23203
-92601
-34932
-31156
-50829
25862
-5039
95672
-31789
-33580
-74178
77227
-54722
-48958
-94783
-61414
-88745
23083
65304
-65699
24551
31989
-37397
-68278
-83701
-80713
51269
-50913
8123
-52683
95024
15064
41463
66566
53997
-5279
-81072
7959
-30579
28006
65936
6024
81263
22534
30983
79603
-45354
71397
51251
-36978
-70362
-39136
-71797
25190
43388
71068
30440
94411
-40217
-74121
40528
55627
-122
45984
-75423
54998
-42050
36995
35223
13057
98456
-30052
20858
81510
-43594
81389
-94169
34792
54384
61259
74808
-61356
-22320
-27246
18579
96483
-20699
-43528
-79732
-37348
35912
-58945
-20104
57942
-78167
-52604
55503
31835
76692
-47499
76733
-16600
33862
-41632
-82235
37458
-32026
38694
-51950
90498
85154
-89458
-55140
58785
-9817
30581
57395
73870
-22596
-99036
29419
-64820
47548
26810
8229
58553
17966
62536
2741
63225
32387
40315
19637
-28686
65131
6260
-11930
11951
-6764
-26572
33853
-31320
36416
-80461
-34926
-68711
-6207
-69233
25889
-59698
-8556
68706
58490
78656
-94760
-76500
-3125
65561
87465
-67857
-76088
-7532
22493
62554
-93900
-15872
-27174
81821
34319
4771
-29998
-17829
-87332
16635
92765
-52866
-9650
-80288
96178
96932
58190
13957
65473
60726
13228
29533
4143
-57574
60767
95770
18670
-2242
52410
89808
-52872
-23595
-27346
-79175
-43927
-31009
-33226
38673
52151
96480
-67869
-19358
-13809
-91470
32324
-65766
35724
-99402
-43535
29527
-24682
38566
-25932
-60347
3093
89606
-99371
66975
-23343
-56199
-4735
99793
60264
28016
-37930
95038
-20246
71421
30350
-75235
-53867
66758
25733
-35074
-87384
-68267
-89496
7403
-41306
-97909
-72260
-28886
73257
44020
-9528
78622
44895
-87498
-88543
95564
-10458
71204
34960
-99012
-19072
92208
-90399
-30090
28531
-98308
96459
-77141
-29696
-9071
-15177
-27466
16189
2025
-50641
4087
-89071
69798
47780
-8353
63244
-26842
-37989
-12405
82913
62446
46262
-69433
9920
80899
93403
97843
60948
90391
80003
42819
-19434
-6175
-60447
71328
-21108
60549
-90388
-52116
52322
65203
19147
32610
22435
-80372
-2403
18524
-67820
99262
26018
-12049
12397
-5520
-70263
-6991
-94155
85081
48918
90331
94457
54316
-68241
-58039
6312
-98963
-17660
-89954
74190
-48281
93593
52164
-79637
-97546
4466
-93551
6512
51071
79834
74693
26197
-70080
48335
-60496
-91879
-35326
-72819
49840
-22121
61035
-19211
-73320
53122
-81040
-55334
7405
-16771
-48601
-72407
-21494
-31078
-52102
-11150
3939
-10516
-1416
-77801
92646
35402
-98427
5904
57021
50275
-19662
-41000
41008
52281
1319
-38537
-1176
56636
-96195
-80339
-49777
28548
92072
-74440
51282
39337
-60334
36610
1352
-81406
9411
19243
5420
47033
-87301
-5778
-92986
32392
-606
-55246
-39063
-70766
-82730
-81937
-39915
-14944
-77340
-78277
47740
42742
-82349
23601
-87006
-50542
-94311
13884
-48483
61760
-8527
47109
67324
85789
-6908
-74569
-15100
-29082
-23164
89643
65238
-96069
16536
11573
45996
93942
99057
-37174
-9022
76258
-57028
-81779
8337
-23654
-60944
-23628
-83850
-75712
-57593
45275
-77198
32214
-68983
39653
81162
-70852
-36093
59659
-95281
42694
-70249
5443
48056
-77191
-47123
-65523
33259
25123
2631
1564
7131
-94828
-38349
-5664
-80822
-18243
-97703
-86740
17136
-8733
-54476
-68663
-58764
-3329
-44322
74326
23383
53237
27779
-75046
3632
-98961
64183
47464
-79535
69590
73188
-89810
-76535
58861
50396
-78630
-42045
-71223
55117
88488
95820
-54607
-65326
16269
30962
-87858
18406
1209
60679
-72626
79539
-24051
-635
50396
-78199
-99431
-44340
1332
40106
-81008
-35002
-60443
-10175
-13237
-51093
16999
3955
-88330
-86752
-78314
-97329
-34213
30011
-18549
-91233
-42999
-85407
2325
-75936
90144
17361
19033
-83443
89532
-85447
7235
-92585
-71812
79686
-15192
95090
91438
-45447
7930
65609
-11879
29748
44519
41362
79846
80725
-91762
15163
-47573
14329
-85474
77187
56085
29090
92109
-38618
4338
-92045
-6286
18161
53465
-61032
13825
-26189
-99274
-36350
-82656
22548
-33738
-62576
-70230
-4929
31051
80393
93823
70395
-95460
-75962
80773
97624
72525
-49555
70080
48004
-26074
-66089
7946
21437
-96158
-76781
90863
15904
-93546
-71356
-7769
56865
77308
92325
-93008
26964
-30052
29165
12616
73191
-1514
85710
30468
56178
46478
21207
42768
-36249
-81484
-84487
12676
-26524
-45521
-90074
97375
85864
10789
-59371
33314
-16031
-20503
40163
25867
-9693
-31870
-12205
-92499
-81931
72916
-17930
72872
42502
41710
12838
51211
68477
-39505
70700
-9022
2606
-53995
-55103
6525
97704
-21660
-69070
45088
-58197
-19025
85148
41952
-73161
-9211
-18025
91841
-98625
-85317
4463
-34007
-3524
-9453
63374
68703
-37729
71558
74613
76326
-89378
-98445
-9239
-97680
-21072
-87132
-92374
-37823
-31469
39929
47518
-85599
22538
41011
69133
-20803
32101
-27169
-39291
-22245
-94024
-12964
18526
-59720
-74578
59083
-88936
29249
-64074
60307
28576
68714
2715
-17074
-910
96237
-79759
-53420
-85480
-47326
88235
-606
-31472
-72969
60938
-98586
-1525
24781
-64144
86121
64274
66928
-64237
-41767
73860
-37776
-51316
-39054
-87110
29536
-37553
99849
-37813
-40021
9973
24565
65643
16270
21237
-76902
814
-86027
32242
24019
54827
90294
21422
-48389
41531
11172
18652
-51303
56289
-22767
-91886
-98586
71427
-65756
10973
73979
32150
94418
-33873
56091
95385
-27524
-5453
-77157
51448
-45595
-34239
19242
94288
53199
-77011
-93759
30802
-41167
-71622
16424
66177
-90474
-71508
37793
-76331
97300
-33605
-74315
66050
73768
-30237
70106
-28846
64555
77337
92222
-79697
64691
94232
94131
35005
-5367
51608
31351
72356
-97214
51680
-47074
-81109
43772
-96077
59870
52223
26231
-94554
54519
-15404
-1651
-71471
-14339
-11549
-90929
29732
54276
50641
-92226
-71855
-58970
-41680
-12957
-6169
-62157
-79074
-49781
-99777
16502
71947
-81053
-24689
-63200
-20775
76524
73179
-98604
43036
-35558
-37748
-39346
69760
-42161
-12391
-17424
-90742
2927
21474
-28949
-42313
10719
49883
13382
-62080
-55329
-29403
-92082
25471
69249
-16328
-34597
4715
-92218
-56643
-68294
39616
98004
-26759
42940
-29382
-85547
19363
-3302
-56129
38638
-26346
51651
-6308
94938
62561
-99451
60520
97635
1916
37523
88005
23485
15958
-28935
-92156
-33409
71113
-2151
-24024
79358
-32977
-18912
59587
89928
33422
-36853
-49283
-90950
-38610
-27952
-83212
-47041
-85428
93866
16445
-24539
-82393
3780
10055
45789
16823
-83711
-78816
37647
509
-93850
-39854
91416
59830
-42843
-91035
-1375
69097
32071
-93240
-1187
-40800
85940
-42934
-61474
-68365
85474
-50365
-89259
92863
93976
83600
-25564
-92042
-89826
-11782
80866
-88624
-81085
-53000
89386
-37536
4811
-18549
-44256
-27071
94451
3655
-57726
56239
84513
-36494
80038
85554
34477
78213
-30954
-84684
50438
44879
20100
-31180
13762
12857
14508
83923
-63738
-69596
65221
-67828
72526
60654
-64221
-58751
-99366
88532
80300
29040
-15370
37362
-43788
-7996
-41500
-35803
56632
-64120
90279
18897
-34060
58998
-63761
84222
90465
32174
-26596
-42723
82831
-2430
62896
74601
-48358
-34834
-97322
-21975
-48500
-83675
14025
-3758
-14961
9478
81251
-67384
-30067
25005
40323
62725
-52826
-35226
90585
-77613
38605
-52099
-71535
34099
85887
36593
-6375
-65504
30689
7239
45521
-13459
-37322
79866
-55346
58763
-72518
-25200
-92597
-96281
-70307
97415
88621
-51408
25951
99567
32433
28726
6532
59217
-36427
-50066
-42379
1165
-60128
-51950
-66125
-88318
-79698
-98651
-73608
-53851
79195
-88492
37356
4724
65451
-2312
54849
53445
59860
11896
875
14520
-96374
-9268
31551
90699
16485
-38500
19367
-45556
50864
64838
-6528
-58647
24208
85759
96976
-22045
80911
64785
19623
6369
84100
16642
-83951
71777
-39711
-63019
57332
-10615
-679
-342
98253
15132
-57941
78528
29377
-98552
65616
-38437
-75293
-24484
-48451
10113
-90751
32854
-61419
65438
-81877
86490
-25617
