7900
13678
70573
29402
-49248
-94433
36978
76214
-53243
-27301
52296
10128
-2528
54845
50220
3195
-16329
80330
23216
87165
-19536
-92463
-87434
14854
65496
81134
-25781
-41346
-33649
-11352
-59107
-19145
-94316
93306
74906
-94142
35369
-66897
-43673
91741
51171
54758
-99910
27146
-69360
2101
-8235
7227
-91196
40106
21728
91496
-73598
98413
3233
-81213
-94844
95425
63194
3779
-87896
-2583
27071
56093
84215
65703
6098
85202
85714
-61345
-25891
39393
-30789
-48421
-99893
-92580
-58243
-74008
-61084
78680
-39111
-8099
-33948
47678
-56817
-84613
-12810
34686
85413
64688
-2478
15972
83159
-14986
-62096
85762
40123
29273
-95321
59405
76943
34517
-12953
78532
-88574
-4451
-64369
-59189
22363
-91528
-58132
52374
-63350
-13434
-22513
-19264
-53558
-51167
71626
81212
55215
23647
32071
-18334
21009
66931
-77628
-12245
69653
99315
-21073
-71496
72341
-13900
-96359
-29044
76843
25809
-40614
15643
-52897
-88949
56130
6138
-63894
30026
-25417
-93899
-33561
36674
96176
93183
87189
-61647
83725
-88956
-59957
-10108
35920
-4581
62265
-16615
-77764
1815
-33194
97952
49608
51133
20459
-166
-29632
36367
82620
96899
71481
-8057
76750
34445
-91537
52447
-46054
20609
71549
-21235
8140
-95926
82103
7629
94712
-65331
11367
58774
44762
-1552
-7261
26926
-16632
-40708
-99384
-26919
80630
49565
-15083
-97427
94054
-35706
47398
-24639
-56982
20465
67786
52420
-4393
-50876
69188
73257
96840
76880
36379
63232
-15604
99250
-65762
45088
-86611
-95652
51704
-87807
17374
5358
-28437
-79002
-46528
87422
-8980
2487
40017
-97609
-54181
-71060
-21711
50077
93278
79526
76818
-14546
25
-88808
-260
26020
-43764
-34654
-15045
-57448
-73400
-25026
-67802
-71872
-82993
95251
13580
-25255
-17785
80167
-36356
60640
45915
-81230
67057
-78151
-96913
-98803
-16744
79731
-3523
36553
54080
-4957
13457
45981
46685
-45396
1501
40567
79609
41185
-48326
25139
70328
-42495
-59204
-13207
-9082
15265
77488
73505
31199
86311
73268
63265
-60230
-75854
-84429
-29657
-46957
27735
73596
-95373
58516
41735
83519
-61188
82655
-95412
71459
96002
-48902
-11470
41414
54083
-61736
74242
51282
78599
-45120
-34327
-72135
54614
32924
49208
-61747
76874
86753
14917
957
75519
71637
-9170
-96528
-37978
25218
-91266
47991
-57735
34101
48295
92019
-34103
-8589
74159
48643
72435
-36999
-63448
-46681
24945
68271
75223
66230
-47988
-52824
18679
-28744
-92561
-48616
54102
2145
81815
-85741
82588
26155
65511
35518
-53461
-12466
-43047
9556
-50206
4191
36110
87255
-59844
69314
-10939
96785
-76586
76749
90154
-21243
-71986
2939
53510
-10569
-24505
85834
-30891
7509
50120
-13070
39157
-80383
-51964
21954
81338
21564
14836
72216
-53602
47408
58081
3260
59350
24986
83198
-10662
-14528
95570
-24911
98010
34936
-9672
-27534
13790
-58231
-83139
74124
-87401
-5824
-54645
9089
-44284
-23139
88338
34699
-12535
-86685
-50768
63932
31720
8591
19964
-58810
97502
-19035
-12368
-15529
36124
64101
83888
28253
-37664
-63843
20475
-9817
-46608
-15528
-94611
-68692
-72653
-95244
-26706
60772
-73236
-93487
20475
9044
12051
15141
43215
97575
9298
25901
13613
-33416
30169
-79106
85837
34413
-61666
-73222
-45152
16509
-22668
-38243
5058
2641
43335
-38793
14012
-80760
-4878
-59532
24434
-62315
16893
11479
-57297
9219
-32330
-2043
-69301
-28455
57642
49662
-137
38809
-42495
68070
-98971
1634
-95181
8833
-45354
61749
-25557
-88194
-63935
916
-63306
12266
54301
-16826
24872
-95931
-73780
65528
77707
95666
-74460
-69378
33733
-59641
70618
-40842
83909
66885
84365
-31027
-44567
80033
-90323
82203
80944
-22015
73286
1962
58135
-99774
48941
-21356
-13742
54966
-54715
12682
-43608
66859
60398
75953
65643
33382
6604
-56026
33427
-24593
-94737
68899
-14281
-14714
-73308
32313
-99481
-37709
-61993
23933
-77784
-94789
48739
73407
73933
-99217
93752
57205
43822
-59874
44584
90167
76104
24746
-64946
43236
98353
-19656
38491
13538
-25738
81985
13822
45314
-10861
-86970
-25425
-75135
-56883
85600
46873
-85334
12592
-99595
46498
63834
-70431
99143
-47848
26716
77663
76070
-6151
-59790
-36774
-87802
65247
-71179
-56977
-65173
-8250
659
-69120
-14144
35452
56632
24813
27847
-14748
-73528
23985
-84309
-18330
-1592
18331
1778
-14730
52764
2278
-3378
91008
-82389
37432
25490
-41299
74399
48436
83202
12885
66120
-37892
-56381
15169
-36320
48454
-87759
-34661
29161
-75687
89936
-75211
-71693
-82331
-17190
1458
35321
50045
82870
-61931
-93525
-84430
32586
-38172
67911
6413
-62873
-31496
-63008
-11544
-97053
-46556
85889
72745
25412
-30592
-87637
59420
19160
-99823
-11463
3692
42338
23702
-16923
97342
61807
-61455
56867
-54165
-4922
-71504
10987
-30568
-55939
36856
-95276
81075
1256
79565
-21220
16651
-44435
-12544
67396
-72884
4403
-16650
-41320
-17578
-84999
7568
29516
1850
-61245
-3908
-47550
83025
42990
-42600
50345
78968
76837
20670
-25793
23659
-72340
89072
-76682
-43779
-31078
-8991
99061
76849
93412
73182
42741
-57031
-55021
-65256
-63412
36488
85783
79438
8967
38806
-88330
76699
-2705
-43472
-51875
-59751
85742
-29704
-32489
-28367
-48372
81792
-14117
43457
-56046
-78913
-32065
18664
-86065
53294
55243
-22991
-18312
6018
-52439
51673
3690
72006
61368
40190
34700
77844
-84929
57959
45008
10736
-50242
8490
8472
6976
-81248
57278
90229
15596
-4146
6750
-62646
-71666
62493
52437
-3505
-70890
-74073
41260
9522
-97603
-72713
-8850
28247
64100
-10530
-8299
-38848
58505
-92510
-55021
-34936
85732
74070
85246
86986
-15836
28805
-70056
-55009
88257
-55800
17530
-43133
55742
-75977
-62883
23193
-57219
-20484
53381
72709
-56898
-93309
53003
23479
-40714
32270
78469
29960
17096
-4828
43220
-38084
-33694
-13079
77385
-86296
-46985
90633
-66828
-851
-83756
84366
72907
-58846
40801
-48686
91380
-56944
-24969
-68850
-16528
23126
-67048
87440
89123
18157
-33713
21771
-12284
-31674
45349
30024
13149
-98736
-28035
-1989
-83073
-92011
-10227
28400
-68218
-93884
66361
60068
10116
41801
26254
47153
-86259
-12328
-19113
-74847
-9505
-86391
-86689
54307
46123
-25506
-50811
-15078
73412
97696
65525
-97709
92195
57446
55496
31887
-79979
-76617
74938
16959
78978
-34041
40516
67534
68506
-15010
43926
-2920
-56931
-81514
-64205
11832
-5049
97603
38632
-88962
86999
25965
82986
-86976
78779
-16136
83915
-79289
-98086
-52955
-22311
49771
56253
-41231
-44845
-28551
-13797
94619
-6199
-48816
33471
59971
44111
-48181
-59368
-15954
-71203
11416
3869
-27162
37446
-73561
-50021
-4866
-72173
51839
-15396
-66124
6076
-28950
-32267
59695
92482
-45423
51885
2727
-48340
18018
-71867
-41501
44060
-61907
46313
-58402
-5940
-69938
-40591
-70973
2475
-82363
-44908
-38184
-90930
83426
64362
31415
-1643
-33189
5083
95990
46811
-88832
-88662
-84632
-79143
-53243
54360
-14403
-63016
-10626
50422
1796
60048
73194
83466
-60335
-92446
-22234
-97763
47802
-78289
-78845
-24480
70907
22995
36401
38136
-71175
-80958
63578
-57811
-91676
-10691
97291
71978
66037
-61072
-83827
-3854
97431
-14741
97682
63520
-44446
-6085
-59573
-54952
-84990
-89116
42134
48976
-44810
-92546
88981
13365
-48332
-15190
4314
22715
-36309
-41745
-65474
40388
-96608
-99340
-56943
98540
89210
-45220
-86293
-14737
79065
-70854
32289
-78984
-25952
-5841
4756
-32506
55123
3431
-94109
25341
-45412
48364
31040
15175
24424
6693
24864
63909
63278
-69904
-24884
-87530
6608
-66985
-4715
21474
78682
-20623
44452
-33789
46375
-93288
-12369
2289
-96158
-24510
-94456
-89079
18410
58430
68944
71577
-29553
95693
55432
95114
38649
-6501
-92088
93546
10729
9560
-39160
34902
78103
64760
42523
-20863
57977
89987
7932
54755
-28699
-21543
46785
61440
92749
-96250
17964
68691
21610
81854
6689
-47209
-56460
-49483
-38223
96179
-89907
-15651
66388
-37952
-37315
-84547
-55114
48888
46616
25451
89384
56700
-7108
2150
8951
73921
63351
54418
95194
98777
51589
72336
6020
71834
8438
46073
-24294
-45331
96238
-80264
72319
-19852
-19769
-24767
68426
-88359
54161
90290
-18151
-5520
-98823
-71932
-18113
30408
-91513
1453
64537
-97773
55041
73174
75582
82223
55853
10036
36052
-37168
16116
-83770
28799
-64692
89506
-88407
-66187
-8765
50570
-19237
-89619
-47831
-249
-2998
-78794
1330
96861
1368
-54236
6169
-27523
-99794
34341
70284
24295
72698
-45199
-45193
14634
64006
18336
66155
37575
65846
-37035
-53909
31668
36446
-73640
15763
-58820
-39426
-3390
-67738
-32381
-38309
-71279
98034
98215
98746
95900
32674
-98685
88508
-54752
85984
37133
84177
-70024
12196
-18657
61338
-54357
-90082
-2093
-96609
40223
10556
33607
-20246
-42516
31896
-45120
35838
-72436
-21502
-88534
-63049
-38738
-74715
34877
-96577
-94103
-27624
-52868
42922
53902
26307
-25513
62959
34006
31724
15345
82244
-13062
-23011
95676
-46507
77858
54068
-35201
-56160
-85899
20807
18489
-80528
70735
-86415
-39200
-76173
-48687
69502
-83134
-71622
-49327
-67473
72781
93070
-90894
90410
99434
-88343
-5169
4161
99843
28184
-34543
-38051
87397
-83605
42336
-26746
-66239
-67051
65142
-79278
-88499
50919
45583
-26647
72968
99876
10301
82033
-8998
-1856
-74472
-45926
-37543
-81222
13778
-31609
23016
-92333
10408
67927
94330
-279
75572
-15472
-26636
33013
96287
92712
93233
86941
-76043
-59473
37215
-51593
89425
-9828
70534
71260
-3657
53426
-26647
-78428
-47296
42382
-48763
-33213
54064
22288
28726
-97281
-22557
-37596
30713
-94195
-85146
-54612
77580
-22712
18339
-5813
-66702
60173
-73228
32593
-63981
65781
86360
6014
-4865
16496
-70269
40565
12115
31994
51855
-42305
70068
16253
-17263
-33608
-73607
97923
86791
83674
21989
-55594
56813
23907
59857
35895
6830
-52506
30056
67255
-29064
8812
-15476
12084
62696
50052
61143
85043
-59868
-71250
-81028
67415
43272
78240
-33717
-52548
62200
25203
-98797
38003
21653
92077
-99871
-63398
-93877
96299
38375
19030
56390
-67861
-95751
-15312
71108
-82252
91568
-36855
-91066
-64798
-41487
87547
-18336
1362
51016
-96370
-13904
26854
84845
8340
-48917
-23755
-9751
64674
24339
89490
84754
30123
-25595
99511
-35470
-61574
85678
-55665
-2938
-7669
-44898
28509
12770
86855
-27980
29900
-8078
-71653
24953
-92013
-87909
-9100
-52599
-66236
-23937
18905
48556
-82318
37856
7460
-70652
83005
60892
-12834
74974
-84548
-95530
34678
-60118
-21627
76021
-63842
79560
-22373
43718
-10621
4984
85301
99901
56679
-81036
-92569
-13543
-21860
-46566
-53456
-34075
73374
-52352
-28257
-5222
-51890
50540
-50846
40354
45447
-94564
99116
74807
88159
56959
-92158
-27478
-89284
87175
-26397
66304
11536
-13162
19474
-24329
82162
-1003
43777
-57178
-57446
-22620
-89188
66
-5319
15467
65774
30781
-42957
-81713
-64524
-51448
61626
29121
61629
-47687
-37112
45104
-56902
51336
83000
-69090
-72024
-44556
-2942
-81904
7958
71747
5202
-90273
-39147
19750
3011
-10836
-69188
68602
72317
45937
-5611
89195
-45657
-31182
-2776
60339
60683
-2798
31777
-15039
-49658
-43327
-11424
-90124
-82200
39763
29598
59078
-92754
17388
14967
-79290
-68199
61848
-62824
65085
-24662
74487
68037
4594
36093
-40427
-4281
73098
-60993
18136
53169
12231
-63154
-97646
17742
97073
-21076
-10313
9065
27666
-53666
86120
30969
34778
60327
13806
96358
88803
-33188
-81790
90108
-43249
-72284
-49528
-65813
30670
95054
73884
92408
-42884
-67953
55429
-39804
-70937
-76010
73095
-30665
-55122
41614
85781
12169
-89020
99888
96546
-95187
43284
-99135
87512
96090
-85121
9839
29922
84151
-71487
76100
52452
58658
-22607
-71355
-81078
-89763
10727
-17814
86462
57941
-87432
35833
97779
-26863
-70308
-78015
-11553
57971
-45007
-60432
25797
-81618
-13928
8337
-10256
-74875
78397
-19482
22076
92091
-57483
30686
46285
-67875
17088
-71436
-89117
14312
20141
38244
12806
64920
-90211
-73463
-90597
26126
81631
-79848
-16743
99357
-64325
32819
45333
-56591
45130
-62357
-3399
74076
-57918
26325
23763
60286
50448
33351
31945
6417
-28706
-58064
-80085
90191
97780
51409
-20703
10112
8826
-97124
-18173
-1181
2844
95335
-54456
67768
99078
-90291
-90475
81896
85007
15138
38455
71826
-65678
-69168
-64852
59507
-31242
62482
38044
6961
31792
-87667
41253
-77564
-87649
24070
-9965
-14782
34549
-75900
1263
56773
-42635
75651
37358
-10373
503
-66734
87307
-54199
91657
-18934
-82129
-40356
91760
68011
-10229
74511
-41140
-5804
58568
-16718
87961
95071
49878
87293
-28079
26903
76257
-85871
559
18774
85666
38887
-22897
-66432
32018
-70057
6450
-17706
-61191
52551
88029
-8713
-67932
-52242
-23776
-24775
-17164
-4476
-96844
-85408
-70381
-62520
53246
13753
40258
-73555
-25232
-92202
12622
59426
97615
93095
-87903
61373
63503
-55056
-50443
35779
62810
-68116
53667
-9194
-11665
-69186
-81510
18236
-66393
21328
-52437
-53432
-44780
-9717
-37184
-56409
-20286
-88783
-3219
67593
35231
-45414
-58017
-2967
54647
68745
24688
92987
-82089
-37206
21661
-62287
9491
62762
23631
18411
12708
50163
-7659
-20487
-54679
93443
32115
1229
18510
-11928
-24684
-24254
-28278
-90982
36698
-75773
71682
67828
93846
44249
-98357
95888
-365
-40299
22349
-88897
-79667
36694
-38718
-15326
5759
-85768
87710
-50007
99674
-52902
-14775
-2907
-95535
67977
64648
36555
36241
78158
-10439
-58809
12686
95056
22333
-32710
-72327
-44056
39728
-35118
-74610
84160
96147
-41211
-22327
79718
35147
-60438
-61832
-21453
-7230
-60492
-64596
-87598
89260
5835
-56631
97519
-68828
36873
-37443
94846
99380
-32370
-41011
-57371
92340
43072
-44597
74119
-72439
-6878
-9180
54574
88527
93584
-10474
90068
92817
69716
-71874
21902
-23883
-42392
7695
21398
-87691
-6583
8223
88627
75208
82677
98651
72007
31327
74305
27995
67829
-44214
-6760
72465
-21651
78715
23188
-80614
-2411
-38493
-85582
-22473
-64555
99001
-72650
45525
84287
98393
-66790
-16376
86682
-34935
-19148
-41450
38026
90262
-38045
-5584
23901
-99683
56885
70396
-14412
-72667
-32231
-17523
-75828
-44758
-16453
-19532
-37656
92405
5506
47600
-83939
-7002
73058
-45888
-89927
31316
-4258
-550
64081
3531
47774
21556
19558
-21068
-48280
-65665
83955
85970
54718
-43277
9046
37800
19092
-69563
-35880
-93191
76909
-55178
-58789
-64153
92433
-73019
-56545
-9603
-55379
-4731
-46735
-85176
55623
66633
-70032
65824
-21157
76603
40125
-94908
61847
-53172
88574
24227
2800
91525
-14129
28471
-90081
-66628
9543
56972
94652
17187
69026
17951
1973
-35013
-97200
-45215
-3541
47910
54873
-79781
-16023
-88359
-98901
-36501
56193
-16016
-73214
-14356
18949
-33509
29810
23540
17759
3510
-55084
49334
-59762
-51593
-28725
-66872
-37315
65856
-6414
77440
65538
-24171
-92189
-8009
-68560
-28249
-98458
90031
-19431
9615
-90123
-99951
1379
1686
37801
-38257
-13179
-7055
71554
61928
85471
-89910
9495
-7606
51700
-10759
-24296
-54511
-55803
-58030
-11843
-97555
46474
-36585
88206
85410
32271
8462
-10995
-68950
24618
-64530
3907
45813
67157
93619
59558
91344
74092
-81071
20132
-75037
-19196
92484
-95346
81749
-34331
49222
96164
-59446
8422
48602
-44615
48844
60068
-93562
-28349
-78841
-80162
68061
-511
-79442
-86160
76154
969
-25348
-23126
93129
89069
74069
-86963
53119
-41591
-28213
74529
-38422
65644
62268
-48522
-96350
-11359
91032
56309
-84065
-45031
39808
-33567
-94683
-70922
-16758
29360
-92198
51254
-38047
-82816
-23304
86522
-95799
28152
-23779
-63054
30081
58300
-51329
50664
-88767
-78580
-32962
89445
-71325
75514
85970
-22589
5534
93958
40675
-28207
57581
-76585
58616
-50916
9614
-6632
43463
-37920
40998
1325
47402
95563
67073
-50159
4531
36074
42104
5838
42838
-74573
-92116
919
-35515
-96147
-95826
-68539
59545
81472
-72447
15788
51691
77013
-10569
96026
35907
42985
-49033
95340
36776
3124
78624
5452
-11498
-8272
-16248
-98742
-22002
83336
53342
68246
49479
32862
76205
42776
-90430
-69447
-73215
18668
-51141
-14774
88804
99005
-12933
-6887
-19711
-74115
92683
26129
-29718
-2562
-80957
-20700
68021
-46672
-42304
63452
33729
10231
-57165
-94720
95830
84776
64534
-5409
57451
83233
75515
82107
83329
67074
29821
-28011
-70164
-73972
-51689
4754
37681
-61036
-65453
68231
32523
-97565
-63846
87462
-6200
15533
40682
29956
-53423
53421
74599
89542
-59898
85849
75336
-6552
-62521
77255
99442
18345
53008
-87844
63138
48918
-52036
-79892
84227
-28302
12522
33460
56159
-34753
509
-24721
80754
82860
31677
8984
97306
-80997
5723
-91843
-34389
25742
9873
-3971
-68064
-73235
76264
-93282
-66068
22198
80403
47245
-9426
67457
-24007
-62157
-51838
22127
-18736
69488
-52301
31215
-64603
-84810
-17713
88812
-98696
62981
59732
87191
-60541
-86146
22086
-7988
99803
73255
20386
-55133
-70736
10042
-23572
-83306
-23697
-37654
-96795
-44662
-46330
-88653
72345
64380
36615
55260
88660
64457
-92890
-12596
-52299
-16167
44892
-61114
-26470
91882
-42642
88579
98299
-79819
74632
19243
34515
87678
49667
-90321
-59656
-31299
62406
40198
74444
-26972
-33592
-85375
-69940
77197
-69453
-95731
96581
-19070
56548
38149
10983
-69912
-37233
65394
-25550
58504
26752
4256
-24947
-77061
-24836
-90211
49653
26674
-37626
91857
20370
33824
-70595
-59275
-18586
-81788
74851
43121
31262
-28778
93176
-94698
-20533
-78067
-97659
-63435
17002
13899
-25292
-85158
73503
-16858
-58212
33384
89665
48724
-65445
-36462
-43506
-84366
-28324
-62988
61119
-46543
-61063
44620
74743
71070
-20998
70296
24277
29004
34746
-22068
-27928
47199
-67926
50800
95938
92984
50799
-75948
-20379
-36808
-83801
-43727
12123
-34125
36041
47006
-46494
85107
-93910
2475
-41661
29478
18780
-69410
71299
-97947
-61391
-49913
-3661
79777
-7331
-24574
-18462
2348
-45574
-85431
8499
-76959
71844
72563
-69367
28722
52292
-45747
38174
-41844
50155
50772
-69709
-88919
-3116
-15220
-85598
63665
-92404
-51777
24271
-10354
-53651
-89131
-52483
70987
27077
-59571
-52291
2535
37654
-68330
-71104
7420
-73417
27404
74382
-79865
68248
32594
63183
-85036
-57693
20168
-94265
7239
42813
56233
-62945
60296
70891
-40892
-61794
82380
40914
82709
63479
11069
-38569
-42880
-5445
-56698
23461
1769
-50449
60732
-48948
39602
47480
15596
-250
-90734
38323
51133
-20010
-46642
-2655
97090
61386
95575
-18241
79007
-13345
-30207
-75084
21780
-47229
-4005
27044
-29397
73525
7087
16418
76666
78153
67799
-60094
28246
41223
-7238
-15925
-27948
94515
2594
-41524
54141
-73304
-89477
-9338
89549
73502
74667
-48250
12456
83978
-30520
-12010
-23142
-4508
97018
-53175
40265
-4924
3439
-97483
63482
-46234
-62540
-54786
-33604
42381
21623
71308
-33036
81155
-13354
-51170
-90042
-66435
84771
72568
34398
-90787
-56969
-43848
-49256
-32302
8623
50055
19410
-48613
87752
59242
-34613
-71000
14163
47224
-23432
82721
-79339
-46106
17443
-42944
-88387
-61442
17152
-38247
-60158
32239
58190
-31302
16857
-96963
-35162
63213
-51696
29593
-45724
-67494
96714
4875
-50769
71881
13399
25611
-99162
79046
-5457
65904
10920
-46499
-36916
-27840
92416
-50171
90401
73254
18476
-50151
-18566
-19199
7624
27841
11889
61464
89116
-61265
-94518
7980
-37569
57413
-37012
66918
89062
21269
-76803
75568
78988
-57600
10712
-54432
-55296
50687
93805
85454
-53690
54336
-36042
5062
-39253
95656
-29614
-20967
-35287
-66313
92288
67918
-69134
6602
-46983
-50570
-5668
-71943
79721
-58019
-85014
-97504
-51828
76380
45171
83835
23202
-31604
78386
43307
67150
-92971
-16407
26197
-39023
292
96178
-8726
-46243
40443
89763
14657
-10791
48162
-10403
87263
-76879
-23237
-16462
-78887
-29546
-2829
74800
26321
-80551
-71531
75406
-45412
-93089
51832
18994
21188
-77630
-80999
1245
-3735
23685
-42621
86836
-55102
-53327
82858
-33940
55937
-27888
-33960
66256
-19307
-48251
-32961
-7758
-18039
-4730
84653
-12884
-55735
-51208
10717
-23919
94661
53094
65321
44406
45038
68381
-72419
-86954
22622
-11226
12584
-83674
53268
-54560
26348
-88842
97308
-54278
23540
54208
-64370
80779
-20987
-93423
-50003
-80882
81101
64913
28719
88061
79032
497
96220
-94136
76194
65583
-37233
35378
47271
62345
-73447
98377
48661
-81156
-89595
-95040
-17405
72183
-13129
-94742
-73669
-48095
52206
-96363
-6958
93188
24360
95553
99161
21716
-21531
49020
-32468
31008
-86077
62491
-93209
-2220
-27768
20695
50169
83368
-92865
-96959
-90032
-78487
-54599
65635
-2316
-7774
-18444
-24587
47792
53543
-98086
-44039
-76502
24317
-69856
11507
-87276
-85207
-41201
-16184
-24325
59796
42016
-22605
6269
82519
-33409
17886
-57640
-67223
76274
-58077
-42979
-99678
-17965
11870
-58941
62635
1657
-94290
11351
12357
88501
58505
92689
78642
-25928
83961
54211
56515
-2158
45943
-58326
-28289
99989
-39262
62567
51245
26072
-45476
72711
-79297
37783
14978
11134
-61349
-56200
47365
27763
13703
34025
84202
69429
81904
-46748
-89254
-88117
59670
-50284
-66010
78504
95448
35730
8092
1853
3735
-96760
82623
-99863
-43894
-89418
-84891
68748
93790
70547
-47502
-48903
-71673
78859
-50836
3209
-43352
72935
58492
-81076
-20965
-25973
4032
89243
-40931
66776
94479
-21239
-67111
30002
-19382
18040
-38769
76891
22811
-16761
-73951
-54082
56333
-62359
86906
-44280
-92536
-78063
-92133
-33103
-74073
81353
-85052
-41319
-10440
-53982
-38661
-58611
65295
12166
1084
-4696
97095
-63831
92797
44630
34071
-72610
78108
70964
54988
-64186
-93593
12691
-61720
12515
-7736
91676
94295
-8053
-5813
93069
34826
-25673
23310
-13471
-52493
56571
38852
-4210
38555
-27120
84709
-15064
-58013
7117
57974
82723
-26731
91061
11760
-66826
31270
-63895
-76208
96154
68106
-52482
46266
-81615
68660
-43607
-34038
-61564
53609
28311
81401
-19291
-92608
-78631
-46935
-92749
-3016
84797
23310
-17284
-20555
-73928
96120
-49987
-82663
48959
85697
-98684
83003
95156
-14577
-14089
-42233
70781
-47994
-3155
-62670
-43215
-90355
4793
-35880
-65492
-39236
-10296
85107
54146
39263
-49312
76410
-55984
29161
91336
-40172
45870
-82439
94727
-37897
-75712
85185
-28476
-12766
8172
-30823
-59700
59635
-93722
19487
99827
-58203
-4122
15240
-29551
-47382
77180
82824
-37074
-73823
-77318
88858
-59912
55732
79695
31916
-72144
58961
-57229
22827
-85274
-35197
-49474
-70490
-99431
-15956
-77548
64417
-84864
85345
-11845
39609
37542
-46302
-48115
52974
-15824
58037
9608
-35438
30458
81758
78211
29645
-76256
9724
98620
-92598
2713
-8062
28108
30978
4541
80337
-53701
-66269
-99609
92271
-85328
72732
-61131
67943
91137
26824
-68884
-19523
70185
65140
-80967
-95669
-18409
53519
-17582
4860
12259
38765
-8837
88612
55131
-41416
53925
65915
-44484
-83981
-28432
-31115
-83523
96108
-98735
94335
-17148
-93378
55887
-58153
37052
-35264
-80920
48264
-74690
-61170
-50096
-21119
78508
-2254
-99559
-47983
53789
73582
53614
24770
-70286
-64216
-2183
23183
20295
56754
24869
-63165
15621
-57674
41789
-82449
13077
82683
-52941
29639
-31633
49302
-88323
-90535
-26992
44783
58202
-37717
-35254
-78546
-43917
-96719
91893
-48381
-8932
-19352
-67069
-36208
-30471
55954
52466
-56205
-66882
50958
19418
-22861
7374
-31789
-37210
96390
2053
32201
-2145
-28548
-3567
47684
-27420
-93812
60283
-46755
-16010
1018
-20412
40495
4208
99361
-30998
-61717
-63724
40930
81930
-72231
69248
-30807
38815
-32340
27647
27417
97448
62144
-81157
56788
36200
27570
8912
46376
73287
38172
68477
68185
61142
65003
67636
97607
24496
5535
-19951
31868
-27461
52063
-24473
-75116
-31346
-96905
-11467
87689
-60243
4655
-92169
76250
43055
93577
37529
21016
59137
-63338
46470
98573
-59005
-59787
91231
11785
31824
-86935
65480
-77110
-60901
87894
-3556
3143
-71308
4696
-31552
-38439
20394
-56704
-65515
-90361
-85813
58540
-29561
-62484
65735
96706
-73341
54151
-46605
-34999
44101
-39137
-85015
45028
66703
-95023
-67764
-9173
66293
-36744
-48023
-91417
-58283
20023
27705
61034
50277
13285
16003
-16247
4133
-65258
93086
81144
-66189
-94846
90580
-85248
-72131
-76523
88418
-88673
-90992
-5422
-5411
-78980
-22641
78117
88494
74885
28096
-81149
27902
-68505
73729
-75072
-211
-89367
-39976
50157
79547
-57242
-57560
68395
-23863
38245
-61122
42897
15034
29014
-46453
99829
81012
-45908
74029
9243
-5565
-83567
19301
38392
-69860
-20150
-56403
50209
-13122
-12567
-8925
-37739
23668
-10071
62814
-10205
-62153
-6679
96610
-92231
-86927
74248
-48274
99659
-68131
-8359
-88590
-39332
36490
-62461
-25187
68844
-21954
-58888
-27051
-56833
-79753
-57136
-15488
57925
-68083
-21567
91775
-22805
-9485
-25091
66427
-68931
16540
-33239
60631
-71242
-71302
42869
-49467
-3802
-90207
40412
53
-48834
89099
15546
-53145
79355
-46284
-43387
55009
-56787
41638
-71319
-51651
4515
36175
92868
61274
-83659
-98418
-10117
-18573
7278
-97972
-78921
-84596
97364
29639
-54336
-81400
-26092
26346
62516
-62568
63375
55832
31523
-39730
15675
-62008
61770
-97649
-47881
43274
44331
65831
-1744
71528
-17403
44151
44457
35688
1205
88073
62250
45741
-60759
60996
25351
-47107
67389
50683
13003
-74275
9524
-15777
87874
-61416
41620
43605
-37472
-82081
-47970
675
-30767
28298
23400
27139
90270
49340
-10727
99866
-71560
-33243
43457
95874
-17627
-34910
26834
58947
52228
-18369
37439
-30815
-54466
-22052
28656
-38257
-63669
-23827
-48033
61761
9246
-37349
10706
30623
14319
82120
-59979
70677
-84637
-15568
-23917
-43321
-11687
-95958
34353
-68062
595
-62322
72327
84942
42559
86449
-11876
-97280
23329
83084
-42179
-18901
-63456
-77317
19353
15638
93098
48289
-11524
40457
-38972
-88664
6950
-43935
62449
3942
-52985
31363
48190
-70437
90
-34643
-78232
-40489
-60581
-41176
-46997
82936
-95578
-9126
46185
22097
-41042
-29321
78259
64999
-50410
-20456
-34314
-80491
-70737
88996
69509
-11889
3343
50602
-94914
81283
53322
-30895
-94820
-23525
-8688
96871
-10855
-40033
91171
-51499
2110
-19912
88819
34995
-22328
38288
45975
78392
-48392
-20780
-60822
76682
-12232
46171
-9984
-37708
-84059
90912
37572
81718
-71107
45803
20208
-74699
-3610
-62641
45991
-97197
35737
84556
-57550
-12327
42537
46932
17621
40593
55796
-16405
16397
57777
3621
-90073
2089
-89359
14435
-85161
-96894
-90370
-95143
63296
5145
2887
53667
-29629
11659
-43148
-28718
-21158
90099
7798
80604
34433
64284
16505
1443
-13647
43169
-92361
-92384
59015
-20508
8742
-84
-42492
-94745
-66927
10603
-50130
-52918
-8379
-54315
-27181
32609
-37983
48610
16429
-19087
-81135
-27183
73569
66952
13716
89878
18978
-69002
85176
-7522
-5582
-43285
-22104
-59520
-94583
4462
-94052
73665
-64498
-29064
-99922
-28668
-45054
-50645
-7091
-22516
37052
-16142
63178
-3024
-77617
44598
70864
27738
135
-93767
24625
33659
-63790
-29805
-85029
-24177
6780
80839
32041
-77240
4819
-85822
-85483
-2022
-94807
55087
-66036
56098
-19592
-39239
-85734
-40205
-68512
50526
81732
17343
-97717
-93971
-7819
47519
80497
-41828
7824
93183
17207
71880
-61404
-40983
85299
37001
-59971
8492
64779
-99151
-26729
-23639
-88965
94498
-9938
13433
63860
9225
-17871
75198
82786
55739
-27179
-82043
85958
-61334
-33403
85
-65598
-5565
38390
43735
-72716
51368
30745
62177
6201
28165
-2262
96801
-3117
18065
-96346
56610
44261
-71965
-23911
84926
61979
-19986
84693
1761
92966
92891
-48514
-41355
20389
67778
-83581
45039
69407
-38396
77863
24310
33069
69447
85181
40363
86581
-72625
498
-59111
-88943
-3338
98756
-2630
92877
3016
29393
14052
-95345
-75843
-74550
11663
18130
-56813
64262
29443
10634
-73272
-30669
6946
8044
17713
-47193
-18865
28230
57274
-1579
19386
-16503
34235
50074
-44662
-77785
-63054
7223
-74587
-51241
24867
-4198
-47393
-23178
89673
72469
-9348
-76601
-4489
81456
-81436
-41509
47952
-94503
-6110
65036
-13217
2106
47000
-9501
404
-49117
-9341
-72359
19100
-64986
-59737
89083
55580
-86398
-23593
55846
-28215
66359
-91549
53426
86630
-60423
14494
63468
10459
84671
-2934
-28485
26671
-5958
88675
61667
63714
-61405
30917
95464
-59862
76397
-98758
96906
18824
7962
-12572
12527
-3771
77098
-4413
-21025
70926
99309
-47516
-88855
-79703
63290
-33625
-78878
-27757
-94152
29355
37069
2936
-79527
50712
24790
-30130
99559
-58296
30841
37775
-54474
70226
-73600
-14383
-43526
-31371
86185
-74301
-11215
-79970
46501
8774
81728
68822
46077
-23642
97180
-55989
85840
50163
-40353
-36102
-16905
-65344
-45573
57845
-78903
79159
-92214
-61738
-99782
-62057
-42621
320
-8930
-26996
34313
-41138
-77044
26538
-49251
-95524
84637
-35323
-54412
-82962
-99116
-89297
14564
-77824
-71273
80655
-68872
-84822
89436
-14822
95778
-6544
-89377
5489
74320
-86236
-56369
-88809
-58537
83064
-11703
42189
-79156
37988
-2693
26060
-44558
-34768
87211
-66721
-43827
-68065
-71280
-98022
-33003
-60488
62814
9850
5830
96946
-50593
-43429
-77292
-62981
86461
-86448
26236
41125
-52388
-53405
2614
-2643
-19484
83497
26439
-52694
34524
-59904
90738
-21681
97266
-50009
-97906
-93540
35799
-71173
63667
-91929
17927
-59638
-30386
12099
32870
982
87316
-47222
-19130
-21592
-21997
-14899
-11579
89037
26916
19860
21459
-68814
-61443
-93612
95634
16663
59683
17708
-45098
23603
28732
28507
-55605
28133
-91517
30787
-80842
-28719
36436
22802
52372
10399
-3161
49171
-89570
11788
-4839
-26224
64750
-55253
12454
-3999
20412
-43140
48436
66582
-56127
-36441
25928
62268
-41156
-93482
53147
98960
-18350
-58516
-58297
56126
27088
-92187
-21412
-748
8781
55563
40528
-18360
-79701
-60910
46866
24098
-67204
13265
-88001
-46329
12096
7197
-12370
77604
-42228
-75068
-58842
-91789
77895
19299
24303
-29075
25295
-90076
-46267
-41076
-16519
84248
-66071
14076
94708
-35091
-95981
-35427
-18034
46860
72770
23031
27025
89554
-99469
-69637
46342
-30680
-5776
7154
56601
90817
-85441
54021
72348
31087
46524
21159
-59418
-8477
-76415
58403
2388
20095
68417
-37443
59183
-29094
-21580
-24312
92014
-6449
71468
64644
-49390
-9342
-45305
-26191
-51217
-86799
-82179
-11916
8907
92146
64281
-12891
70943
27022
-82555
-40973
-44102
10874
76669
-37643
-84219
-94098
-88154
32270
95521
-67099
56888
-99653
9901
-9233
-51435
-8132
-28317
-14794
6142
-58404
3234
32779
-89189
-46817
582
-26004
10935
-22456
54003
-31979
43663
82116
49713
78591
34559
32182
-53647
-73991
18077
-3360
92334
5346
-55839
86570
-41617
67905
91969
77842
-81815
-81471
-7652
-93007
-29503
58444
-45364
64806
-28434
74434
-63266
40801
75773
31894
19934
-43186
-43922
-20795
67723
-60517
54972
-25484
47529
41576
7738
53606
33462
-9077
-551
70807
-78732
46524
82310
-14089
44837
-21788
-87504
-29882
-44011
-84227
44775
16200
86673
40293
43872
-33050
-59211
-7291
-33003
-89183
7523
-23784
-68343
-42765
57808
-2213
53865
-37692
32824
67792
-59826
-56187
-21198
-69010
-80225
-31251
44062
76712
-14444
50894
-38342
-11368
-61867
-18029
17108
93512
70656
-22120
70042
74653
18762
42214
93901
60193
-93507
6986
67540
58987
-42593
-6832
-24851
47661
-71437
-68639
82238
-78054
27865
71670
28042
-71054
-59120
-27912
26943
89963
-11044
-93770
-44437
-34883
-61
-45054
-4465
-74869
-90255
25513
-52276
24937
-41221
-17012
-40838
-61490
81408
35359
75800
-72041
-86100
12030
66013
-80651
52886
37031
-50579
-1099
8649
18840
-29977
-7893
-56800
-63738
-59365
32826
-14518
53687
76377
-28543
-48786
-44803
-51996
-96987
-70232
-83697
73158
9911
-31632
68869
-75139
-14398
80732
-49744
-81133
-89292
-11012
-55981
-95477
-16858
74851
30786
-5641
64394
-10235
-63210
3943
-43408
-35012
50634
22588
59637
-50395
-15434
-806
13832
-53785
-93339
75835
-30374
82963
-24875
-54815
-14238
12775
-66678
-24348
-67638
-40787
-31217
-5527
-519
88897
-65782
-17421
-51714
94255
-81541
52307
-13994
18554
-34095
50875
-39526
-94534
72233
52401
59400
51293
48996
-99681
36460
-42162
-75869
83206
-24150
81394
7777
-43821
-40661
-95729
-21778
-43574
-61854
-83193
-94332
-43489
69178
-7741
77256
-26268
40158
4395
-36322
60251
-99676
-39791
69673
-16019
42774
60781
-21346
-57164
-79713
-46525
43460
-1741
97743
47649
-15222
-7067
-72757
37188
19396
-38542
-97196
-76710
-91260
-38466
61298
85859
-13295
25372
87356
-37327
83079
-89183
4231
-89522
36938
97234
-56471
44860
60776
19647
-72407
-76969
-38133
37481
65093
37975
61207
-97954
50014
38386
-41050
-17434
50564
50334
47901
80598
43738
-69516
37483
16385
-62426
47536
-83874
9806
80055
-80619
-82335
10405
-35021
67885
67542
-24509
-10948
-57810
-12404
40046
-43009
-99271
-39331
-69438
37017
82043
-65497
45673
5477
24694
77285
7145
-4890
39450
-86551
34391
80014
-38131
32440
51753
-37847
28042
-23166
-79383
-76055
51877
30396
5510
-63474
-23315
-89636
-22075
33330
1770
-60688
12372
-12242
-95227
-43940
18047
52780
10951
-73554
-1348
-6197
-15494
64159
-47648
-84824
-83541
-16279
-72460
-98288
82257
26751
-29533
-89602
69064
-67026
-40502
-94126
-21642
19790
-57678
-90095
37390
-88476
31258
-46765
-43469
86680
-54868
-42419
44404
-33331
54482
-75845
75702
-37150
-51742
39594
-71633
4037
-74059
76383
-56882
70511
55957
-59416
-12935
-90176
94228
36349
-59090
82103
50298
24401
49803
58701
-87274
-25093
41001
38575
26677
62396
-90462
-58601
74353
33772
6451
-20858
66848
66566
76413
75424
85806
-31412
-91034
-51869
89925
-36328
-38628
-63227
-57304
30401
64058
16938
64351
-35994
-23677
-45889
72013
41242
5514
-586
-11555
-70740
-1676
-28194
-24293
69329
77910
-13731
-85729
-13008
-6024
-78003
-42909
77578
-73029
83825
52086
94597
66006
-38317
-5046
61012
-89924
48763
-86041
29188
-78758
-7154
72642
70948
-94020
74048
-37591
-8494
-87793
26487
57109
34590
-47935
-82370
-56158
-31906
39045
-16158
-72998
-99826
44978
68653
237
65825
-83253
-25988
-67651
37544
-43815
-8897
-18986
-2530
-75083
50445
92091
13774
-80542
-43550
13467
99169
-35946
-50058
4195
6792
57113
-76742
74733
70210
-51257
39537
-73963
-20150
-12432
-55703
13356
-25503
87262
2198
-28538
70067
84598
-60023
87214
21480
-42569
13906
99898
-22006
-68256
-66577
3577
-38514
-45394
71535
-25656
26177
-35069
-91673
69060
-27440
54754
-28016
-35431
-11980
74263
-73988
81401
48504
48628
-55821
96041
-75096
53941
-85394
45365
-25832
-8763
75951
6404
24526
72602
67579
22534
-88051
16187
-45003
-6902
29439
57313
-59239
-9045
-33858
85115
-64303
45546
44735
-25460
70071
94296
-95845
18096
-52248
96746
64187
75644
-56191
-3729
33952
98370
68985
-25123
-92147
27892
32219
72519
-76719
47264
-35106
-7189
52532
-17447
4386
24039
-95362
25014
81866
-4852
2398
8756
-99472
-91573
-89794
439
89481
-82868
40161
-79251
-34921
-76002
62325
95827
-74171
6152
79803
62866
70754
68350
-40561
65217
39037
-18704
-2474
29710
57689
-61828
22468
-3338
52173
-14077
34312
-81423
-99397
-18472
-40172
-65236
32362
58389
-24628
-35602
-34429
-72184
-94966
-20964
82021
35723
-25268
91544
-71835
-90255
46715
99011
92325
-63652
-84008
96995
-63793
30956
12741
34656
81327
-7662
-93650
-34903
-76885
-82238
61522
-45964
-10401
21127
-86030
-53726
92377
-14928
-26860
89024
23150
-49496
8500
-26390
-27593
-83549
63624
83722
-20629
12021
41967
-73090
-6758
2173
-64139
11224
82820
-75650
-83003
63742
-47020
-69746
76332
-68174
77820
5927
-24763
32236
84590
-78310
-23417
-15965
20916
38180
73319
-11796
-79444
4569
-1045
-21383
-78748
56317
-25843
84546
86094
19314
-59128
-59392
96224
42443
22402
-69482
39690
97470
-60587
-90933
-5355
-28936
-54469
-55246
56405
91851
-44138
8363
-246
-76477
-17126
22658
24089
-57898
81432
3444
-10846
-28551
-94169
20882
-33986
-83953
-33487
-50305
99478
-51204
95191
-51309
94435
-95656
-8574
-10206
-12419
-36544
21512
27223
38498
-69306
-50122
-96007
90310
49864
-23168
-14704
-61231
43806
24706
98273
88634
-10707
91378
42772
-51714
98136
87717
-37641
15420
30999
19258
-69541
-88080
60896
63463
-32164
27146
-62399
42718
-8450
1258
99855
-5413
-98765
-35589
376
-71539
-66822
71913
-18251
13150
50593
-50176
51036
73121
-61013
482
33234
-74537
-66292
17893
-70946
-30754
46225
-95993
-45352
-26313
8028
75086
18816
-91854
-80243
-94527
55083
-23944
-35267
-92164
99095
58805
74852
32500
-34016
-66208
82458
-69176
54860
79400
-72581
12735
-2816
69373
45219
32100
36694
-77769
-31016
-25605
-37690
24679
54599
-28705
68929
-66887
-87641
-16071
24924
61506
24122
-60001
47977
88556
-61006
24071
-42718
-5
-15248
-67290
-90305
84795
72807
35241
87847
-69048
-81057
-49
-53886
41530
-97322
39713
-66387
-22101
-36735
-67825
12615
88230
27248
-69655
-39448
2989
-25457
-44938
-3470
82023
-83832
-12364
35519
39524
-88506
-39571
53242
56078
80341
-83981
62730
5807
-7387
-9416
-7576
74457
72814
-24692
-87599
-51018
-90451
2291
791
-86740
-54772
24866
31251
4588
76255
-24618
47477
-42280
-821
-57902
124
-43889
41409
56947
77952
60310
-43992
-79631
-6804
21220
-20775
-40460
6922
-28726
86596
7440
15415
96509
37167
-49825
53
14977
-4769
-18630
54559
7540
95183
62868
-74185
94837
49373
-59918
6044
88111
-53308
21643
21271
-23098
-22588
66936
-57516
23516
-28834
18519
-95315
19968
-44677
-73598
-66142
78772
-82771
-82585
70117
-14823
-61107
-21500
-7790
26297
-12158
73474
87676
-95567
10595
-15190
68259
-8391
-3660
72
-3455
-95471
14989
-16165
27587
-81910
-3879
55669
30037
-81425
69945
-97354
86998
89550
-3448
-88097
-16341
-93530
63866
-16427
46127
-83026
-69027
-14027
-11192
-19840
-52798
-33842
85461
-28448
99381
76223
22787
-46227
-87257
73838
-95041
32867
17517
48226
5510
10507
53345
-14530
-95784
10944
-59546
21659
-438
78238
-61622
74688
-63429
80392
11908
-56959
-54305
97366
80668
-60495
-53257
-13606
17258
16005
-23135
3789
37622
21638
40075
32539
19455
-74318
-14141
93896
-15977
-27984
57194
-36547
81003
54575
-17656
-55181
-27359
-46182
-19655
66683
8922
-2567
21700
-8281
35798
-27161
-75252
-33831
-67529
82412
79135
26470
-78882
42870
66219
41766
52530
8953
-35375
77594
-1601
78944
2322
-12422
-7558
51566
52967
62107
-23901
-3530
67501
8826
-11069
-62221
22204
-97432
16341
56773
53720
-44975
19073
-96183
-384
-58070
83971
-77613
-54620
-80841
98730
-98037
24116
25654
60733
46049
91476
89963
-42376
-61778
-10389
99081
-13068
-27800
56347
63418
75044
37698
-34293
-71477
-60741
11742
-75169
20023
69420
-91728
17737
-42161
22281
-1936
-97991
89282
-37363
-77253
99568
-35185
-37387
-37305
25714
-26108
-89336
-30015
-40166
-38607
-84360
-83835
99655
62126
-52191
99001
12980
16966
-14162
76359
998
-37633
-26277
245
-33858
-94521
78612
-18974
-77586
23549
-32771
70623
-44087
600
-22517
42535
95602
28664
34127
32188
-99210
-50105
93587
93536
3638
-98804
-35
-98130
90429
12940
74960
-37869
-83728
-84963
4914
83243
-55581
96136
1545
88700
-1912
17498
-44130
53001
-4926
76296
-44573
-64492
95256
-58308
-29200
64436
-1852
-75136
17385
45774
-12693
61766
-40516
18291
69608
-90735
-14073
-14442
-58111
-38908
7254
24872
-95685
-44027
95882
-51118
98186
-70450
33493
-20914
90336
7824
25825
57315
-42394
-81469
-95536
9019
96712
86927
-81634
-88478
41899
82704
49763
79645
-75398
6986
72630
52133
7966
16361
55659
-63041
33804
-87950
94012
-67015
-95816
48844
17733
11330
22311
30693
9449
56167
-2014
56450
-79341
-50906
93382
32871
-75881
-68751
54200
47903
-18378
-76096
-19849
-39319
-23680
1363
55370
-63425
-97580
28931
-52776
60612
-36797
-92540
-93610
95625
39955
-79750
-10854
-13636
-34529
-23116
42447
27821
87388
-10871
94530
-41026
-2058
-89843
31832
77031
-15656
-50192
-29662
-51420
-37557
-65484
-24055
56187
29238
-56438
92516
35565
74307
18183
-39255
-53063
92707
-3000
-99905
-44729
-46425
-66657
-82767
-32008
-49585
55928
90303
-75257
-31520
-69747
-89329
63452
3118
-16639
20737
-86931
56058
-60131
3039
49745
35700
33254
-53709
-75357
-31967
-41577
-86861
-86897
94359
32832
63448
-38020
47334
92731
-60659
87446
97553
-23482
-75838
45943
71866
20674
27743
15601
-64485
31175
41110
-41286
84976
66082
-29743
-91403
-50573
-48596
25995
69401
17215
18824
-39877
37632
81942
-56264
39594
-87474
24318
-31843
66342
55740
2950
94857
81231
-51968
-99610
11778
-89138
78235
30596
66262
-56538
-62978
56083
-59754
-77598
40154
-94634
35248
-59154
29251
21251
-44435
-17214
17088
-27902
-58173
37497
18353
-37804
-93288
32832
62557
-8687
12564
-28119
50775
12745
63841
68319
59021
47180
-66622
52404
21421
53830
-92979
-89001
49780
66882
-14458
8929
-50539
-5361
-61350
64206
-55614
-84352
53813
61832
-63911
78860
2240
44255
-87826
67670
3066
66838
44081
-30968
-38734
-39273
-34180
-25256
54110
-44666
3580
90157
74075
91058
-71111
61274
-94974
80360
38467
-94072
-45149
-19934
-48069
5811
18913
18013
-89733
56523
-29142
-8056
-52125
-53062
51665
62104
96897
92741
16009
5624
67548
-53812
65984
50590
-52771
-58005
27669
-12039
23771
93571
19256
-73402
-99902
43475
-29347
25666
49246
27199
-66147
-13894
50122
-84493
51177
-39874
-88337
-31
-85717
26228
39099
75750
-12549
-17528
-99680
94987
-55046
-2943
10502
-8858
43855
-54545
28879
-76191
68796
-47807
95236
-68398
19036
-89549
-92383
-5046
62843
1700
9337
19178
-67310
-571
-53497
-98706
24157
-88019
11027
-9843
-90405
70410
-90242
22457
65697
-87309
94954
-64639
-52196
31193
44488
71638
-30687
-94629
70975
22635
78962
29176
-77130
-50891
-27376
5662
-87554
-4142
10744
14370
3039
91462
64379
3209
-63042
-85792
-97987
49923
9639
-56005
39626
-5385
95805
50912
3344
3257
-43077
4553
77629
12953
21094
-75135
27766
-54123
43409
-28185
3568
35438
40780
-91760
51439
15448
-11158
57420
-62567
-12278
62446
95873
22710
75638
74834
-23756
29063
-50221
95219
9959
-98433
36117
68700
-68580
-92574
44926
81325
-44553
-46471
-94578
-58201
-71039
-83217
83350
-56937
-27511
66764
16043
-96099
78437
-79285
-81803
86681
14166
2841
9255
-34959
70537
-80979
-83639
73152
-66950
95999
23920
286
34356
-26
-43824
70408
76403
24017
41512
-15700
67370
73505
14683
40148
44959
-65758
64991
71468
59252
47973
82766
-77775
61762
-92997
-25446
-11527
-94498
16080
97630
12185
-54467
-46815
-91377
74486
-79628
30043
72337
-48533
-22441
-84398
63206
27604
34499
-42214
-47231
90869
3896
8582
87481
67723
72158
-86789
-3687
-99284
41704
60911
39828
-9315
40406
-9596
-84523
-80080
70932
49851
21941
-60264
-23232
-16810
-63546
-95413
-61175
31439
70604
50002
37363
35246
87372
-69968
33335
45131
61628
-49427
59270
-48544
-33127
-92162
-81874
-15478
-44904
-14766
-70442
-26212
80180
59835
-73629
-30880
-67994
76023
84669
-68245
-81997
87003
-44244
79644
12575
38683
27740
-99599
55743
38584
-77889
64389
39852
52678
-58159
87274
19219
95065
50231
-54625
67690
-4980
-20799
-44434
-89347
19821
38607
-7643
-12506
-92984
79695
-63058
46235
-79154
-35420
-24691
30242
-4894
37282
-87114
92255
-65023
61302
81161
-65138
22667
20579
31211
-10229
37042
43815
66434
-60210
-84674
60
98060
40117
87290
-19654
-40739
86586
9279
-25447
-86861
60612
68506
-73260
-64777
-95847
83933
77290
38611
85296
-37761
24063
-94422
-13084
-85776
-96865
-23303
-35771
51262
71586
-80440
82697
56733
18730
-50100
37664
11030
-25655
-63844
23269
-35825
-20288
-47090
63536
19187
-52510
27246
-12792
-20099
86488
77914
20982
-16346
-21507
41469
-87948
-58391
-44695
-7962
-62523
79728
76427
-57340
21982
7837
-49872
15360
-21246
87862
37920
23607
25771
4973
16807
-36717
77604
28491
39537
83461
-5900
74617
-91121
-64863
64948
-42197
64662
-41515
-53950
-84247
10214
-34297
96078
-52613
-72888
-43061
-4271
-36623
97969
17790
88222
-80308
-41245
52097
-76719
-60659
-2573
46357
-45788
54743
84261
82448
-25376
66819
-94861
-44934
-67152
32897
73837
-22073
38544
26661
-13254
-36944
94117
19029
-92100
-41232
-27033
70286
47122
-29992
-38855
77134
-3337
-81073
-62502
34338
-5369
93098
66547
-35316
-78366
44388
-56496
-38384
-24151
20922
98924
-39269
88102
-67674
-24412
12049
-15800
52725
31502
-54478
-57653
11655
-69661
-77208
2230
58915
37975
-50129
-85250
96820
-13878
78689
49032
-31388
-89450
48477
-42164
46228
-54968
2259
69205
-33611
-92244
77103
-90396
-95866
-82238
-80544
-52171
-73814
25613
-53116
52889
12837
-45367
10034
67266
-84941
-4100
-92637
38429
-52731
-72475
22013
96538
-89383
-48111
-6594
-36793
84276
39629
29121
16922
127
-39434
-67344
97357
72764
1324
-79993
65316
-78429
5541
97281
34506
43613
-80098
-72799
55001
-1700
-42005
75230
-7111
27605
-82640
24044
-161
72219
-19096
-69597
-91977
-12327
59810
-47026
-29027
95276
19148
-36845
26372
40731
-77784
-66118
-455
-90124
30491
-34917
-97470
92420
-64284
8360
55648
-27790
18602
72916
68404
97144
-93650
-50017
36158
-89409
-17249
-78976
-11392
81174
-79220
73710
-64191
24144
68020
-30070
9069
-66441
-86087
-41620
66778
47024
-71117
-94200
-49243
-85523
42977
-95427
15291
56200
-97157
-80134
96820
88131
-15389
-58739
-31399
-83815
-51783
-60726
-94266
-17536
16781
29716
50475
23294
28784
-72821
-99348
-2971
-73629
-94190
-28760
24813
65393
-42757
-49001
45932
77081
-16302
26317
50036
44259
-17149
-25893
-9783
-2029
65128
10260
75261
97851
-95437
-48403
-4054
23019
7156
-99202
38412
-36476
-568
-33243
51832
17067
27615
99594
-77699
-22247
-92312
97532
-12714
-21362
-40869
27642
74440
-87067
26402
10447
48798
-87293
-11291
-79020
22015
83241
-4943
65433
-89751
48746
-67260
46879
-98548
17846
16695
57084
92741
41236
-17080
-28191
-98635
-44050
97091
74744
43198
-26554
-8819
-52249
-37926
-23801
6285
-26446
-35689
84982
-46088
11325
40371
-2169
48631
-18642
43152
46860
42742
-84751
32852
-85432
28939
-97067
47071
-64030
-41279
-97132
8362
76725
-41407
-28432
29689
65412
-51812
-22344
-68100
44427
78647
-69398
67016
-70352
20180
-33358
-95572
-82279
-61447
-22447
21043
-58025
49983
55385
-87498
-92801
-49032
-79276
63195
23642
-81858
-62779
48878
13170
-5035
-66426
-60390
-84915
93116
17488
34051
-16010
-44011
81497
45571
-8138
77294
25496
19520
-64350
7851
84964
-77849
62158
-11054
-6406
-22329
84063
35699
-24099
70924
7294
-99662
26776
-96810
-67671
7922
-3553
89973
-34269
78944
-30636
92548
80716
-23079
-78427
-97953
36299
27897
-21806
-30782
88487
27457
46412
74431
9269
-90204
36793
-48677
30316
-45842
1876
-26170
-98284
99410
99890
-48714
18845
-33842
-91937
-37857
-95924
-48707
-10585
273
86864
6393
-591
56941
55539
-45462
54277
-87995
47084
-23440
-13843
97103
-17967
46761
55418
-49786
-75735
56735
-57122
-2914
9312
93073
71990
-18014
-29741
-41060
-53589
58475
-82357
-70970
-97554
13695
2248
67943
36768
84419
45106
-27211
-20844
67550
66932
52394
-2836
-68564
-15131
-77164
-67424
-23780
-22885
88313
6557
-49113
-74012
68580
63561
-31763
-16241
35601
93413
-68306
-76763
-77072
22924
-65567
-93834
86297
-25512
-53387
83213
87117
-29340
-31007
82949
47525
-30357
17066
60533
-56678
-40369
-52815
-78522
19248
-79626
-52490
13862
-1601
-3761
57325
-52715
18015
-93518
-49157
39197
-98513
58726
54093
-25569
-85182
-33988
72597
-59321
-99864
53784
4835
46817
-25196
-77168
2844
88389
9327
32620
-99687
43310
79288
-51315
19486
-63319
-56043
94379
-9227
74921
-37509
-39561
72678
28791
92919
2975
-79466
8838
-93993
13232
-27078
64741
-79177
-1003
-22218
-53171
-89237
10749
90646
-7974
-96250
42267
84135
80855
74629
-68153
89523
90994
-36132
-20798
-71528
12046
-19814
-78250
-86844
5623
85243
90396
-63409
-8015
50506
33623
-86731
-23319
-37391
95102
51311
15565
-98849
-1513
-2644
-22089
-19116
83071
-31695
-67580
75212
-66810
59786
5699
62789
-11465
15083
-759
5039
58549
-4567
-89822
-4752
-87168
-23538
-16542
-42735
16855
58268
-76775
75016
-36104
-50335
71012
-78622
77891
-53965
99744
-22451
23292
-50487
31162
-65793
-22801
52918
-82782
-55225
-78162
34307
-24866
3886
-49738
-54873
-53509
-97143
28208
1829
92318
-44962
-48941
-92861
-54472
77745
-27098
-90910
-85288
95338
-46237
-4609
72090
-72156
-22344
-46779
95997
28692
-22681
-13108
-36013
-21676
-25651
23666
-61999
-80373
18559
-86956
40902
-45637
63248
48490
-41751
49511
-81553
-51460
67339
13855
10029
82501
-5845
5609
55005
63843
-73944
-15026
20820
-68489
-50479
46974
-77744
54431
72920
27552
67573
-73779
-37338
-12613
86834
-3900
79176
80122
-21181
27183
90758
-30945
25999
76446
49812
-9081
38065
99165
5858
94741
96148
40947
96014
-57090
90999
93236
-55239
-50063
-64432
-16573
-201
-86687
67020
35496
6944
-48976
30197
-67126
63811
-51591
-25683
11273
-46469
-82950
-39785
-25734
-32615
2909
43797
-60544
-70016
5089
-32405
-53757
64720
-14742
-83902
-71600
-57413
-39199
-57207
38413
43379
-41335
-54666
-20777
9924
-31008
72235
-17094
49726
-15315
9395
-94068
19402
-5396
-77781
23526
-86179
-56172
-65731
-31616
-45301
-19198
23432
55336
-73101
32067
79068
-2465
-69351
45251
-20831
-98864
-53871
29709
32663
-89234
-2026
-77571
-13257
-68439
122
41482
-71751
-79476
90616
31722
-92945
-80842
-99611
2081
-88690
562
68549
-60822
97933
-24714
-8902
-2496
91302
-33739
94871
5513
72186
92193
72467
-22880
-2031
-26047
-41319
78013
11647
42154
-26435
2883
52194
-75619
-79480
-31257
-73145
-59843
-3212
61048
-39508
3819
87859
-79474
-76576
-29120
-34583
-19949
-63929
23078
81531
28329
62842
-95533
86207
-59657
-17013
-57117
-69869
51156
20710
-29871
-56183
-94962
-6958
20242
-30272
17302
47383
24975
49742
14988
-18118
-12931
21337
-58013
-79772
-94374
-47419
-21967
-78111
87621
42695
-51242
-12733
-53189
-43559
85190
99815
-50390
-43834
-39564
7439
-77389
1829
5724
-69009
-17151
-89118
-79379
52099
-10303
-72009
25746
6301
-87619
36987
62556
-55427
-64488
-58543
-95026
-45032
56872
-40319
51524
62459
97643
15459
-61312
81161
-27672
85943
-19502
73952
96356
-56686
75620
730
-62787
-30221
54943
-529
-1882
-40588
-58050
-99464
-63425
64348
84781
88462
64656
9809
-84195
-78383
-9118
-35670
53607
-51259
-33094
-25949
22746
-54826
-39501
-87574
-95581
-31492
-86090
52950
49304
-76167
98265
-17609
-45791
44288
-90798
-36280
-6397
74416
-72042
-48127
2250
-46147
6547
74441
80083
-59344
-49082
54665
75315
-16380
-93703
-25636
1415
12914
-46819
35042
86298
91527
-32896
-93132
18092
-36176
-68054
-64590
-11547
35864
-25446
-24585
-81642
29672
24
23150
51047
-35667
5303
32446
-15709
-41512
-4631
-89759
-58339
-56674
91390
-14318
28861
5824
19835
-40603
-24918
86757
46163
-28240
-68330
-68702
65093
-24473
-18207
-88932
49745
96902
-7894
-93115
-83496
71911
-13127
81922
-70193
20915
30210
46893
-88289
32693
90455
73846
50141
-16950
-90962
-85916
8801
-38603
17929
-33670
-58427
91471
41544
-73804
82172
51291
-63033
-84816
-80820
-9096
44085
-89302
-21207
-7633
2611
-85792
62448
82220
29668
-72876
22589
87882
-7529
16944
67049
-43769
74318
61315
-99997
13591
-1813
2730
-21270
-48044
-63050
97418
85284
89106
62989
-29575
36702
37649
92649
-1476
39457
62795
38856
-93525
7917
45870
62652
-68687
-39339
-77724
29264
56624
-68170
-371
-42414
-45375
5589
-69362
-20606
74776
12756
-17213
20693
-27706
-73455
-12656
94886
50265
-52964
-86891
-85382
80222
-38382
78912
-68882
-39353
82138
52412
13568
-28057
-31492
-51770
-84234
9625
-68967
-18399
66926
-83455
-53
60640
-65148
-74198
-11175
-46624
-51495
87055
36439
93656
-68986
-94795
35544
82953
-81059
15861
-46511
78863
-97192
-28072
53964
-73382
21793
-421
32709
-29194
64189
69073
-66779
-36091
-11626
4200
1432
75471
63075
46915
-73843
9520
53622
70791
-75446
-34192
-33758
78002
31785
33904
-27834
73509
68915
63295
-54149
-76926
-98409
58124
10390
17712
-71482
63350
92698
-38661
751
33279
40317
-28007
-47342
78048
-7403
-11192
20355
886
-46881
-2286
76285
33946
22572
52082
-13343
-95538
-90007
-47599
-86134
-56494
77897
49193
-31091
98647
-38191
-46837
-21422
55691
-40961
-96773
-86647
-69741
55960
41657
95884
-46121
-29235
43931
85775
48822
41353
-76267
-78074
-53605
91994
38491
3348
20327
15097
98845
-15637
-49906
-80136
-90767
-45180
50302
89991
-65457
42364
20153
-44702
-76683
-83574
93955
-66213
-533
-96423
-73033
90943
11937
-18362
-42059
-71320
-72204
-30984
-99466
-3105
81551
-37994
-72704
-29653
38446
-18583
18740
37498
11646
-79280
-80443
-58773
40737
19674
-33597
-90634
1869
97476
53141
-32967
31636
-16050
25414
56543
19134
80060
-1162
3759
2962
-94810
53425
-57425
3060
-70980
-71140
39922
66472
4570
22027
17733
-53260
94468
31472
-8590
-73372
-37186
-43857
-97745
-10649
5515
29453
24807
72407
41664
49478
30626
-33514
-16765
-98115
71955
15764
-33819
23182
56510
-3988
76378
-74945
9476
-78162
-63087
-39850
72588
87672
45364
22148
-93360
82365
26750
-9857
-29887
-56473
-17741
10861
-7912
-44263
-959
2172
73274
86349
31601
40398
84615
-77155
74314
-31790
-82176
9693
20226
35886
-92974
70181
-36575
81304
-125
85548
-46283
44292
-1672
6351
24172
64184
-26975
-85646
-16559
-86661
-83903
-18435
-64026
-79573
-33571
76808
-36966
72046
-37311
48337
23911
-13887
-75543
