800
-8667
7085
98033
54233
62382
-31449
-90297
-17505
25477
55317
10505
48626
-82247
77095
53939
-17036
32005
36082
-36436
74663
87385
42821
73815
-8237
-92430
-68949
63176
11472
94181
97533
-50413
-41743
-75780
52833
-92415
25485
92855
91683
-89508
-97557
-25292
-65106
2794
60681
84841
-91162
-54858
39049
-92147
-20059
42057
-92935
11094
-81583
-23816
12925
-73314
61591
-22825
47003
20511
-10170
-2165
77411
-67939
-21046
-56963
38009
82659
-88829
85867
-19775
84133
-36415
66712
11621
87876
-77602
18852
76422
-76431
-37511
-8458
97084
58601
9290
-85995
63884
-16098
-37849
-77034
-89435
-75338
-25646
-68304
46167
-17492
-19460
34155
-50223
-15403
-99941
-40201
-84331
95933
-1629
-19495
-67142
6832
-70108
-22976
605
-81068
-44673
-65034
68198
-64141
-23866
15090
23410
-38889
18991
77962
82018
-40754
-41099
88709
-11521
31629
-93812
72655
-96183
87921
3967
-99194
78811
-94560
94567
61233
26876
-47538
81609
99088
70788
-24612
-93491
30734
-79832
52251
77207
-18285
-54811
-9875
8644
5110
51397
26188
20099
-60016
43345
-76315
-64115
54571
52244
3612
96258
-58598
14791
-83277
-64798
-90398
51294
87301
47588
-64490
42414
-21716
91191
-29312
1273
-31934
-44782
69051
53336
30277
-93062
-30818
-3901
55956
34256
47891
-73408
342
50900
-18107
-82522
9530
4730
20151
56333
99672
-53977
-1422
33749
78454
78792
12247
27343
94055
41551
22738
-84341
-76273
-20788
-93841
-69121
193
-47324
455
-89264
3977
-53840
98002
-31424
99525
15476
-81888
95989
68334
-35782
-15645
87522
-37259
66890
51364
-89644
40392
-73783
58326
64347
-12173
59436
32904
-99245
-69085
-47529
-18765
-33074
-30905
-45034
69619
-72289
-42993
28342
12499
-56186
45462
-49471
-31551
13683
23516
22485
-57632
-72263
78124
8800
95869
-61616
58589
17594
44313
-58234
-91213
-40801
19172
-58300
-40091
44616
-99765
25721
-21639
-42908
10088
21285
25868
-7240
-72872
-37948
-6226
-97200
-87893
78549
-33687
-7840
-52364
52421
42722
98108
57599
68989
-47783
-20559
-37854
61317
-18613
-90370
77612
33811
37879
-12174
95291
-58316
-88067
60387
82346
87894
-84575
9288
31398
67632
6127
-44940
61090
48462
49913
3120
32353
68604
-63172
42867
-69072
28751
-29471
-34240
30326
88651
-72161
-79459
-68765
4084
-36483
-84501
-79034
-10828
80629
-46297
-63365
75365
30004
27580
86785
-67012
57918
48130
21994
28947
-27345
-64489
70955
90770
-28580
-48232
19603
41145
-24552
-2499
26009
77771
-83437
46670
-96306
-6694
45212
97734
18545
7148
-17657
-62526
35937
22983
5097
-59674
-89939
60446
61056
96781
15175
89880
24880
53226
11480
42553
98600
56960
-7891
93295
41507
10554
89614
443
9227
-10904
-27793
-99014
8375
-98986
-15488
-14000
-34539
86091
-90017
15856
-58205
-19301
-65362
-38199
-29289
-84439
64190
-91632
-9697
-49283
-48790
-46874
-22077
-41346
-11967
-91929
11174
96268
-56229
47567
31851
-8068
-89268
54408
9971
-67855
88823
72788
17221
-62445
-83270
-33517
-30585
44847
-95673
-19214
-78359
-30677
95442
81520
-58143
-48796
49382
34126
-94128
6310
-13549
-22189
-85308
-98553
97346
-13511
-57385
-26976
14249
-75849
51124
68009
-66151
-26772
-46599
56048
-12300
-20187
-41992
34102
-24067
-59509
-49640
-11610
71624
-20
77593
83635
-32176
-99676
17589
-49331
-69017
-63896
79905
-62785
16648
6638
-5197
872
44104
67516
2589
73363
93931
73996
67543
-45514
15379
76313
10011
-12348
56148
-64438
-20406
55599
-15582
-59593
65516
45630
61228
18012
-13675
48710
-3262
27673
-27998
-68984
96177
21091
-21789
-81881
5423
96395
-40877
-30140
62897
-42007
79618
57272
-44709
-17819
-47276
16685
-1777
65697
-95071
-74727
84774
35078
46717
-22120
-49923
-99094
-41325
24997
79335
-3813
-40277
-98059
-68864
-8949
-13493
16945
-87135
25879
72121
58510
98543
25462
64350
4810
-48114
44858
42629
-69116
-36236
15814
60099
-69576
-45800
-88627
31089
24535
24968
-51774
-59627
-48641
29594
-46174
-57697
-98788
7738
-46566
99535
-77350
53859
-69035
-19661
-37434
-90327
42662
60750
81856
-49806
33935
37845
-82657
62533
71852
86355
-27167
79034
73791
-34196
-94963
-19247
-35111
17854
81064
-75233
-11103
-82653
3024
-24861
-92156
-26669
-85320
-57929
49401
16999
-94400
-94494
76271
-40584
24111
80330
96278
45926
-8304
-75321
-60153
-88716
-33240
33042
57745
-83503
-44400
20444
-28959
95794
-45838
34491
-99507
-1254
-2972
37055
21117
-87621
-93220
66467
-72778
65910
42703
-28705
-8187
-27073
-22421
-43301
324
-5476
-61843
-85507
47820
-17332
-34465
13923
-59657
66500
98482
85164
32080
-45932
57332
-42127
-8678
-79191
-50579
8658
-57799
49580
-88228
65194
-7807
59399
45129
6308
3226
67655
-94649
4775
69196
91868
-61880
-68691
-50963
-2690
-72676
-62798
73892
83498
-2744
88455
-44007
20682
2047
-42811
2043
-40269
61888
9503
34605
-42488
85579
-39535
-95474
-5573
-29247
71669
-97181
95028
-20137
18932
46372
91850
51190
-68199
11872
-86162
94579
-65023
-5363
-30361
-41882
60271
47664
-84937
-73559
91644
5669
10461
-98961
54443
-80820
-97996
-96962
-47141
-13552
-27719
20682
-48491
26005
-17686
-28368
-88635
90429
-98231
72204
-44218
90903
-19393
12663
-38890
-82266
-41058
64352
44393
-18551
-78209
15493
67865
76172
44426
27599
-68486
83530
76052
-36088
-7028
-58372
21859
-32774
36554
-19933
59341
27237
44895
-83186
9150
73372
77176
-78904
