8000
-8261
-56899
-24177
-44136
-6499
-12444
-30253
-49999
3678
-86068
-65662
82110
79459
59060
-56113
-83684
-13764
25446
-64374
-65255
-33336
-94736
35786
79359
31800
-91075
11526
-76608
-10004
38543
78403
34815
-75719
74459
17960
-96007
-8820
3200
61933
89486
-34904
-52571
41586
18992
5835
-64017
-12500
82791
-54033
-32867
-92358
-95874
-71316
67968
-5035
-64115
48634
-52007
90790
-48412
-57836
46993
18930
-71791
-23111
91919
-1232
-26673
-9780
44346
13308
-36149
22940
8587
98084
-24493
25853
56845
-64929
-72610
-46891
-73100
-39395
-51598
-30029
-15145
-20104
92982
-20839
28300
-38326
-58988
5274
-29857
79450
-18294
71902
-12690
-89042
846
-53501
-46236
-6332
-28772
-80418
-67376
7003
52893
-52961
-66783
47916
31093
-67437
30017
-19530
-4951
38850
-7414
-83081
-96596
79800
-7639
-76490
69829
-53791
-64498
68349
3038
-79347
-90035
-70939
-89109
-47532
81684
-89655
-60556
-38829
41161
96476
72833
61908
-18368
-87849
92194
74508
-85738
30347
10520
25853
-56915
9300
18211
35196
67588
-55058
-1751
-47603
-21327
50529
61952
16618
19518
-67240
-37672
-50909
73502
-48624
-7928
17823
80714
93548
-12813
-60544
31805
24421
-76713
6629
18568
87710
82098
32777
-96046
77845
90001
-88504
-56272
-75787
-23882
89026
7645
-55479
52965
-39464
31062
93452
-41269
-99948
9237
-73700
-17524
36517
-85529
69772
38695
-52921
-32340
86808
-53624
52865
49387
54132
-15381
-10616
-96433
49917
-34009
-70271
-92797
39185
74271
88420
-283
-63814
30912
828
-1751
-57403
65271
-80886
62349
-13967
-60429
-27959
62004
-52541
94994
95693
79458
-76169
73195
43781
17555
12048
-77065
-58657
-24776
51280
80092
77194
-91249
-5692
-60009
-66473
64093
83511
82502
18553
-65973
1415
-11376
8811
44891
42260
-67470
-49231
-62459
-7980
-99098
-21194
94002
-54909
83633
60628
-41452
84856
10186
-73933
31520
-813
-50718
55304
69737
-57133
80021
75455
89946
54340
87019
-17612
69328
74133
29002
-47718
50002
49543
-71044
19774
85230
-69630
49305
-96026
68785
91650
-25071
36691
37698
-88658
5464
-83994
88731
-52663
-61842
-32673
89061
73473
-5302
-56768
-92688
4261
82210
-21040
-97780
55412
-86566
-16261
-62650
1424
-44346
-24041
84034
91922
77854
-49087
-35790
66423
56125
-96986
-79440
-76553
-81898
84446
1278
-67914
44148
73394
-27625
-62764
-72917
54910
-64655
-59745
13664
-3151
48530
81192
17522
44786
61196
-6989
-12540
82397
45847
8328
-39639
3755
-73079
-53594
82474
-4816
48372
-45289
56886
22397
-17316
54175
48999
-96347
94611
-77170
-20435
90077
27059
-11979
45977
-12163
-47880
30197
-49784
-96989
92344
-57166
87722
-18953
52415
64743
-72210
62792
-94069
27988
-17716
-13739
58529
4882
29550
8808
-14326
10758
25532
-77667
-47891
-44108
78146
-7359
48586
-87637
-95423
78038
94736
34270
-3761
56434
-80804
-47725
76843
-74618
-83696
-84492
-65119
-36932
-74869
-44029
92886
48058
62986
-3157
19889
-29756
-98533
-67855
-22042
33598
-86535
-53686
71520
20558
-24951
-22267
-6197
-74528
112
23017
19643
-67069
20687
-93991
85180
-23311
15260
-66892
1655
-96724
41438
-34438
-94595
22211
20740
93479
-86733
-95436
-98141
-83996
70170
-49109
-5429
41619
8634
95017
-97276
7112
65771
45760
53994
-24616
-7680
93754
-77918
73545
-96816
54874
-80200
68712
-10142
-262
42967
-86278
-99596
34067
99044
-76790
-63768
81499
503
66273
-63348
-2615
-83978
64724
-12475
-92748
-40432
50231
79959
-3175
67475
42032
67282
-86213
71723
-58906
95773
101
-11464
-50217
-424
68939
80010
-31223
26929
87439
-67524
-20072
-22779
-92769
91562
98734
-400
17083
-33520
-27759
98995
-53164
-64192
68375
82753
84560
-9153
72756
25958
98602
-32067
-93836
48532
-60105
11440
87364
-97332
49603
21580
-59670
21477
80154
19809
-82859
17596
-70622
54736
83982
-14983
-68506
82987
46222
-43975
36653
60073
24746
73949
43849
54402
98346
-27857
-85268
55917
-11977
47340
-31053
53556
-14158
-1742
20615
-87952
34721
-44089
4249
-83161
-34428
33091
58826
90494
-46714
26780
61677
-30052
-57073
19916
69220
-71714
-23050
-37599
-43098
74224
-66156
47136
-45149
23886
51828
-63017
-83842
44760
49830
-49666
-6919
-64885
-98254
39753
-337
-14750
12266
34509
-2630
-45624
-68839
-44788
92085
2360
-77801
61215
-62885
-69069
-24962
-73153
96014
86813
52599
93423
63348
-61643
44846
-70454
57084
-62737
-93916
51173
-87298
-89424
5026
51424
90689
-95259
-47797
-2930
16790
-47679
-72949
39038
-65631
401
68460
68326
97463
14845
-71033
11179
21859
-355
18199
-93168
-97533
44085
84713
42744
15504
-56241
57135
-33127
3579
51252
-65420
-92481
-71246
72006
-14933
12666
9153
38845
35488
-88154
278
20988
-74992
7253
10397
-74865
63380
12315
89866
-509
-34825
18997
75061
-80478
-94935
73558
24862
8714
33613
23184
56914
-16471
-73299
13852
-83929
32152
68173
-87482
4897
58000
-98979
86519
90871
57165
-61817
-40160
-68305
-14594
-25495
-99391
-24346
49637
8669
-80749
-79380
-37679
40627
81688
29772
-72394
12864
-91971
-55191
79014
24143
48872
84675
29678
81846
-18076
-52327
-98353
20548
-98650
76585
-16616
12951
18812
-85997
5277
78154
-99823
-71333
6485
971
72223
38989
85077
16842
91953
-16133
15653
67085
81620
42466
-66564
-68960
67226
76459
57310
-67286
-7414
-66803
65230
26780
90599
95503
45104
-5310
22939
-59797
-8384
88763
-14592
-6065
76009
-99322
-90548
65341
-80893
46258
-24298
-52527
24492
45048
-14967
28323
54785
-62940
-98908
-74238
9914
-63251
-87445
75937
-17504
-21722
-96914
-57522
-23957
98893
-67341
-79907
-74564
-73983
37378
27427
9715
-27631
67662
-74338
-69650
64048
16571
-29070
-24353
-47484
7312
-7410
-64823
70877
45179
-24339
-16553
-92477
50107
-29383
26905
-20312
41454
-41782
-89316
-53060
49591
-82677
87780
34271
-52725
14142
18440
97010
-68135
-5546
61546
-82553
87956
-40511
89106
-4810
-98018
-61815
30055
-58863
94226
592
-51831
40559
-26642
-69383
-71539
92197
87835
94758
40790
-31981
72731
6939
18573
78618
16206
12481
29436
299
43361
96455
-15348
-18245
63892
-94365
18009
58706
-23451
59254
70191
39427
78622
58894
83236
-64394
-67016
-58683
-1262
72289
-86293
62662
99886
7125
-34157
-4112
60938
57525
69312
-64045
-73309
-12031
77978
47063
-69528
61072
78127
37563
-43576
-36260
-50341
77499
66550
79799
17939
35340
67324
65948
42446
-97087
-86535
-64672
-56560
36367
-73671
-68088
-69292
-25875
-98001
21044
-21163
59285
-14511
17272
42041
-65112
26640
97355
-1637
-97618
85939
92760
13939
-94853
-86641
33010
74468
33709
81573
18341
95906
-26287
48600
49319
71230
12325
-80247
-70738
38736
63288
66449
42075
-62016
-70866
71962
-26477
2096
-89696
-16102
-82961
-36854
-1824
1005
42825
-66207
-81446
-83249
33783
8326
-60779
52211
12692
-41878
-62503
57602
17017
-41237
56107
-5645
-64693
19389
10420
90243
-25042
60086
-66176
36882
-29736
83317
-83871
-14950
69632
54064
38900
-97972
-84556
32537
-27077
23497
-53686
79725
31017
38201
-54801
-73383
85821
-44980
73755
-89847
16774
72715
53285
-93042
48453
-18342
99826
-38742
59439
-89076
50697
19899
40657
93283
-81662
-20349
-60786
50850
18013
94352
9412
91665
-62608
56588
-82675
25869
23800
-14045
-75615
70217
-60977
-76148
17625
-3419
-62466
-72201
16206
9641
56170
-98927
72224
-44194
-36309
-11401
96467
77641
-60998
25396
-22573
44933
-1464
61240
-58280
-58756
-92245
152
84196
-80511
79923
26748
77994
27533
67419
-45462
28681
-90987
52764
-37716
-36619
48708
-21477
-24097
3703
-28390
-40702
-71141
21578
-74847
-59733
-97094
-19738
-46073
-22535
8327
80347
-14947
-68927
-11387
68819
-64917
72550
29721
88762
61997
69699
-95211
99193
-11922
-38912
-69151
80477
-32512
70407
-49848
29399
-92843
-93999
11484
-9956
21054
-75238
-4025
-45075
-8707
-17997
-71376
-94479
86792
-48842
55238
-37251
26653
-84269
28972
92790
-71236
-81271
73921
71886
-31738
37169
-12533
-68054
-11728
-70540
-74305
17572
42916
96669
95791
93932
11892
-30391
3920
55561
99259
-44485
50855
-40450
-622
-80500
-70064
23367
50220
-46848
40299
-42622
46223
89075
71203
73579
-37520
-54286
-79140
28736
10345
-85402
67449
-48573
48025
8938
-64697
18398
-23016
-33794
3849
15264
83285
73173
46624
55141
-34993
9289
-8489
-53931
40172
-14929
-63991
-85053
18361
-67580
37167
54837
-91713
8710
14090
89603
-15810
42335
61481
-7592
85961
-12996
19096
-28202
42493
95677
-93595
-36586
-89185
65413
39824
21388
-6383
560
-38258
48457
41649
-39452
66554
-26149
-41905
-27840
-88935
22351
9032
-75662
-73656
-92777
35012
-52827
-97788
-84922
99976
-5801
-52778
27127
89400
-36408
-36839
57614
28717
29390
-47447
-19818
55919
11014
10154
13386
22543
40293
14194
7663
-13916
-86292
39124
-28706
-95136
-28166
-65014
-13280
-46515
-65349
-24322
-67854
-20118
-94786
92725
-85273
-59428
-45979
-63335
-15379
8531
-31627
-44831
43943
1978
-20275
62239
60346
6938
55604
-92059
-44060
-308
-73205
32725
41222
-63207
51681
-188
72642
-80528
47525
71882
25663
39426
-32778
-71447
-71799
70654
-8105
-12456
-7786
10404
-35586
52843
-56221
45320
-1589
-77856
-40643
-60890
-11114
56072
-12900
-47972
-58399
-87344
73834
-44920
-35411
20267
-2591
7422
-4312
-55842
17426
76902
-46525
59303
-49215
64241
-24350
-59381
-93586
76726
-915
-74693
31791
23533
75460
-99294
73208
19910
68495
-78323
70909
-17113
-48525
56120
12526
24449
-45280
96625
-14495
77582
-39161
-53333
98382
-71895
-85271
-49438
-8845
-54071
18187
-80987
-18472
-71909
-43450
4997
42733
-26565
16698
35928
60431
2640
15971
99434
33193
8833
78531
62530
16375
-97448
-71809
-12084
-69914
30641
68678
-46488
75224
39006
-89428
64974
57923
-90405
-60139
22683
-17287
-47511
41996
88253
48066
-84535
-75533
22584
-80795
34262
74901
-80942
-67258
-67521
96791
-94303
52393
-46368
19470
20975
-9260
-35459
-16982
21383
-69293
-22054
3983
-24225
-56427
17658
89924
-39519
86900
49650
80516
21400
5842
-61848
-59534
17907
30366
85037
10410
-967
73270
63733
-49101
37514
-48729
31663
-87088
28942
29072
-68795
-47050
17468
-33436
51186
-98793
72585
-20211
1466
81628
6507
16238
-65973
82290
-47416
80961
73582
28924
-80064
21216
7146
39334
96212
86623
-94475
16025
43441
25045
82328
-374
-55331
-63492
89758
-69010
-41795
9198
57976
-10552
44672
-28593
31664
-89502
-53524
-46582
-56120
-9894
91203
-34956
21999
36243
74769
-36980
-14497
-87219
69205
-32604
71638
-97585
-95798
-19047
34606
-12415
52496
10621
-85605
-23018
-54020
81622
50881
52582
40121
-69312
55088
51673
64729
-55763
76285
-59649
33084
-51571
-30722
-45507
89179
-94328
28257
82211
72242
80680
34409
-64296
-96376
-2796
21895
96118
-3172
-70665
-52207
-48781
-99667
72768
-66271
-80716
67878
-89662
-98355
-96058
1125
45563
-75522
-75417
-6745
-73615
86255
-18498
21202
62392
20548
-341
81053
33809
-46396
65529
95520
-3155
-1611
5552
-81740
-62833
23635
42375
-80186
3855
97516
-61769
75709
-46790
92315
16619
70597
-72169
77598
-2732
55416
73796
37271
50200
-72983
66175
50652
50538
-70900
-24062
-28357
97077
-99643
79749
-16883
56625
40843
-21593
-45195
-66279
89273
-71385
-69578
-32525
-27087
-44788
-66514
-20530
48813
73893
-42637
51402
27108
17579
-29431
-12719
69461
-7358
-35203
89764
46898
92446
69856
-78000
42732
72835
-53597
-60353
-74729
13412
54220
-61270
34170
45037
45651
-56276
-23882
-2276
-54885
77234
-12208
14154
-35696
5711
-19235
15944
52505
57452
-19063
69092
45306
-91428
24260
76235
-74294
-98802
4169
71112
62347
-35748
-12341
59819
55915
76864
36671
-42683
-82026
82150
52673
-25009
7926
39900
64932
41706
28232
28901
-17767
-66495
98076
89838
-26502
-31798
66473
-62632
10228
81260
14666
83444
31183
-4933
-83687
88076
-32100
-30306
-29337
96734
98746
-65134
-78251
19620
-80188
40071
-53679
26766
29274
-83416
35569
55378
54219
70392
79845
-46503
-63972
24408
41052
-614
5111
-52699
-3274
92228
58675
8062
96673
93333
-1796
-50141
3475
94152
50719
-64008
-4126
-91413
72245
98601
63043
88014
95657
-88343
-55459
-25513
-87257
-92653
-66807
98739
-39646
78321
-69975
-70681
70082
-89254
63906
44677
-58583
-35467
76151
-81479
-66207
98012
78595
-57021
6820
97821
-60846
87103
-48954
-31718
-25059
27360
-94717
-64944
42657
92987
3937
-44236
39963
-32321
40001
65849
-62686
-4413
47112
-13393
70496
-72008
48036
52805
-75410
58173
-10562
16623
55308
37202
-17477
19810
-96326
-2396
-8083
-79236
51445
91270
-84068
59649
59345
-96255
-2515
-65599
59376
48578
-2131
-99243
-10212
20274
-87171
-14392
60807
87843
46745
-14958
13212
99493
-81978
-22786
34881
-70535
-57448
84590
16684
16413
-87139
-92491
5087
-6138
91306
-38238
-44543
-86804
96768
91292
858
35903
-33574
32745
67627
51767
10005
-48439
-71320
72393
-11844
-50881
66643
-22027
-72337
-4881
-88841
-72004
10672
5090
-50435
-82449
-2421
80615
-17170
-17181
-59873
-98475
15109
-94143
89292
-67797
80624
-63942
-48453
-13608
18083
87895
29316
-31594
56281
42990
-71103
56688
-77207
-81040
60973
-47259
-24191
62944
-57161
-92891
-31871
-91106
-28887
34104
-23242
44770
-33040
59646
-32783
53124
97479
-40303
20163
-59529
79684
-60858
5144
13398
-65857
38483
-64402
38614
-13093
-14134
-57616
-18148
-90894
18819
-47245
-10904
13089
70872
-22836
-9938
-48915
-92534
37451
-84795
7376
37826
-41575
-42759
51492
-93839
92010
48123
45035
-68904
57054
9912
-62472
61284
-63494
-29498
-98946
72945
38909
-26117
-26508
-32849
69026
-7400
79137
-71838
13618
31715
9417
24131
86595
27858
-6924
9924
21136
-42205
-35689
90033
-39754
88137
90978
81138
-81079
27456
54885
-98323
-26095
-74751
26208
-37752
78372
82898
-37659
-12468
5729
-98635
-73876
-99803
35910
92928
60595
-7802
1455
-29492
99472
-94039
-72468
-77561
-20204
18804
2877
-75483
-8482
67575
-98708
-71565
25209
42258
70472
-38388
-18317
39604
99449
47012
-50693
-83715
85445
-67838
26549
-61755
59998
59978
-57826
41974
-17755
-87048
57815
-18540
-94017
-16215
84624
13342
-76718
60947
32402
15116
84765
60437
-75608
-42121
36722
34025
15019
-92392
-16688
25014
-12951
-59224
5153
-56701
-58126
10663
24268
-62331
-43586
-25159
-77832
6809
-33858
-16854
-74785
76877
98877
97234
83786
-55912
-22221
46356
-79442
17898
-52953
23360
-4253
60766
8445
95448
49533
-10803
30115
39856
74761
-12484
56660
70639
-13274
-64971
18632
65266
45885
8435
-37128
-96241
40862
22838
-55023
5558
-42760
1527
-14411
-76748
52533
83510
33256
-71087
25264
-19537
-21347
90394
79636
-50261
-69026
185
-35310
-27662
41810
-11392
83710
-69411
-13202
6852
34311
91914
-29701
13094
-21039
31338
-22977
-39443
17073
10932
39307
69455
-46588
40252
92768
-22193
-90260
-6498
88447
40320
1320
87060
10764
-17049
28239
-95704
-37090
-81794
-80983
15683
45030
80725
65002
-2269
78713
-70893
29004
-36309
-58693
-549
-50872
87508
15850
82634
15152
81409
8708
73500
97260
20721
2646
-54802
4111
32078
-45853
1054
-66987
-43038
52269
74062
16443
90281
68322
-68536
-75589
58945
4198
-49221
57571
-68866
11705
18212
-18159
17114
51589
78600
-30131
-10679
-8441
90909
79043
30635
3031
-51447
-22693
36187
46165
63042
-85705
-95388
-55694
-24172
37321
45652
-38696
-49087
53966
-55192
-12937
45506
-66582
6566
74478
-14292
-43551
44170
42642
23534
-67793
-85992
-72867
53495
90054
85840
-50570
-60108
48546
-92608
64024
-56137
90314
-67469
54498
-45005
90404
-29369
39868
69540
31541
-1763
-39840
98251
22197
-95831
-46644
22871
-19061
70633
-3901
32607
-27734
-63118
56570
94476
54279
-43931
-83802
53332
-38986
68865
-52641
73313
32160
60114
-58191
80784
94179
61064
-9408
2836
19462
90722
96213
-68421
74392
85065
18633
52233
9572
-57543
-19060
-26944
59026
99738
86803
56577
94493
68653
42140
11788
-48724
-99998
21535
33060
28304
-41146
80083
94094
13273
50969
-61543
-7305
-13739
71101
-62391
56629
84774
-30773
67352
61542
86015
-1920
78947
-31755
-14725
-97515
-68838
75899
90458
40108
-78773
-14399
33048
-65498
32138
40548
-61653
1361
78331
-86638
-52710
-49345
74108
-65360
40245
-49998
-25615
60382
28725
-44813
-41427
-25774
83120
53442
37177
-95711
12088
51687
-3195
-61092
1618
97959
6761
-23401
79694
6354
-81962
4997
72200
50553
-20835
13887
-55303
894
44123
83683
-12230
59907
-78975
-28967
68183
-39548
-51332
-18895
-46516
99969
69509
-45976
-3297
41363
-93945
-27382
-30951
-50912
90919
18481
-69086
-30806
93749
-95125
-39624
-65407
20591
30010
-32756
72409
27884
29684
-94791
16310
23212
-20213
-30943
89860
-83719
46247
58406
71811
-40263
-27281
21698
2847
40659
89639
69316
-47203
-2244
4532
14504
65458
88605
6650
51601
76462
43235
-34650
-2331
95893
64866
-32313
33733
90958
-2009
-59241
71912
90037
7449
-93224
-21293
93323
-20854
92890
56631
37837
-7072
53849
-7130
60514
-33958
-21181
-7693
50669
-6655
84886
-69530
9283
-71762
54824
97945
-95370
-80526
56001
87795
656
3877
41762
-27778
-53732
13774
65065
51110
-55138
58476
-92788
-9840
-48670
-43873
64451
94484
9265
-85258
-94334
4889
51169
81750
83620
47948
97220
-86717
38499
-91075
56704
-25714
-50876
-11690
75455
-71973
-44912
-9608
18300
-72626
74876
-78925
92478
-76590
-33110
-39966
53282
83397
58760
-82719
-52784
63747
51670
5805
60624
-11250
-68090
-9834
58485
-60713
54524
20643
-46537
50155
54901
-59646
9695
1469
-26364
82154
-48741
90508
34358
17423
-45839
47985
53655
86273
-90800
-75705
57294
-45790
-36094
37239
31523
-87166
35391
-85474
-50271
74521
-7973
9822
56471
-19744
-76898
-98114
-776
-78900
-25804
84223
-20126
-28568
23611
-74244
42172
32717
60794
-57412
65336
-46847
-73230
-21096
52728
-47702
-82036
56899
66380
-2131
97841
-65861
55194
84072
-73543
-87989
-62825
39816
80379
73466
47665
-22329
78595
-74348
32847
43717
-42335
-8302
-8720
56258
53662
-74712
-8592
94390
-43190
93100
61289
-14835
6001
-51426
51318
93762
-46996
49496
82259
63831
3475
-31597
-41248
58030
-30320
-69229
18308
-32056
96719
47536
-15762
25431
-3951
19139
-37641
-7295
-52256
-92375
-79644
92532
-51491
-57545
38151
86560
76149
75258
24644
-76522
-19534
-16663
-67535
-28293
-16467
84906
-45481
39976
-15775
-48067
16918
13154
-43428
16841
-98203
-41615
91663
76609
2038
55327
-74108
20339
2423
-49266
750
-28243
-1355
1206
-84516
47052
28059
97147
-93112
-73758
18905
24039
87884
-39485
-93728
-16375
-13132
97068
99785
-57495
-41234
-58799
1685
-90714
94
43458
-48305
-7953
-15666
13305
11470
42266
85955
-78718
-43689
63972
-81429
59335
81247
-37754
-13518
98615
-88467
63088
60979
44051
-92066
95140
-13109
-66219
38786
49586
46986
-60355
53604
-7412
49027
66937
-37016
-79291
10947
-49872
-21428
-82070
35422
-20245
-96751
47293
60708
-90208
-63373
-92790
27507
-54435
9299
-31831
20198
-63667
-44490
-19825
3947
27562
-83994
73488
-94989
83200
98614
77429
-22590
75930
9187
27957
-37978
25995
-91626
91220
-35516
-28774
-29178
16789
-13106
-29301
61115
-49123
79568
-20538
79021
23334
-41366
73959
57995
51100
6232
-97567
20567
59032
-47059
-20081
86894
40630
671
78681
-94682
30165
6395
-72641
-112
-20502
75513
84997
79836
75265
-12758
-3333
16284
-98286
-370
59176
-95263
-38596
86146
22035
-61887
-71520
64726
-17171
7739
41693
24701
44254
-4495
-77981
-50531
15274
54867
-69322
84423
-30400
989
92097
35328
-76897
-39626
82196
-9986
-14235
-50823
53820
-41298
-21386
-79855
-35458
-78414
-49595
39550
76720
-98199
-6846
76596
-53773
-8090
-87264
-50270
-25136
-85630
12354
54352
4526
-31092
89089
16417
72557
-22369
76380
-40776
6883
41101
6909
95991
67185
31031
63012
67875
24833
27070
53426
25891
-53474
-27756
-32492
-55449
40815
-14612
93066
-91930
18641
-3248
94483
-73601
97680
38992
-84873
-99583
-12222
-50984
-18383
13190
28161
-68069
-17482
32890
-62461
91244
88998
78330
-73192
38699
398
47703
-11969
55004
51672
-43207
88548
-51437
-7792
-16480
35962
34828
93971
-7610
51889
90583
96278
-31711
-59500
-19984
92816
32004
-66813
-16980
88389
37797
-67768
22928
45105
36985
91863
8508
31437
54140
54374
-8187
49856
90701
7271
86624
-87515
44853
-26273
-47751
-80779
-40824
80548
-74845
-9775
-56476
41271
14187
-1041
-40298
-20869
41349
-91170
-33379
99346
71656
-31113
-75898
-39021
-22539
51298
-58122
-25943
-26990
94530
-35642
41227
98518
26686
37832
-11565
-85475
-11155
-23832
-17282
26042
22493
42094
23871
98700
55872
31136
-29696
18921
5236
-61435
91894
44024
-95634
-22524
21087
-93157
-67838
61162
-2597
2953
97489
89098
-60828
53753
-13425
55614
77484
-77510
-26641
-42548
-22638
-85024
77870
70309
-63424
29208
-49863
41543
81827
41373
-72644
-60351
67144
-36285
37961
-92522
86096
58929
-65504
75515
-53616
-21972
22113
42491
-17337
-13362
77707
-92933
-12676
-15339
-97360
-74793
26676
-91305
-39305
16426
-10547
-23661
89677
-94419
33338
-76701
37994
31543
-33572
93711
38396
87970
-7367
-31237
2290
84238
20315
-55744
-63130
85375
17031
727
91303
38050
-55911
90161
-19038
-83
26809
57701
-64979
52067
34108
-831
97457
69687
23705
-11775
60273
31432
-97211
-68130
-24901
-84149
-20626
-195
41769
58311
39505
-97912
90004
66617
48889
-91046
-90281
85207
-40811
95124
-64901
30130
-43148
-13043
-29884
-56268
-55265
-12506
11735
61065
34003
-21189
74822
95323
81945
19829
-61318
77301
-86204
-43908
27324
-89847
-87929
74442
-67232
88269
31856
-85221
-92914
95295
22789
75072
-46354
18057
26041
49555
14895
26945
-52021
-39739
7669
53511
40572
64531
39517
88721
-89045
-5545
58158
-13564
57230
-38085
-29219
25848
-97777
85448
-36164
-76130
51521
98204
30849
-37442
25085
9018
-26129
-66216
99357
-50372
-40541
70380
-58476
-72605
43709
75542
-36375
5007
6313
64529
-76146
-96438
-96119
61468
-42783
-85634
70721
-70663
-41794
-26489
71326
33618
47679
26467
84004
-17417
-20079
13190
-54670
-89150
-82444
-38133
94740
88156
-42289
71300
58277
31576
-74067
94450
-70177
-60995
-17576
94992
36289
-26719
27216
54346
-9445
-70800
-92888
78603
-53063
96204
-13250
82164
-31894
-77682
59861
-13656
-42644
-53205
64785
-63356
-42635
-74253
66830
-57300
-21344
16370
47068
-40128
5683
96953
90139
-62738
-8695
-17545
90096
59490
-50656
9984
76641
14808
-2303
-11536
4179
-29231
79816
57513
-15459
92131
41423
-51401
46984
-80021
-43717
59477
43685
78047
-3486
42505
-19573
27838
51608
-41494
-53332
-35480
76949
16002
74387
22858
10564
-39154
-34499
33457
78890
-34654
-2991
-39936
-975
9961
-63172
2109
-42479
-29494
99629
38981
-29862
2343
4650
-70624
84576
-87937
69454
92143
32707
93363
2976
2114
57561
-69338
-60272
69894
63483
-22339
-73712
6107
91881
54982
-78964
98948
83355
-98764
64968
22968
-13787
62152
-24555
38613
71685
-7412
26224
-67916
52876
-518
-69705
-35497
-86873
-37959
-77623
-32577
-34422
-441
-77640
93851
-44680
-79310
46061
-20134
-29584
86784
-47399
19105
52343
-42834
-36524
-95464
53759
-43755
-40428
-32417
-71375
-13271
17739
-45665
9692
-54116
-62692
-17221
55737
88224
-10628
84004
-82726
54601
28066
82316
-18577
31248
-62486
3506
-2763
52
-92212
-69476
-89284
10554
-45517
48355
15763
-62378
97405
-55512
-6894
84386
-42674
-3036
-23485
-66229
-32303
-70755
-73875
10955
44556
-61707
-42049
48464
-38497
23837
42582
-16196
-68391
74982
43755
3846
-26569
-80008
-69476
58429
35258
76891
-60715
-33683
35428
62387
4123
-55014
83918
-37559
-70283
-97879
30761
-91708
-18889
45918
-50929
-35914
74604
-91200
-68091
93074
11295
-68327
60688
-22020
5446
-98982
-20816
90617
70476
-71781
-61250
-25595
-56518
98367
42013
35268
45889
65206
1568
-60272
6950
61980
-72648
-13007
94282
63038
-24872
71466
23573
-6211
-31833
-16656
81535
22732
-87775
-94730
43962
-20140
-98485
87971
-29505
-63178
78545
35621
20468
-39376
-97155
-96929
13431
99225
5206
89022
45898
17862
-93485
56745
49691
91407
-22982
56343
-41618
72620
41050
95674
-39831
-58568
54817
87449
75900
-82920
21339
-30853
-81941
91317
-58552
36991
83897
57892
-32616
60361
-23694
25255
-95739
-70185
-83306
22349
-80371
61553
5277
71348
-13685
-2177
-43797
-23505
25649
-19084
92818
-97406
-32476
-89624
68286
-13238
-35468
-43452
-93887
46074
62583
-49641
-34948
-33216
4545
8965
25638
52998
-99583
-7650
88572
54740
57275
-36275
57157
-17134
-59619
7271
-55487
-94613
-74303
-12573
-35922
6094
61566
85161
-4810
76878
97963
-65405
62776
5289
-17294
-8208
14641
60006
-45300
38039
4807
-22633
-4066
7001
8434
98302
-1936
-25665
-73529
41356
-85050
48850
-91870
88965
83357
-41974
-528
10623
-82045
-56674
70231
-53624
73811
16698
-78334
-21849
35212
34831
8716
-27909
76430
-8380
-91000
7745
-27536
-59318
58923
41585
91136
-60659
-89385
-32185
-40808
9862
-67068
56095
-61671
-30995
-76467
-15303
-80633
82636
72917
-26531
27521
-64977
64020
66840
-95333
38776
-59838
89892
7834
79951
-35362
25253
35019
36598
66779
-87088
83328
-27782
40680
24422
2152
9861
93466
3806
-96758
85713
21497
-74207
-18402
87159
-67356
9903
95112
53349
-78431
5279
-90638
-74962
63365
20995
88004
-3460
-69508
82858
-89917
86560
5174
87999
98243
78730
-27537
-71602
41546
-40428
-88168
62247
-11645
-25352
-26521
56731
-88037
67170
-7944
-88029
13052
35425
96478
-54816
-60956
86775
-4469
-11202
-25183
97231
-4969
68081
-60309
70158
46320
63457
-9186
-59198
98143
-3358
40402
42231
78707
73564
-71911
-82328
57676
24778
34580
-93997
77125
-8034
-60622
-81819
-23361
63937
-61306
44693
-85433
-67465
75716
81229
-6429
-60639
-35751
-20670
40766
87068
55652
-71004
-41171
48519
55124
-38927
-90851
-49565
53087
-37403
60636
-21997
24347
90252
46592
62722
-57091
-39433
-62793
48675
58157
70733
-29779
57876
89282
-14919
39892
-89444
-13153
-41151
-34797
-27821
78185
23159
-5875
-38559
-44956
-39800
-70260
50398
-81175
-36687
-10742
-41191
-57594
-14702
13532
6388
8050
42523
51963
-77652
82411
41570
-95631
-45897
10734
64151
95901
-9146
73490
-18737
-53982
1578
-13246
27068
-7438
-941
38805
58750
65906
9715
75980
-94638
89867
-72448
-17817
25000
-33587
16153
-19356
-7597
-92737
-21312
-68523
74458
-64505
-52602
99165
19755
-66254
-25276
85767
-27665
-64991
-20987
-50622
-6855
13649
39425
-74115
29528
-72123
-54140
48283
66315
-80046
1454
-37805
-38828
-25145
-56045
25639
50085
60407
55362
-46465
62071
-13084
-95645
-95070
11898
-91063
-30982
82128
-12697
-90108
-91448
-77570
6577
76190
30480
-18578
19865
45880
17655
-13269
69153
-7595
90884
-66786
31000
-19586
-5880
-57840
36500
-50346
-10985
-61379
22398
26362
-81228
99025
-98681
-26924
2827
-30142
-46023
-54787
68759
-57911
-2264
67276
76324
77822
-97529
22208
-9489
80335
-33322
-94907
-49047
48540
-66695
-93338
50010
59570
62629
66896
70114
9187
-37901
-79617
19739
71423
29975
-55224
-72677
-25295
-16982
-75583
96470
2295
-38813
3088
-16480
-41153
54052
32527
-11761
-7717
66096
-36903
63167
-36895
-62789
66868
-67857
-59998
-22374
-3557
65224
-34171
-74022
-54618
-40770
-97537
-89300
60440
78223
77552
30589
53125
-79895
-59107
-44188
-56930
-8984
42374
-41739
40283
35517
70884
-77005
-1149
1578
-35135
-14814
62043
-8791
94579
21817
-83543
-77267
-75658
72502
31715
-44416
37797
40844
-57031
97419
68757
40760
-15364
15156
-36786
60593
88617
-43678
21863
-76162
98710
56092
-46787
6305
-45896
25231
49488
-20559
-92593
-36626
55162
88005
53934
9524
26188
70028
-99094
-32571
48966
-58566
-29537
33586
53171
-72291
-24422
76507
-26145
-23090
51494
-89169
92022
78018
-19594
-44017
23419
16320
-74772
-26671
80161
-24723
49220
44129
-38327
-48829
96672
-30527
72985
-29984
48496
-43792
50357
-32517
-20803
-48983
-8931
-31503
57555
-1534
-86813
4734
-9591
-26699
89543
-77689
-21842
-99204
67505
40979
21266
88597
54218
-5734
-88082
-40987
-44105
-24330
-4751
-7239
-16525
66358
-96345
-88153
-16441
-66862
82952
50131
2345
2936
-30245
86094
32879
65348
-97147
-73192
-91026
-87409
-68558
-74810
80883
-20321
85343
-9473
73117
-4676
-49919
52896
87061
5282
-27051
-9345
-72660
49938
38213
16077
-89073
2307
-6092
81749
-38679
-54090
23910
57889
45334
14311
97679
-89541
80831
56287
93367
38353
72406
41830
-40378
78706
19247
80086
-34703
23285
-23238
-53
5569
-84296
12313
80119
-18627
-60026
-27230
-71278
74356
-94254
-65294
-13330
-66007
47072
95788
-17304
-24229
-80125
94029
-18949
-93073
43393
-44243
11054
-98948
-48558
-63915
88878
-72141
75975
-4361
-79242
-54359
85512
48142
-12054
18435
24438
-60717
81604
-73539
41583
-71591
67877
72599
77871
88198
-5875
75100
-42988
-68498
-81370
68880
20026
19085
67770
-77579
-10940
82465
-67130
-38534
22844
97506
-5658
-68991
-46190
-85217
-72913
-19253
-37823
-57546
-33957
43651
32399
-6160
-93665
-85917
89459
-78793
10073
-45305
-58416
-20940
80357
88460
4832
-1655
93775
98660
-98452
21032
84130
-47110
1975
34446
-7201
-92996
-31237
91104
40138
34122
-33589
2720
-1826
18297
-68201
10380
-12192
-99388
2190
92371
-50928
-71473
-1122
34869
-37700
50073
215
-67338
-13840
-16001
-10067
49982
49032
-60889
23580
94736
-74266
98383
42086
20517
74558
-57870
-13640
51940
58702
-72620
-42965
92737
-96469
-54101
-86747
-20241
-14857
-78038
-17888
-75133
92975
-12822
-66237
-82265
85921
-5641
-24212
68983
-47622
-47883
-61745
-80133
-66627
-41618
58232
4417
-55216
-72135
78636
-81577
82993
-27449
-37011
-9182
-66234
-85299
-28899
40862
71057
57994
36602
-83085
45314
92852
58888
-71312
-35034
16963
89740
53798
35710
92121
63732
48164
6250
-59508
78036
-52982
-54140
94226
-58229
-42676
-35894
-65336
-33788
-49019
-67213
-31073
-6248
-92875
-26462
-62877
-56239
-73575
-79880
-40215
-90358
-59034
-3004
-98475
-35406
-85855
-64490
76677
52207
68317
-94031
-23714
80543
13522
-86754
42673
90297
43095
-74915
64457
6098
49661
13751
-92269
-1412
-22457
31407
-3926
45257
18825
-84202
6015
78573
33244
-98754
95010
-30783
-35973
-26298
65391
30628
-16835
-3820
8663
-84356
-9361
81314
17802
-58982
-39859
-61201
20414
23419
-44323
-14059
-72929
-54805
-73879
29434
-10925
81605
70807
-66912
46440
-36779
-73242
37400
92573
81630
55175
-55596
76874
-32905
-49322
-23463
2220
-84976
7603
-24557
32145
-28462
-66495
-19454
93724
-40347
-49541
-77293
2166
-14069
57454
-41334
53650
-80279
30295
-17574
50074
41318
4761
73367
97467
-48084
6618
33090
-96694
-24372
-15748
-25980
70673
-6210
-22221
-66378
443
-56187
-71160
48349
-54185
-93647
24105
-49037
74956
67902
8874
59744
48026
-30246
15068
-20856
-55032
-74684
66504
36925
64432
-62960
-33463
60949
-55709
79751
99395
-11817
85178
-73237
33476
61647
39674
98072
-23947
-67647
69475
75333
47612
-46854
82709
-44758
-81038
21889
18336
-94660
79292
-11539
88742
14804
-53112
9424
-15249
78317
33766
-36463
40201
16332
81344
-4328
-18534
2874
-67720
-80286
25732
44461
-76132
-51852
-41229
51589
71880
-7380
-95802
-29902
40729
-73486
43095
-14286
-97655
-7090
23273
-86216
-78420
50516
23981
-69336
29830
45562
94001
79999
37447
-27830
13286
50448
-59740
6130
83148
-91287
-76270
41209
-62852
-31084
-68191
-35892
67153
-60551
-25996
-31497
-94412
-96735
-7271
58607
44035
-92523
-25975
48587
46622
36389
-18435
51731
-60274
26052
35882
-40847
24785
-75759
17499
8900
84294
-38928
-40917
532
79857
66391
-98917
55007
5996
24165
-10346
85650
41643
-68948
83454
9491
-80982
58703
84402
-63173
-2763
83463
52383
-18975
50387
61120
27264
-86510
-18224
65248
98739
-80164
-56730
-53593
-81543
-69175
-9208
18481
-71862
-84630
-53750
74009
-26989
-34231
17200
-22472
-73843
-85120
-75823
-21749
13179
34983
-15129
-40718
67776
84328
92534
-71211
-12838
20080
74775
71329
-21761
-50754
-76959
97584
85010
81053
-24462
13319
93890
-99602
73823
-87944
95616
63839
-35082
43112
-76134
84984
-73428
-68821
22969
-94188
-77976
5259
-59597
-45460
-79766
97448
-58482
52751
80922
38713
20562
70446
-95447
-62543
17034
80595
54374
51772
83351
43634
-3617
-54936
36976
-21416
66929
16673
82617
65280
53231
-48299
-21377
-30075
-63893
-51338
-26930
-83599
99364
28637
-19728
-85453
-87860
85388
-91710
81199
98036
58444
-6028
-46224
51350
82101
42524
-31943
-92161
-92980
56
6393
94743
41158
-67458
18716
-61490
43051
83746
20862
15333
-30122
-40604
-72966
-63274
-37927
19282
-71839
7713
74301
52129
-54074
87349
10854
6244
69046
72375
2581
-77849
7750
-6031
-93368
29611
3716
64474
84540
-64899
-5809
8126
-14061
-779
-36029
-85494
97872
96968
41612
-58634
97534
-31285
-98020
11215
20337
85125
-28809
-69024
-82140
59631
-96981
-67652
-67583
50122
5854
24811
-71872
-75747
12352
14639
28967
-38326
-53601
-58319
82927
45324
-60840
-24883
-77177
-18161
-93909
23415
13553
13228
51944
-38968
64395
-46144
-39930
-36631
-66200
5224
73747
-18022
5341
27226
53893
-62752
35992
98531
-43282
99273
70890
87225
-74418
-60835
27749
18556
81922
74531
4256
-68146
84251
23244
-69865
69707
-39350
-52991
-3345
-22617
-98313
20228
43608
18531
17776
-32699
-92404
-97492
5502
-61052
80180
-92080
56852
-94499
-84503
-89955
-28511
-1355
92311
-38760
72004
-45121
79998
24023
8031
-69012
-9966
3964
-73147
62445
-85757
-82354
6925
62246
72855
4149
-8824
59952
11570
-29934
69903
2507
-7304
-94407
29749
-993
2249
51980
-26533
81581
-59477
-21451
69411
62807
3334
-22913
64061
18120
71496
-25967
-94947
-24959
60776
21385
-87987
73729
-8248
-99471
96094
32720
-99020
45473
41402
-20951
-51832
63985
2645
14082
-24338
31896
85698
-12551
43459
73702
-49374
-9059
-2661
-66342
-78281
-56939
-31397
-96479
-51946
-57743
-65083
4332
75451
-54773
-43183
41132
78454
-26855
-24650
14573
26884
-61485
-33272
-6452
3961
55227
85307
72470
-22248
-47539
84869
63295
37829
-93691
55650
-47044
44561
-31160
15665
-56835
-7563
45616
-70148
-11318
-86118
-89097
-62315
1209
5909
-39361
-37605
-3510
-70544
27515
-51812
24415
-37597
6846
-85292
47515
-94302
-93346
-60908
-52715
-57200
2500
-74178
68537
-54831
-96173
-15123
47995
77821
18483
-74575
-13383
-54224
-62791
59575
17325
80446
-1995
-39352
-24757
40772
-31657
-37016
-60035
-83559
23678
6750
-73863
-17948
69535
86484
57211
-30777
87822
71828
-8796
-27591
-8980
-59406
-6353
-3534
60078
43913
-81140
74047
-13563
47261
23323
98549
37295
-10016
-85242
25986
-69734
-21808
-30469
-31585
45680
-98371
-6075
-13598
73284
33960
8134
29679
-39273
88327
-55789
-74226
-50682
68774
57324
-27111
-73388
9383
-71658
-39860
9552
-44246
81047
-70337
-19805
86855
77070
53871
56440
54776
300
-20168
-40952
53076
69075
25823
-26431
42230
-3895
-9781
59602
57596
41752
85780
-171
-2389
3334
6516
92314
19760
-3796
20699
68620
31426
38198
9502
-12797
-56093
71094
79311
93925
78020
15652
62247
83577
-57336
11894
-16864
-12086
7201
-31464
45984
96052
-5289
68937
-95857
-6770
71335
2450
99081
20276
-42936
-30749
97455
-47953
12681
68363
-50216
95939
76053
-77165
-41626
-65962
79321
-80008
74739
-28424
-80452
-17916
14953
5331
-86515
-30968
69680
-37456
-84741
-64136
77315
71203
-77251
-46045
-91428
19541
-24238
-8371
18894
53996
59170
-63701
64689
13657
-36348
25210
50359
19325
-10727
4476
-46563
49465
-92523
36560
55806
-27440
-23330
-92052
-23621
-23156
67770
79795
-50934
-74031
-58483
69679
12018
80242
78783
-99462
81207
87859
29032
46443
-97481
-59631
-21507
66887
-55472
65769
68418
11179
-10833
69942
-92243
-60638
-97482
74040
-41639
34455
12489
28655
69283
62564
26806
-15610
-39067
-73656
-96130
-54195
-20723
-48520
-12476
-11425
14105
-93300
8273
-76445
22961
7962
91458
4333
47008
69216
-30641
58948
42609
-59814
-22408
64063
-26014
-20300
88910
45512
8391
-3174
-23973
82498
61566
-83669
48495
-52985
15371
-42101
5000
28170
-74736
-31081
59677
89308
-85014
-22220
-91193
21578
-39894
-4480
70284
-61725
3758
-16470
53130
-38377
-31012
74270
-89731
-58950
39930
-17128
-62931
52776
10605
62234
-53322
62275
-94195
69049
-64587
36056
-84447
24657
49676
8288
46268
-25064
-94253
-95454
54771
71376
-59812
-76939
62265
42966
45088
49188
19738
99608
-56182
32682
67024
84132
-7968
-38820
72901
-30757
-8822
51174
72998
9284
-94335
-7187
99488
75453
52757
-59308
-80901
56716
-54822
69659
-36785
-82605
42480
30369
-10970
71458
15982
-50614
42928
-49754
-77333
81915
40157
64704
80680
38530
62683
-88911
95645
-22765
63276
-87311
30751
-32531
-21022
-77729
-45142
10204
35834
30610
-69359
-67177
76499
29581
-54401
25929
-13239
-61487
-91479
-72147
97523
-61747
-85742
22930
-3915
15601
43194
12222
-74686
-28192
18916
-98449
-17679
-99900
-88317
10684
13051
-44997
23232
86171
-41137
-10898
43818
41979
46226
74819
40763
-67183
71606
49832
-84093
8433
-4234
-42032
16052
-49838
18027
827
-43255
-96012
78350
93933
57299
5469
-83381
-59648
-79135
25534
51198
7765
-80309
79349
17484
66022
26651
55404
3873
14647
37017
-29090
42497
-77909
12402
89722
38029
30835
81860
-93280
-68075
-73247
27849
93384
-4780
-17509
32221
84162
-19188
94187
57005
-71208
8639
32498
-97154
-72369
-29177
39933
-55145
-55923
93651
-80720
-32179
7316
85694
25758
73385
19244
56717
-89477
-55433
-13473
62341
-1367
-64850
-21858
-98969
97198
45879
-47103
-63415
-77753
-12517
77228
-56430
1877
77518
46285
48466
10038
50770
-54527
50044
46383
-43318
70294
-14719
48453
-62564
-80085
-48695
2731
-65087
51764
-79344
65813
-94036
71322
-23588
-99542
81300
75135
55703
-26151
-56096
-88545
56205
16067
14894
-15470
99970
-84650
54657
21294
45489
89977
-54715
57801
30493
59043
90623
92380
-85802
-72953
-88875
80386
22091
-13206
61495
-24800
-10170
-2668
-62295
-82208
1736
-72732
70511
-15083
89793
-63106
16084
-86077
-30740
28256
-82666
1206
29893
-4013
-70287
11408
67368
-56771
-70714
67745
82311
-6509
-11608
-52818
16776
68523
-85948
42900
74425
-58001
-55126
-20730
57841
-25682
44028
28659
-44668
11404
-31567
-11517
28834
-39462
-17913
81471
-77940
82497
79299
-84336
28980
-92841
73958
-94625
46769
-9708
44590
49372
66012
-27298
-85307
-32293
-23286
74560
-5429
28312
38629
9273
95419
62875
23657
55537
27004
71222
8057
-43642
27910
-77844
-70565
-26171
-91153
-2580
-91881
66997
-18095
-28102
2791
-66484
-92390
-48721
1755
67397
-98064
-74473
-26292
6089
-16321
-49800
17274
-58038
-96928
-1038
-75131
92591
19623
48770
42884
32297
29321
4896
68806
24869
-30040
99657
-5917
8410
43517
-34729
26877
44290
53537
-61045
11160
-59995
70072
63277
58131
-18800
-40070
-65398
16579
51685
22495
37405
80555
2764
-2777
94152
74393
-10105
-78845
-14527
-86560
-91740
93859
6218
17325
-33397
-91875
89240
8648
-24713
70071
-6123
57193
-7998
71249
71233
57460
-89128
-55246
70772
49875
-36594
67309
-80322
96175
-23477
-77777
-78545
83211
38756
-46424
-9422
75773
-42746
87892
8340
-88951
37900
-18907
87331
-71781
42801
63503
-39759
-26655
64223
-82960
-29512
75779
-4634
7769
88151
-4928
97480
-34883
96122
-66586
15537
-14155
-66087
-10899
-5949
-35347
-54121
-65231
-92080
34479
87498
58635
-49759
30218
-5478
-62709
-37197
30942
14978
-7469
70977
3079
-33868
98387
-15300
54884
-34023
14748
-54568
-71805
-1226
-39069
33664
-85590
-32342
-78955
-31766
-252
-24684
-86703
-53948
-43673
89105
-70905
46990
65278
-51549
69419
-94847
-56616
-35923
37525
-80595
78476
-33510
2872
47456
96966
59358
-88707
15490
15411
8148
-14917
-27202
-62715
-56633
-98475
-32037
-38941
-44404
83825
66025
-93904
-18292
-85296
62358
-40393
-48992
-78705
88288
59440
8917
-74567
37669
40177
-31921
53062
58902
-15052
90569
28085
4170
92609
96058
57153
71598
-56200
80851
35907
-10981
-79683
-29147
58724
-43648
-97792
-27552
-79812
-89858
-22489
-8649
79564
-42541
-31845
87967
17364
-80787
21164
-78923
-69742
-672
-72606
75071
-30631
74099
-30239
-37622
97034
-54699
18168
-43853
79537
96301
-69178
38850
-9346
29903
-59959
-91983
-42146
82314
29252
-98934
-99595
-63842
62476
55790
84027
43147
-45456
31602
-87248
-64764
85187
-83485
-35715
-45886
34696
-54038
-59415
-28746
47032
-63989
81012
-63594
-50190
57479
-91501
9753
-34368
48226
76041
-40962
-4607
3455
-30753
95685
-61959
4711
49216
-3775
49714
57064
-54541
-20091
-29300
-38374
35125
65724
12648
80445
-94670
-49067
-44051
-94146
-66016
20827
-70667
-97320
47032
30754
41112
41431
-41070
77597
-68461
-54088
98781
30605
95572
89197
-69000
69076
-77596
-78019
39599
-79512
-10511
13383
-73899
-30046
-75721
73254
-71110
-38666
32971
58736
70537
70653
82884
-35111
-55167
-70545
-25466
-90955
77902
51116
-43092
28315
-47613
-64007
48465
27493
-55562
-29624
-57541
-69357
-4807
-77457
-31771
38671
50800
22331
-81432
47755
-57900
-84450
-16955
28743
66883
-31613
-14063
69614
-64063
96898
6846
-22816
-2097
-8529
-74814
-5621
60582
-11315
97509
-79566
5776
-17440
-33684
96464
90084
-15200
-40227
-55083
3932
-47991
71471
-75057
33108
80016
69520
99876
-96799
-28752
56018
-61572
-41204
39905
28659
-48005
17130
14698
95559
-30036
59097
-14962
67396
-16007
8857
2786
87210
-48170
37060
-26754
1741
-94082
-28372
-52846
92160
-49962
60623
-48112
-31776
-40659
88633
-3001
-53446
-35099
28151
-62064
-11238
-3157
-52749
21665
65905
17185
-61775
-22977
-93406
97117
-9563
-25520
-62615
60171
-88722
38094
83048
22062
-43021
-70120
-4976
-90429
-7271
-92446
-40408
-37178
73118
54925
-47043
-36338
5973
71954
-32985
80211
74110
-75241
62771
-19248
-17023
-49628
-1934
12355
-48633
87791
40733
22994
94837
6355
-15901
78792
-77626
-44321
-69807
-37444
29444
-54133
-32035
-8686
73443
-17978
-96433
-27237
35322
-30998
53453
60056
77215
-82863
-95807
-78820
18845
-62463
-62871
-98097
-4396
-62077
84730
91022
89774
-53423
-60622
-91344
-38470
86061
77945
56484
14374
-30194
-13901
-63690
37085
77173
-57307
-76496
22331
18783
59073
93597
97001
71635
-11504
54697
35802
-82021
-1862
-88284
63457
66831
-8139
33829
68332
72716
-44536
-68533
-58847
83780
36219
95775
66579
60975
99677
13013
-30687
4064
82161
-50895
-33365
-63246
-32586
45191
-6414
-68703
90514
29083
-31157
87861
-76966
54822
-35584
66584
-38719
68282
-28476
85577
57114
50877
84880
50473
-26101
44113
-354
-38285
78800
47188
-67327
-7927
77673
62723
-27361
33833
-84062
-13063
-79411
-68546
-70915
-24618
52997
69907
-1283
61755
-14010
-21342
-6383
41713
14152
-26485
32156
-56471
-20325
-15008
73437
-89954
77339
-35491
85824
-71594
93394
26037
-6208
-13112
40042
67207
85495
31960
53965
27888
98563
44606
-79589
-27463
-82089
-48060
-30585
40433
-32229
73902
3535
-36714
24577
-26189
91798
493
-42522
19306
25631
59953
-31584
448
87336
-37080
-26390
39717
55329
-87792
54185
78663
-76665
7481
84186
-65225
39202
-43540
99931
-84953
63255
-86839
-64558
57556
-18966
-66065
-89922
-703
86997
-68589
-27880
68505
-55171
-24332
-65627
-65546
-97961
73829
97051
-63937
-4777
841
41069
51179
-36272
-93155
-60427
23077
-91155
-47569
45886
-6840
-41654
16877
51307
-4407
-71760
97176
-98426
34484
92971
-69992
-62167
83791
63626
-28120
11651
-75237
-38029
-54351
80327
30968
61920
-4171
-51145
-65560
18874
-6686
37385
-78932
66512
-80825
-17293
25738
51572
37986
-64616
18928
-36750
2455
39055
9010
67950
-30850
-10292
-6416
-57703
99027
57453
32915
-55665
-61167
27555
-89226
48529
82264
-89093
-25375
-51430
21194
-56248
-52432
-84640
-16714
-21905
-4590
7336
-59988
23887
69997
16070
81456
-43446
-70561
27888
-94263
67125
88032
85118
22713
3480
-29309
-16383
92230
-92830
-75365
21821
-3337
-42644
-27654
-45116
21467
-66840
-69739
-54480
-44222
-23002
67
-68484
-38513
17666
85028
12351
15397
-80978
-13538
-5753
-22593
-5352
45379
67342
-85540
79159
82255
72092
-85097
-17609
-48883
31416
-46508
65407
24856
45132
-22569
-52773
88511
-70124
79663
-90997
-54078
26754
-10033
35495
-56071
19890
88956
19949
36756
-46779
-52702
63273
-56835
5980
-71934
-56000
-85606
49075
-91386
-84456
-65874
-45481
10998
63335
-89953
13701
19330
-93481
95826
-3807
19583
33619
99570
42000
-33425
-51407
-33904
34290
-29255
-2052
91877
84607
-34249
17372
-80014
61501
-80274
-89500
-14136
37083
-22695
-57223
39460
18030
-65506
71514
72306
62533
25058
-31857
88946
-97046
-99272
-10830
8184
-94728
19508
-30956
-91571
14804
94878
-36850
51
-81527
-91006
-58010
22086
-316
41189
-7462
-36930
-67863
-32750
-95604
-84719
5263
33553
-24887
46390
53023
66873
-63625
-8829
78980
73437
-83941
-33864
-16625
97250
-27707
76564
-77141
36401
-39207
18661
-56777
-92281
-58630
-48546
35333
60329
48084
-16096
-91729
-54859
33030
-30565
23697
92884
37611
-80370
33062
-48372
84484
33258
99458
-25742
-54717
-52140
41193
-40323
37046
3722
10763
87797
77326
95965
-54755
-18423
-67700
-52196
-49387
-49024
9031
2385
-89214
72264
-39076
5413
-93627
29931
95026
-18786
46448
57951
-33944
35721
74809
-50820
-67618
-14733
60634
3464
-29795
-40879
65929
-86994
-81692
29055
14415
-52786
14224
37477
80776
64877
-23577
1590
94518
-99763
85057
-95918
57985
-51944
7315
-92084
64591
-53194
-82599
-93051
75964
6014
3807
15159
-55306
-85432
-48915
93198
-14856
-81119
75981
-90960
95649
17752
-49606
-30946
-58192
-30859
49959
-23566
-98209
30153
-30360
16904
3801
10785
-91263
-59335
600
36308
-50550
70019
-43873
-56580
17915
18372
-71663
2177
40538
26853
-77395
53201
-45826
64468
-55321
-26068
-86786
97641
-78301
411
73852
-84438
19984
25984
-28153
-46038
63135
-66359
-4751
-89844
49439
86398
18159
-43739
92599
-70790
-30810
-3777
-56321
43383
45848
-6150
18939
54722
66538
73742
26100
26701
89681
39531
50101
70051
51545
7809
11487
91382
39506
-164
92969
-55788
-52649
6119
-27912
13176
29692
89169
92375
51517
74387
-26740
41043
-5138
64987
-70862
85750
-19272
-93434
-26110
-68002
69697
-1818
-59063
-33799
-17711
-43341
-90596
5023
84398
-86213
58881
-91061
43463
6310
61038
-90441
58374
93285
-59287
64980
39368
-77961
19086
-21213
-53911
4888
92079
38451
-82568
-72570
91158
-20681
55882
-14479
-13723
26627
21610
-16130
72223
-38749
11950
-45192
10111
89048
-79196
-48748
-55162
6320
-38548
25247
-91182
-20799
54239
-20026
-19862
-76287
23213
-20927
86550
965
51525
6173
82411
-90412
-72403
-15642
51365
66280
-12303
-40467
-67220
-256
29496
88571
42425
91237
-66062
13266
41298
28983
-80467
49692
-49103
52466
51015
90099
-2173
32835
36350
93772
-67700
9665
-71645
-94847
-85273
65482
27373
-51015
47083
48251
-34966
-40459
9450
81995
-46832
60474
32147
-97276
77042
-25961
-1033
-85473
44302
-31342
-94167
-12356
60867
1075
52990
-36037
26592
98924
-85069
-61766
16535
-84061
26862
-61077
-10800
-95650
-6499
-69808
56410
21514
31483
-25962
-90180
-73496
35505
-98676
13738
85141
-65127
91774
79699
78004
35549
82738
25303
4602
96702
34942
87254
-55979
90929
21764
-57180
-34118
39587
-54900
-20264
-28470
13406
-9156
69315
-37664
88835
-53130
1406
69241
37879
-64050
285
-79104
-7397
38055
31040
18102
-39309
-1303
21319
-88517
40104
-41120
-60443
-84805
51176
85428
88142
27256
-82901
-31999
70922
6447
-74543
-12526
64364
-8086
32039
-57985
-27301
-35870
87177
48032
69775
37454
87777
89005
69400
-44148
44813
-32588
84888
62123
-51169
-84555
95121
-39213
-9538
-60323
-33511
-98351
-53527
66462
27946
84227
-57700
6183
56598
14044
78411
-59707
9687
41621
33035
-67754
-56955
-5647
-57520
83557
-81504
-47574
-27311
61607
43789
-86723
-5432
12625
74782
12623
-80875
29076
30346
-23877
-2878
-1098
-55044
-25223
-53727
77710
-68346
90796
13586
-22500
75894
-2296
31905
52611
65985
4317
5196
47587
29404
-76027
-19102
-98857
32426
-9946
-54202
-82744
-51184
99557
31635
-86932
-2652
-78104
-48870
-73185
-52925
-63035
8454
2460
45633
-38708
-80479
-83880
-6148
301
43503
65211
-77367
25416
-23944
94523
-60336
75472
27811
-11497
-34956
-69478
15678
43310
-37590
-45176
31771
87801
-277
62924
46292
-44821
56516
67547
16110
24676
21579
73073
32411
96652
17324
-55942
74905
63570
27489
-85852
3129
-2687
71168
29439
52346
33532
-25426
15693
-85484
-40106
20913
-35284
-17968
36112
87652
3357
22740
66096
74051
34096
92541
97594
-31962
35150
-94939
75790
46795
994
85188
79710
40780
-8027
-83278
-4407
-40401
-12474
-78838
19929
-73764
-11662
44906
-10282
-92503
62021
-53864
-14139
-40815
-89587
-83137
56640
28356
-51786
45463
-67661
-76840
-34600
-46110
-35664
-96995
-13158
33938
-57552
13901
-65599
98248
-93081
-91806
27225
-19017
79234
31362
91774
64999
9024
44246
-71929
-66282
81962
-76040
88848
40568
69937
-83189
88163
54943
-60318
-60892
12483
26743
-49912
43749
55956
8552
-77794
8747
-90006
-74530
-10449
-76003
78636
-49691
-56948
85029
81124
-1811
74473
-79749
88615
9197
62997
-4643
-7397
26084
-69547
-61925
63658
-42821
-15524
-7986
-46142
86151
53160
4137
11910
99178
-63173
-87385
-92652
15833
-7052
41956
50803
-1992
-19253
-47032
-94503
-74591
-17690
-38754
1943
33667
-44710
-1790
95330
5159
-43839
63289
11839
-32178
69428
-35045
66442
80695
-97243
-50709
-20638
28540
-59876
27015
-55307
46172
-7476
-17542
92835
63188
84561
-99473
-55599
-78042
54473
33537
-75507
-61765
53324
-9491
99993
86500
-25079
-35543
17174
84796
31550
74702
-71922
-82646
8019
48624
44446
-48573
-92076
-97010
-63362
-94900
30345
-83163
-31889
60060
-41548
87263
96832
-84704
42535
58665
-49540
-67719
66687
31458
-94541
69504
-65919
99694
82660
-69335
33359
36907
36932
54661
21382
-70148
-63699
-74591
54008
-49664
90726
54476
89153
27943
-69429
-90378
36104
52635
-69735
99956
-76012
7641
65368
6689
55240
-1885
-22427
-78370
30652
-11634
23067
-41863
66746
-92234
-20066
-39637
12370
-96366
-71933
-52548
-54566
-41246
63007
-92799
-62266
15173
-53205
19845
-99232
-47129
9361
-10234
-85532
-73961
53525
-93418
-54726
-66058
-68061
92067
-81648
61323
-90511
76880
-13805
-84940
-28016
-57279
79179
2551
29973
32822
98705
76535
-7522
-4145
-39443
-89086
71107
80110
-61936
-47545
88347
-85383
41514
55013
88616
49982
19433
56606
15520
-94606
2512
64554
-47719
-21934
-96273
67560
38544
-19093
10949
-74705
85525
-23756
-95762
3075
94551
26841
-72054
88612
17416
-15981
-94931
-98624
-51476
85362
17916
-35064
-40061
-84036
-63318
-62049
36433
9775
11855
-41937
-46457
-68829
29538
-68202
-9009
-74740
33107
56830
-58439
49691
53704
-30261
-15683
74435
30385
4269
98540
33753
48714
-80171
99448
66772
7405
-29501
65436
-39500
75089
-27842
43497
3264
-11037
15326
63407
92967
59903
-23485
92548
49480
3403
15784
88692
22669
59184
-47215
56965
9394
86070
42146
-70427
58340
-41285
97610
59826
40644
-8176
-78052
25894
34506
-9808
-49346
-98850
81927
77726
-47430
22213
-92989
7002
47986
609
89028
-72513
-89488
-57094
-99088
-41156
-92644
67170
-48886
-16339
-73402
-83034
60632
67925
-80797
98319
26021
-85702
-34795
-21483
-99358
94302
8867
-51295
-32024
-5099
25928
-9859
-35623
45192
-70617
17883
-70428
-27644
-99620
-53377
-67162
99967
-50131
63753
37998
61802
-41761
42467
47385
72748
21797
-56637
2140
38336
-41997
44509
-35103
-32276
61490
5929
55944
-68644
-8884
80972
-26866
50140
-67098
99814
18123
-15121
-94034
-38153
7381
21070
12425
57902
-76734
-43456
-2001
-98032
-81141
48146
28051
98177
-91379
-47884
-61446
-91277
-9431
-7184
-70291
44712
-8310
53767
63690
97765
3526
1578
-9612
25525
-95906
20754
38954
-51818
-84192
80572
78325
-22523
-14804
-28923
57275
53665
76115
86493
-22799
92094
82971
54123
-29650
24265
45279
19965
-14118
58003
-14189
-29398
25477
5372
92837
64455
-37740
70333
-27776
84226
-22826
34833
-93206
-29922
56885
-92287
-2611
-21237
-62137
-76981
-61229
-89119
81860
38958
-28438
33017
35730
-89067
-20569
3560
10301
45789
-91065
82201
98882
59589
-55792
50054
-89654
-70799
54486
-41901
-85964
59227
-80039
3143
-11573
-47401
-82740
-67865
77975
82432
45872
-71375
83151
-2748
12511
98034
-94420
27658
72293
88132
30808
-5445
-27639
25960
-65339
51124
32297
86332
72667
-43770
-82493
77209
34889
99624
-69104
74187
4925
76986
-54774
21550
-2898
87734
-49137
-2399
-82922
37301
-87842
69034
-22082
26204
56701
-99034
7217
79457
-60355
42091
14738
-91907
-11563
39292
67530
36848
28972
77736
84121
41644
-90765
-90753
-77298
-26849
-94098
-76558
30609
56672
-34926
94406
40862
-6155
-12214
82484
56140
58751
-84844
-94431
98571
-78397
90824
-34699
-78675
-52075
90745
74394
-14885
30755
-18700
22675
-57176
55131
-31899
-78538
-60158
93626
99993
65544
-20476
4210
15454
62643
-9367
-74313
-59577
8038
-52900
-16921
-32884
99977
44395
2644
1230
38940
-62567
-14097
-97097
-81941
24722
-90798
30784
-96848
-37383
-76823
46732
-59835
-52578
-62594
41714
79812
-48053
87137
30680
-67779
-99011
9776
-87878
99283
31536
58120
15114
23091
-24045
-94456
-94350
-63182
77211
-88641
83317
-89854
33972
66802
-58829
30353
11921
45003
-84725
-73537
14628
-79328
37979
6905
83178
-31009
8802
-66761
66590
11540
-30457
-30450
72589
67927
29235
73138
57865
-11243
-6567
-25204
-46665
-46791
41045
-25228
11908
-57866
-39054
23436
45684
-7117
-68986
-15560
-79589
35476
-16072
73917
-83356
14434
82466
-35467
54926
-97770
90257
1900
-86985
1415
6761
3355
-3823
90349
23526
-19009
-64143
-5103
31293
-36140
48646
-70765
-29536
69811
-16218
-6121
33121
-63163
73476
-92594
32942
-82013
-20098
-79716
-54470
91404
24659
23595
-39107
