8100
-55369
10111
-27372
9833
-47549
-93377
-68905
-23093
-56380
-61502
59736
26866
37233
48566
-68496
-67548
-50825
14423
-77399
-61332
-48835
-53182
20758
17733
-41086
23159
25468
-84958
9057
74992
-88018
-71208
59383
99800
-85130
-80535
99739
46890
-1809
37934
-10164
-46297
-36752
98080
56937
65075
57123
-20029
-52327
86669
59251
49519
79370
-59351
55779
-25796
-2729
66604
55228
67465
-24317
22403
93919
35817
21922
9697
24632
-97621
-39849
-11245
-63533
-39355
32056
27329
68104
-28516
36686
-97149
42194
-17997
-62920
-18595
1534
-89043
-84625
-98855
-81217
-98816
-82589
77952
-87778
-65991
-90363
79220
-28210
98149
34142
21293
79646
-98973
-13796
11662
93255
-8764
-89875
-55837
17189
55324
-3388
-47430
74435
-20312
-71111
97627
31887
36507
-23219
-57436
38252
98695
-74613
55046
71142
-73243
57545
59798
-79167
-29439
8462
34576
-86614
10693
-20850
98351
11919
-61921
71632
-94430
25354
-86062
29232
-95125
-24776
90838
43393
84377
74152
-91347
84490
95456
98736
-77564
-28815
-39214
13529
-3263
48054
-45828
-74950
-86417
8086
28191
70242
25604
-63664
-3510
74863
95691
42307
-64879
90939
46194
51190
19820
7094
-21518
-17550
16366
-65841
-67818
93258
44575
92748
-38805
-76229
-12423
13498
-99005
-62738
75004
-68546
-72283
89626
-21266
38025
42196
-1466
24626
32490
49082
75756
-39100
-5059
32946
43257
16015
24641
24239
-60943
-82133
-54840
-51700
-39568
-56330
-99385
-38224
-83509
-38194
-68915
73117
-8683
-53912
401
-38506
-52226
-84400
-29276
10411
-26347
7677
197
-66974
48237
86736
-94253
-73852
-17954
48361
-74851
17537
52835
-23258
-62059
33088
-76383
-49159
-78172
-69305
-89657
-86171
63831
-59068
53648
-82347
-24394
-61002
-84827
-30439
-73035
-57861
58528
36606
-22204
33334
38444
89160
-17791
86876
23496
7374
60877
47772
426
-78797
-20676
74985
52992
73468
-49306
-2139
74769
75411
-77669
80363
-99709
-44073
-45965
14073
80693
40542
-88702
-99592
86156
77768
51435
10346
-500
-41983
69708
50543
92
74386
96343
46900
48172
3044
-44544
-61511
98098
17363
-27310
-73796
19023
75371
82269
-99897
-74863
-54974
-77366
91155
-22639
-42766
82127
-37928
25725
-77199
-82051
68210
46768
-42866
96438
-75343
31485
63753
-1667
-32323
6987
-52592
-62042
68516
-94502
47378
70508
16002
92004
-73790
-76063
31628
-15650
-73366
-37760
-8967
-7523
-93143
64350
-20531
-46634
68043
91711
8003
92606
-2173
75269
28246
-31024
-44473
-63677
-5908
35053
21576
27568
-31584
-18147
99405
83512
69610
-34637
-70933
52012
78957
-80241
-46109
3864
-84067
59966
58648
75829
97355
-40644
-61717
52149
44879
-37671
85301
-26884
-16047
-97544
-54048
-69905
-8780
-93772
4898
-15580
-81377
-4834
38424
-55815
71016
70626
-15877
31744
-24353
-93176
83073
32024
-91403
27734
86418
27735
-47544
46162
72741
-28125
-87156
-81244
-27785
-61280
15319
64730
8552
-53885
99848
9926
-20366
48390
16149
72386
-46522
51636
-92431
-84204
-46075
92836
-29290
16172
95831
76930
14452
-92726
55916
53192
-4426
10108
69837
36429
-4819
42821
-78370
-38540
13083
-45094
-12494
-48187
90654
2246
-13557
-2984
-76104
16941
-56019
-45203
-44425
-74835
-51491
47833
68933
-18528
-73477
68187
-16946
12734
76665
-88307
-20023
-86112
-36617
60982
-6554
84383
62653
74108
-22253
-13797
1620
-61257
-38742
53975
35393
62688
-77446
38978
63071
-94616
75376
-23151
-20200
61861
49185
-33593
1855
-39001
-76425
-83178
-34227
-29143
70455
-39073
22967
15011
58603
67222
33448
-64324
-23568
72961
31520
38237
74590
15263
-151
-32735
-58481
74725
-14991
73384
4878
-74845
-11255
-14069
57246
-80250
-30727
25770
70628
-52874
14589
-19680
53234
-57632
-46943
-21480
-92112
88142
-95628
-92743
-73047
40177
82860
34877
27567
28097
14934
-49441
88620
98427
-86729
-4173
93383
-91895
88900
76175
23791
13184
-76805
-91673
-85177
-68029
-87395
41207
-15186
85892
14408
-44711
3818
-53653
53876
93494
49008
-93169
-81718
59865
-91758
8289
56988
-14561
28037
92584
-38267
22667
37646
7078
70174
-72394
24201
34522
34458
86243
-36202
-47905
-72961
-68751
54241
-2702
-19326
-49623
86219
3408
40893
58807
73402
9982
63503
-19658
83258
-46750
-70512
48420
24334
43471
9263
-87691
70807
36894
17131
-93629
49056
45431
12202
-35038
67972
76463
72377
-87086
55356
14604
-927
-11698
68297
-42845
-68126
25601
67450
-19358
14863
84952
75675
-76950
-86395
-52046
81850
-88684
12937
-92108
-28201
59093
-30786
51258
-87321
63740
-16577
68136
-59707
-12456
991
60702
86966
-90378
-15622
64650
-1705
27911
20536
81815
87589
66081
-93474
-32765
20265
-36388
-25712
-42738
19390
76701
92775
-18546
29504
-90705
-35285
55455
-42093
-58932
-9491
-48584
62733
-60228
-79804
6042
-71615
-99819
-79262
-49055
-94679
95136
38738
-45891
80879
34716
44560
36090
-5288
-49636
30980
19322
72974
-23925
60637
-95867
-60024
-6960
-91578
48375
66200
32332
-75320
10456
15696
91136
-57028
85001
-69678
93452
-56021
-30567
59827
-91950
-72636
-78793
-88180
60153
-99335
9602
-71715
28750
34806
58301
33885
82692
510
-10082
80418
99484
73956
61509
45737
-70240
4452
-53046
-5821
-64759
17948
85359
-73571
90880
99050
35572
-99990
-65918
10915
-5238
41839
-26660
-59924
17695
51818
87766
-24199
63128
-19808
25708
13088
-87395
61506
-98185
62489
76109
-75141
50411
97556
59731
-49383
4601
42103
98384
-70635
38677
45235
88696
42048
-85998
-31422
-25031
79372
-8024
90879
-93611
8821
-35048
63905
-38831
-5494
36454
58901
-21947
74716
-30139
-3848
53012
9026
-6127
16814
-20618
-28347
27254
-47262
86321
-68817
58158
-79846
-42329
-94677
36647
27253
-62776
19097
18050
33028
-34649
-41167
19000
-76349
-37846
93457
-30633
67635
73436
-31068
7786
51477
31709
-58767
-50313
-24188
-55687
-85699
-63646
-30545
-30955
37278
-78353
82355
10949
-29474
38565
-52719
62715
35400
-52786
26897
-41061
-25390
-17126
-88334
-5910
-74842
31843
80588
-48348
-12529
-14261
-5180
91436
75005
74945
-28628
-65186
-73036
-1501
-35531
-53440
-11689
75517
49169
12696
85453
-94992
-86231
81815
12174
62638
-52936
96883
-19380
82658
-17533
42130
-56192
-13140
-79051
-87134
-63729
-38006
-44070
65157
-47271
74450
-59720
35946
48095
64220
-49786
71479
15694
-11332
-54134
-54942
58412
81388
-59246
-4001
63326
-61175
-64498
-91532
-29101
-10252
-90232
12136
86865
17369
-80766
-98919
59674
68236
-61909
-15251
-19782
30927
93757
54689
71472
-81040
-72010
-59011
34103
-46193
-2768
69224
-90000
-15810
-88225
45272
-79571
66369
-19865
38113
99036
-26636
5144
-913
-85106
-71156
-19001
-34865
81955
-203
-15350
-22809
-95276
41563
91599
-99514
-45475
39877
-95143
-59306
69445
-40549
-33063
68974
-85621
22344
-34011
-13180
-52433
52090
94551
79040
346
13446
-22267
10987
-33430
-51799
-57576
22150
58334
-47318
-88949
73719
23771
-15525
63234
-12642
-88487
-63234
71556
-28537
-59795
98371
-77033
51256
-13645
-63697
22583
88361
52247
-12711
-60558
-2477
33344
-96817
-94237
-51423
45530
-8299
35465
28803
-44737
-83507
-52029
-9886
-2558
-24846
-84374
-33298
35287
98814
-36853
-2670
-62238
50540
-85633
94665
-15014
-3368
-83863
-22006
-23654
-37566
-20212
-26785
37060
-22671
-83578
-6636
6034
31092
91821
-90230
-57925
97795
-35579
-81941
24190
-10683
22683
-38473
65549
23595
17152
-90883
14809
66041
75941
-94106
-84170
-79707
-46064
30764
17708
48088
98233
-82520
11417
95569
-87869
62152
52230
45097
-78118
93983
95556
30193
34661
-28714
52802
-9801
52456
18816
-77841
-60696
-20166
92748
19910
55183
-53859
89491
35259
28219
84223
58897
-72000
54975
64332
73201
91444
-31981
-13074
91905
-63767
-98152
-83870
4293
81296
51321
3320
75495
-5629
-79635
41255
-38580
35887
-27239
91722
44097
-76196
-68591
-41797
-23468
-34021
-42945
-29941
-79489
-71349
43932
56219
-74688
48327
70364
-59814
-59836
-28305
44903
-62117
-73983
80658
-68031
59729
-86941
-66059
1738
-78102
-25570
-24957
-40287
-93178
92322
59152
-7772
-84461
-82451
-48885
-71469
-9529
86714
15616
33235
-59976
94679
66056
68430
-86821
28372
95246
59255
-26921
-40297
-36290
53867
77765
13389
58507
-85389
33479
-41605
-46819
-62618
-76222
-48526
-66218
87532
-10567
14241
17600
-81699
-52793
-43900
51413
-97017
52665
-42821
-38742
46863
6597
-9931
-74824
-60946
-63189
-14517
-92216
-74851
-67801
79849
21179
84876
34320
-99353
-98125
61067
-65647
-70346
10210
25932
-51839
2869
-70931
88063
98784
29539
-68484
-1251
91440
13423
-19488
-50879
-95443
25516
20834
-95504
36907
64480
90916
-71879
-37684
95035
-47498
68472
80090
-37467
71736
-80652
-85305
-33552
73127
-82456
28542
74541
80774
-17441
16485
-51302
-18583
99576
5106
1913
4385
-80311
61351
-40708
-46273
87712
-54805
33564
1991
84581
95687
-86456
-8397
-25125
-27591
-98885
-66912
7941
-78664
-2906
-69543
56677
-12026
28941
34943
-97568
18603
-88786
-98991
16061
-22701
60955
99998
94092
47494
59049
62980
15011
74879
2561
-25181
-26428
-11604
84051
64484
6042
38017
10539
4896
-67038
93497
-40612
51438
-44569
-52053
-63976
-85492
31269
59333
-64863
-13208
40207
62375
34010
25612
54636
72990
-46537
73445
-23652
83835
95764
55278
33977
-62000
-26655
84030
85337
-54266
41274
99690
42031
-5282
76372
40152
-31855
-65598
76435
-97311
-14316
79559
-71047
-14942
-47597
-71934
42042
-79776
-66033
37188
45931
-85483
-8848
-68813
81432
-74917
-67862
-34234
-62092
44340
-99973
53980
61035
64052
68432
-88262
50964
78795
-16889
-4897
8130
-97165
83088
-5946
-18054
41138
-46868
50552
64702
94220
-11880
-11445
27464
1609
28675
-21958
92755
42270
99834
71650
-2542
-12293
-49884
63383
-41020
33200
-33367
88929
52703
-95491
90671
79254
-19095
85876
72764
42453
74598
-91443
-66433
1884
72172
37766
-70038
-38009
52626
-99915
90104
-56602
69511
5612
6476
40313
21438
51463
-69126
-18293
73351
-66028
-86306
-58008
-52743
-91232
31146
-40453
73356
16282
78974
27593
74755
-40090
-67472
36996
49478
-51519
66731
-6643
80078
4684
61555
-81335
-72327
19383
30598
-12833
35709
67339
-49378
-20597
-68423
-32685
-65260
36130
-96409
35752
22942
18338
63278
-36264
25593
81141
8532
-95181
-92830
42243
4177
-25039
-2051
42352
76158
15875
47065
-97223
-52180
80181
-65269
-93594
-41454
-24708
67767
-28051
-39010
4578
94317
-87325
-21524
-47669
68591
-91041
-30444
-72094
-25327
-65171
-5026
-24987
68025
48940
66513
81483
-97018
-38203
52265
-33714
72461
65096
-57562
31384
-93121
-91868
-12351
91726
-2330
92803
46586
97907
9934
-87104
23948
-15685
73664
81158
-21566
-16467
26410
86278
-75357
2035
44122
-58860
23881
43009
-14807
-42977
77840
-90528
50996
45259
89193
8854
1606
-26195
20238
39348
-97710
96930
44944
-95556
-64741
-84340
-89524
26220
29174
98027
73980
51179
-30489
-64173
85609
-5233
81641
-53361
96830
14217
40330
26259
-36359
-73938
36210
97174
30522
1442
-62972
-31916
40510
33315
18844
-50722
-91291
-91729
45369
-58532
3887
-51885
-95052
17057
20229
-40622
-8914
87145
-1228
93230
-43703
71282
-83340
75990
17997
40179
-79386
-22229
-26966
19005
-29987
86384
69405
-96403
-30892
-54641
36651
31243
-83715
-43838
-90102
33859
-41991
59620
-58913
13630
61987
-85803
71522
98715
-97530
3971
82782
83791
-55441
6876
-31019
86102
19870
-59571
-49407
-72684
35094
-53195
25524
25613
51028
73259
-68767
-67907
-98596
38248
51891
76374
12014
5587
-549
50388
46488
74664
71591
82750
-22747
-86397
7118
25659
74099
-66097
22152
-83251
-69854
-27706
-64998
2735
-61592
-52253
-69073
51527
-61758
55596
77410
-29048
31301
37205
-40039
54184
36179
35283
-3125
-76360
-85335
-27905
53601
-73947
-78188
-83358
96058
6153
-22845
55523
63561
67439
56376
-22262
7642
94242
69017
94320
26738
48496
-74781
59141
-45741
74816
21246
34942
-79266
47501
49643
1369
-52525
-77058
74905
35278
29364
-12764
69079
70548
-59767
56975
484
62156
-5828
74061
39395
-44722
-36700
-54080
86059
-69873
-99425
29403
-710
60588
63639
19833
64969
-8427
-29976
22490
-15302
85209
90456
-1478
-31570
-76919
-57788
99536
-15693
-16692
-41892
2848
52890
28863
-91963
-91459
-45145
-60922
82973
-1313
22114
19700
55131
37916
-76213
84563
-10349
-40569
-2326
61776
82521
88546
-7740
-31674
37694
-39872
98922
-84251
-40522
35516
-25621
-22722
-71846
-40945
61289
-45329
-20088
-95598
7881
-4122
81000
-69167
74564
3923
58122
21064
-96677
52334
53419
-66051
47911
83426
61975
65657
26574
-73579
61544
34660
-99054
-53675
-19220
91836
-41021
-14432
-45468
63154
-48043
24975
58857
-89503
61516
95265
12394
57196
55699
39456
-86448
70770
34669
-78606
43394
-30992
-83645
41983
4484
-45388
-14437
24249
-48518
-79366
76393
-43828
-92277
5093
52992
24676
-71711
15387
98785
-46698
-28724
-79619
-8268
-30036
-12794
85378
-18220
43856
-69295
-96145
-45755
-98861
-73475
-48395
-54655
34203
-72314
-31769
83247
-36121
-90919
34134
-81227
-7488
13047
34890
96292
-98433
-76045
-63072
96722
-19275
28053
97147
-21882
-1478
92257
61416
-13749
8341
-87439
-52526
52967
-7867
31167
-3170
66278
-6870
-92353
10724
10511
1107
-2647
69835
3640
62757
-96108
-54720
-39819
42276
-61186
-79533
-95892
-30879
26664
-27986
53828
-71040
-25378
-11150
-79044
50853
-37931
-42641
7832
-12997
29100
-73088
19509
-51104
-18347
5506
26046
82545
-73459
-46481
-63945
-36435
-80889
-42790
1207
9672
-46873
-17719
8307
53967
-11799
74858
-59724
94002
-3998
41012
52587
-81485
-10401
45275
62619
93034
7530
22639
-62348
-3918
56811
38418
-11520
32628
96170
40468
-37706
-67891
-64846
-40915
40684
-24545
-19823
-27946
-39766
-9039
-90499
-14332
10266
59716
-16559
42946
-40293
-85965
20020
6570
39796
34629
20058
-80193
48549
47827
86436
61994
-34150
12240
-77405
-25457
-77767
94074
24250
-38708
-6502
-71524
41057
-64882
66774
-90627
13702
50639
99384
-59415
99982
81136
-24047
38809
70137
38702
-43736
-8063
80483
-3708
-40115
-48777
-64090
-32035
55438
-56389
-93539
11381
-32125
93607
88452
-27637
22596
22836
-23557
-251
19387
97574
99561
6624
64084
-55786
28029
33809
66513
76314
-76144
-58371
82873
-46062
-29850
-95854
-1936
-83502
-36524
-95552
-37278
-7641
123
-70696
-46631
7432
44082
-80897
-42769
-21349
34050
98638
44125
-92128
-90678
-49910
57201
15166
25475
10811
-80034
41256
95966
-54357
-6674
42284
66122
90428
59538
93016
94289
26790
74330
-38903
86050
44621
42111
-42735
-50647
57531
-79458
-93756
-23270
99071
6080
9887
56974
-69215
44500
93974
58052
81344
87870
19961
-40952
2827
-77752
-1342
-13327
-67752
54
-71747
-8829
9444
-58952
-88748
-48587
10856
-47367
71798
16974
-59628
57365
81124
-84695
69162
-44633
-33000
95191
-73606
42431
-77550
55395
-88714
-60301
78400
-90064
-94031
29005
-26295
43135
-41351
38242
69814
16717
-55667
-97982
45501
-91751
-26691
-29365
48876
-81021
-4515
53144
29807
80272
-65435
70935
92157
91722
5416
47864
-81115
10629
22959
-32574
74033
-35268
5682
7168
-396
3417
-80590
-70184
86901
-5997
-54475
-26309
-18056
77106
-8801
-32904
30757
-74386
93546
-50708
-55592
49077
52994
-99372
-56892
60812
89280
-63805
42948
-47283
-21056
68974
37184
-72050
85793
-87707
-35784
-83422
-88232
-11172
-18000
9593
27825
-91096
27256
98019
-54044
98885
-297
38321
-58864
-28333
11860
65084
99351
-84574
-19360
-63233
-31915
-13982
-80221
13279
-77059
17789
41761
-60724
-28462
-46400
-51255
12607
48383
28596
23898
80547
40725
22603
-45838
57808
-93601
-84554
-98891
-28750
-67742
-46380
-95402
77512
50422
-25596
-50107
-44599
-47941
88539
-82699
49825
77370
93041
41737
12696
-2086
89494
-45606
48788
-63940
610
21863
-70859
58035
71338
-36582
40926
56163
31631
-11149
-3948
25269
37552
51284
-61506
94644
5759
-73433
-58868
-27129
1777
-33617
94260
81675
95951
-17494
18648
25292
99562
72416
14916
63009
-61332
-82612
90771
-75231
81161
15523
82161
16389
90259
61701
-48454
41756
-10707
3583
22977
12517
31255
31483
-30738
4300
-96023
68805
-89345
-43452
94043
12602
73007
64253
-70400
-4017
30387
11331
-35501
53563
-55967
-9485
65770
-2109
-6164
-54886
-94713
-41568
-54390
-70805
56398
15694
-26954
78301
6736
64755
-47855
-12513
42757
-70166
-72668
35897
67865
-84436
-8896
84160
80413
-75493
-75962
-69131
-34082
45674
59523
-28868
89299
-54613
-74317
-84428
47536
60342
11239
23543
24791
-29133
61313
17903
-77586
-93563
-17701
-48365
-181
13203
-5433
30397
-48948
64180
-55183
-38230
51396
24247
34785
1805
71056
60236
-63779
-57776
-46073
27153
-15253
56744
-72625
-67651
-79756
-4269
-17139
18787
49796
37105
2868
-65116
-66002
28604
18687
69748
269
58790
42041
-74297
-15323
-51826
-55751
85143
-72281
78750
93228
-35563
-77997
-37181
-98678
-42135
-30280
67146
50795
-90136
12759
49044
69426
94546
-1306
55030
17767
-17340
-80080
77423
-1053
23040
-23335
72390
74532
38487
48704
-7872
23361
-51599
32893
-47493
-75273
-17863
74569
-16341
-64863
-46745
16253
-68882
-42042
-12245
24627
-54323
45517
-589
86985
-39215
74059
55449
-59132
17152
66109
-24148
17808
69363
41361
8794
-94555
47125
-14626
79351
-84090
-35590
64757
-12436
-29980
-54567
59215
81150
-43297
88232
51493
-28550
43180
4306
82719
94011
52113
6168
35236
75927
92429
-8319
29968
-55316
-97450
33023
-35452
26178
63610
-95968
-32810
-52451
5799
-63571
-1815
40162
55622
-30813
-95848
22179
-60095
-96693
74572
-695
-55450
-54920
-57362
22493
88675
72477
91253
-45837
-39055
-95480
14816
78643
11982
8959
80384
2821
-49502
21942
-16723
-679
-16381
-48023
-7911
87952
30100
49244
-97727
-75894
67272
-90323
9535
-25715
93956
-65454
89277
-1842
-48285
22453
-62716
-66080
-56301
-47191
29106
-77258
-14948
77255
39882
-23274
-92031
-13526
-51419
-78819
-577
74499
73927
97577
19058
-96295
65421
69606
-31209
-14240
44546
36088
76588
-85515
-40176
-98174
17140
-55436
-31469
-32623
96791
-97609
-23863
-16215
54181
-93077
-6554
-24663
-44677
-19248
-36540
-35107
33598
-39859
-52360
69216
-36539
-83219
-1408
99308
-33581
86650
-86376
40704
-90303
-36620
-17173
61804
-85957
-1234
-14233
12924
-16671
23750
-17815
-92033
-66483
-88897
68888
26675
38900
-65219
-12019
-40370
31845
-71652
22192
59947
-51473
-52500
-69154
-64304
-8160
-40051
-84602
47704
-34841
-43740
-8749
75522
99675
20023
-50365
12308
53076
-63701
53079
8237
5431
82583
-62557
45350
-53296
-61564
-90939
-61404
-11688
28420
-54670
-57090
-32299
-31381
-36180
62277
73376
16623
-72752
-17740
9730
-37160
-2613
-32523
-81096
6947
96621
-74546
40662
953
66454
-94746
-42232
44551
89484
51640
-57549
-67143
-21265
85459
86010
-7080
-99261
-6837
-74852
-93506
57645
-16512
-37190
-64846
61689
3016
-44234
20132
13592
68732
75512
70086
34599
-6308
7818
-956
19498
-96352
21219
69090
-20009
79900
-33471
-36431
-85553
-39346
50799
-60114
75816
-8889
36838
5495
48933
43636
14992
57195
85447
-35191
-88601
14429
2172
-32695
-77444
-36557
-14410
93364
-42988
-36703
1687
92557
-26195
74430
-65336
-45370
-76322
-4352
54121
-50614
-55588
12825
9186
50727
-9703
-35539
-26536
-42601
-10874
-54546
-82756
-16535
-58822
-11306
-49027
12817
44459
-91648
91742
-31224
-27240
44196
37474
87137
-72759
8173
42147
-25878
-33490
-72903
38657
54907
91173
-1556
94392
85470
-13417
-85967
2699
15706
-46207
-30449
48029
-86306
93457
-95389
-67170
26631
94630
-13888
-670
-11762
-51206
26527
35725
-91183
-17700
-8956
25131
-25668
-28587
44144
98268
-2860
7277
53245
-54932
31712
6342
-52199
-78527
57908
62693
-80479
-36178
-52709
-43503
-31591
72484
82592
-60716
55686
58823
-20551
10206
34153
-70753
55569
15113
64856
-55259
71409
6520
74746
-82819
56586
16600
73246
-51004
91617
56200
-54728
33982
46359
85077
79994
-29134
4308
44830
-57845
28178
-92272
24087
21927
-15278
6205
23336
-16941
84569
63765
16117
68283
69333
-84741
-7943
-79510
-28631
-60080
83531
88932
18242
-66475
-40637
-18653
10951
76472
90550
84845
-27538
-35331
-67428
-64818
49900
-9974
-51117
-3849
-68540
-77425
66044
-42765
-79935
23568
76292
-35966
-23425
-61872
-43459
-49772
-42781
92764
-34966
52387
-6422
-69967
-40742
-37779
-34913
-25270
37611
-87603
-82714
-9142
35248
64629
68662
4291
-54867
-39926
-87260
-47967
-32513
-1764
27034
36855
9688
-87935
67110
-67549
30632
23053
-88529
-53281
34456
-99409
-2174
-97369
-85456
29547
-30390
95683
-83431
-4304
32094
91056
-65220
14357
-70283
-3985
-2104
-48971
87860
-72279
-38893
17571
-49944
46909
23256
96076
-33777
-27224
55071
91240
40337
-15344
35258
-87204
39692
-12307
-23637
92912
-96819
-74860
-36509
91560
56730
-59358
40421
12033
-12372
-319
-64055
52425
5946
74010
-94755
-91685
-96976
43351
-60698
59574
49662
1555
79108
96058
-80243
5665
8371
-27010
-15219
-23690
-92114
10448
3306
-52236
-55122
46474
-16355
93203
72720
-80947
-1889
80494
64532
91037
-64584
67432
67905
-89639
-22859
86009
65254
46165
-7945
89817
-14404
80022
-56792
88135
-46744
97513
-4663
-61002
49628
36128
84519
22741
-2979
19370
65133
35449
-80097
58766
69842
-87574
-29940
-64252
85938
86087
-55452
58544
-31749
-8554
67005
67644
-25922
-20052
24812
-77168
-81371
-25483
-75780
-1423
-48380
11681
61659
27763
24776
-59796
-31211
-60388
-9524
-70264
-35529
-60713
80330
12392
-34475
-78638
-88146
91243
58280
-13708
-52922
20195
-12337
-41922
-22378
-45694
-74122
-37059
-17911
85024
-37676
-87063
-90687
-35348
97102
56286
22287
-67092
2745
-98252
-50946
65906
84093
-52675
86346
27101
89621
92122
-55442
-37175
76722
26618
81499
8404
-28225
-44303
23364
-65010
65984
57264
46102
18428
-86509
84711
22214
-99895
83353
-89676
-97662
56074
-13010
93574
63369
37228
-44589
-96109
45590
76029
-16915
-15246
-60937
-34797
23847
3221
-30979
-30627
-65038
38055
78092
-76092
17196
42878
26322
-16323
-52386
-21251
17301
-52882
-81760
-1719
41700
86010
-56553
-84314
89775
-25301
-18785
9261
2099
-85637
-34109
-52436
-17779
70655
-85847
35290
35760
37617
69835
-14987
-91790
45080
-48928
7930
-76992
-48682
14809
31808
-13966
38030
90247
18674
-85894
21487
39705
-67545
-59915
36258
73347
46048
-68060
-15220
93563
2845
82420
27584
96285
-18532
-52487
-98940
-33489
27695
82874
-25602
-11842
91577
-68187
19388
-15577
-65723
77091
-34083
-782
5954
-48570
89438
-48232
79903
-27233
-9148
-28443
91647
-30995
89187
79736
-93031
70000
-29942
33448
-33297
54619
73868
-63295
-91095
25191
-28373
-12948
-70386
5572
48162
-60564
-33954
54378
68751
-33467
-55410
-75954
-68613
17655
-62304
-15119
-77176
-10840
5151
-57966
-50698
-67553
-93388
-86268
37521
-72148
46376
-85670
75643
-51354
64119
-5186
34449
-85172
14669
-85407
43965
-46387
-86112
58380
-99688
76580
-37591
-93930
-69319
90970
-54528
75502
-34273
7215
-12845
8088
-45513
56659
59970
-19275
88650
-97905
51419
79674
-65083
-30655
-55251
2243
-98074
-30396
-68981
8896
44545
-59602
-7969
-50867
-25044
78771
-42393
76128
-43059
-94554
-36847
-73764
69054
-35296
-31249
11714
-85222
-82311
-47785
28743
-76505
53491
-7270
67712
13472
-16905
80223
-76295
2013
-46345
24091
-73882
-46495
-974
-55761
85233
-49920
-31978
1245
-31566
29291
-31617
8296
55101
49114
-2786
18696
27988
33876
-25355
59591
25597
-51170
65342
-91781
-56657
89534
-33621
49632
-37786
77418
-66743
-8239
70550
-90990
3454
83683
33532
-19449
-90575
-4577
-22385
-35898
99656
-91495
-50859
-94491
-62964
16241
45715
54617
-10774
42342
-15395
-11742
-72365
-79918
-1141
-19949
-75454
6662
7308
-11774
-21987
95874
85012
52488
-31627
12433
-15951
96373
-24024
-45889
95611
79891
-63898
-91144
76074
-65643
-54576
-90561
48962
24413
55484
35335
59817
15399
80085
54834
81753
36309
-67936
-16733
-55248
29335
-9319
95554
-18716
82550
25339
13323
-89963
68670
12255
88723
-46725
97414
-89604
63577
72766
45469
-42803
68037
-22875
-83181
4944
-48832
75558
-98975
13674
-46545
-79845
-21386
-30872
44749
13974
24671
-99872
-68445
26891
56081
-5770
-45849
-32148
-35690
-70598
36463
61330
49746
-51857
84624
-23721
7089
57511
-39785
-4096
-28816
-85559
-69981
-4393
65028
-72779
93342
-52520
-10134
31038
74518
-37375
16076
57366
-96516
6796
76429
95623
82487
74681
7089
-26787
89638
-62204
-12436
21218
-61967
-80842
94598
85441
54730
14104
-75097
-25140
20230
63170
-6715
27993
20498
51729
-88281
62855
61203
19959
-1836
-66913
92382
-5716
-3939
-72299
-20015
-73918
-57980
27309
87884
67478
-72888
-97030
13519
-67294
-49586
-44735
79602
96880
94573
-72003
-78021
47785
92054
3708
93535
31564
-63906
-14937
11672
63546
66090
98142
14559
60269
20790
49474
-7161
75017
59010
-45172
23926
35339
-72039
81562
12928
-18210
-68481
37258
91745
-60724
33398
-52033
8855
-73455
-58131
87617
-16806
24204
-69882
97345
53817
-60593
19970
-43527
-97454
11925
-86004
61234
-94610
50707
-98593
-93985
-83977
55463
-55724
89639
-42794
-12499
-48180
23488
33965
36209
-60618
-76553
-81810
39550
-96579
76748
87446
-80043
-41711
2297
81610
44665
-42927
11923
-19188
98663
-64878
58634
53402
-28316
66639
-66485
-89693
55662
-8595
-7868
14119
-63916
-89752
-81465
55722
14625
-29408
-30008
80916
-204
57530
-20287
36712
21547
-96524
27381
37087
92542
-68663
-98032
74272
-81496
43581
85869
-64801
16895
-57338
-59150
78735
-38555
-81321
-58666
11781
-93481
-758
-1149
19371
43874
-37848
23062
71133
73526
-1000
17668
78179
86291
-31197
97622
69196
-41888
84320
85460
40483
-28326
55169
-73984
58705
-78167
20152
69433
-80114
66447
-18809
90113
38341
17081
-84701
31640
-48060
73656
-98748
-36985
80733
-1335
-90164
51064
33884
45776
78353
8450
-1244
-57116
-18167
93507
-79832
131
45649
-25881
53635
34598
-26790
87941
-48395
53168
83184
-27608
94779
10688
48040
44138
-62902
4901
36582
-26372
-88153
26545
-58936
79683
90726
10278
42419
-50723
-27139
32718
65400
19906
93187
57959
59682
-32443
37835
-68422
32158
-48968
6487
-48884
-44985
-92817
33851
20846
-10418
36061
32528
-50129
94851
75996
-54703
-67470
-60670
84808
-39531
-16614
72508
23434
10921
-58143
29537
58355
-79863
-36088
30439
-4610
-2181
21993
59450
-54024
-13495
25128
-30976
55419
35801
12872
73352
-22954
-74390
43418
-50034
-49336
-75027
82639
78317
-40853
-8194
-22289
57122
-24530
-74307
19491
-35208
-22661
91277
-93140
-60842
-67721
-92887
-522
-16927
-42329
-61282
-27833
-63857
-1552
-80727
-59694
47689
45367
-79827
78056
64700
-46617
71057
-94450
-8451
99024
99572
-57303
42006
60077
62990
-43114
-75278
-23618
-59036
-54058
-14624
-95788
40551
-19354
-66937
-45717
-79062
11821
61543
52977
72638
-27185
-53817
86245
-58579
-77089
-14975
29787
-9073
67761
71654
-3108
64267
89741
-30705
-48919
-27026
-75649
58625
-69088
22241
49163
-35588
25976
-71734
25277
-13536
60455
-44222
19871
11837
74979
-44882
24837
-88970
-4924
20988
31874
-91184
-37944
-48388
21437
-78051
-67407
16024
98589
-48065
-36855
96370
57825
19163
-17979
-87655
-24243
55516
-47800
72934
59839
99041
-36290
76537
6496
24964
41
76
90294
-88760
-97992
51120
-46123
5342
-52781
-31828
73653
-39980
-18700
-31249
55647
-21925
-24849
33198
-39166
84787
85906
-88930
-19358
-19211
-77849
-13424
29808
-23748
-87786
-7708
-82572
84465
39975
88107
8870
-18830
99686
-79139
48733
-74529
-96353
-80973
-8161
-30143
-65335
-71965
-79273
-34794
-78977
-38986
-62172
91645
-11927
71943
-4658
29498
97977
-5606
59091
83815
27474
95766
67168
49016
95747
7840
-77989
37545
37744
70422
70493
80902
47569
11813
-98307
27991
40532
-23736
-23353
76965
-21538
-33507
24652
80301
-42769
-91995
-1709
-48735
-21532
-27368
38253
30229
-9835
57699
-39450
-19059
81374
-897
-21288
49504
-88581
-8913
25561
-20472
12237
90646
66580
72521
-9543
51634
-25419
40636
92400
-55239
88766
-904
-19575
81358
-87433
12763
77322
-95584
16066
-96646
44677
-36000
44492
15523
27679
87581
14688
-78261
-32148
-52931
-87211
64409
-13834
46746
-87768
-51954
89309
71670
-86812
-39985
152
-20643
-95427
-41200
-85927
22
-8899
25183
-94129
-30395
-92714
15434
-8763
53856
15382
43758
31592
-14516
77560
-54882
2725
42899
-28970
-42068
-38671
84932
16572
97239
-10974
-85848
77017
63569
1978
-95588
-83249
-56085
49093
31248
96617
69791
-59560
67098
50924
67578
-5127
37112
-55930
-13148
36253
12641
12835
-54067
-54324
-40058
45151
74998
51361
28074
42966
-60967
77421
11738
61526
97014
-79236
-66997
-35786
6076
97327
7696
69056
41424
-7736
-74123
-97015
-95556
-97915
-38341
-94
65911
-30749
20079
-71385
35341
83203
23977
73973
-71189
3370
-57186
56824
97225
56291
4003
-44511
-32460
7103
-15937
73847
-67657
75709
-68181
5957
-26267
78404
-38936
-20303
-42426
-43892
-9091
79789
-34724
-66339
-80436
51910
90128
-11408
58256
13018
67326
-24015
-94858
83751
64730
-54362
-47788
11902
-51203
-2967
-26422
80278
-69808
-90159
38516
44796
-13869
-2897
2377
33320
-55669
19892
51411
54508
-8954
4400
26315
-67131
-82676
89333
33040
13780
-61212
49370
36292
-79770
1920
11804
11523
-40081
-25978
-81058
73537
-33642
-81797
-60911
92479
58282
74126
-14098
-46870
-1422
55487
-85984
-27696
-36511
-62294
59136
29695
-10328
-17164
21432
53436
70502
-44783
99592
42013
-97797
86959
-16665
-50428
66938
-48446
-48767
-50376
47932
84397
-44449
58273
4434
-93110
84197
-63904
-64814
-1578
62324
43977
-49262
37372
69232
-41154
1331
-74180
-22181
-60055
39829
-2440
-64224
29717
38760
98331
-19924
-44822
-1694
55910
-54473
68547
61069
68504
-22751
5101
-97800
86458
29495
-44545
-8051
-71036
38036
72337
80003
-88529
-62172
-92902
24810
-13864
87044
16490
11619
-26482
89029
-94912
-23310
4088
75280
-4663
41644
-60634
-32093
49526
93578
59058
-77510
-48392
98336
-22318
-25528
27355
-345
57086
97444
-20676
-29002
92472
81601
38760
92752
-84355
-10154
58451
-96426
-84858
-5028
32114
-73635
95867
-94474
44085
-74982
-80907
-28886
-30939
51706
16302
-97907
79957
-7473
-47352
3134
91976
5668
21110
-84024
4703
53233
49931
-87509
-30851
-13526
39069
46004
11705
-11214
-89131
28041
-58241
-83411
13271
-49855
8708
-10958
-13304
-27792
-39197
-43361
-22784
-52608
53465
-80824
20302
86010
30681
-17401
4962
-4508
3149
22647
-20965
26629
59691
-94084
-70482
69892
75439
-18311
79215
-19665
-67014
101
-17793
3735
-3001
-50952
73171
-60840
99526
74303
17180
35958
89047
22031
88792
85410
46436
64214
74869
-60643
4251
-69684
-66275
-88524
-95481
29321
-64541
-1815
-47798
-12239
-55800
75890
60793
-66678
-92887
20058
-52716
11182
-59959
-31546
16672
42268
46583
-94062
-15837
-81816
-70628
79578
-50692
39059
22627
16981
-40996
-5899
71365
-39845
-2459
-59049
-95888
-62777
65501
66333
34195
11255
78222
90400
-2743
-65424
-51458
-35878
89439
73503
-18233
-2758
78531
84474
11154
-77800
71116
38789
-45708
4035
-18848
-22095
-72795
-77771
5510
3999
9240
-87960
-76407
-10302
-8196
-30271
-84795
66081
1871
-46613
-73199
54588
-25766
6463
85897
-88762
13517
-53153
-68490
-62575
-11913
-74974
84636
89544
35169
-40663
95649
6293
-97720
-54640
-27883
-65949
58422
17089
-36638
-69827
-88964
62818
33105
40021
-1330
69422
-52810
13538
73531
-82975
78842
21408
-4857
-3315
-44029
-1413
-19481
18570
-58110
75974
8920
-87605
14232
41317
-39332
11531
-12506
-90036
-71726
-63899
-88592
-74658
38769
37123
-60628
92343
8736
-34193
-48467
60229
59893
91653
-77657
-97839
-35319
-65719
43038
7644
-71179
22229
-82192
-21468
-93013
-40341
74427
37958
15922
53097
-13012
-76739
95615
-73254
-17307
-96888
-57683
38056
42122
40554
-55782
-31440
3881
-40629
-63075
61294
-24573
16572
-55897
53847
24443
-27112
59253
24262
-64678
-35515
44399
55374
68861
-39014
-18975
-30610
-30116
97051
-15661
82466
55159
68319
56774
-64234
56991
-52717
38670
58741
-41122
-52841
58055
72800
19780
35462
-89291
-80325
38223
77267
2364
6881
-16970
-89842
-56968
-70729
92370
-15226
-17414
12190
92329
92937
17568
-90430
-8551
12551
99408
-23600
66974
-52075
37841
-33148
26176
-3699
9029
-48992
-43876
11154
-41721
-11400
-81652
-19727
-72163
-30166
-89162
-95965
69082
-43348
-46162
77231
-96621
72446
68361
83308
10363
-42434
41023
43556
69534
-88422
-16004
-747
61110
-58529
-25725
-82159
-16019
-74575
17983
85637
14960
-28908
52008
39254
88557
-44058
-18098
-40025
24681
61039
261
73207
42175
-62895
-48338
1896
-71560
66586
-55651
21338
63108
-11848
-17044
54326
-99437
50316
-98853
-56505
-10029
-80041
98722
-84798
-49082
65873
-41066
-18714
-69825
-61352
53491
-78018
70072
-49019
72844
-86204
83667
-40229
72588
57824
-63508
39129
-49816
-69811
87255
70895
-11549
23772
59899
24717
54973
-58989
-54902
-58154
94073
-86867
-69860
2355
87434
94469
-41049
80708
26713
15565
1821
-75982
-41034
-6664
22178
72544
25112
-6664
45225
-74880
-83310
26593
-41302
-61950
35861
-22163
30977
72998
-25508
26393
84966
-973
-56520
-27604
46341
-28928
-63752
599
-57606
-28753
-52812
41592
-42197
-27910
8886
-94983
-41023
58853
27270
-42155
98947
-36013
-37871
-11525
85777
-21003
99573
22219
-9925
-17443
-69588
63869
-35396
-32336
-14958
-40799
72214
-1606
72980
81856
35467
66652
-94601
45666
47413
35872
-17086
61481
71619
36653
11402
56475
-19888
27478
-616
-43331
-69407
-69812
-69832
80090
-78917
-23628
-66399
-59293
-31265
-95532
60220
-62480
-5340
-27226
-70701
-41948
6895
26191
86103
-13393
94096
62441
12365
95790
-92164
-66564
-93865
-66835
-82077
-84276
-1957
61388
-41490
45900
-8558
-4929
-96297
-25424
-86481
-51985
-47900
-7200
-35159
-39298
26881
-66488
60007
-4120
-78151
-13940
-62456
7492
-18927
26329
23692
39274
14977
-93801
-35486
93679
-51505
-27717
3278
73612
-48566
-88968
39094
-23139
-87775
43157
-38454
38277
86238
-51942
17166
-20434
24706
-7196
95238
-43858
-89731
-6440
-95811
-25019
-54134
-27852
-21711
-22141
-18587
69569
-97890
-85881
97322
36069
-19611
-72991
-78965
-16939
-47911
84185
-67858
-83097
97383
54281
-98271
-88443
23199
52197
63419
-10499
40163
-76069
89680
63350
97515
6741
12624
-30338
-10062
70812
60668
-31106
12096
-10666
-39546
10383
-53035
-71696
-94139
96165
34607
-84202
-81838
-10647
-19784
-99809
-8382
32613
89872
-82617
84224
-74791
-1358
-96172
-73531
12074
-55227
30681
-12297
-91334
76161
-2984
-76133
-52973
-58756
-446
44473
5308
50833
23707
19339
29102
-25557
-61191
88289
-4768
26611
-14101
-93484
-93569
2772
22583
35812
30202
-17241
72891
49777
-37767
44992
-67724
-6957
-95571
-96428
94493
64086
-16894
-55227
-32145
35989
28018
-82612
-46201
-73039
-84877
-62590
43302
-93521
-72816
-39413
13522
92652
-30634
55520
-69991
-49027
-35483
-24777
-6987
85607
-73690
17424
-80757
13751
-6117
50782
98510
-5568
-111
-67055
-98751
-53713
-37197
-75524
-37415
61772
-66119
-49112
-83968
-27569
44989
-66060
-32010
-21795
-68242
87079
-22766
20190
-20323
-71404
-67993
-19973
92853
-75479
-92991
99833
-41272
47060
-12593
-87507
-11644
-87151
-93734
-10725
84548
66772
-19469
-98257
-70974
-92976
58668
-36521
49899
9571
53564
62331
843
-39970
-98554
14746
-31576
-80716
96883
-24702
-72598
-43458
52347
-50580
6583
95848
59715
78641
98973
91132
-9951
-36499
10985
13129
-23749
18159
-41260
-61265
72269
-83687
71581
37066
-85687
-43749
90290
10297
67288
41414
-45048
85514
23039
-26800
73482
35971
-37475
11555
11757
-73137
35344
93409
55906
88260
66744
-14279
-62555
-50355
-14061
-32353
-64525
66297
22791
15531
1944
54815
18751
92432
-41818
54187
72812
-37001
-57662
-43446
-91667
-81417
-47912
-29010
-85750
54131
46766
-38018
-8167
-13167
-65898
-22754
-34237
-53229
77693
5014
56737
75347
67809
63905
54592
81759
-9376
51668
-53309
-97809
-57685
-29335
28200
-82241
84121
13096
55907
-11635
-53224
-56783
17318
-97679
-90050
-4760
-46398
6868
-57026
-13251
-34521
17102
-45450
-7593
-30265
-40160
42468
66012
-64103
-95030
21945
-28513
87418
-69429
9478
-64729
45293
-62605
-88813
6168
10947
-50202
-32881
-88191
-26410
74863
38177
37569
-81
-27394
-27044
-55018
-56761
-9024
12946
31747
-53909
47321
4671
-6370
-49608
-38975
20838
44531
40070
15864
-45126
344
83554
96615
82802
92751
20659
-43115
66943
2769
42301
74498
37658
90109
-86716
-91676
-33098
71645
32584
33147
-51819
-93231
45359
-1389
-1225
-97830
-60991
85974
-94355
78085
94541
-91701
9867
-7695
-76824
95855
-21509
28031
-91691
83374
73646
-54570
-46464
-9282
65262
-99504
91813
56793
-80240
8773
-1330
-23211
-25147
37042
16121
-45663
39951
-50747
55128
35486
-48368
22983
14577
87959
21885
53350
-90906
91935
46770
72478
33999
-73402
72288
-69372
46275
11383
-8543
80431
38518
60849
-31508
-65789
-28164
93088
94628
-66149
-12116
-37865
-55733
36882
33503
5805
72467
19503
13976
36337
89813
-12374
-90434
27274
74587
10271
-61308
49776
-15593
14158
34473
75585
-15177
89869
12699
87745
63120
-2357
81143
-2383
-80841
-63551
33515
72970
91695
37111
-5379
17814
-24068
46191
38756
-74644
4246
-68302
27412
-7418
35641
-4874
-26921
25984
16089
7337
-49449
-80976
-74637
98845
58232
56348
-90241
-77104
-4894
-44580
77378
83094
-63524
-67955
-52481
-56987
-26540
-53713
37581
88317
9723
-58212
63364
-54158
23949
-46490
55633
42071
-55698
87883
37225
-83383
15024
31703
-76965
32277
-53199
39831
11133
-1785
31585
-55115
-40312
62480
97762
9909
14784
3155
20168
-16693
-16757
21836
-83712
80086
57188
49757
-2548
-23811
58279
-67849
63852
-68059
-53620
1121
-32807
69772
-33039
-5720
10602
-94203
-53617
-18140
7578
-46960
64783
-81822
-17759
91669
14325
-84045
43390
-38659
71226
16976
92694
-62099
-56200
-90072
-76618
20512
77311
75656
-21259
73696
-69627
44646
-8843
-85727
-72967
38987
-40824
48250
64696
-550
-11026
76801
-83943
80640
82685
-40767
-6045
-94342
-94630
-9637
68894
10174
43619
96374
-36857
-79545
34671
10276
-1699
-26176
56685
77651
62296
-1588
80873
85932
-11911
-9936
69357
-28533
-14468
54750
16708
8476
-4885
-80481
96153
62478
83468
-58149
27007
-74313
27067
-42744
-67958
52164
-8174
37421
-56358
-74213
2948
90002
34423
-80049
26953
-12666
73496
-95041
-79885
6732
-26178
-48756
10784
12068
-34435
-40076
15944
92721
14299
67088
76918
-90228
-2479
806
16084
-4764
-26897
-33044
-82721
-58673
40475
-44902
-25991
35634
72889
-39702
-47971
36105
-82009
-58513
-4499
-70700
-75361
31695
-19993
-18593
77504
69087
96054
-53396
-6682
-55847
28005
36734
-7819
-98372
-56658
79684
-48139
88833
-77903
32929
80471
-66891
68096
-70764
-75434
-37000
-51561
93385
77433
76432
-21207
7675
55413
-35158
52053
87812
45871
81647
68279
-87102
-62178
81727
-58085
-28760
9103
-23219
48845
14366
-69310
38295
-81460
-75562
-50254
57536
-12516
73965
5810
-58293
-76293
73913
-62349
-96074
-72981
56565
-99806
-30607
-70226
-21946
-25874
-37767
9680
91369
-33753
76502
25566
-12612
-82110
-92435
-85068
94822
697
-84797
-4876
84259
-78385
9103
-2221
40879
68785
6137
-44531
-48434
-3272
60533
80761
-86218
96523
-84041
94775
-37542
-30878
82642
-59963
-54443
4645
9073
5361
-45457
-90893
26544
88617
71246
-97346
-9512
-70290
24251
51155
97653
-20825
85264
58231
97878
-80238
1148
-22803
12385
-66923
-78541
43349
-68528
85235
57588
74286
88652
39322
16952
43772
54052
-33128
50548
-11707
-20566
18094
12747
-24395
65962
-52611
22292
-81055
63432
-88995
37827
51496
-20875
64973
-57930
2742
20046
-61756
95902
-24222
11793
2022
35144
-46281
-56132
20306
-47737
-53424
-95420
14872
-25216
5405
-76946
49032
-10990
-39486
-13810
61221
-92512
-25378
-12070
569
78012
85288
-24086
87746
49009
-84170
-56945
-1654
36717
82136
-26355
-94956
51593
36321
-13258
49074
83703
64261
-2908
-13900
35591
-89442
-86254
-10245
-95722
-2999
-46952
-7637
13395
80557
8961
81727
47599
47452
-25718
56438
-39327
-23791
-75910
22379
73619
-82279
61912
56130
-14100
-43889
95438
57150
71418
-11712
70616
-17616
-25988
79789
46313
16074
-83958
-92178
90458
-10606
8354
55347
-87409
-91278
-84400
-9946
-61783
87468
-24327
96556
61857
-34902
-94652
-41013
-71033
-31501
23396
5413
-32232
34234
48006
-23645
57141
-7023
76372
34413
-12794
-4037
-30428
76437
30058
-74850
-55231
-66221
-37991
17879
-2092
5611
47833
-18200
28270
-2645
79961
-28916
-62092
76432
-10514
37355
64103
84233
43559
28905
10702
-85677
73807
-15591
55875
-38781
90942
70224
-79080
63266
12444
96532
-28956
95794
-80396
33586
95533
59215
-7952
-47314
-81485
-35663
-66441
13013
20567
-88562
-5536
75183
13670
95196
-61679
13585
-69881
21300
-53832
-87730
8572
11794
-74779
-30642
-42472
-17671
60291
98038
-90370
-91853
-57550
-54073
89489
67446
-53118
-71997
22269
5027
-67891
71625
-38943
-28184
97073
-88190
-21352
-99900
-95128
6516
8547
-62166
33286
-46668
-79884
-80961
48463
-93448
-43623
-85314
99763
16522
65028
20603
99944
-87527
-65869
49541
10145
74666
-46272
62564
14384
-91988
-63353
31297
-76747
-17176
-4689
74853
-40894
25303
36567
40922
67533
41357
97823
-25426
61456
-98796
41616
-34091
-78911
34260
-83863
91182
-16919
-33683
9031
74398
-12828
36007
27952
-40551
-13260
61249
91964
47743
50497
84646
30112
91426
77105
-84291
33816
-39642
12576
5023
-46480
-40190
-55876
-84956
-54864
94947
87424
406
85730
-1361
88715
15559
3905
14438
51164
-12545
-25984
31269
-64339
5645
-58508
-29179
-61463
81470
62750
-21920
-5238
-57172
20761
-96333
19731
45998
-73828
1439
-82649
-79315
-33363
19722
31941
-87338
-1949
18594
-10207
-36501
-23466
95298
52703
-60236
-53723
43181
-98322
-33964
60707
31926
21055
29814
-24546
-69502
-4895
-58842
-59954
66022
-48453
-31812
75415
31530
40869
44403
20283
10479
-96797
50967
-22945
86892
-97410
73117
27384
34132
38465
93261
-9966
-40108
91085
-23654
-97987
25464
-34342
-94126
8532
-20819
-3766
96240
79915
34273
-28949
45263
-54316
22983
34314
-20295
80846
-40138
-99346
54110
-50869
-93519
-11016
34016
-1827
-7998
84501
57867
19772
-99713
69149
61602
30134
54126
-72437
-82220
-97996
40453
-38439
-34930
6948
-11446
-18120
90282
35848
11353
1641
38661
-65317
-8316
56507
81069
73883
-3756
-82655
-75399
38072
-1490
-43025
-10444
855
-21743
58417
99697
-52285
83772
4264
-81214
-76367
-88852
-7582
80899
-42514
50819
-98635
98193
88487
-38780
-53992
74009
75476
11835
-8611
82571
91971
-67590
-84913
-76116
-42627
4989
3812
-91061
-3370
-71825
65695
86475
-41386
13254
-14203
70751
66687
-22263
12153
94933
18235
30962
-33738
6793
-48028
-50258
-62935
-40838
10479
-85760
50985
-75335
84662
44486
-22060
5949
-49312
79124
-28089
-12780
751
67517
-85895
98804
39653
-49936
4084
30576
-18732
-14530
-1998
-46650
-34431
68921
-95856
-20396
-86860
27448
36017
51563
75039
49080
-85454
87932
19624
42141
-32891
-85137
-41451
-22826
91756
-3949
-16045
58590
23956
60976
-21021
37406
77900
-67785
-55454
-27089
-13792
43931
-4109
-41986
-58794
-94663
-33717
50953
-43260
64882
90328
7685
68044
-97639
-26161
-88926
-82122
-77752
-19695
-44250
18408
-38771
60665
-7050
-54140
9090
-22396
3444
26078
-57414
-20962
99201
-54951
79895
-38139
-86685
-62627
8569
-43492
54530
33718
-57199
-66866
-61107
51084
92435
8157
-60166
-14853
-65526
76358
-35030
39887
-56187
70035
23978
42653
-41233
15677
43734
7168
96701
-4677
54936
-15377
512
19819
-25906
96184
55002
-93412
-6390
93339
-25651
-22218
-83342
84805
6959
86278
-17080
47592
44154
19818
-71676
11123
43327
-6826
5790
-58189
-12805
96384
95016
-5370
73986
64558
63895
85495
-23784
-53414
-36126
-1797
-15713
87358
16450
-51641
27178
68354
-95462
-13876
-59153
-85440
-47055
-65712
53275
73968
-79718
2474
77440
-98827
-3339
67482
-48790
25667
5710
-88829
-95217
-66325
-98910
15045
-49372
52996
-60734
9211
75788
2424
-48879
-4274
87787
97640
-46808
-82316
10841
-61187
-98088
-71799
-28557
84556
34383
-24312
83723
-9755
85139
95846
88895
-68807
-83988
84171
-36697
-31515
-61857
79022
97768
-51425
-58284
66635
-29146
-32645
22553
-27836
-11114
32731
96639
-59502
6833
98417
80610
-27994
2116
-87630
-72953
-43808
50724
13082
-68387
90090
20735
-60843
87526
-25293
80078
23121
-64209
-41084
-78169
70238
-9157
84160
-37393
-62210
86782
-56068
25453
-5489
16133
82168
44281
-80814
1587
52666
-45101
-1129
88357
51078
16400
-68089
-18377
-12356
-31122
70222
-46816
-5042
20745
-77085
-85320
-29925
35687
-3275
64347
-94355
58606
-86221
77029
39884
-42059
71224
31708
-72067
43191
-3758
33070
55642
11236
-91411
6799
28815
32337
-83167
45572
-10962
45136
-41323
-95874
50160
-32037
-79218
38686
-59767
-18070
-58472
50327
26279
-38044
-90609
17906
51398
-77582
84042
-278
76338
-6290
-64219
29175
-20389
-14662
98922
6248
28302
95342
-1444
66537
-86506
-64919
12767
64165
99758
20616
-14713
-5244
3105
67253
31547
6293
-20608
-58345
453
14984
41024
7719
-47878
-14766
-67795
62754
32129
72819
-11889
69338
-96831
-52012
47896
10216
70187
-80119
-78458
-61700
-74719
81079
46875
-71147
-21439
68943
85367
-76980
84371
19512
90511
-29558
2955
67211
87180
26969
27898
-75976
84354
-29096
91096
-75898
-61941
-9975
-40794
52151
10944
-12796
37763
-64439
-42797
88398
47309
-58023
43212
13701
65906
-33885
72222
9970
-65198
-3932
78821
-80831
29586
-79904
19327
54220
31872
92159
2372
61267
35806
28563
47075
-30072
-86963
-30283
-86822
36039
-43688
-96819
37073
-90973
-91495
-12753
-8556
-63012
47948
96930
33644
-81684
74478
80189
-86696
69632
-39407
87019
-45395
-62780
8575
-16563
-16441
-95977
58824
-67202
52139
-20130
22699
-44302
62971
-68876
-16163
97847
-53612
2495
-32200
-84130
63048
-24034
-57277
70131
-38093
-20738
-35366
85927
47100
65676
58170
35215
-22230
11781
78251
12613
55392
-72471
-39478
27244
23415
-36850
69746
92882
3446
20496
-35769
72430
61872
-41946
-85602
22024
-55557
-70000
72076
55864
-95608
17196
-10998
46534
-46300
-82648
15298
85169
4362
6738
-70151
69899
40738
-84084
-53672
-89215
22234
20379
18264
67705
43808
5918
-98935
5204
-51143
-60069
93568
-9645
449
-86283
-2021
70677
73087
35322
79858
5118
30692
57817
-55652
-92620
-96480
-82192
77019
57859
15074
-12028
10213
-99232
10474
-88758
-304
62091
-43828
-47710
-92519
-4339
-45629
-19421
35536
38881
17007
84113
-18588
-19281
-83348
23723
89863
24883
-49391
57057
83773
-78147
87682
-77021
-31993
28625
42802
71445
13542
-53394
7865
55263
30734
33900
-2034
82656
-3991
-66050
-29279
88258
76484
-95785
-73384
-62232
-43430
-20566
-96221
82628
-68613
-10295
-2434
35526
48345
-28945
-19837
30319
-54033
16089
-29015
25924
-68082
92558
-52131
-19683
-95802
91328
-16517
-62883
97325
-67061
64233
88764
-84657
7130
29392
-43521
-88718
-16535
-18312
-48247
-87420
75236
36543
83659
-57245
81135
29494
-61608
-38711
39487
69465
97619
-20845
5733
-280
51913
-70676
26987
-35354
-49957
-33894
54039
-74579
-31084
95397
27725
29548
8537
15455
33872
-32065
40382
77397
-22359
-4503
36021
87952
67680
38129
43553
17992
-16281
-6186
18953
1126
-77545
54447
-62360
30581
-21359
-90012
23905
68644
-8122
-19453
70543
72634
-55405
3968
-17926
90327
-31612
13580
-71065
22242
-56326
38608
62023
61780
7719
-45754
-42033
88480
117
-85196
58279
-53250
78086
11654
-84100
-71405
-70505
76488
74224
88383
-12674
-89859
98801
-9342
14418
-50274
53927
-25205
80745
50610
-97913
18463
-5124
12102
-17659
64931
-43737
-91254
10982
78726
34893
-98488
-1933
-93043
-81255
-53374
-80183
61372
8095
30566
51022
13214
52192
14448
-62402
60594
70252
31004
27043
-51086
83746
-71033
8099
76864
83923
50402
-16333
23216
34757
-48175
93930
98284
-71021
85414
30512
34568
-17998
27252
94613
56803
-77874
27347
33278
-6474
51218
98416
6393
14844
-94457
23182
38002
72702
-71404
68637
-86785
19962
45092
-75979
8214
-72273
-76187
49199
-13602
-41272
27308
49184
-54878
-22558
57589
-70477
20962
-7364
-40888
6370
32580
-87174
81272
-10863
60584
-19690
-37626
-12857
-88935
14820
-57566
-31351
82270
27072
-86639
74837
43441
-37738
15274
-3848
-72185
-19315
75834
-87155
37518
61713
-30073
-66350
-31819
-39429
92082
-54424
-46556
12767
75125
-59865
-48499
76403
40012
93595
20698
11031
-10575
-16032
-27386
89029
1151
-82987
86536
-94889
-64136
89344
-13143
-54353
-70110
-93762
91959
-26170
4172
89829
-15534
32277
81070
64440
-20829
-85607
558
-1082
91629
-51129
-63361
8415
66043
-18292
66404
-11788
-64007
19391
-89005
3274
-27361
96102
-91852
-65317
-91128
21794
99336
-22775
-82207
-29320
-27673
-73729
-88708
64124
14178
-80026
48964
93788
-97721
97857
-65845
-18746
-15678
46246
-64384
30071
56672
6170
-48004
-61215
22191
42375
-2053
-52808
6978
96604
-38872
1882
-62255
35266
94224
-91367
-91588
-20298
85817
-63450
44464
-15417
-24948
-78757
22818
39150
23149
-45276
11513
85125
-14165
-20661
-16248
-31386
-65133
-62240
-68359
-83487
-77089
-28863
82181
-51175
-60276
31500
68383
-71173
-183
-64738
-69264
68124
-43253
-84218
17341
65839
18365
71179
-51994
-62305
-43819
69206
-48376
63823
-92094
-7490
56001
47596
71873
23470
52307
62507
-98865
98997
93090
-796
-7431
-48726
39767
11019
-94961
-36486
-26521
-32185
64311
50192
-40786
-24592
-59299
-89953
-52235
-41942
-13240
16655
-4526
-6952
26760
-34367
-86929
1471
69644
99585
-5213
23993
57552
17607
94844
85267
83891
42026
-51170
35267
-21530
59490
-34748
-14583
-48063
5368
56613
-58208
93424
-24884
10675
-25247
37322
30082
-61123
65717
39298
-98165
63221
-99595
97462
-39157
-71477
-18144
-58651
97772
-47113
-90760
60350
-45057
93654
43001
-76653
81866
26028
-69513
-70548
-98894
31176
-47917
-13576
-19706
55621
-55143
-29730
82853
-56724
95545
-19086
7886
-30345
25121
38532
88130
24241
55667
28178
-94056
-43591
25512
42333
26461
95717
79489
-35751
12901
-1534
-64027
29629
-31117
37818
-93284
-40965
10944
-46449
-79706
18634
-1684
87747
40249
-48546
-24706
-35814
33558
-78151
25497
90487
-49337
-70181
8510
14691
-46857
-66795
58040
84397
-65619
60348
-69592
59243
-4505
20024
-68627
-92194
19599
-17860
-19665
93620
88796
-92528
62537
-80410
-48824
-14198
-52527
-8318
31593
80283
-93243
-72125
-24273
38661
75923
64988
-59207
-80854
4548
16404
63252
87040
-48825
-66038
46673
55329
31382
82330
-19711
-56001
75079
-91496
87247
-79563
-89103
-36423
-6917
-68936
38713
-18158
28015
-63572
47672
-89864
-11329
-22253
-55158
-85754
-45182
-94816
21878
-58884
46407
-72214
15349
10308
40438
68668
52001
-58095
-38459
-81783
-35908
-70368
-89005
71549
-49511
62496
39396
72174
-93462
-46354
46394
-34383
-79576
97337
32652
-16247
16601
-71163
-29274
90875
-27775
-13621
-51172
-98371
-55833
-47107
21804
7180
-13822
58982
39855
82717
-7231
-67600
62844
-61525
92852
-25536
3034
62191
-91430
59707
-66209
-44114
62855
45100
96105
-49748
-55502
52478
22392
-66882
-71143
-62621
82791
31741
69457
-52841
29317
68183
-18835
79103
-87660
2623
42570
29547
47070
-78844
-13962
38011
77294
-49921
-87237
-98339
11890
74023
-66485
11380
-17941
18367
-44471
-22188
20046
-53266
47346
-45782
20667
-15761
-77978
-49351
-59433
-2145
-53161
41599
-9912
98739
-56883
-47370
-13236
-74548
-57453
75702
-36746
-68573
-56895
65335
10503
65055
-80281
-57099
35557
42182
50259
75116
75066
45007
-25344
-84733
28652
33557
91803
-63163
52724
26984
57138
-52918
6110
-54658
66044
85428
-46500
-62457
82943
-85419
54406
-3362
-4958
43310
-43918
57819
-75889
-6254
-5076
38021
47812
60202
95442
-67547
6455
66513
-49329
28918
45028
44447
74546
-69128
49972
-68221
-65622
-93597
-95925
-34678
34784
-38279
-93842
47036
-39375
-65228
-99184
97381
44486
-81569
-77512
-63823
-80622
-26111
-21808
37681
37096
-46093
-35956
13050
-72329
-63597
-54156
39468
71651
46417
-81648
-82416
56128
-2649
-84496
85659
66669
-38491
-69803
90256
-94261
67562
-31681
71937
68761
28079
-85420
9269
-61394
-24515
54314
-87643
76817
32319
74225
-85343
68984
18610
56960
-84656
-9444
78776
-6
7316
86325
-12852
37533
-95540
53207
-35824
72103
87987
60649
73667
33380
-1819
-85186
-56690
46105
88706
-84847
57917
71239
-71189
22818
91787
44892
78250
-22681
-28330
-44549
-96018
-16847
32497
-58202
53811
-87203
93208
46790
-49664
114
37758
-50728
-90998
23006
-89597
71091
49270
-71544
-39487
-72455
-3716
-56751
-78842
-76518
30055
46893
-77860
67456
99705
54743
48899
80411
-7765
11830
-67776
-2615
-44015
-33398
65678
57888
51100
-81070
96883
-61732
-28487
94078
-94418
-48608
86296
-49652
83020
36778
97863
-57790
-45158
76568
42492
39751
96053
94865
-11919
66077
-39939
-71534
34730
-94018
82344
-18731
-2094
-31405
31859
69151
26883
-70965
-4429
2151
64293
36766
34249
73822
38830
-28641
-93133
34783
-79097
-26313
-89408
62325
-36401
-13949
58524
60931
39224
65036
55369
-69804
-64305
29983
-80018
39744
-70694
88969
28105
-41033
58778
64753
-12799
46381
-37072
49042
-20009
-89950
-7332
23123
25530
85325
-33888
35268
12601
8292
75907
97207
3475
-2741
-93775
94137
88874
94550
96320
-11924
54102
12989
92877
21378
44694
16731
-81787
78424
16738
72163
22656
83948
-18852
-90784
-4217
41853
40740
-46874
-32394
90494
-46005
9114
14653
11062
57311
4059
-93312
-50761
95524
-69620
-87138
38840
-51100
61056
20047
15314
23582
8064
-11801
-18733
-85286
-90693
82679
-98621
-36516
-1525
36883
61681
-97033
4128
-20115
48184
98744
15691
10784
-46893
13123
20457
-25975
99610
65852
-13078
56656
-16935
-39396
-82435
11908
8587
34531
87194
83684
49400
41708
-67925
1787
66408
53980
89752
-6877
35971
-54604
-81171
51689
-40058
67463
-37462
-61423
-20956
91973
-53208
-70800
21687
68917
38691
-9608
-93535
33025
-10968
39569
-49212
-93973
-68964
41761
83993
16350
-63706
-32914
14001
35807
-47238
-64037
53574
-3358
-92285
71951
28605
-34759
20461
69427
62523
69287
-15348
-54439
-9759
-45357
89324
48058
83237
-17000
-34442
-43304
26830
-49095
-65093
45570
16460
-87950
-84192
70518
9329
-19351
10598
-81248
30224
52356
-58347
86273
-92175
7828
-3771
-49621
-1170
-88018
30793
86952
-33107
89947
-12872
-99781
-32839
91749
-6503
20798
6079
95826
80874
70890
-93853
-15571
-32499
-94347
-58243
73151
17936
