8200
63997
-42482
11427
73020
69851
-78046
40197
-9137
21675
28743
74665
-48838
-84146
-9729
-24499
45979
-28744
-57431
19916
5369
6799
-46340
53261
6474
-28565
-71840
-12259
-60386
21246
78249
38423
-3348
-11443
-72208
-89216
30711
15452
29648
5103
-24163
35112
77050
-48407
-99012
56974
-57290
-17653
87169
-92983
-69961
-7840
-42802
-39080
-64744
-16557
-72121
-51842
12025
4414
7098
-39389
50865
48032
-5143
33624
-65874
-15827
-64139
-85256
-20752
-10624
79912
-20310
61598
-53396
-85730
83842
10884
-82320
82513
41927
-77782
-58488
33856
-4721
61650
76128
80828
-83001
45325
-36252
44111
-54001
65402
-44110
36425
-39166
52828
-30159
95464
14867
27863
66875
64355
-71149
-85689
81910
59987
60431
54525
-70144
26943
-39019
-98473
-41912
-19070
3735
-24837
98938
-10469
-80535
87856
7698
-77039
1381
30105
73298
20289
-86930
48206
1935
24069
-18927
-96680
57829
-45757
-97465
-98807
-2166
98191
-14185
2870
-64768
-91522
-54760
-33325
45860
75144
54228
-50007
-77020
-41319
18185
-88138
85198
19124
-83831
-72223
-71293
13380
-91839
-73064
-42870
31873
19926
31880
38016
74043
78507
32184
-97363
71367
-81473
-49021
93235
-26365
36852
73136
-44384
61255
-73238
70319
-40222
93033
6410
-29710
-48678
-69075
74719
2086
-42551
28616
27038
-88883
-12633
40527
81990
-35846
-39086
28481
-33694
-85848
45796
-23123
48556
27766
26077
31745
-79604
-34877
-96129
-30671
-16450
48610
18553
-1408
-48943
50170
-2693
2158
89931
-93379
76200
83774
9258
-60861
-19478
44579
71365
42946
-50913
68615
-59631
-36308
-63568
-13769
11648
3365
30595
9198
31556
-10080
76166
1404
-97550
36629
52716
45586
31233
-32607
45685
-72147
99121
93113
80229
-73507
41096
3468
90838
66033
-97993
-28811
-68759
-91135
1180
63066
99672
-21864
34913
-29916
-81625
7995
96577
-63589
52793
-87014
-42965
-72419
-11649
62098
-73345
12026
52363
-87971
78453
-1105
63747
21911
-67235
-34690
-20944
56429
73473
-29146
32182
78308
44646
-60540
47326
-97980
-60815
-4602
48015
14239
80807
3143
-82980
-85119
76301
-83636
-70665
54901
36142
-77542
-69566
94130
37883
-93774
-2362
-91679
91980
-26517
5949
-89716
-19131
92906
-73335
-80860
-36716
89280
-64440
-93713
92822
81247
-65281
-70836
-93607
59770
-30605
-97436
-28868
-99975
77142
30127
-37645
-44650
-71905
-58080
81831
48023
75570
80879
50170
76520
-78913
54976
93288
99988
62503
6837
84553
-39648
-97704
-88499
36723
-71932
-31623
-51785
-42948
-60089
-42751
-8585
-14308
-27210
-74590
-28044
8369
-13696
-39005
-68709
19549
40177
-29684
76020
86922
6281
-47814
21183
-68146
-99848
94738
-84406
-89815
28217
44434
-15214
-73813
-23800
94531
48211
21171
89025
95819
77615
-82542
92119
5663
23031
-73971
91885
-32107
57944
-75135
-10796
25751
87716
39777
20194
91572
-24708
83547
22507
76496
-78184
-72742
-55201
38332
39027
-68572
95424
-65376
-46635
-43421
-68866
19029
-62402
31360
39344
-95985
-28052
-91157
-8719
67895
86922
92791
28373
-59177
13365
26723
31367
-67729
-22357
65588
25664
24421
71122
65533
-66010
51032
-30237
51137
71999
3733
-56015
-10129
-93104
89186
22362
-77557
53206
98232
91529
51118
89440
-40753
-82332
32932
31047
-43503
-52135
92403
-31604
-33360
6528
91003
46220
8083
-16595
-2375
92322
-68757
-68650
-64347
-70631
-32411
-55973
24828
26764
-47304
70198
88984
-27555
-83299
-46656
55418
-20146
3359
17756
5034
65087
-14392
-19707
-4043
66436
-77957
6128
84757
-83486
50464
-66019
1775
-63449
-14599
-98240
57782
75299
80724
-97722
32557
-49786
-10727
-98298
8841
-97769
-2365
-90619
20724
-4017
-67861
26854
-4882
60944
92864
-1492
89870
-91899
6227
-99795
-97049
4183
-36913
62102
63686
-78264
88198
-13355
42263
68208
-37978
-49497
-98329
45458
-43766
-86914
71555
7899
-60627
-21106
-55680
-43082
91513
40052
99156
86222
70590
98243
93282
-51551
-79426
15277
82451
53693
14244
19083
-87969
-26469
-40043
77449
-57108
60885
20575
-93839
-29811
55108
75343
86354
64619
28730
-32737
-91956
-91839
-1831
10123
-197
63681
-82418
80964
69310
36180
33198
5054
-83293
81023
-64789
29988
-74447
9377
-23502
76588
52561
-5352
-5787
51652
68441
-47932
47984
-16085
-83978
50083
6474
-92003
-67146
91548
-58038
16806
-83728
-49705
70051
-24232
-15600
-50999
88446
81880
21571
11405
9906
-6382
23035
54766
-76189
66509
-56801
80769
-29836
64728
9811
76271
5802
59300
48927
60753
-18914
-19476
45758
-29836
-61794
-63922
-91130
8060
-29150
17214
46767
-7708
-94490
45328
42689
-83165
-30103
-52878
-20066
-85334
55680
38268
97065
-92470
-25193
-67424
-22766
-44941
30597
-57796
44352
23191
-47861
-21938
-30759
-73042
44970
-51257
14577
-79278
59806
-91016
60620
95306
9850
-78679
74833
-8541
-54431
-45367
77390
47354
62942
-88513
-9630
-87785
45985
-43937
19723
83060
5271
-82952
-54643
-88997
58404
99402
80251
-5331
-69440
14165
-66203
58046
52523
-37044
-25122
-81698
-91250
36712
79400
40307
-47056
-28390
-66818
2818
10193
78488
-17090
9612
-74393
-15399
-19726
-21867
89330
-43429
21370
63296
88510
-28703
-5481
46678
45941
-76933
-28074
-94235
24478
74237
82327
-90683
-56778
25617
-90631
-46666
92073
-60439
87267
-63771
73133
54796
92594
-26419
72956
99474
10362
-75910
67756
74411
-12613
-33879
42476
-61607
-18462
3148
53341
-22594
38584
-34967
28938
31887
44971
99106
-66874
-54552
1911
66191
-96287
4730
27249
11399
64646
56543
-21584
-59202
-88332
-63538
-232
20616
4247
25578
-5564
-37380
-73789
75061
-58672
49012
-89268
90082
-73792
-53136
-13244
-41913
-28976
41498
-24430
-35407
-72360
-79388
73259
27730
24540
-98547
-10448
3221
-24402
80387
-27676
58770
96256
82211
45704
-19683
-34166
80860
29589
-33351
30100
-78031
41430
71466
-88287
-80291
-10145
-88088
-45448
-57136
87469
-91153
21967
-88488
96732
-80972
-40489
-85925
-26369
-36302
-9889
-28736
-98593
63585
-59419
-35538
-87149
29512
68224
-64340
70201
96298
43939
92200
-36658
4956
-78834
-15277
-72464
7094
66775
-48535
-31315
77608
-57711
13582
-22329
14436
26518
97620
35782
74745
-5578
-54630
82234
26368
24060
-60658
-3188
49007
-53351
-99054
20672
-68022
-79440
12092
-65846
-37830
17533
38776
-55287
-21962
89891
-47735
9316
-77411
-27312
-99732
31360
25510
-8561
-31971
34459
-9745
-50070
-28685
-92216
93233
-5831
61350
36167
-41003
-21941
-76623
-31040
88288
-66320
-91374
92636
-47543
33186
97839
-27967
74283
-28274
92690
82984
-72875
87170
54805
7388
80895
-1740
-63271
93713
-33512
-69396
-63376
-21922
-21638
-48113
84571
-28968
-6721
70602
20973
-54131
21165
1687
-19634
44826
-2420
-70737
24475
87913
-76647
8460
-22613
-48437
-52013
29593
-93651
3182
26226
-6407
-73363
50683
-71049
-93967
-27723
69582
-4961
-55757
-11184
-40621
65457
-16760
-60630
50938
-53577
-41895
2515
-17194
58953
-2087
-67934
-98473
-30780
9811
-75274
-60446
-23974
-51637
-19816
-24246
-68669
67540
-63684
99054
-90094
-23378
-9690
-21777
2402
66841
-45206
35787
-91473
23866
13196
29211
58497
70953
-48955
99301
20866
71253
-39577
69599
79153
-87596
-52968
-31039
90159
18891
-83590
48197
88695
12471
-22229
21246
-34389
17237
-52632
83474
93385
-38412
-18932
-49322
31548
82197
-51402
80965
23951
-47172
-77687
-36197
60860
-37482
-20914
-16812
-37341
26566
90676
-67012
66646
-15666
55543
-54797
70161
63574
60509
-30593
-84857
23964
74141
87950
27287
-93831
-82661
-97082
13213
12236
10894
-44981
-43035
-25403
-30141
-1715
25147
77456
-72582
86410
38686
-90725
81646
77415
79827
-83194
12723
-9369
-92395
-91738
-32521
13125
-41046
-14346
-5718
92532
-98352
-64804
92346
-99919
-52906
29395
2551
89473
4168
33337
18454
-52852
-74237
39671
-52207
-12842
-52378
27144
-32533
-46506
39913
49704
-21422
-31307
99143
-20773
77277
39716
68055
-76008
92852
-51110
-74631
-50672
-96626
-53335
74731
57182
60757
-76548
-6789
-74228
-68185
46767
-40873
-26369
-7946
43147
17216
74497
-4593
33245
-90339
63209
63416
-38351
-78932
96233
-40015
-11472
38483
-39756
-7523
-37997
-41835
8906
69563
45507
86752
8673
96268
-63857
-91069
-91343
72025
36425
28092
-34852
35533
-56258
-16017
-16647
-62019
-74801
-11085
-60996
-31927
-46992
-81849
42499
-27878
-82307
14498
66879
28107
-9804
-30488
80957
97764
-92973
-57352
-37168
-50047
-73969
-50398
-69923
12625
-76434
54582
-53181
-68358
-98303
3128
53925
54746
-31102
-40209
2773
-3799
-94650
-53156
-40994
-94918
-93218
-6584
-5074
-21472
91408
-15945
54366
92077
38957
-88584
61152
-5610
-51761
10782
33220
78002
4913
61129
95527
-9631
-14037
66781
-4744
-33207
904
-63787
-96792
-39492
-43514
47792
-79442
50934
42857
-66231
-48396
32962
-47492
91780
-75231
-85701
96741
-18204
-82620
49392
26660
14650
-70822
36449
89064
75705
18428
-86298
-80882
41572
35432
4015
12150
-9560
-6743
-53210
-11644
-26874
97062
-27343
-92176
45096
-91579
43347
-51509
13845
98554
-83022
28879
-77696
96624
-71885
-57567
-82117
-39534
-49663
29669
89097
-10634
40493
-20610
-85488
-25370
28591
27745
47469
-31987
73803
12372
22946
63867
91727
137
-86229
55765
48185
31889
-34130
48348
78325
-51649
-52656
71064
-19261
-39270
99620
66272
49143
9149
53822
53641
-4582
36495
-7194
-74007
98542
12699
92904
-98938
74447
14923
-45176
31904
-5387
-11386
10451
-13928
49366
-93213
-39471
22204
11624
-15480
-32297
48816
64964
70372
93369
87482
61478
12869
-49956
81321
-18031
73814
-55319
64739
25744
-50823
-18595
57610
-7081
-82563
-11971
-27829
7559
-95620
-82777
12803
5840
94676
-76028
-12083
9201
61120
10650
79404
-12965
8914
80766
-42926
-70285
90319
78566
-89077
-87754
-90201
-89507
-83959
-44232
56015
-92337
36876
-82363
62013
44292
-34323
-7832
-53313
1770
-69432
-46774
-78599
-97526
12804
91697
-28935
-91939
-87743
-19734
-64840
82104
99484
23874
39472
17058
-78495
-33682
-74156
-28794
-18034
9482
-20239
12548
-76032
-20802
29855
50593
11261
23741
23075
-35937
-23523
52839
79589
-18968
45909
-38897
24520
-93020
-97119
90582
-61909
57770
-37490
-47434
-38212
-58286
44193
35547
-75788
-94615
-70809
-53525
-53774
-50114
-57894
53287
-14728
13081
58861
-58647
-38084
-71797
87349
-627
75692
-56863
70260
10028
-67838
-70030
2882
-33148
-25025
-60840
23578
87667
-43258
59323
-77762
-37214
-91240
-96440
10120
39295
14376
-26047
-56753
-38686
-14821
-97937
-30158
13393
-31906
-44174
-45628
45407
-78301
-22919
6612
-1745
-25735
56012
-20585
-78250
31430
54150
-16716
-59234
17828
-97119
41324
52071
64918
-32662
-86043
71401
-72794
-30637
50001
92372
-36772
-91865
48063
9432
85660
-77096
-26370
31744
-70307
-94796
52649
-28935
-93118
69430
89556
-82447
23255
31097
47762
-19621
57385
75975
92064
22351
25985
36944
51185
94989
-55169
19894
70550
-62622
32272
-72379
3658
-30685
-74356
18112
-53097
99990
96366
59670
75561
-89743
37489
-17804
-19667
-97670
40323
17524
-89114
-44339
-56408
-59405
-13620
81660
7854
36224
68000
-73008
92809
-65808
13905
48302
43210
-68274
-83516
-54123
-21184
69999
9156
80132
-89493
81188
72774
-38471
19481
-81398
-21737
74835
-49504
-77381
65572
-4519
84535
-13593
-10266
-20077
95473
60541
-5848
-56682
-21802
44994
-54538
91358
43935
-12987
-33116
-20525
26318
-2391
73592
44014
66792
-50207
53365
-5451
-49264
-22917
-93563
-2078
72642
10899
11137
57378
79144
78056
23584
80313
81372
49419
86139
-76158
49787
99827
-24391
-42028
-70750
-44178
67996
-23039
-42744
71666
-45658
-19016
35256
-46958
85737
4810
-27223
21708
36394
-61239
31675
-47617
-61199
57549
56720
85817
-83600
-56176
55941
-96017
-59698
-55303
11596
-11258
21326
2422
60072
98958
-3807
40706
80387
-68082
21188
-91386
-62929
68026
-15785
48156
-22217
-69311
-61380
-22290
50018
89347
-50264
34365
39940
41440
43145
-67586
66112
70891
46548
-56674
33373
-83650
2730
-26266
-97468
92903
-42330
-46982
75475
84224
-82554
-61700
-7646
-31779
-5389
35342
-38512
76446
-99474
42100
-84600
-87581
-1575
-29097
-87210
44639
11424
-92891
93087
54726
-67902
76118
8706
-72736
45312
37770
-10806
-3521
-81440
92366
-59379
-64435
-73762
-9602
-74780
58623
20592
91972
36742
-68122
57524
-7682
7107
65828
70457
40318
22683
11131
70695
13867
-68807
-86783
80460
-83900
13903
-26064
15235
-22779
-67121
3098
40387
-62302
11970
-40263
-51007
35312
-59127
1124
45251
43875
42031
53470
-57469
-18126
-19673
82121
67388
-9897
-37658
40504
51796
-21134
-46945
80930
-97947
-87603
65432
-94798
13161
-81734
-88346
4090
93506
22809
-53303
80840
-67676
-85066
-41946
21009
-70048
2447
-72995
-23862
17741
22579
-25658
78742
93333
133
-68851
-94502
94937
-24800
8615
-56916
-32510
-30380
-27536
-82647
-68059
13135
75619
90469
59538
-37544
43765
-41475
-41926
-95500
-84594
-30903
41082
42731
-30555
37742
-62584
-45468
-19273
-1456
-82183
-87699
-58333
-53340
-8340
68183
-22235
-94877
92503
-74498
95533
52954
74732
71335
-11621
350
-4569
26626
-72038
7390
-18249
25870
67798
63121
35846
-4068
63579
9678
11175
-80661
-50165
15930
18331
35826
9404
88411
-33792
-4419
5868
26891
-67305
-69777
-54431
16905
-79376
26662
-75103
17386
-62540
55739
73611
-2003
99535
-51608
-98159
21227
28792
-79803
-40045
9965
-81570
-88917
-22568
-84136
-29776
22265
-30485
74947
-63735
10101
-39792
-80151
48183
-43318
5410
7546
63271
-28881
-61366
69580
-35026
-79767
-43042
-22417
-52682
-42457
96083
89181
80899
-48758
-37791
91600
66721
-75128
-57806
-41362
-34644
-51098
25797
64032
64060
-41310
-63386
78080
63595
30707
60866
75696
-30013
57320
17769
-41016
-77687
8493
80933
-60313
46560
-1427
82161
77931
54940
-85103
37016
76923
55908
-82266
8876
33857
59843
75612
61215
87797
-45877
-26838
-12991
-80491
-73114
-58737
19670
-93711
59130
500
-58477
-91870
-34120
-75410
-55051
-70181
31234
-52321
-321
-39721
77047
-80516
82830
-67342
-13732
3560
-83046
-19948
-63896
71743
-86581
24264
72236
81264
-22987
-88150
-16355
70594
7282
-43137
48895
-49097
-87013
59359
20336
-22131
39906
-85491
-29361
-52511
19343
-5721
-71929
-6225
-68075
-5256
35963
71092
47505
15531
8464
3892
95454
83035
-87087
-40104
86487
74181
99267
71663
-34966
84063
93575
-52459
55573
-33022
-89115
20721
2689
39234
-59397
-48168
78071
-41442
-38719
21135
56515
-84397
-30153
57965
-69724
47435
-4114
-42785
-2196
52658
-11920
63494
3642
-32982
-21618
98235
45266
32660
-63484
-6734
-95786
78799
906
-74628
61284
49725
6906
65638
62219
-56704
98904
68287
59114
42949
30211
80503
-56537
92022
34487
54115
-31671
47699
80637
-25571
-70605
-29413
52272
-1399
72318
23268
-94741
60274
-39823
14282
44052
92498
-40481
65668
93568
14256
-44386
-26734
20418
46756
-63841
-93422
-4653
15798
35439
27891
-22689
88229
26377
-69952
-29846
-6013
-92011
-64738
-40227
-87107
18753
-44591
21489
33273
22395
-91848
54263
-52072
19592
-13031
74049
-10341
35716
19223
80624
81505
-59657
53056
-81828
26958
-7985
20163
99289
53896
51008
33727
-13012
28315
-64843
58550
14410
34045
82033
76576
18569
52267
51591
5340
-24218
56690
18802
70657
2034
58761
16338
-60525
-96871
-2213
16196
-29871
-32752
-12189
-92580
-16724
87579
-72591
72577
-54318
-41352
-92599
43494
43047
83243
-78614
56289
-86187
-24217
-76180
-58263
88698
87446
-25789
-79567
1984
-2171
-416
5787
-4661
70895
82486
-63717
93643
-19420
87258
-31895
45552
40854
41859
-96158
55485
-99072
86449
-52868
-13386
-17228
61547
-58972
42355
-74433
-68064
-73802
70615
72378
63919
84248
74522
5168
99522
-72076
-19583
55719
-21867
57807
20528
70861
96597
-43381
85078
84801
-17053
-41931
-53434
64826
63927
30924
69862
-95208
-50719
59407
94784
12037
-64341
40257
-62474
7496
-97061
-65091
-4718
-76250
-18539
-55825
-29061
-35083
4253
81718
-61116
-20034
-16199
-15339
-63457
80206
-92684
-58736
-94609
-68007
-3521
47977
-60613
24716
-35341
-1033
61950
87918
-17358
51039
91035
-50767
86891
22578
-84819
-24293
24699
-14365
-91843
-91316
-57807
83171
78605
-86165
92650
29851
32913
-20047
51035
29509
-44163
-19566
99693
30888
73849
-92861
-11581
43694
48882
-86292
-8809
-87005
-41718
-8084
-75326
-91252
37359
66051
46426
2466
-63607
68321
47285
-91990
-20915
-69624
-65780
68978
38191
96864
-70212
87721
-90380
16983
-74395
-74213
-70555
-87886
28149
-87799
-95777
-4747
82879
21601
97032
-30485
-20475
48031
79772
27987
98133
-40128
38565
68775
-71730
-90210
-18743
54922
92292
-68691
-5123
20429
-9159
-59184
29336
10845
80780
7385
-99070
-70515
878
-96420
43019
70716
1870
-7378
57432
-35357
1943
-43201
-80584
43965
-48497
-15919
27348
1107
-672
-30828
81989
17891
-7948
13792
-68288
-57492
76857
-48306
-63508
-36903
-33596
-1420
-21612
81224
75537
315
-46280
57973
97385
-58530
18366
-4472
57948
-3968
72582
-99337
-31570
83818
-49829
-83431
50318
86561
31045
69065
961
83616
51515
-781
-76770
-79177
-82315
26302
-4558
-57856
19552
86422
73731
95225
-14037
14932
29362
-46461
31423
-42611
16506
-38858
-94197
-27468
-23147
-39841
-66499
-29396
26109
57111
59596
79471
-43568
-71807
62962
7316
1868
-27489
43063
92800
-19142
5905
34217
26988
-38808
40876
-79320
-25266
69966
54643
90397
61927
-430
63989
2955
71976
-3865
-59070
-24450
-77886
-28720
2635
80223
-29175
43907
-27627
59753
-85117
-85144
97370
13750
-65005
66305
39996
-46605
41405
48483
41255
-95373
-35051
-20766
-60286
-9825
43785
-26933
-41647
-24374
75271
4746
17962
-39966
-84660
-99732
-97775
-77758
-83765
69055
-71373
92773
60982
-42
85243
25334
61483
-51991
38677
25027
-13506
-66663
-50435
36431
-225
40080
67011
-86970
-47448
67783
8541
47883
84294
70049
-89240
51053
-99327
-97931
30717
20281
35753
80361
98092
56937
87967
53305
-42280
72890
-5635
68055
34095
-91109
-19933
17645
90051
11393
5279
20286
12490
-13928
9848
-9750
-85969
51603
98583
22288
-50606
10916
-29229
17549
-87773
-29112
-71401
291
68118
-30854
26290
-1482
-88765
57607
-72197
752
76382
-63551
-8545
-99325
18638
39821
1289
61134
87788
82456
99116
50969
-51687
79846
52144
-40133
16508
66378
37495
53211
79639
-39374
-34358
-7597
64453
15642
64677
54768
-54702
-65055
-24933
79574
-66890
33401
-21657
-71295
-21328
5879
-30831
89254
69308
95626
44409
60599
33648
-67448
15300
-90490
-40519
10404
71328
257
51052
-6980
-61323
37019
-67381
84815
-88983
-14132
-86121
-84660
29520
-19282
-26804
7173
93487
-11832
22526
-85566
5163
-41112
-9074
-26318
81619
-54615
-49847
-96067
59399
74325
94429
56117
34435
22819
-4168
-9238
51724
-91743
21119
22236
-77707
-86291
80167
69963
-18610
12637
2868
-84629
-49686
-93825
-33332
65844
28812
15482
15095
-42411
-95762
67027
27958
-19576
17389
-17972
13052
-73727
74324
-79322
-33331
27584
50883
-73080
-37006
-43322
90619
-70920
-54570
-25436
46601
-66747
53377
13614
-74291
-72761
-38354
-85041
-55769
-75714
-50678
48694
36157
-11176
57356
-37906
78314
39311
-16789
58444
43846
73710
-95103
68097
81742
82035
42874
-8241
-34384
-13040
13944
9305
-61194
3980
37127
53522
56268
30087
-24584
76312
3631
-65254
-75300
-87207
-71948
-64420
-16097
78259
8499
4610
-82242
49498
52878
64606
44518
-28110
99809
-89976
-39509
59773
65608
-22822
-18911
-56146
-50297
87764
6491
-25444
-13798
-79328
-20994
-19182
-56166
79089
21696
97155
64457
-2107
-47678
93851
90298
63241
2504
62960
-10272
-85861
-92271
89239
-71375
-90198
-2089
-80876
25142
50617
-91547
14953
-76494
34883
-86256
-35761
-22100
83513
-5421
-55933
-60517
-76953
-94837
33143
8878
-6284
-79093
59049
87541
-40696
45277
-22447
96239
45640
-86378
37428
34417
68348
15957
-67818
67823
-97454
-94248
52748
23338
61820
-26310
93999
6838
-25356
-88755
20717
-70745
47007
-73264
-48199
-2025
-38257
-26227
-83037
-20521
24291
-50478
-3262
43440
-68791
-3383
-98611
64788
16548
-80266
-13239
77094
60552
-51187
-63907
75427
-98462
25518
-91071
17259
-10763
14206
84949
93360
-98689
32675
86926
51770
-87942
-80037
-45429
-64108
830
90746
-98683
60887
-5820
-78274
-68699
24080
-49787
-42864
48944
10577
64192
-61030
-88931
-43823
-34917
-47937
-76024
-86848
-61855
30716
17151
-63252
57386
-42663
-78088
-65207
88472
-93237
-4635
46240
93949
3049
79392
-47913
15322
-8695
-33599
59929
-69565
-84617
-75057
-223
-34402
80273
-12461
-97688
89034
10882
59592
95529
15452
23961
-36178
-94643
61956
40325
-57666
18809
73678
-94609
-66633
89968
-33468
84852
-69801
10789
-4686
-49474
21157
86497
79938
19710
3371
87693
56389
65415
20930
-95843
-54766
-60918
49221
-83239
-23159
-28950
20071
-71799
-7247
-5317
-415
-72707
89727
-25572
-38333
-41034
-1224
-87186
-99988
41588
-31891
15152
63061
-46499
-37467
46457
-73337
70023
28121
-53231
64493
50914
69081
57388
18948
12037
37900
-47549
72750
23315
64468
-3120
92838
-2166
-25968
64807
7759
-27864
-60997
44140
37221
-20486
37874
-32779
72916
-82686
-61550
3709
-44505
-21948
13760
99777
-54823
-8211
84674
27834
-8184
-15647
70666
11064
-39481
62240
-31085
80664
-81326
-55469
-82012
-48414
-5795
-74247
69426
59777
-67707
68649
-98589
5727
-23384
-72957
55596
-20835
66128
-73225
44443
85932
77258
-14415
-51471
94347
-6763
17568
-47193
-42659
31030
-16094
-14447
52710
-99352
54670
-53472
23650
95409
3229
14210
-56830
-74032
50421
-89500
-36668
-89645
92564
14807
-48211
-95739
73877
-30960
-57306
-71485
47906
-79030
60592
19440
-77129
-3194
25798
33278
-83890
55154
75662
-97107
18093
-72408
187
30417
53384
-72115
38274
18699
-52589
-96614
-1802
-24422
-97879
38327
-76478
6410
93010
90883
42179
77002
35892
25265
52608
-29477
-35751
-68212
-75258
3301
-20903
9370
93092
12964
58148
89823
-43968
20991
-57426
-8519
-27947
-49799
42359
-93016
-68278
-7232
91062
12272
-36177
12387
8866
49047
38422
-61407
-67556
-81911
-50484
-55332
37500
34524
94003
-45779
47670
47085
-96387
-49775
11688
-13463
-9849
-14272
79108
60072
58128
27422
-20267
12019
-36716
-22325
5423
99622
-58423
76117
30200
-30351
-12811
-34995
49740
-21448
-982
2615
6226
-23397
17504
-91302
-88231
-66032
-6739
16440
-5715
619
-98909
50392
-90372
97919
-84154
57215
-31840
-66657
-52760
-99971
71369
8958
67939
-30557
-73592
57908
70707
47186
32250
77729
-29843
-77778
-55793
-26388
60192
-64270
60982
12325
35271
-62690
-54681
12041
-90649
-91253
-95860
63139
-15029
-5282
-29171
8591
46938
66587
39351
-15334
-55214
-99375
53000
-37883
25763
-25293
48217
-84184
21674
41543
-79704
-18700
47240
-19209
-95999
3345
-37409
-22971
-19703
-8154
99305
66908
80295
-30730
23092
-52607
11215
53095
34622
84776
-47635
-12513
-74007
58531
-13974
80263
13210
96758
60509
21553
42228
73733
-81391
-38954
-68883
-34258
8239
70584
9673
-19724
19272
24166
-22789
91024
49025
-91042
-83115
90988
-31332
31116
-49881
-278
-60129
43697
78652
-44834
41891
-48865
5293
24669
-12166
-44255
55264
79661
-80514
-87561
-82719
-99685
10866
-76994
-7589
-14676
-28456
-14482
32434
107
68623
-47362
-91200
10337
56613
-96542
74603
-67997
99329
-62540
-37216
-22459
-63066
-59087
32622
-45715
61669
-41190
-86015
45058
-33310
-65094
-20359
-89470
-35520
-35192
8294
48243
-18004
23202
29218
-17679
-1853
-84999
-98868
-29658
5089
91404
-38756
85016
72583
53581
76392
54237
81448
-69409
98034
-57559
40848
16897
-40917
11592
-37326
13060
34633
-1177
37836
66552
7424
89164
33721
-94555
36255
23718
81299
-90955
30218
58942
-55870
98799
64592
-45043
44454
28830
-84760
47656
49949
-17456
-17203
-11177
3633
-56902
17523
52739
31841
78265
-47772
-64435
4042
-82317
-16260
15035
95922
36060
5053
-92403
-72271
18837
-16560
78510
-41219
-16850
-89511
-38650
32400
-42548
-47307
-88084
-99656
-61274
86995
-26183
48379
8041
65964
-18440
-90012
-24324
62048
-34055
-54546
33053
-28305
-19196
-92020
93674
-34032
-55445
73875
-91076
33521
7353
75781
21358
-51636
94662
16635
19707
16035
92780
18414
-16443
-52200
48916
-93726
-32654
13227
-96727
7407
27633
-38192
-68113
749
-91877
-6036
79916
-87429
-50060
42220
73156
-7828
-11056
84802
78819
23759
38930
-23235
-80941
-53158
-4592
99204
74989
98611
-43309
-95504
50412
-90150
-41414
-63293
-96483
76149
51581
20872
-23374
92217
60879
135
-63242
-91405
-20387
-34779
58588
79793
-88908
-79530
30512
-7601
-66177
-65087
57646
-47135
22509
37423
73521
-37254
-6031
-5778
-34364
59095
93219
-31352
-4139
52843
-62140
-46565
46088
29832
55135
21845
-20633
82087
-15798
22350
43702
95764
41036
76226
83684
95929
-19880
-16151
-79714
17540
69624
87413
39550
82296
-81723
-56472
-42910
43342
-81966
-32817
-96873
-76091
34857
68574
-92493
46477
-54867
20777
14081
-71988
71007
91581
-1961
43018
-36420
-81319
-1596
-11584
60930
-79092
-75418
35256
71827
-16020
-58856
-43168
-4941
74288
-95480
58865
55212
26539
83494
13495
79569
8166
48504
8060
68831
83928
98698
66389
-83202
39364
72067
51656
-42009
11823
-61229
-34856
15713
-83523
-87735
99951
31332
87720
93249
-3928
1246
-94565
72187
-32202
60947
-49999
-24058
79348
-86497
-5627
-59430
-94263
-90345
79029
-67962
29175
-67826
92792
-70722
-45695
-22733
91993
13910
-67849
94808
-15920
11596
62495
-36787
74491
46079
90754
-39253
-65538
43134
34512
15533
-70668
-15172
-37776
96824
-34992
37727
-60632
8827
-40875
-57993
94310
14321
87598
1740
29993
-86589
-36373
47248
-87217
66763
23704
-43213
84795
-26700
97788
-26283
17954
26045
34859
29591
54259
11868
-9272
-61494
97953
42431
-14245
-64183
50382
-35603
-58229
-40733
90517
-17781
25016
90800
58356
50299
-14729
3333
55125
159
-19797
38978
-5897
97467
-70660
68296
-10051
8121
-21385
50376
-57069
-57274
76162
68855
-38983
-53607
99322
34269
78574
-39277
71979
-47091
-85319
65665
71787
-94289
91414
-99329
-54445
28473
-5316
-91080
-39525
-67524
-13113
40392
-12911
52635
1031
23554
-72522
-50154
-66460
-9779
44085
13892
72684
-78039
-32191
60383
-64389
53840
8842
20921
38214
47799
-80037
-16115
-49852
16243
92947
28784
30521
-54919
-87107
-32985
31008
43006
43279
33042
85172
84285
-99780
69381
-13349
-7977
-61770
43191
93488
-70060
-62461
-56749
35179
52679
-36805
-91924
75055
-95152
-79332
-3762
9712
-68997
-58999
-50513
78656
-97786
102
-8379
-47948
63872
99784
-31311
-10121
59277
55837
-57832
-94357
62598
22936
-28205
25527
-87363
-4778
-13316
56177
39838
-90094
11305
-46871
-78607
61313
1461
72976
44923
-88948
71481
86084
99013
3240
4634
-32967
-59788
-52653
15740
40773
58711
54636
40533
520
91200
75887
96924
-64395
58761
44685
-77409
97154
22776
82020
14388
85800
51901
-79456
38215
81751
-28328
-16915
27411
-28870
-73641
15768
-79380
69538
81085
41089
69816
91537
59263
-48385
62910
5606
-21465
25360
23190
71840
-29989
64251
63360
29200
6329
-42235
-8111
26655
-27751
-71732
-72119
54713
-85836
-1470
2303
-73707
87138
19658
-27395
62243
38335
74408
1448
-84463
-99033
33128
-24744
-21511
80993
95823
96134
97322
9560
79029
-28829
-25327
-87996
-19641
-6651
-93949
28456
-11048
-97348
-42646
-81420
58655
68163
-3509
-13046
85777
36754
-61008
93342
-61668
-77423
13622
41526
-10371
-58841
38389
30033
-65474
69551
88327
35876
64784
-61108
-33865
-30465
-47552
-70573
-27000
-22705
-55399
-57689
-15841
87036
-61609
-60381
-96562
-18894
56643
86703
-31043
-60227
44656
-53963
-34505
82190
9680
-62802
-48817
24539
-40973
-80490
82285
-99806
-45858
-77506
-50632
6157
46980
-28992
-84959
-26831
99108
-96372
23754
58032
-69634
27041
-3630
74367
-15821
-91304
-26241
29314
-30856
27034
95366
-65260
-37130
-88270
19257
80098
38530
88381
-13491
-85129
-14924
-78466
-84345
-93742
-23642
35790
65219
26739
-17717
-74256
-63711
-92811
-44695
-71037
-20275
77012
-30028
44497
-20376
31632
40265
-55228
99416
10987
-26813
25143
87209
-77684
28862
28394
40478
-81914
71846
-76272
10841
19698
-21958
2307
74466
15480
-39197
-73705
28247
-33299
98859
-94388
69040
28118
-57700
-88547
58734
59211
-35658
86197
-96096
67831
91980
84481
-49518
-35908
55739
40609
71570
7539
-30840
-18760
-40800
5905
74773
-53982
52849
-37787
52352
-8251
74080
17917
-46824
-8256
91122
-4759
17405
-82367
-54396
2647
32723
35315
-63981
93085
99746
77780
-69208
65302
55438
-55772
86110
88739
-94034
87545
-37807
63123
34890
-97168
-42011
32861
-27786
7550
-46480
31562
-84283
21412
-5819
-11472
99436
70465
-37218
-16360
-38411
-53631
-11099
79553
72924
-82765
-80097
9150
78218
-2055
-44234
26874
-85653
33176
-4319
-75748
7278
-47185
5170
-44987
99417
-82939
-66180
-82442
-41786
-20549
-97762
-65137
-771
64096
99568
-16142
48367
-59165
19530
25414
10317
16675
59372
40792
81859
44067
-44403
-4965
-55595
-3367
-50685
-64048
56404
-99483
4491
50049
-59268
-30625
-83274
22503
54765
79369
63153
-48021
38916
-23388
-61585
-92151
-2730
22878
-77451
84497
79241
-5784
-96895
93704
-93810
75750
11928
-24917
55998
-53120
-86549
-73645
4688
24534
-76507
-26508
-16587
79568
-428
-65153
-3567
66067
-73551
-70232
-24619
-37681
65165
-76287
72125
-17867
69658
81221
-49757
41926
-35052
-74510
86783
77959
-12598
22157
-50692
-18991
75533
-15031
-90441
-59964
-59660
87170
92950
-73124
1096
-27676
-84093
99675
78291
-86551
-70332
-78810
-40320
-96769
5753
33196
94127
-10105
86129
89857
-47144
-40326
-66712
69513
-73191
-48986
-45983
-42865
-68707
-66922
-54052
-69451
-59285
-82416
-82187
-16442
64904
93432
45849
9511
-10102
77586
-84891
14317
72187
-45787
36637
-55672
-79258
62330
-11259
-50340
35265
18692
-69408
-75472
-12746
-83175
-60926
-86593
54480
-28258
-90988
-7316
-43777
-66494
71908
63443
64136
58465
89190
-1669
8651
-50872
-61300
-47257
45426
-92968
83901
15435
-89932
-80189
-3724
89052
-5949
-69836
4600
-23296
96408
50507
52148
-86939
46808
71238
-45006
52014
42723
9787
58616
-96953
65530
-87295
-9601
83993
28042
90479
-80564
70681
57113
24188
-15826
65403
-86452
-41210
23891
69509
-23022
42606
92614
50174
47921
57696
41289
-55227
50219
39984
93130
88125
38540
6624
-45690
11430
-37997
-44354
-99529
38599
-17925
-84758
12603
-97081
-77339
27573
48515
-98596
28451
41062
54836
-72613
-95965
28886
-87075
-6675
4790
-80581
75478
-85534
-80772
-87103
86769
99999
42478
89748
-82912
50739
15560
-36805
-38877
-14840
54993
29406
-67221
44725
20104
72680
99472
44720
-23763
-73401
-76052
7585
-61335
50064
-59118
-11759
-58214
58304
81966
8769
-77121
-42402
-98245
-19432
55357
64188
-10405
-45324
-35060
44955
-51882
-28383
97217
72494
-66254
36071
58936
247
-22742
76925
-15459
78286
18959
-81380
-1577
6976
96760
28527
77586
-58924
29671
-64538
41384
32745
65914
-1110
-73108
30715
-58486
-55061
98322
41924
50148
-12075
54718
14975
5346
-89888
-81688
22279
-55707
-44857
-42008
89183
-9488
9424
43107
-15093
-7068
-92662
-52142
59163
-85100
-68203
25068
-39545
-56892
38683
62320
-9546
75331
-99939
39825
90073
59682
11432
8381
-22348
-90992
49638
16588
-49091
-26669
31312
-98302
99933
-19995
-97855
38784
-79405
-56215
90150
-48306
-50632
23944
53586
-68355
-10787
-1747
29998
5436
74064
-62823
87629
-37318
55166
44643
-24802
73970
19890
-20720
-59525
-53544
43387
-33333
-6626
-31842
-26708
-9279
26547
33891
62333
80219
-51320
18873
-25585
-98215
-37024
-76079
-49267
-52024
-11801
28549
-33746
89055
-12735
40130
-11818
35836
1084
79376
82524
-50442
-50781
-89408
44647
80926
-75084
73201
-94031
-8745
46889
74750
99566
-67441
-73294
37896
59909
-38823
-68412
15003
74621
361
42315
-1153
38515
73579
73211
86494
-49913
-37504
-62460
4364
19735
-23466
99812
55608
89379
-6366
35798
-64658
34064
-70467
72168
-83193
5704
81560
19882
-31634
-74242
-67554
-24958
-60657
-33841
78437
9053
69918
-20924
-29105
4032
83136
38964
65219
-70531
-89830
-83577
-45757
-60160
20981
23701
93611
13129
-50421
-77012
-51707
-8460
77169
-16848
-5813
-96204
99680
-27875
-46342
86494
22241
-12823
-30769
-14879
96853
-3516
-70111
-42540
-17954
-27967
29978
-56280
-80978
29134
77779
-77956
-75350
-31905
31371
-22192
-46214
-14422
-92604
62289
-84432
19659
-86981
74130
-5934
-70969
32322
52508
73285
-28883
5627
70748
98520
36760
-53709
-13190
-5717
51794
-22504
39243
65275
-89389
-70695
-40804
-91125
81703
26073
-26001
11311
-48019
9487
37442
5688
-85829
61244
53322
55799
-57761
-95926
-68545
96496
39297
4606
-88495
54109
-25820
-39654
-40968
-80421
72587
93842
-17815
-21771
27064
-33432
-22172
6412
-46577
99750
49706
35232
-34150
99768
-54068
69501
15910
86819
-23393
90436
-28150
55334
85324
57109
-99577
-6997
36740
48726
-82485
19626
-56752
11747
58448
-50917
1862
-76014
-59166
46293
-71017
3425
-23875
31624
88518
97982
85140
50900
-2061
16435
65646
-28732
26325
-48147
45419
63082
-46073
-33049
-79515
-14121
-81799
-93896
-62926
-53065
-15289
38069
-7675
-12025
40742
24260
-65164
1013
12283
88126
-1388
-91117
14214
-86528
-9024
40246
22651
65679
-53575
43057
-38031
48485
-92569
33193
-17485
-60964
57662
-14891
-25675
17526
-74564
-46763
-38047
5319
-88818
-36565
-83634
19775
6162
87258
77138
-5736
77047
99418
-71698
22808
31937
94004
-48664
-12221
9449
-75200
374
-62623
-43999
3065
-20778
80871
33013
52602
76475
57861
13581
57560
-90783
-3893
25167
54619
-44735
-3847
-18655
-32935
19040
13985
-12212
17265
89603
3451
47484
58273
47293
-21563
-28956
-33211
24360
-8107
74046
28333
-61518
73341
35376
14425
-97265
-51239
-83062
-64429
44108
-44489
2668
95081
-6460
32356
-82875
95430
171
-57969
-11274
11884
-56889
-72739
-7787
69713
13823
37128
86669
47059
6924
95604
-15838
-68008
-73012
86416
-21614
-58554
11893
58021
-75753
40540
89446
89918
93897
20139
-19751
-17292
8417
73781
87093
-12587
-90663
50144
-60031
-1423
-78993
-95913
-96206
43328
-85753
43326
-17883
85939
47024
6799
-76952
82326
55231
-69930
-6094
-1058
-52841
-79739
-63181
81557
-92213
-41099
-19834
-18529
98138
27642
-91004
63591
-59815
20257
6706
70124
7726
38856
-49382
-95134
99832
-30437
-19465
13318
48908
-89113
81993
-79039
16603
-9700
9737
94776
96303
90020
-13897
46062
-9068
-25574
-35121
95447
-40365
15720
-16039
-66438
81945
-510
-27104
55297
12215
95545
4602
36576
25539
-80963
-4858
-35488
27
306
89589
70983
44489
99309
-6786
-3994
-96382
-98485
41141
-72257
27145
52334
-98634
-35440
-84431
-20459
65787
-66560
-69633
-59945
-35570
-94299
28014
79804
90712
-5264
25100
2808
28055
-98506
89281
-76027
-25810
53979
47279
-33892
-45162
-37283
-16267
33231
-12942
-67782
-8114
53894
-36479
12479
11159
-24556
-73875
-20113
18862
-15819
-44800
-2356
9206
-16986
88054
-74555
-54666
-68831
-97747
-19141
-33823
-13644
6905
-36495
19888
-23811
-1452
81553
-54612
78660
-63694
-32171
-62008
-67979
41139
41432
58474
30776
-93774
43450
46090
19375
-64646
51177
50931
83467
-36519
1491
79015
-9461
52364
56037
11872
-27437
-55847
66238
25200
-87323
76924
-66699
7305
-62274
-61895
-93821
74649
97295
-46384
95183
86030
13270
-12337
73045
46711
-24551
85121
-40014
-89334
56255
75972
-10482
-11070
-24117
-68679
-56282
-44383
-40586
41876
-89292
-61357
-22425
55570
-74114
45875
73361
94987
98616
44966
28649
95709
-71785
-60699
44739
83592
-68364
79833
78088
85336
70168
-33185
-31722
-44739
74858
56171
-59404
47030
-61518
11144
-29328
12140
1801
-84035
-14249
-33125
-20129
16460
-61423
6251
-47895
74772
19606
38941
-27995
-58730
26065
-20192
70475
-23020
-86641
-17404
-99310
21845
-67100
-19834
12891
86918
14491
-54263
-57410
-56005
-79849
49510
-49872
-26798
11850
42138
79374
71928
17745
-65122
-46520
-76219
-67285
-71404
9389
-99901
55573
-67171
-69106
40460
-34877
5575
65554
-28335
64188
-14108
-43690
-11273
57491
-21770
-39682
-24869
46141
68998
70813
-77450
42644
-70701
-42755
-28836
-77977
35944
-43125
-73761
42363
-76217
29666
60496
-4829
-16831
15474
1253
10551
37863
-13299
-11274
90804
-37
-38258
-54430
-51280
-5505
-57946
-2737
-97096
13775
-44732
38670
-70520
41867
96608
35740
-68314
-58804
3173
-86204
34843
-36104
-77383
71394
42447
23761
39594
80132
-25920
-74393
74038
-79575
4062
9006
1207
-75989
-55993
21226
72809
12984
10778
21639
-89383
29948
84538
-92091
-82388
61979
94497
88784
35338
-88486
-88738
43565
-42971
46365
-62036
-63599
-14935
-62773
57713
-74676
81730
84877
49296
-43934
-12475
45430
68779
35066
-18436
-48963
8632
46768
-27887
-92507
91647
-80571
-21355
-579
69101
9142
-21522
17987
18776
-98582
28955
87524
25680
-83964
81318
77663
42334
-82663
-86619
-34361
-66852
-85957
6444
-74137
-38864
-15884
42194
20736
-29402
-8817
-35042
-59155
-26518
96271
-51697
50088
40799
72387
32133
-90459
-84514
46257
94479
-94052
64910
77552
92434
-3420
-14500
61266
-61934
-30789
-58537
28029
28128
-56478
37739
-25637
46176
11813
39609
55015
91958
-70344
97231
-98648
38989
17789
-64823
75515
-87165
73827
61763
840
55861
3688
-68103
-29481
48098
-23554
-77058
17147
20670
-49332
-75947
48236
-58282
-71349
55152
35187
32282
16081
72386
32958
17740
45739
-1725
-45933
80452
45538
34944
7457
-76643
71264
-18276
-69774
17728
-47699
87399
56317
-7029
-23406
-18984
59545
95773
49246
-28182
-19125
69248
-88122
30481
49792
-10060
10855
-93096
94934
13396
89192
60569
-55916
87655
68411
43672
-29701
-60474
42242
-32516
-61324
-7131
18510
-84374
-70296
34687
-24958
-37953
-79185
8674
59350
-21014
13280
2644
62200
73829
-15161
-29471
-70388
-13426
11060
81346
16788
-1306
10608
17644
-10901
-10779
12939
74674
42156
-81033
85713
79959
-19280
-50665
859
-40652
67955
6023
-87103
-85566
97048
-4183
-90195
54661
-83837
27197
30282
83030
-20060
25144
31900
-26677
-17452
62013
5674
-11964
-31081
-76870
-79082
-40235
3969
75554
1549
-90869
-99786
-1022
70937
-90851
-11318
59779
-36205
60401
49159
51963
-38154
65607
-68724
69935
-59696
-94842
-2222
-4375
-74414
72225
-80246
58738
55622
-64538
-60382
-42195
49503
3043
12263
-47536
90860
72053
28485
80575
-28121
31278
2665
4295
59626
-4062
19719
2995
-24063
-77873
-36681
43215
-13670
-24922
-85637
-40073
4825
50746
-34020
51162
39304
-82620
16177
-49391
-68820
14416
-42367
-63722
-49613
-9080
-98048
-97630
-71351
-29285
50870
73127
41609
-70838
75389
11111
1488
-66353
-34007
75631
92910
-68694
44994
-79372
-70986
91977
-68564
-45560
-82699
-29805
-36888
60345
79231
9361
98803
-20473
76772
-13575
9292
-17089
54914
-295
40147
-52808
-46092
78173
-80947
-45335
-23512
55485
-47164
-86618
51087
-48571
72267
15349
-56595
39618
75744
-44399
90448
47238
-5526
67003
-56291
-22439
-9375
-88969
-11770
-99012
-55732
58730
-28841
27610
14822
20558
-68048
-26930
-82918
-15537
-83379
-66869
75822
-52219
49217
71724
69372
-66737
78914
-57127
95322
21640
-37795
-90734
-38053
11049
99978
31067
-47505
-23877
83610
88260
98469
-91017
-94707
-54444
38737
80955
-74752
46802
18313
92523
-46845
95087
35401
-67102
-67767
89235
-18634
55956
-11016
94466
-64448
-74046
97633
-3285
-76192
-32936
91529
19085
-13695
7078
-15514
41543
-44101
-97607
-667
-17734
-70406
73878
73256
64220
59389
96786
-2099
-33124
58170
-83119
43753
61101
66655
89625
-71147
34418
46260
-36142
98782
54468
-10595
-66852
-83936
67555
-16133
27213
-50771
21174
76529
26566
-17754
-99648
99971
81392
-76692
54434
31003
1816
-59407
-17337
-95898
-85659
80296
69999
-54501
68786
55515
94107
65756
-46260
15066
-28910
-41035
7497
71505
-76273
34817
66947
-66381
-79160
16299
-91216
81555
-83622
68882
-11681
-55023
48662
61318
26385
-10319
19938
26927
-25806
-6265
19533
-93170
69555
-60722
-75661
-8422
-72699
-82791
-62135
20684
29811
-89311
40006
42231
-88356
90748
67439
37966
-15412
35695
-22275
14602
-40649
-62566
-9428
-86877
-7407
-68910
95330
-72389
-62388
25996
-20614
58586
61743
75892
29101
34516
-43632
38877
-61347
-4025
-93906
86803
-20867
-99647
-69395
70285
41631
-63618
90542
43263
-293
96142
-29173
53387
30105
45333
-36372
42967
-96388
97453
-4791
71866
-72277
99878
84988
61199
83325
-73363
-383
-81620
43201
-41654
56782
-23315
9575
2051
-78519
69609
64654
-7010
88426
-85113
73962
99652
22639
97769
-6447
-77183
90230
81221
83235
52392
65146
57685
43348
38548
-50772
35557
74584
-91191
-12243
-95734
13033
47608
57062
-88783
36728
-77151
-84283
-79211
9582
-57133
80916
-88950
69789
53455
-31689
-77129
88072
57867
-72190
88353
88587
73298
-80459
-82655
42280
-69432
91925
-45704
-22160
-42229
44968
-69831
63627
61494
69708
-34652
11748
-99905
21428
-37869
40499
20032
91392
15246
25000
-97389
-7496
36601
-21327
-34602
-41498
36589
94440
-42418
33677
-34077
2460
81191
-7671
-21108
-47749
-5415
-51196
-30081
37273
-26585
4690
-26550
39711
92481
37995
-39959
-3758
842
-13822
-55979
97023
17524
-24122
38003
-31167
17094
-48844
-69203
-45714
54783
16215
52382
29092
-66667
-90210
-54873
-41557
77910
10008
27295
48583
27632
-95986
38887
81757
96332
-88132
-31717
-30657
-59884
42670
-40348
99734
-37931
-45452
-50454
55467
92928
-4543
-72537
5330
907
78566
-20905
91763
3253
44518
-15349
61366
98790
5237
-59363
-92021
-2956
-81262
14206
-6957
46018
-17666
-97045
7534
-76413
94488
85118
55266
-53284
-82154
-23327
-18140
-68376
-80734
-35619
-68857
-81515
52558
16784
-79554
1579
7926
-27395
69967
-5139
-99215
38462
-14889
-3624
45811
13908
-16396
36552
-37182
-10529
-32942
-54214
-77485
38057
29653
39276
-15679
-3172
52384
9313
34793
20884
52736
31745
14564
-15601
22329
-12836
-19166
-20415
98922
11343
90847
-73723
-66081
29055
-91963
-54995
18803
13954
-33121
-78534
19360
36958
4724
-14745
-2075
-70167
-18552
61280
-87533
55503
31531
-74736
-89997
-66958
-62212
93592
-42473
-46548
-18754
51547
-52932
34288
-53100
91702
21145
-45106
90076
4749
-59194
20501
-32154
62784
73100
50002
64720
-2115
29509
2359
40063
73583
-44240
-22888
-67396
-25515
-77485
-55730
38440
37997
51981
-50434
-63651
22990
99767
-43852
81635
-10155
-47050
-8536
88652
-87497
-19423
-8605
-45907
-89546
-12087
96443
58937
-54481
-31511
7674
72379
-17264
-5333
-82083
-34832
-794
-59307
-1288
99134
18196
-12530
-82441
-84971
-21792
31633
26175
87521
30631
-94995
18034
-83095
-25807
-9098
-42734
85255
47903
1612
56893
82692
39937
-82171
-18538
-18929
-97980
-23686
64452
-7654
44872
-58261
50580
16978
25936
43280
78842
-20935
-21485
31293
84085
26401
64623
65136
-1264
-44345
-49923
33466
-71100
-59703
79295
-3704
93371
45701
-33226
51150
61743
39376
77137
81999
34481
44752
-36481
34187
37702
-34633
-37851
65925
-10388
49564
-97045
-55249
47738
-89929
-65679
-35020
8293
-57543
-30432
-91038
-8417
86662
68571
32627
-14823
-82608
-31149
28470
31273
-99631
-5511
-84513
44615
28005
68815
-76441
73778
-70463
-65640
57825
-40080
-29932
-26770
8091
-68750
62712
-6862
-43091
75093
-57835
-99683
-27935
-5755
-7789
94197
53822
-67972
-91015
-82660
-42253
46824
89831
7939
78557
-88533
-51924
54651
35701
40956
-46075
-81300
-22311
76331
-29581
24798
45941
-97343
27127
57141
10766
-38587
4333
47994
20267
1052
21763
57683
6880
31688
39828
14485
91192
-73903
1253
3824
-30018
-767
79930
-88439
68520
30216
-83882
19557
90657
20928
-87154
-21440
-87886
-29877
-47159
4350
-5748
-89959
-48809
92089
-45004
-29498
-56278
-57607
-48245
75808
-90315
-93823
85625
-29434
21599
-48250
-64714
-82837
17508
-97093
-31307
83962
78025
42887
32045
-22444
-83207
-24936
-71292
-59595
-24831
75985
-14310
-2764
-96603
-62049
98352
-86679
-9507
24233
-44940
2025
87983
22310
-67798
62316
-59030
-22712
-90888
61584
-96516
-75562
2190
-68298
29041
-49193
-44560
-32886
38920
43882
-83551
93281
94388
-7437
-45906
66555
-12692
-13392
63892
-5785
76143
-49111
-79218
-84794
58072
-73018
-69952
-1305
-70503
36794
55545
-23022
56727
-43683
49768
-84640
-8030
29848
-74785
88327
77135
35513
56188
8116
-52236
-79001
75385
50769
-19968
55407
35858
28774
51508
56572
-96369
-67749
-54270
-67034
82093
31772
12608
-34911
-62483
-89323
-89655
84054
65464
24029
-46351
56847
77037
2031
15330
19275
-54583
-60910
-20200
-12623
-89742
45723
48565
-69086
-66720
-39287
36673
-40217
-87768
-7730
-80958
-77751
-32473
-19795
80820
-27584
-83129
-97026
-99738
8131
7217
81871
23729
-86914
8335
-60827
-58795
-19806
31228
11744
-29263
62742
21963
52156
-34913
74507
-31951
-36813
-31126
-17875
78608
-4032
-27475
-67275
-98144
-35841
81545
-49253
-36612
38129
97090
24425
-69497
49243
-47241
-73109
34873
-47667
4796
47299
-92534
84544
-51179
7128
4793
36761
-67310
11183
-97671
-61302
96962
31890
81017
73944
853
85548
75470
25207
61778
62071
-83520
-52847
86641
27916
5038
-75867
-37930
-15399
-39074
40012
-80726
86321
-77083
78936
-22824
70270
-29265
46741
32545
-81775
-81812
-22351
44125
10586
-81384
-66760
-45041
-8781
96165
-92361
-90845
34134
-80634
-63102
62918
-31057
-36326
-57646
63778
82573
31923
81734
15029
60274
-84669
94538
40781
19721
-73309
-43819
-96478
-84681
-13441
99148
78799
-50358
-93216
-81660
36783
34702
40983
4645
78480
40062
87683
-43543
35159
49112
-64000
43460
-19984
51337
84332
-37730
-29393
-49336
-70569
25531
-10168
72831
-55546
-46660
6759
-45469
30180
-86017
-93331
-97244
38726
15841
12873
19136
-551
-17757
31086
85427
88939
73514
-36298
-62967
-16686
68128
-84205
-13805
-71043
73977
17069
-84232
-59371
-41584
19678
7075
25039
23279
-26362
11738
4113
71726
-96437
52079
69630
-91854
-51600
-27761
89632
4567
-71151
-39049
-98319
67880
-55496
91015
36550
39499
-68896
-19217
-3111
-42694
-35516
74949
79089
-56085
21602
41529
82800
-75758
-43055
77920
21177
15548
-46916
-44436
-197
-14692
92730
-19523
-34401
84067
-60853
-79088
-96246
36872
-63054
-65707
-17265
-24025
-80534
-61857
69812
-29626
3718
-779
77727
-20814
-46168
64005
78622
90184
10717
51896
23888
-82609
-23916
55329
-3278
-92221
69049
-50545
-82166
365
-38221
-72831
42153
-45651
-23242
53561
-27359
2458
98309
-35351
54724
96704
-18680
24074
2324
-86776
83397
43788
-61684
-38347
29886
-68952
-76662
88138
-4312
61777
-83945
76362
15555
93960
93973
78615
-65894
-50289
44548
-64068
30361
-66315
-39376
-21434
25926
26960
-22405
-36211
-1250
3145
23810
68240
-68147
73681
1839
-73538
12936
41842
15387
-60783
-22197
-84928
28893
-12331
-34710
-64018
14388
85575
-92778
-79748
83469
61656
-83921
-626
80113
25297
-37056
-26407
-11251
-32880
1051
-46666
-10977
-88720
59154
-49511
10555
70471
-46449
95387
-38088
-53752
-72687
-61262
-52039
-37815
-73404
68867
26331
-33056
16699
-10482
45688
-95194
19596
25736
87766
15837
-25144
52230
52592
-74834
89877
-12075
-17314
-5365
-66838
64678
-11165
-76301
22567
86566
-12269
-83053
90575
-11156
-90913
-9462
34915
58380
67391
55237
42588
-46071
-94790
14409
-40060
-60569
57749
-96816
-35407
79069
-67306
17802
11487
-91543
4211
48388
-28119
-69634
-67108
-1690
77028
69145
-63070
-69737
28056
-22927
-64702
-62085
-45732
80973
-32494
67996
64013
55151
-29369
93222
45930
72366
-55327
40844
-4785
49185
93939
73929
81676
-31753
21267
87041
-63262
75428
-89702
-78074
-38567
87030
83224
-74954
80705
-10618
7127
81153
-78845
95177
27594
-74424
-49822
-3770
14099
-41695
-80364
89634
-17810
-59657
77239
49879
-30787
-53682
-77838
94659
3568
6629
-32215
84509
-18800
97396
-16740
-98366
61353
80085
-28131
-54163
-51758
-94145
67052
-31546
38618
10221
47857
-239
-5231
80733
-93356
-15545
30128
25588
-55812
-64830
-93338
-70018
-82461
50321
-52096
24852
49811
-26772
83059
-60330
68095
24449
7241
58136
17408
-60308
33638
68890
-82069
89990
57142
26478
-76469
64404
-1546
9790
-46656
49249
-6245
38502
27379
15846
48802
38845
14516
-48795
21749
-35471
-10445
97045
-81161
6416
52568
62071
-82707
-56797
24191
-16953
29512
35381
23315
98702
-44077
-93327
-32570
-71148
-13771
-41943
52778
-68045
56996
55987
84335
-38393
95975
-59602
-23686
-58110
-72955
31010
-59810
-8676
-23985
-76026
75129
50087
63623
-41829
-54162
-66368
6636
84853
60474
-95263
83811
-20647
66677
88852
-8061
-27134
24807
-51646
-63171
-38082
11973
-12054
12327
-18635
30279
78637
33507
94538
69607
-21243
98096
-29414
35447
-67882
-98611
-77150
92255
75357
-47291
6333
20978
55109
-88612
-97078
9517
99672
-53100
-84180
54027
-69421
86236
-87765
-53880
-65006
52630
-8520
-47568
49514
99395
-27763
8674
24341
-45746
-75853
-44570
-4984
75442
30749
-85336
-83551
-27320
78962
86865
-90820
58865
29544
9601
33509
-79204
46923
-21781
807
-30732
36830
58380
49347
-50135
90840
-3831
-61187
63706
-54129
61540
26896
-87588
-51021
-9382
-67135
-26198
-88464
28061
-93232
22633
76151
21865
-37941
73238
-36841
41221
-24834
4238
35013
-28968
-71675
48185
54650
46886
-7550
-12844
-22725
25189
-55127
-61606
28276
28608
-27400
75855
-34626
-42329
67140
-37783
81408
-92719
-45521
-33765
-95695
5071
90422
53119
-81157
14734
-65689
58463
52667
-61271
95407
28255
5477
-32215
82769
-67637
-99067
-94950
-76045
-42439
83808
-8437
-74925
-76709
-25479
65057
-73513
96355
-69905
38744
47425
-39021
-83964
-89512
-68223
26592
58040
10096
-32924
-42366
-66093
96689
-18837
32859
80450
-53847
15478
6081
2521
-82821
54815
-38742
97463
60120
-71580
-54861
-3001
76188
-13572
-30195
41059
-21497
-93430
21700
39699
79958
18863
-27027
57842
-31171
77754
14636
-52815
-38140
-62149
-51169
1973
64123
1461
79595
-14052
-1189
63921
-32927
14365
-68229
-53201
87052
-62259
24811
-82248
-29479
37630
-17679
-23153
-71645
85314
-58018
-36155
99483
-41971
-21301
31724
-86063
16696
-64331
99619
-28703
84130
22771
63696
-93764
42033
-12848
36781
-38126
-90314
-52151
98745
-65063
9839
-37148
74702
-94211
42214
-39702
-98990
-74460
-67786
40260
15879
-19939
-27027
13038
64830
-19228
-91955
8538
1961
-30316
13549
50403
-28787
99050
-78915
56748
-61034
44849
-1881
9749
-53756
74512
-27760
-23143
-53436
35628
61437
-65657
-36391
-29957
-55981
-73637
-711
94374
32247
66553
53044
41050
-21420
36613
-33713
-48660
88762
-29855
-69585
-25434
-45341
12036
-7567
45427
-77166
-22988
-70505
-36574
24405
-61216
-52836
60250
2601
5724
50664
35547
79804
25657
-72993
-32660
71629
43904
-3181
46503
-75217
38219
-70182
-20963
49197
95681
81275
-71577
-2744
-45140
-56702
-27638
348
-92679
19955
72262
-70687
74443
-50469
65020
-2164
25468
-35007
63481
-98219
69233
-38084
39651
-67308
44760
-52514
28926
79877
-68287
-10354
-61092
64554
17110
67252
-24801
-35632
90808
-15091
54060
61225
80248
-11746
25518
-17256
-2897
-88699
-49724
61452
22011
-95574
7496
-37180
-82666
49685
4221
-52624
1620
99290
34132
-26120
-92487
90223
-55973
-57258
84148
-91810
-81789
57758
45116
23317
-88052
46686
44678
-76901
25935
21600
46176
59741
55144
-97844
84525
81190
54909
-62358
-36739
37870
44720
33030
99657
-43831
-15011
25644
59784
-36608
86544
69267
30384
-67523
72838
1558
-17204
-71137
92382
-46115
49974
-85906
-4835
64026
-43534
-65176
-17446
-62353
-29209
-30406
-58228
-80595
77819
-86326
-31058
-80392
-87159
-84879
40524
-98874
-13118
-93818
80174
45062
43933
12182
-85858
-96035
89276
-66065
95126
-84917
86365
-61605
1547
39533
-3975
42859
65424
96795
-33027
-54167
81385
-74639
87074
26095
-21139
-10773
38443
-42987
-97642
32554
-35974
80325
-3479
-75053
-6384
6507
-20100
42327
-79328
-52343
94953
-3443
72590
23847
98574
16314
-78007
-82777
37821
-26765
43009
-11209
66311
-46566
56071
99679
-13536
80580
-13823
-13318
-84689
-43333
70278
35073
-57291
19935
-29284
-91773
65239
73831
-1781
-99599
79945
-68603
20061
-31211
86937
53160
37749
-93981
12693
-47909
56138
89320
-16165
11402
22206
-91233
49915
87461
27359
98723
-84662
97501
-43079
-52034
36614
16524
-13739
82079
-61919
-77583
-25773
-27478
60908
-82664
97119
54698
72801
-69672
-84781
-65886
-55539
694
-80791
55105
-58600
82536
-98149
63475
86322
93236
98713
41620
75420
33653
82726
-92865
-14960
-89217
16592
89797
48079
-94246
89354
-48967
50309
21419
51560
-19096
11290
-62287
87669
-40601
71127
54442
17140
-45180
19955
63830
61106
-74658
-25990
-71661
37252
-10671
58521
-40857
-23837
-88439
-87672
-56931
-13792
72504
54484
-61562
-96699
-42078
-54968
-5024
13130
-22315
82679
-3307
7665
17911
-13463
95578
68031
-71048
-97312
-61192
63575
-70938
-35899
-52632
98740
31326
8756
46998
-86462
-3488
-91743
45640
51738
-94724
-34267
58904
-83175
-97367
80553
48285
-90981
-11403
53805
-66392
-75431
-84010
-24202
-38294
21724
-14818
84498
43059
64029
-46003
-85687
-50667
-90884
-80832
13154
57383
75032
44232
91791
-58139
-93167
90838
-54858
50805
-34728
22546
-31204
-66364
59311
16714
-62416
-94833
27202
-41529
17330
-83586
-18974
-54020
22270
25962
-6438
69080
-84295
48320
99504
-72262
-67561
-20739
314
50628
96006
27481
82521
-58232
48442
-81088
-27369
35040
-74346
71739
14361
-27174
-27660
11950
-43008
-39601
-21103
62202
62242
-51947
65880
-40126
-23840
-90742
25289
-47285
6884
-23215
91718
-65155
-63494
-20903
17914
48774
-91257
69145
27430
-89570
-24790
90136
-48631
55717
-56787
36584
-68052
60072
743
-7117
29319
-15294
-19726
75757
-88237
-72737
-12283
-58327
24301
-52324
25645
-81912
-30876
33930
20333
37643
-61473
-84398
2158
43338
-72914
-74574
7716
-47042
-70485
-5339
-88896
-94856
-11508
-38111
57675
-56715
29705
-44422
1958
48264
-42652
53412
-39077
14327
82330
-48426
57503
46435
-22940
7369
54502
-75106
42410
78623
-54045
44897
-61883
54433
-61157
37717
-51985
53025
9893
-30769
-94262
-96898
16896
31577
24009
-634
78673
4203
-58433
-62794
-67401
45433
-62
-7972
30541
-56474
96123
74077
-67269
-16938
-41586
-9517
67001
-14303
24736
21518
23970
35043
55113
-3140
93936
-56016
-11112
47011
-76390
39141
-43715
-30006
78023
60185
-95529
7352
22445
-73933
-64869
-76780
-3509
47573
-85795
-45525
40767
87094
30718
-87087
-82427
-77938
-79565
-59938
-29108
-38102
-95314
19546
34294
-5473
8555
-27533
61421
-26405
-43560
-76054
78429
83159
-83423
29518
-80367
98088
-55208
60897
-15443
-62411
67326
66519
77126
-24637
11056
-90308
90905
3564
4657
-95179
71727
-64337
-65392
39774
-87029
-83679
-64266
16275
-31348
49856
85390
52107
-4506
32871
25425
-46626
66231
-3682
28205
-53913
98889
-56631
24017
17220
-19357
-54527
52312
36474
39436
-67968
12879
82230
-64739
68918
-96347
-88274
-82751
-8008
-65362
-50714
-10995
-60072
-2221
93839
-26826
89231
73754
12425
-65997
82327
-83634
-9975
-31184
-46186
-15989
-54058
26795
-4620
-98712
98222
77807
-11059
56513
-64891
81707
26754
8607
9389
-73105
4842
-4537
87761
-76478
55270
-34020
-24869
-27870
80595
83953
29174
63449
-43048
79727
-54099
-648
-81762
87775
-87758
-1869
64224
-21611
17979
21272
-96168
-69062
-87097
39790
50073
-54540
6719
-16794
-71173
-36620
