8300
70805
51915
-40084
-13851
49149
-36808
-20170
504
83600
-5300
-82094
80763
71985
5741
25756
925
26991
1300
-90015
-19668
-1698
78412
65754
36188
-44252
-43318
-86538
-32074
-12464
-86685
34896
-79776
31588
-75858
96960
21317
-79437
49462
-39411
10465
86885
-1380
-4352
-11798
-92264
77192
-53164
28766
-20703
37193
79881
-93338
-44496
-70319
65495
57380
-68783
-8058
72768
27934
-60529
-97786
-83137
37254
-25805
-82246
-41828
-16859
11882
-39531
-8095
2596
-36284
22506
28071
-34569
66073
18088
8137
26662
-55546
43571
-56070
-57095
-96235
-21665
-50061
70720
-52869
28811
95556
47228
-23750
19032
73804
88942
-85465
-82043
56644
-99463
-68602
-44695
-40395
83766
-74479
47115
-71158
-40107
66776
-97183
-40384
62954
-91070
-58588
70073
-44260
-68367
-1268
46704
98533
12356
5805
-13880
-53946
-59147
79790
27581
-25653
78371
-3487
2491
95286
-95637
-83132
-67635
54411
57391
74708
-52818
10679
-15688
-62584
-25412
62750
-21128
8945
36298
-22976
-51096
-10900
-47340
88519
-34288
-88640
47501
28207
50661
89115
92117
44946
-78132
62436
-99961
82575
-4931
50684
-57298
-41450
62275
93911
-34857
-18221
40607
-85392
-59327
-48203
96588
54062
71473
-84198
-35554
-43631
98082
63257
-11772
20696
21914
-90965
54572
84403
69016
82230
-71483
-4960
-52374
-73544
75872
96549
-77413
89933
93104
-30360
-36216
58332
-23568
93550
-59181
88484
-32157
-31058
96753
-18337
-91081
48274
27551
-68656
-85501
81481
-16462
-42770
39664
93835
36875
-56851
22387
-96917
-7447
-29979
-75400
-5166
-89640
-14559
26010
98013
14535
49607
-71217
9621
73783
89311
-36191
-49145
62224
70081
-66473
-72640
-53682
18335
81202
-79065
96600
18028
43667
77111
-67279
-42647
-60486
11543
66631
56970
-61911
61847
-38679
74633
90663
59273
53910
4038
-544
25274
-37200
-28583
-35351
-62132
69648
59126
49890
-53007
99763
30396
-90699
81606
-23215
82906
-64774
59913
-38258
14302
-17091
60025
-2998
-39396
-58601
23625
-23213
29111
-29384
82880
-31046
-34417
-37689
-7312
-28989
26951
-22240
92496
55861
-80911
-84868
49145
87506
-47783
41647
-70471
-16671
40683
81738
54871
-33561
-70783
-96992
-85659
-67852
-30387
-74266
-8517
-10343
73696
-37324
-74923
-54089
42132
47272
-91573
72370
61660
32233
2153
-72315
64294
-92855
96874
-44113
-22358
28740
-56106
81740
91474
70501
-41995
-12418
84422
27144
2287
-9654
34131
20410
77761
1151
-39049
75452
78750
-99312
-53941
-53337
-36448
76483
-85619
62441
43881
-55102
-78390
-54931
16027
-87473
25508
86233
-41041
-46443
74757
-783
-1034
-62567
69665
49049
13546
-60337
97505
91639
-28432
-93239
23857
66807
93869
-63925
50599
80040
-97918
47289
-73714
-95676
-50459
67313
39247
-32756
33245
51957
-46405
69778
-77926
-39615
78520
52496
32174
32060
-56891
-99914
9324
-79479
43051
-42879
71068
-26628
-57214
20487
48471
48042
81885
-2289
7621
71897
-76269
-21092
84337
854
-89621
52491
-73018
1446
8739
19730
-28759
38612
-88419
84200
-18254
-67863
-6809
29572
79752
-69382
-75355
78397
41175
23835
41565
-18224
10097
-39311
61407
28288
16574
-27674
34511
-46056
-41503
-39435
-77424
-30068
40234
28837
91407
6846
-40399
-2542
-92055
-85284
-3499
46630
4794
36006
-94639
17831
26755
3597
62392
-12821
79607
-38729
18829
-77146
-97630
28447
41281
22116
32183
45594
-45815
-89390
-43340
15540
88027
88822
-59916
-52167
-13114
64063
-74863
-78513
89580
-40586
91699
-78144
-9763
39252
-38854
87958
39632
90862
-77820
-31265
42560
-28276
52699
-19504
-96607
-48873
-49730
-36346
1917
-56784
-41462
66536
-36880
29341
-37179
5543
75900
17438
-56248
-8345
55434
-79330
69830
-68040
-88194
8069
25724
-71747
-68875
-32278
-56777
11309
17374
70694
-4291
22968
-71886
-26556
-77351
-5055
53969
32724
44103
86026
-16390
85470
-11401
-40978
-96857
67572
-22655
-64761
71427
75681
-57946
-31697
75017
-7875
83711
60516
-57030
74146
4421
89093
-1478
16121
-71748
-70983
-69560
-60051
10172
-98705
92825
92098
46301
12799
7951
-62786
-83202
23599
78235
90693
99890
13267
-23188
92995
-39735
-95220
21522
-50623
3062
91824
-76364
-97189
-33182
42506
-39958
69257
-52532
-98504
47800
-42599
-44645
17331
-48920
26557
-73918
35948
-44605
-65344
2830
-89967
44779
42388
-34673
-62866
87256
13640
-992
-92751
35693
96789
1749
87814
5878
8535
95041
91361
-44095
36953
33249
66777
-53546
37833
-43991
82993
-82668
53195
-7192
-14541
-20631
-29335
-9062
-51850
-91987
10535
-53430
88574
68508
-67596
55458
24642
-54098
-96451
-13999
-16440
-45739
-87652
-38633
43949
13458
-35026
51888
1601
56053
-3773
46810
75854
-79185
17710
-76859
9530
-19115
-9861
83159
-99518
73203
-19328
-15143
-91034
80203
16524
28225
36324
-32087
97597
-23844
64668
-61916
84078
93336
85266
-80781
10893
10155
56786
65385
43914
-78172
90734
18382
28075
-79796
547
54748
44924
-91720
-43238
-25645
22948
36526
91018
-72135
40083
36978
64826
12722
31064
-5332
-44636
-55497
-62257
-31625
-70411
-8330
45943
-73208
-49550
60742
48482
30393
8436
9286
34373
24049
42388
61329
50671
-44110
-65247
97311
75159
52159
8974
52347
-93234
24680
-82199
87452
91731
23475
11398
-30109
54533
-11543
-94982
-57360
-43405
-60038
88899
56289
38480
-57138
91653
-29463
27458
93225
20847
47496
-41447
46905
-3460
60460
-19939
-65089
16598
76516
-78976
-1256
-92075
55037
-93902
-92825
-67484
-68741
69523
99873
-63036
9334
-63292
32117
-42966
-10930
-25386
-71914
2692
-98164
-1756
-76826
-10022
-90538
-22019
69184
36559
22543
20665
-88926
49094
-57783
-54291
-63434
52961
94503
-7751
60155
1764
-76780
-32258
76693
92536
76826
-467
37997
-94388
-65056
-66949
15238
82966
58371
-84176
-98850
50615
72079
14175
-54148
-14915
82650
-90192
3741
78338
701
28249
82805
-27983
-80
-83093
-604
56937
96897
62216
-99722
-70471
20273
-86989
-24297
-93877
7403
38848
-30766
-94754
76833
51754
63364
21292
-73595
-94205
-91039
1706
54497
73926
27490
39342
-55724
11400
92810
92778
-56534
18637
1364
-74666
33430
-18633
16955
-48404
-97009
-96038
71589
-64755
-71740
-90389
-85971
69441
72956
72214
-56629
-66084
32782
12014
81955
82364
-79686
-5121
-91801
6254
11555
-5697
-83159
-92240
99178
6307
17280
37841
-78808
-79857
11862
86261
12487
87461
-73523
94197
-20674
67519
4108
-96157
-35033
-58249
66090
5482
16766
-33053
54901
-43628
55224
13278
21982
-91226
95549
65537
50565
-94938
-3772
-80079
94237
-42755
-37814
-48558
-42820
-61705
36015
-87718
-20542
59558
76909
-54784
45731
97318
-49675
-5102
-28590
-27076
-85784
30694
1227
-50152
84079
-97560
-24387
32698
-5449
-941
-77421
17329
45452
83067
40222
-44931
-32303
-96826
-37919
11222
88538
-82949
-90760
-51130
-56346
-74510
64485
80369
12156
4907
-18440
-85323
-92640
-39429
19931
-31956
39602
-59679
57015
-8306
-99548
7671
99143
94260
-66218
54212
-41481
80631
12048
-75474
-86600
-92041
-83301
-97523
-34205
70520
21436
25754
-93753
-73562
26126
53062
98065
-62727
44603
28007
-46121
-35789
54871
35725
-7359
-65850
-39335
59379
95124
-73964
-59018
-48623
29788
-15730
-55204
-94705
-14666
-35011
-81272
-36653
76023
37471
63364
-67333
-15556
-99799
97024
-74073
-22960
50540
-81396
-11667
-35597
43730
-10192
-83984
76813
-95097
44777
-83317
-34321
-91468
4160
-9882
-54719
-87322
-20729
-33813
37966
14733
-8717
52947
61481
-85663
48593
-85734
-22918
-77665
-2329
98705
81256
89585
44456
-36462
-65179
18284
75666
56525
-10287
42035
3048
22401
-44916
8505
24711
-52281
2203
-57949
52136
-81464
3061
-309
-87631
58191
11883
-86175
96376
-66823
-78989
-27540
-64363
97481
63376
90798
43298
-38440
44703
50022
-73775
34985
-12673
44911
-4949
61275
93598
3270
-44255
91639
3037
-31127
12112
-37718
-41313
-85222
-5418
58124
-25549
90051
-64373
-79010
23259
1011
73247
62035
75001
34758
64398
-58747
42261
-90717
-83966
-37752
63693
26335
59205
-2980
51482
-96000
-68064
-53252
17018
-14308
63381
-13933
5568
-16801
-19914
56654
-4748
-98646
-62751
-80884
-17816
66713
40793
87539
-93096
-76963
92545
30236
-65348
71368
96439
-61970
-13010
-11224
-29302
36104
6451
-44598
-5670
-87656
10984
-34528
-12789
72905
3339
-6787
-95963
84185
94626
17148
87499
-19192
-35957
-35263
39510
3308
87778
-43497
93902
-93342
-89016
30649
89348
15647
-63146
-35412
23951
-45596
37470
-17463
61345
70800
-24934
16473
5
-75697
21108
6808
97847
75376
-70799
96156
-6688
-74795
-77893
-35889
-66004
-7933
65097
-50600
-50934
-51687
-65811
35481
-77441
-22690
-46086
-34159
85223
-20493
11855
-49503
-90806
56679
-96699
-58069
26071
-59095
15217
90902
48320
61080
35158
92334
-26063
-67593
65514
-62295
-80082
-15364
9923
-42492
-77304
14855
-19938
87628
-8133
47344
70412
-34567
53415
-80455
67898
85685
-19735
55843
83547
-27846
-11434
-14884
6836
-30504
25555
-27115
-5437
-71594
86420
-56590
78221
81328
97519
-24997
56643
-54145
22236
-71824
14352
-1033
48396
37977
-12350
51338
9250
33211
-92846
75369
-78958
46790
-55790
-80342
-52139
-28693
-15118
54981
3206
-38165
62830
-15496
22940
-98933
280
-72693
2181
-70940
-4419
-64082
-92325
36822
-84873
29054
61765
-21668
-16433
-35034
70765
62651
31308
-65502
-70247
-13547
42972
-46113
25384
68826
-40290
-72578
96555
78814
-44278
-78280
21854
10373
59198
30812
-39102
13722
87973
-91277
-7720
96831
-15866
63620
43068
45183
-47321
12659
-95525
54719
90587
-38524
-50094
92948
-5905
-99139
25828
48942
91181
-72406
42008
36401
46539
98746
-14803
7076
98228
34311
85691
-82174
-84432
-63501
-72920
-32594
36146
-62547
92739
-88508
-25730
8467
-89856
97931
56629
-20558
22608
-98298
-76738
27816
-89763
95529
83859
34475
-71009
81449
-11739
-54558
-4578
63852
71085
-97103
-5180
97184
83409
-27886
-58274
8552
-71762
-14370
91887
-7056
-70712
77484
-22415
98721
-56629
-31600
37609
-46864
42749
3717
165
-91247
42115
-30939
5973
74
-3187
27604
-81532
21154
49950
72317
36337
-92360
30203
67060
-45362
24367
48816
-79109
-14188
65095
-19911
53984
66113
-97657
36052
48260
57584
-44394
-93023
-22538
-65389
-91030
57778
-64515
-93810
-82984
10229
-98636
-59341
70089
48955
-64816
90390
80525
-64732
-54658
55885
-22519
-51543
-46169
41798
43916
-68410
-59883
-76667
56832
31746
20015
-75208
78012
-66340
50208
-41992
-88394
39444
-62506
96542
92822
-76589
26087
-73472
-3547
-86216
-62002
-42489
-30236
2239
-59502
6510
-1798
79568
-73337
70169
-44795
-42846
-87762
44816
70673
-42806
-11337
40982
99430
41828
-3800
-75478
-10309
-56484
81301
-53799
-84599
84314
99599
-24130
40315
73928
-81766
42008
-58623
-91455
55829
-52922
30212
-56745
53310
15841
-34508
-16127
2254
52982
-53763
-85473
-19264
47902
-89577
-77268
-54992
4476
-43588
-87681
39326
-79725
-8715
14782
37457
1730
-14066
-20705
52248
3101
32744
60572
-30484
-77336
91117
-18509
-25039
-35918
52766
-809
-40677
-79348
-7544
-97610
-91026
-71771
-34283
42088
97821
70595
-48322
-69711
-52524
-76000
-70626
58227
87121
-41441
16290
13939
57709
86697
-9251
51077
46585
64232
-85192
40023
3715
84064
-61306
-19560
4792
28261
-25098
-47613
47971
-58307
74082
93452
-13100
-13614
81412
89125
48860
-9772
42631
88429
-75468
73065
63355
97910
-91267
-58734
77795
-95951
30370
55643
77865
78457
-34663
70270
93362
76536
-65207
98454
-32885
-30150
-41146
50811
41474
48332
-49161
94462
11794
50896
21977
66498
73078
-58592
81820
-56523
-73250
64349
38251
96106
56703
89107
24457
-26603
-23035
138
-68009
-12894
19748
1900
-4046
66226
88396
-91826
37497
10738
-68741
-91619
-10516
-80422
-49172
-76122
-32081
-3649
-96083
-55103
-9874
-93098
-50226
-60837
71323
58310
-23819
-25697
34004
44712
-48049
12865
84895
11358
57889
27815
-87465
26445
-60932
-50637
-800
17912
46863
21617
-34539
6202
13783
34458
34884
-50720
44017
36291
59215
93345
16655
-18523
-23501
39418
-46583
11977
-49627
11050
45451
-39664
34264
-69305
-11091
-46692
-47909
47740
-74016
-18337
85024
22816
-54013
-84802
-47336
-61901
30677
93537
-80071
63159
99526
-72742
48289
13225
-74586
-71441
31764
-84773
-75457
-65914
80674
-88145
10046
31596
-28956
85298
-59509
8065
7972
16594
-30853
68932
55516
1533
13723
-5897
535
-89320
86701
-53586
4276
-50215
17839
-8582
95626
-70334
-38186
-34964
-5915
33531
72090
76808
-68691
55498
82795
-38648
-25945
69297
-60607
-97847
54933
13220
94801
-33833
-28487
40485
48987
-43632
23288
-85698
35488
-2953
67737
63834
35057
-34025
2924
37249
16227
12945
32583
40559
56799
49221
-92500
-22257
-25386
73689
97990
-59239
71057
-94103
-11118
33989
-70234
77707
-70373
96298
-59322
55997
-73058
23160
-3724
34030
54924
69518
46736
-9115
-86931
17977
-61935
98898
-3871
-33974
-8174
33135
99521
-45293
77955
82067
85989
-92162
82496
76563
21503
63881
-85058
-73003
-15195
-78303
77282
-99342
-7892
-35686
-55956
-87289
-15889
-31223
-52464
-3431
-55505
58431
-87003
-59806
81045
-18398
-44106
-42180
-66030
66857
-96201
-99991
-20569
-25613
-7726
-66563
-57343
-24635
-81826
-14615
78524
-86305
-70159
-70236
-39992
-80647
61516
-8137
-73879
-38241
45109
47398
80600
-90458
12322
-57354
84167
-14710
96017
22240
-70014
39526
57076
26320
83121
43534
78346
-54886
-11398
-51636
2761
48954
-64189
-39498
48247
-5370
61653
-55448
-12071
-9998
9500
-65756
-73470
-2753
70474
-76094
-67572
31810
34012
-28203
-10715
77709
373
30684
4929
39100
-70426
-1054
-43347
-32930
10703
-17933
75204
-80323
84254
14523
16442
33484
62838
56380
95061
14508
-20628
95595
-19268
-80934
50091
-13336
37224
-85831
94711
-51047
8695
-41928
28750
60642
-49313
-52064
-66709
76738
-31617
-61379
-15452
-43251
-74927
5670
78323
-5118
71868
-31318
70545
66312
-23609
-87720
-35650
-39990
-59225
13803
40222
-77972
45369
22672
66301
-61784
-19253
-82538
89715
-72630
35284
73137
58595
-68540
94468
97451
-67875
60398
74934
72936
74595
-2210
-18045
-54060
38793
66529
98096
-28821
-68299
92755
-15993
-73948
-16954
95264
-34237
23035
-13294
55831
-65500
-82534
75847
-40024
-71965
30307
93811
-40006
11456
90012
6430
-52885
-43017
83512
-16619
72933
-15152
-69634
-47742
64921
-89642
48664
-16714
-47461
99231
-60934
-46391
-76966
-20278
-10067
31961
-38278
69448
7415
-93906
39568
75664
-88855
-75458
35897
70838
28421
36300
5592
-49322
-80311
-32534
-26902
89066
44508
25696
20039
-75716
-50668
23397
15223
80949
9186
-20854
-86226
-28589
93019
-96330
-80154
4153
15715
-62772
47575
24352
-81352
-37655
-98346
-74581
79705
-17271
65031
77913
-74543
19145
69824
70100
-71389
32071
-25604
63590
-6829
-81691
91769
37771
46927
15021
12655
-60447
-47175
-56370
44525
39932
-29230
-76027
43089
54742
82180
-78441
-28637
9955
-16693
-24454
43854
-22589
54146
724
-92291
-43247
79366
-4453
-41202
65560
-28919
-8741
94838
-53850
88437
-89706
-86927
-11784
22842
-27835
92835
-76460
18486
33149
-15984
17014
92352
2477
56757
-33054
-15407
57796
-18879
20312
-86832
14255
-6093
-32730
-43847
96832
-77935
73111
21929
-19798
-65790
-96183
-20984
68264
7305
-33828
92435
20926
-40674
-26041
80069
6488
-84373
-51900
-49631
55374
-8928
-55060
31199
-20343
-50893
-11363
33200
-16193
91703
51543
69552
-56614
2840
76134
45928
94519
-88207
-58886
63356
-92663
99914
5458
-67721
-79778
80305
42775
-22543
42874
-2765
41797
-11877
52767
37879
78468
65255
81838
-18696
-57899
85398
-18585
47389
83111
-79009
-82611
59511
45834
-91271
-98203
-92906
84859
71494
-95716
62216
68253
9692
64456
9648
-44983
-50000
-87097
-83586
95356
-50079
73348
99664
-65169
-83170
79448
-38555
644
21174
-63348
8634
-95588
-13701
-24003
7619
49157
29009
-2792
33351
-89071
29720
19589
16792
-50430
-35277
17633
89710
-85599
67701
-54301
-76896
47341
30504
-38560
64190
11697
89465
18985
-68275
-1041
61891
71634
-60320
-90760
-93002
-9010
-50033
-27427
58660
70262
-32233
-46849
32616
-62104
12110
70019
54259
-37620
-44608
-72606
72180
-6670
-97813
39133
-25309
-83625
-71404
-96563
63275
1223
60165
71192
25586
-33188
44387
27520
5382
42596
95983
80661
-2587
19553
50521
80779
-61847
-40279
78140
87910
58766
-29202
53435
-95726
-53087
53016
98678
-65009
31432
-28146
-51288
49097
10280
-71852
-89184
42245
38198
-94962
-77415
-40136
-10914
5539
92024
-5262
-3703
-51459
6947
66871
-72305
-44564
70201
3310
73401
-95638
78513
11699
82481
-63879
81362
-15993
38664
-60183
82444
-83609
41764
99446
-92302
-18054
-83579
-51698
-85867
54691
-16782
67247
-26370
-75465
-33404
-56081
-59641
-23800
36238
21461
-4330
-49376
8935
19301
-95561
-42998
-14441
23866
10005
-95863
60698
11595
21909
-65364
-66733
-68849
32400
-99591
-50480
-12931
-70870
-70522
50102
25709
63315
90984
8457
33114
49946
74882
-34214
16969
45289
46655
-84594
-68158
35937
-79782
52102
-60995
-44525
-55398
7344
88985
90711
12764
-32854
76677
82701
-44664
-79922
42433
80302
-47194
-14370
35839
86542
12745
-5939
-57373
-2704
-3991
18024
17258
-27259
43535
11807
23526
-95421
-33111
-83020
20583
43551
68477
-45377
88950
9830
-77382
1819
84475
84989
490
7345
-73602
1523
88772
-62177
-68278
4288
-12385
-25788
-66386
-81891
41472
-57174
47645
-35649
-42732
-61487
75573
99761
79673
-34092
-85348
47885
-2698
65467
-36217
63254
-12532
-57764
-58284
-19723
-37532
64110
67543
5007
67623
-47061
70322
-5377
-31507
19361
-8866
17141
-92915
58902
-80442
-95766
-69933
68566
37650
-86977
66959
-23333
769
-40527
-24118
44695
-57937
66811
-18924
87968
5558
64009
9593
23352
62129
-46444
35090
-41736
45404
-30882
-96585
409
21463
55500
-56110
86495
45257
-1253
-95218
88867
-68639
-98944
24879
53435
-14600
70689
-66308
8456
-63981
16617
66583
78747
-30524
-96756
-18195
-70652
59759
91607
-72056
-43911
-91542
-63630
-97151
-24992
-62338
-11530
42771
5049
-26997
-54555
49484
-76117
-97401
74634
25372
-40407
47463
68526
31888
8065
-77482
-55500
-50280
88705
-80926
3858
96324
-64954
-60106
56748
62862
-43742
78082
-48690
-49072
-24727
-97737
30278
55254
22937
-51986
61340
-24114
82083
-93272
95536
-89508
-74598
16176
-88402
39626
33719
86685
85743
-1123
83463
-97164
89711
30658
-47183
21034
64487
-83097
68968
36230
-37433
-83097
-13463
25509
-97902
4893
-64335
63063
72021
75226
-91585
-20889
-71675
76273
35905
2936
-3788
63279
-61986
-60853
17328
85160
-59617
-73059
99128
81388
89723
-53715
11868
-27751
34237
33052
-56272
-60534
-21548
-77396
56044
16621
-83721
34859
9123
-50125
-24142
-79767
-99874
13792
97490
98212
-57323
39554
-26071
-315
61321
-79874
-80897
-47549
-6655
67589
38037
68902
66911
50662
31767
-57882
-91811
60350
57949
-95502
49705
-28726
-40354
68172
88795
42269
-96846
-33839
-97329
90733
-17215
89750
85156
97863
52621
50735
26064
11619
-26790
10889
64029
-75502
-37130
28663
60547
65043
-25368
-6582
-28573
-81786
27385
-66664
-1442
45368
-8359
-17761
29328
-3939
42416
73604
-85076
-44453
68675
9332
65397
-66238
-35266
-24469
59671
88346
34212
24083
71008
-19818
83408
60932
-17378
75172
-65690
56746
67925
-10074
-37348
-90427
-57571
-93126
-65890
-29815
15190
-87307
-58013
41253
35274
367
40074
20961
-33507
4472
-60240
-1184
-5837
22441
-48879
-39355
-88226
-34155
-52521
34930
80386
44189
-66812
-66324
-55544
-60702
-3527
-10854
-26501
98134
-34463
75436
2114
-92500
-51651
60185
-31110
10030
84940
-95104
44848
-64532
34326
14064
16376
38994
82197
-88829
-78804
-36141
-32959
-80987
10117
1153
-47945
50866
-6449
-64769
-78331
-84034
49420
60302
39380
31982
86824
44867
48690
20675
75603
-75431
36795
-87945
-77696
14563
-25116
-39552
80442
-27366
33508
52913
-46050
-45164
-51136
-39296
89337
35158
86833
82082
14270
-10112
36083
-80942
62308
39270
-20115
-11087
-36902
5632
-63816
-72056
-98136
67703
94029
-14679
-5276
-19297
-36080
20915
32589
-54332
42099
-70605
78919
51485
-99384
-55321
-59469
-20834
22183
33183
-56022
873
69112
-7683
-72553
-46748
-95266
-1189
97198
-15514
-51391
-74741
-72051
-78518
3062
-34311
64237
34854
56908
55533
4548
-8618
58805
37741
-60037
33393
-33265
-52736
-84665
27294
36110
-42291
-97050
-51969
51784
-64863
-17416
-39926
72349
55823
4088
50425
-53951
62449
-84395
-29288
50984
-34675
-44751
-39941
-64500
33939
-73163
-82862
61214
-32573
63247
99413
-11257
-96532
59273
-9127
-78567
37327
-91897
-9531
21271
63074
-33315
33310
-9379
-98640
-40629
-91715
14766
-33890
48918
6115
-77928
-23608
37763
30883
-64890
41417
23219
79933
29794
-91622
63638
-9845
97252
52305
-41139
-46636
-74308
-9013
34144
23871
-51176
61157
-36008
89058
84882
-75228
-53381
-47753
22714
26293
32226
50095
-36229
79502
36344
-98783
17772
84082
-25903
48923
37813
63316
30372
-57447
-24420
-19821
63847
-17708
-83285
-34716
62086
-335
-97856
56270
43903
-78438
-9167
49870
-94179
73258
-13223
33946
-87922
57602
83844
55234
-90077
-71367
35890
45683
13924
49584
-60980
-54186
11790
-32637
-26719
40661
-28309
72731
6874
-13762
-79541
-77280
-99646
-512
95076
-77812
-73172
-14383
-15484
-92517
-6464
242
37998
86750
56998
27978
35481
-90193
-95218
65519
46593
94847
-63591
48004
-69721
-77749
76839
-60356
23660
-52179
-98882
-20291
-98682
47375
36115
-63329
28316
-90886
21945
77139
57348
-63220
-6621
-6047
49174
-68024
95383
61897
-86483
56264
15154
-15669
-72454
79629
-4078
-2237
-87356
75127
-8093
96876
-89664
58128
-49142
-50555
-47416
79042
53863
17936
53564
-77847
57995
-97353
-2638
-31421
35574
95306
-50982
74116
10315
-25245
24563
-55289
-23598
-76117
-87068
-37666
-22294
-71051
83384
99530
86473
56519
57913
-12922
-97295
-43526
-25881
-3842
-84686
64567
9302
77341
-32682
74465
-67935
-37885
-56020
-83055
-59762
60310
92596
-63428
-72384
56752
-22172
-29007
-4397
-21066
26773
97727
-92008
72840
-70771
-93196
-59731
-61100
-83415
92608
44855
-56891
-11609
42103
-52162
23130
93582
-17803
-14170
37841
62650
-27813
45894
19073
13000
-99400
7719
31559
47962
-70140
88027
74840
-67833
75462
-70025
-75210
85090
83285
18990
32638
-70363
69755
35403
-42019
-31301
54389
60426
-12829
-24345
27415
72468
-68688
-37804
65100
-39850
-31285
92281
-28037
-69123
2257
-64408
-90362
26640
85706
-21772
53100
-21975
23383
76989
-87986
96593
78664
24090
21583
-99209
-75894
-37215
-50540
-10931
57405
-54571
-86934
-40320
30244
48749
-90361
-67823
13750
-23107
8617
-99051
-1903
52419
45723
55813
-60210
98961
93206
-18621
-7121
51986
56452
28522
-20491
-95558
-31840
75024
-61810
-81586
-26567
-23717
90220
63181
42644
-20099
92529
17338
83185
14349
-65338
80455
39846
89283
81291
37407
-5336
86096
-45463
73552
-44887
88024
-14461
-51756
-15845
48333
-23286
-68549
13074
14953
-97745
-67018
-10937
-78329
67380
-31230
43256
82207
74460
-43090
82093
-5476
-87167
67403
-79146
-68260
-86844
66416
24401
60995
-27042
24999
-63097
60284
-79979
-33672
-77258
69902
-27061
-50929
-14711
-88618
66737
76236
-6749
-7193
-54568
-13273
-23558
32507
80168
99774
-92128
-41964
-49303
-13955
-13346
-16013
-75905
-81879
63673
-65484
63411
76233
-58538
71364
24491
39473
-80711
17281
-96132
-84628
-37463
14892
62806
-76155
-51728
-9907
-9634
-71054
94911
16420
-66151
-10018
-11922
-98937
45315
7314
58400
25949
-54400
-98433
-2300
73589
22698
76650
57465
-20732
58953
44660
36169
66169
79712
28293
57686
12543
34916
-9195
-88045
-32178
19208
20439
-65815
77870
-94093
12482
-33799
6410
-12013
63869
67265
-24531
-37557
-12826
-62504
2075
93512
-62914
-68269
85326
13361
-89227
21386
14924
45693
-60978
-47947
-78815
66334
71919
30639
92863
-54885
-11896
66525
-6930
-50693
-7843
-64920
-62031
-82723
98673
45221
183
61477
-29551
70038
89787
52497
-33990
23818
-62599
-16919
-99736
-23009
79756
-35051
60220
-6424
-51991
17480
2248
-67031
-40462
-72486
21627
58943
27384
-81228
51748
12253
-2416
-28
-40796
67953
5904
64145
2677
82084
81191
61704
-83952
-49920
-65962
-47180
-26560
-94227
88655
14765
92673
56404
63912
-8153
55444
84581
7548
-90613
-84382
57011
-50402
53026
-42102
75196
49659
-18194
-80631
-35321
-76789
-40621
-78395
81190
20084
-58382
-51914
95515
-26693
59799
89778
-27625
99495
-58296
-33069
-67363
-33868
254
31238
-5434
-36623
28784
65651
23709
-60233
-62006
42436
-16214
42758
80573
14357
63756
54205
-81680
-32650
-25985
-55243
40276
-61601
82366
84348
-20139
-88015
-26494
-99479
15596
-47579
-63576
864
48913
78931
1072
86628
-18994
-1631
-43103
-92716
34927
-39162
-66293
98948
50902
86842
-29403
82873
58474
29116
-25452
-17088
91247
-78401
19085
5483
-72590
28850
-91887
65833
55003
-87637
-43433
-92159
62308
75439
72200
68779
73257
2656
-74652
-60981
38549
-39484
78850
98251
-92228
-55763
32308
-36140
-90168
95371
53257
-52120
-34166
-76214
-73813
-36705
61938
-37399
-10647
-70277
18842
79001
-96752
-56854
11644
-5939
-79374
-8423
29956
43940
-248
84720
65537
18993
-64397
-99987
-43724
-38109
1950
-59744
59339
-81514
50752
50944
50600
-32011
-57538
59881
-91623
-68471
7469
65075
-61331
58275
39733
-26960
-5540
-26910
-48239
68673
-44059
-82078
20530
25301
-57803
91905
-78461
-42496
43651
-68081
54920
-76556
-775
-815
30496
35102
-66420
-64782
89833
-51489
82156
44295
-51070
95077
82519
1981
-62868
47910
-94647
77026
56457
79609
-47794
-50932
-4793
31249
20599
81834
25046
20374
19435
5157
-45996
20193
-60779
83570
-71285
86548
64891
-71369
-14128
-49835
-37330
35031
17420
12773
92125
-5092
-31145
-56544
72325
-42368
-60864
-92845
-77756
30424
-71191
83765
-55157
15070
96783
-86012
3440
-19367
53992
-14659
69795
49131
-69211
36792
13433
-1033
-1385
91165
24292
11885
-19730
-35257
-15612
9459
-41060
-97869
-83050
91249
6807
-4060
-70966
59129
36670
35095
-21517
22866
-15341
-11618
72536
88160
230
-58148
21991
19697
-58925
11676
43273
-16218
65378
-18290
-73519
30012
-3380
91678
-88243
57014
35485
90866
-99713
65001
-24715
99969
-20890
11363
73896
-64629
-34251
-199
-91131
-21320
-37211
34796
52276
22673
-17946
-65225
-71751
-83691
-44687
-88264
-46123
80889
-83847
-71048
-28981
36864
-96769
-74983
74432
-75534
-60219
-44389
-10885
2364
-60966
31242
-21939
-19612
-62444
-67960
29514
-13914
-82532
-73805
3381
-32592
82531
-52174
-97542
-80265
-35021
-79327
-45356
-26316
21856
-56489
-91121
75071
-39523
-56496
-37081
7174
-22678
-90052
-61424
-10582
28011
24547
14095
40374
16724
-17421
-76539
84796
-96767
88295
-13300
87950
-68190
64470
29626
-75434
-38444
20630
-2493
45139
7370
-20981
44539
-57936
40234
21007
71224
-27390
-43340
-18305
43222
-37729
-22499
-82656
65108
46165
37178
-98899
68251
16782
23128
29310
48415
-43778
89320
24086
14046
87302
-61865
7113
-98746
-29719
88188
27400
87539
-28057
39019
26251
-92202
39995
64551
-62950
-83855
88430
83315
19447
-58242
21783
-90487
-92821
-15696
47088
-22364
32876
7569
-88171
-22728
-62297
83530
39963
50370
-97040
29121
19466
-80007
80324
-56612
47673
78564
71927
37605
21573
-69691
-65218
-76282
25517
8371
1819
4851
7117
-48507
43361
-12058
88757
9962
11619
-4602
-10074
-80170
38461
-59039
60520
-1321
-67778
12056
22858
84614
34097
-14758
-38664
-35368
78854
96136
79026
-23468
-93854
15352
62831
-38433
-2944
71893
-38387
99507
23618
31652
90163
62894
57304
85153
-61819
22599
35531
-26872
13827
-95333
55335
77807
-42113
805
-93885
-83568
20280
-6259
-74130
84965
61912
-24617
45624
-38676
-26489
-74564
-39014
87818
56170
34006
49795
-8372
-9924
-78220
84096
1416
-98873
-89651
-33850
-10526
-42306
27346
-94497
-21398
-91590
45084
-87760
49315
12047
67845
-40029
-18785
49803
90642
-67659
-4794
-1014
-5490
-38883
65205
98873
-97742
72472
75266
51493
34496
19341
-65634
-53569
-62226
32866
50836
68527
-8192
-66469
95726
-87727
64687
-60631
76854
69904
-61307
-85801
-58854
87134
23434
-70388
-19287
78605
-19304
-59330
83002
-36595
-12213
19828
-25941
-83966
84821
-79819
33543
-43327
-21394
-42862
-88255
64808
39464
23053
-28387
-81065
71648
-8475
27822
-26737
62032
-50689
-43974
60133
-87102
98803
-49543
-39390
92895
42160
-23236
67642
79014
-59892
5611
84263
10104
-78677
10343
-36958
33039
99915
21902
-64322
-92913
-53077
88028
-19231
56053
2198
12846
54367
-69460
1296
14691
-84492
5950
-8677
52763
-59938
-14489
-91546
18209
-75883
17286
-40749
-49883
-32472
5037
-7708
16226
95478
-66345
47617
90270
14533
-21639
24808
6352
-60030
-99471
85617
-96869
70678
49307
23741
-63367
-98911
-19901
71291
-31501
-34475
48500
-42154
-62772
-95822
-23185
3071
-7682
-99687
-15817
-8750
-21284
7439
69641
-12889
-79082
-38511
82474
-57928
48283
98191
64856
-96662
-28903
-32826
91938
-49478
-37281
86589
-58988
-16379
-78492
19867
-35574
-10573
49569
-56797
40357
18241
74265
3982
85340
-20757
-15815
51716
-26966
73138
-82855
87094
45093
-81073
62562
-18214
18991
69748
8971
22596
80965
18747
-1796
-64738
32885
-81810
-26477
-64764
8940
-23054
-91260
-75074
74093
-9456
-46438
-50597
78814
-1695
16541
28966
43389
2966
-95476
3144
71920
-61023
44682
-41030
64441
7492
27541
-1820
-18424
81204
64305
-7849
10986
-78679
-18141
-81372
32736
76613
67353
90455
32842
-68898
25255
-109
32002
59050
73516
36363
83526
70918
-61421
-50662
973
-86429
42613
-18496
-12294
-41843
-97956
59642
-11154
-55527
67491
-27715
59704
-82197
-60295
27982
-78489
-92958
42564
-73599
95297
-45792
-38239
87628
-98100
75769
-91958
-89017
-11831
-75529
-99439
10562
-12544
-61752
-33527
98435
-97929
75589
27139
-36710
42748
-70753
46518
63587
-27230
-17880
62840
-44904
6600
75835
74601
77712
-35820
-3894
51055
72280
95487
-39934
-1829
-48724
47434
-79651
74090
97427
90063
34051
33256
43412
19570
-92834
-77200
-82728
87606
-92743
67982
66206
11692
36563
-6459
-69868
-68410
14790
74924
88665
-36279
72527
-61582
47565
8993
-3399
-10749
-83055
-562
47595
-20925
-69984
57149
82826
-98952
59465
-86799
92300
-19900
-9400
-7968
44059
-84017
-38976
-73638
45729
49027
-1640
-10268
-43914
-83471
-78609
-32541
-8348
-86383
-2691
-97676
61011
-17114
-5689
17880
-14762
-46208
54078
97997
-54512
52763
66549
25656
99844
92517
30014
96957
83833
1373
-34464
-11535
27206
38039
32950
84647
-44545
44700
66087
-58393
27836
52590
48509
-14915
68994
-50904
36324
-20435
-91311
41412
-55934
86660
57930
-79689
-53587
35593
-2822
27127
91917
-73965
-92665
43100
51600
-31180
85685
-78044
40131
92627
70806
-82671
-87596
16856
28748
-77203
-89631
88704
-99716
32430
-31940
-49456
63441
61172
-14210
-49115
-88214
-76306
24964
1258
58210
-2339
14859
-46940
82809
71025
-31196
94824
99747
-72305
47571
33772
20525
-19852
-50998
-56966
3400
-93389
41149
-68096
-27980
17754
19682
54085
91274
-1549
33351
-73674
-56346
-47578
17231
30814
-95057
10172
-9270
19189
-11836
-64578
9584
-80881
83012
21500
19706
-57163
-17222
-63063
53214
-76847
92644
-42461
-17243
-60414
-47586
-95535
-93334
-79216
-80016
-53210
-74447
-51335
-39888
78210
-44639
13674
-79339
-87561
25567
-11063
-88358
3368
-32631
1071
77835
-49138
-43700
-32845
-27408
-8876
96291
30306
2323
-58206
26925
73290
25710
58616
-97111
7925
-59786
-96592
60240
-92749
22142
-75546
30158
9361
94794
-53197
-99041
55974
-61775
96404
50947
-35125
-72851
47337
17949
80618
10883
-3174
2286
-65233
-28279
-74732
63592
-3172
60953
55217
-88078
-37383
-54191
-3466
-35401
22184
14403
-96523
62827
-84393
59520
-91373
-91300
4046
98172
62244
-91792
57896
76958
-35214
85761
6494
53031
-51427
89810
-98625
19132
-15780
-39124
2556
1233
98465
49433
76191
77620
20955
3260
82908
73908
92309
10379
-56960
-78420
8188
31339
-31354
54127
-92098
-91994
96328
38737
94861
60555
-7213
-54128
-70462
20259
93331
90014
-42401
-54517
58349
-43252
19565
-78093
-21396
32724
85252
16946
75666
52611
-74711
64771
5584
53121
-47343
34336
-13486
-69761
-18684
94905
82161
-30085
-82083
18257
-40052
-92237
-16018
-25802
-35471
-66780
-91392
-38117
-86668
-99907
-71433
49171
-59550
-43035
-65452
-17428
90704
-91418
59797
-28762
-86324
-53068
18935
-28593
-37771
47134
-85605
56764
-57945
-5872
-52473
2917
68430
-61054
-86397
-78370
41948
-22079
-39389
68398
26197
-83688
65829
-63922
69703
72091
3184
36608
51032
-36209
-57539
5768
-457
26937
-75439
-71477
73589
-48254
104
-40445
64556
90499
-22290
-76899
-72227
20403
45286
-97808
80216
73194
-92306
-24423
68628
-61167
-8871
18807
-73249
-46487
41020
54464
-13649
-29644
32133
22718
-32682
75907
-55804
-62294
-89580
-18083
61774
-50269
13958
89993
72822
-26677
72701
10297
-4292
64639
38954
-88045
36034
-58384
14836
-94436
84985
-88733
-45716
73475
-79397
40321
63128
-69176
86865
-89381
-97748
83847
38644
92991
33943
45989
7408
21935
60728
73494
-5243
56964
48049
-20152
36263
-65505
-36908
-82449
32518
57223
9979
-97234
-59544
42468
-74508
13087
83377
76759
-21928
43263
-55868
-81868
90301
-86407
-3260
-47459
-61247
-30131
25268
-47620
-82489
-39395
38204
17884
-72002
61268
36621
-24411
-8355
-54477
24283
-94222
24683
78138
-81911
-38703
72506
5167
86883
99286
-12364
-36083
16004
6428
33293
38028
-28456
-20583
-15592
73545
-99076
-47715
26294
-67117
-45822
22567
44136
37010
-85744
-56732
98374
84499
36328
78341
-31671
39795
-45118
-51397
-83198
98792
-63723
-20270
53741
-52505
22837
-62873
19744
-7371
-17770
13768
-37666
-99378
55470
-67738
-46967
-17621
81593
1913
-19469
-75276
7894
15153
11861
72258
49230
31252
57624
-4465
5557
78457
63505
-14531
-46678
-96289
-43638
72320
-19719
52074
-39557
85160
-91617
-63492
32344
28238
72493
39596
-33852
-72677
-83835
-72794
61283
-16592
40577
-31713
34765
58101
89396
16818
94878
-76735
54216
-93156
64938
47011
-3002
-44911
-8498
55691
71989
-25799
-38559
20696
-935
-17334
94474
-6465
48092
71875
20587
18517
-28981
29378
-11269
-30023
-73225
60866
-8462
-34080
3068
3765
99677
-49090
-59938
-59654
62545
-84018
-433
12731
-47620
41534
-24371
83878
81943
63674
78056
-8506
83255
35092
44129
79869
60355
63821
-74450
99616
-76800
64195
16283
-35857
60872
-47370
48394
5359
-33382
-65224
88091
-2330
50890
25137
-87258
-47629
-56807
94604
-56219
47175
25823
68098
-74513
44612
75301
52801
99103
-400
61199
96184
15059
86102
47990
44034
14864
-52039
-67180
85548
-32509
-35402
94681
29157
72099
5877
18138
257
-70926
11723
-36503
-53142
18017
-29456
-98305
-86045
75795
-79208
90390
-35526
58618
-64720
6228
54090
75934
23030
8609
-52374
76284
65525
54425
13238
-3317
-69284
75357
-29257
-4775
-48902
-91388
27506
48020
-55655
37743
-29494
99749
-90700
36731
-10222
-7945
-10283
54927
-53709
14422
9808
-63724
-23369
-52046
84693
-79100
51056
72962
-22666
98140
22599
-61499
72630
-14869
-60188
-60701
49482
-68979
31479
-46285
53103
-80783
86882
37910
-99353
87957
-16701
-77952
-92079
-42988
4577
-73449
-3036
16853
-39950
-53389
59272
-81179
49094
-49402
-43887
35103
-26924
4565
5720
-77752
34335
-84636
39928
-82313
-41403
-31760
96034
88177
14564
6102
-49506
43795
20137
79761
15327
65768
16950
-58528
-13440
61595
-40273
-1786
64033
-77946
86370
46955
47257
49448
-33839
-94240
68118
-55947
37213
97472
13400
98632
-77872
-83406
20870
-79372
57094
96586
-4244
-95176
59641
94159
-44014
91344
-98968
-8553
86010
90536
8356
22991
43765
77868
-59465
-36201
-22430
-11718
-38799
-72246
-38716
1465
14672
92251
62143
-4157
-12853
99867
22895
-77634
-86405
-79913
2213
22088
-95833
99741
46591
78352
70762
71647
-34461
-55102
-7869
-84431
96152
-79078
-93191
13677
-45887
-27174
6377
21110
-74378
41303
91437
-75559
51008
-89619
49835
16591
-52175
-66350
-91145
22431
-92962
30984
102
-72928
36475
-14740
-12432
67676
-40047
34796
-54975
-41007
31326
7318
16284
-41775
58505
76043
85164
-39607
76608
-47086
71529
-7202
-74960
-66552
-28829
39475
-14688
13621
-84497
92551
-88661
-40965
1387
33212
48088
-49944
64559
-22798
-18665
-38294
82833
-84014
-8934
84834
6549
-13273
-17714
-89519
43376
1510
28789
17263
3127
91022
37282
-16998
59689
73002
89232
44396
-20715
34484
68318
31141
-24279
-64108
43563
-56249
83801
-52602
2762
-75199
-91864
73881
-83358
-29885
-39338
84307
77861
2736
48038
-75598
29355
-65102
-76341
-66355
67562
29735
70255
2905
88596
-97672
-98145
30728
54157
-20469
56918
-30644
20808
-93618
32036
-93510
54845
-99852
-14150
97609
61833
-23491
-87083
-6791
95777
92589
46981
-44272
-20428
-43618
65305
-24129
-46051
-33167
21097
-91740
12674
-87520
10304
-61207
85452
-65169
88995
42057
52035
5441
16770
-3341
-75899
3783
-10310
87303
-27166
52627
6597
29117
88535
-32181
-61761
-86619
16742
-12168
40725
11337
-28210
83582
28748
79918
84716
70246
556
9913
19374
-25321
65479
-47505
70063
78692
33513
48213
-83020
45887
-27939
94902
91330
2378
-46886
-76733
69914
60174
-74295
12756
-1517
-30011
52724
27341
-25518
70161
-28084
-78308
-51864
15376
-14249
42846
98503
-33977
62324
-78623
78818
-18821
-70260
-93948
-41567
17886
-98921
-23813
-37186
66663
-73208
35951
55295
-26758
21079
-90686
-34224
97799
-10200
19760
-72900
55215
13533
-44015
-53176
85728
83893
41595
63916
-14911
49695
81924
78895
-68919
89183
-67996
3294
36074
-77092
54649
68072
19243
-24509
97701
-91559
-75692
44636
-76974
-40719
62594
25511
18262
-8928
25562
-52046
46769
19681
61786
-40454
42803
-21648
45515
-20869
-78917
-66327
14483
-7273
-91494
-79425
21927
25823
51605
-45739
24285
1472
38217
1980
67167
88652
99113
-54774
51132
-96284
-96093
-18413
-1192
-77312
25122
-1657
19844
90331
-87508
35880
87784
-17731
-70165
-49498
-96547
52454
-81848
-47784
67863
-39596
97331
29401
59007
58098
-75265
-82947
-71073
50717
79595
-3537
-79945
43987
18812
92392
-43923
-80134
-16955
-29938
10528
-81717
-69303
-20249
-53987
-2215
33335
20664
63850
53122
90003
-35138
-42048
-38543
-60746
19976
-36585
67724
-11860
25839
-39527
-57727
33147
99444
-25608
34792
-13565
80756
-17637
63189
20801
-72566
-33869
-70210
10861
-93247
-78675
40707
1220
-27468
96576
19614
74592
25157
10533
13480
16706
73718
-75673
-79164
27698
95015
-31792
1645
-73411
49068
70531
-53160
7581
14154
97832
15429
95223
50575
-6975
49320
56190
-18357
-12708
34542
-13195
-51090
-64159
-93714
145
-17473
-29877
95853
-34564
-70729
-68237
29070
-49290
-97096
-38648
-50412
36438
20397
-54757
81365
14191
-53697
45783
52350
70606
57904
49486
-52739
5471
-80168
-1810
-30577
60911
52282
93458
28646
41163
-53437
57717
-75594
-47800
10910
40705
-89572
-90980
99574
-57850
-85269
-77782
93641
-36474
-75883
69915
75045
-57364
12723
-13081
54787
55773
-3855
59252
-52547
-34201
-97063
78357
-40468
94743
-46598
-80845
84450
-27737
-76364
-4279
-75263
-45741
-37021
86793
-39498
-99060
87078
21596
-93034
-56570
-65717
-91641
-10669
62572
4633
18025
-94502
55028
20857
82912
-37619
37132
43585
-31988
22808
15155
-40226
-2517
-17806
-36891
-24802
44772
65458
26670
-63848
52447
-35061
15776
4920
-27311
62566
87136
-28181
85397
20058
-46630
89763
25206
99275
-8043
-15353
-93559
-60068
57056
87611
-91657
41746
-13460
-37049
93913
-8698
-77196
-50138
-37252
53574
24214
4974
-23676
6218
9734
71703
92780
-23090
-98408
43369
36459
-54575
-94854
-43322
-97422
-93016
58692
-50991
66514
-93185
17384
56698
93819
85357
36804
-42136
-14625
-28045
-16426
15745
18422
35986
-46897
-87015
-85606
-60666
47360
-42764
86098
84258
25393
-29767
82475
98249
30161
-42378
-96638
-826
58439
-12406
30815
-25783
21671
-25421
1276
-29185
4864
-27723
-85917
90828
-65838
79075
-18699
35240
30813
-67443
41350
11411
-65900
10630
85990
51638
30768
40336
-95685
-52072
48354
-36762
-60214
52857
-49248
57638
28180
41039
71073
-24678
98077
24602
17955
-56030
36808
-2842
-8727
-49729
94238
-92515
-93821
24702
15149
-3258
-57723
-42433
-84531
45214
48153
-83167
35070
-86703
-50639
-15413
-5331
74389
83796
58138
62869
39908
-1382
68770
50242
-34028
76915
-27357
-26383
86164
-77791
-88246
14164
36485
-42490
-78048
25521
-36238
38167
9299
45674
-6354
31280
47071
86231
21193
-72446
-70567
26767
-27282
40935
-38120
51014
-81252
93718
-47872
-60336
25599
-25102
44972
-63740
24363
74941
58232
30076
-98252
-11478
-43992
-44296
48492
-78833
-93064
38114
70138
-6087
-71808
42668
-73261
91674
56644
-95851
16024
-58403
68822
75787
30540
-63270
31528
-69653
-31696
-14299
-98318
-80476
-70467
-26175
-8452
-34503
80830
-48654
-56951
79077
41671
27568
28384
55896
-83243
58167
-94217
-24864
12036
316
66751
96739
-57497
-61766
-1273
30152
-53945
62121
38797
-56266
-1861
-78000
-87640
90484
96225
59250
-46581
-56272
96822
38436
-51594
-47333
-35880
-68034
26815
54961
-90539
-63888
-36231
-14890
83055
-46228
57918
-3108
1710
-65151
5150
-7198
89250
-37496
-43676
-49642
40500
-36809
-60543
40730
59560
-61806
-72808
-46076
96242
-20478
-76635
-38080
59569
-21314
-82677
11601
30796
8485
-87240
-61772
-58840
28078
99831
-859
31811
17975
46930
79099
-40848
37625
-26399
70574
-31761
-48739
-88077
-65415
808
15208
-18728
43482
-78844
42065
90506
11383
-42519
-38221
-68426
-2726
-20464
54941
20586
77213
-94332
-32697
-43364
-90143
-63431
11104
-4524
-25736
-3578
-46590
31735
7971
4800
23559
6258
-75915
62325
52533
46975
-19562
-82622
40532
-17065
52195
67793
-81311
-52300
-26637
-6349
61275
-9663
-41995
76438
14266
46049
46901
49187
-76673
-98535
72381
50870
91239
87067
-75432
-73925
48185
-66576
23474
4258
-27713
-80191
-6885
63934
27153
32065
86314
98495
-45748
59259
-50434
-60854
-52638
31539
98080
96562
54219
-5316
87428
-89642
-13158
-20906
32238
75415
-36118
75329
-16718
49971
-87369
18722
-98604
83203
-41143
-53871
77901
42381
78922
92925
25775
-45817
80249
68476
94944
65065
-27913
78835
-19326
-24787
60479
-17633
-45261
-34138
-58509
-15683
8176
90170
-67631
13148
48532
28478
-3196
-45187
48958
43693
-14889
-15836
-99375
60099
64196
-49282
28694
92028
48811
2222
-52804
38820
-42914
85558
-10561
90459
20313
64446
-30363
96615
6287
-5692
-22363
-12554
-92257
3873
-80477
60142
-49755
96756
-18154
-21197
71533
-33235
51595
60597
-94461
-49544
-76990
-28686
-92954
-65981
-43658
65935
-26981
50350
-68293
1295
46429
-84210
-89985
86509
-18382
-88290
-5326
-7588
-42472
38596
-60094
-29543
21022
44667
54783
-45463
71056
-79711
-91298
-90188
22155
-61345
-93031
47806
-11090
-3920
-22413
90110
-57231
-15920
-75110
61661
85071
-10749
-83291
35276
89375
-77056
-8900
-20862
75073
-72712
23766
14545
5171
41350
55325
70628
1283
-80204
72431
82007
3167
-20953
53694
61683
-632
-33431
98583
92165
-41883
-73839
71488
39897
60660
8401
-12551
29272
41883
63068
19941
60539
6429
-29582
21507
-70485
13224
17289
79188
85111
-46645
67673
-42015
-78351
-74108
-70588
-5611
-82522
52151
75809
15877
-94217
-68421
-47900
82769
5592
82447
-23381
-42654
22693
66986
-98009
46547
84636
-43536
77029
-43220
25467
93760
3448
-98743
89783
-84502
-9659
-7975
-42282
-95042
-54741
-12606
43113
79680
75149
-86942
-86102
-42057
30461
-29071
91054
55012
-10362
-70910
-41530
78288
-11818
47400
-49992
-14785
27078
32245
-88299
19328
9672
-4578
-32329
-77722
60268
3002
-42471
53713
59087
31273
-77293
51301
55584
-97455
10928
-68899
-96240
75460
-47122
34424
91478
-10306
-96623
85201
93596
23882
-66780
18060
-9079
-24445
-73011
49516
85356
-33544
54220
-30526
-49470
77737
-97840
25537
-99036
-32466
94006
-72788
-38256
70967
63902
1392
-32175
74350
42732
86350
-76850
64377
-13672
97200
-96467
-90725
49907
95197
-17630
-78534
37751
23688
13016
-38469
-8823
36419
49274
66313
-33203
-79727
350
56309
-65946
38936
26702
-28169
-25975
73781
11573
13139
58108
-73686
47459
-81385
34545
-99405
5821
-27519
-74055
-48714
-67580
-85955
-43353
78040
-99520
32139
-44734
59500
-25976
51327
88101
64902
58161
10850
-72265
-12754
80145
19894
-68541
62896
35118
67863
71475
-39984
-71800
17469
-52498
49627
73984
-37858
22411
34393
63844
-272
-1744
26911
56920
20940
-4084
-56063
11298
-69138
-27027
-51356
-32623
90521
73598
17585
46539
-81640
-89183
3365
-86158
-8737
90341
-28795
91123
82127
-63964
-73681
-97429
67608
-98564
-10292
-80843
2105
53288
-31582
-32492
-99101
-5062
-87738
-60294
67707
-7561
-36882
-94221
12350
88911
-36123
83953
-63168
39735
51607
89844
-1459
-57115
46092
70101
-30864
11815
65586
-83664
-45102
78561
98898
89452
-25031
-2015
56229
50025
57586
22688
7424
-54332
-82294
-50344
-37654
24393
-71370
86588
51598
10998
-79790
-42791
-71540
-57944
96134
12743
43433
-64923
32389
-3317
83687
773
48431
-80243
82352
65789
2519
44080
-75412
44681
70942
-87597
96114
-44682
77182
-16028
13338
77257
-64349
84060
-47119
10895
68467
81498
-66874
20226
2863
-82400
-66143
56149
-61391
-68572
71955
-77155
-75755
55764
-73751
5916
-56780
-98070
83258
-28566
-25204
49255
16032
59010
3835
32750
-51709
46886
15786
67648
35472
1648
-54521
-19632
16201
-13513
-16726
-50493
19447
-1510
34777
84294
91962
54828
98023
-28085
54273
38012
-60937
-46623
-34284
-50561
-67810
-4178
1358
-80676
62374
-21684
-74391
-41772
-5649
70654
-5454
-10995
-24911
-10738
42267
6329
-64996
95492
-28369
-30233
85408
79044
19616
-9754
-42680
53637
-43140
50833
-98815
37802
-5570
20476
90361
63103
70401
53434
-58269
3601
90639
73864
-37481
-91159
-85160
99993
-66475
77095
89534
65406
-40598
38136
-65139
-16078
-74709
-9932
-72824
95615
74142
54614
52510
-62767
-6407
80601
84924
-16427
98690
-31125
76988
-64562
44181
65616
63483
12276
16900
-70378
13768
46408
-70952
-54479
-86088
-68039
84278
-52878
95766
-59028
-81443
4200
10423
-63956
76172
-63021
-15380
18414
-4863
18497
83282
33599
57243
74312
-79741
-30708
-48287
93983
-40785
10894
-4005
-83239
80261
-58160
-22050
26750
93514
48862
-64666
72775
34445
8716
-15845
-34058
-95311
-10528
98358
36048
-82327
-38179
74045
-8
75139
-21651
-20758
-22870
87387
-16407
74986
41872
-15760
14088
-81151
77956
-85293
-7965
-99510
-37981
-11461
2081
-36516
46922
-87690
4100
-59767
-88592
-35718
-16178
44096
95200
-58086
43281
8018
68177
-88236
-42286
465
-37149
38343
15193
-49387
43768
-49407
-10408
-48616
2413
-4553
-57418
64129
-68556
-14642
-30282
82494
-50736
70998
-76343
84106
-38229
28886
53612
-5938
-7401
-46526
-64513
2404
-85089
-90487
94180
18934
-1846
21707
43600
-13563
-72468
31784
84337
-55866
-15064
30003
83580
46694
-37371
-66042
-85230
878
15660
35119
77390
-39678
-56197
-28408
-11346
-26300
-94646
61221
58971
-49834
-46152
-4698
-56490
-20356
-17680
34411
68929
-97697
-35906
69287
45192
-69651
-10809
-67122
91498
12254
76202
-24728
-27096
43986
97458
-4729
-64760
91350
-48331
82965
4102
50118
-85428
-94457
-75176
-40884
-18834
29230
25820
-39354
-44757
26988
38753
8134
-43005
4227
28175
-55437
24673
-60983
82740
57868
-26377
74424
20459
37645
60855
-90654
46187
34730
-15126
69441
31529
-92232
-68495
67372
-25493
4587
-63081
38630
-90325
-15942
15
-78063
16612
20895
53198
-5696
-80260
1530
79175
27498
-99379
73045
12864
-23430
977
-99774
-30002
-50494
746
2849
80305
22352
-17716
-64706
-33522
-25319
-39544
63831
54085
80210
74677
-4293
174
-56994
-80451
57229
-26379
37666
32065
-69784
-98545
77108
-84054
53724
46488
-43919
17485
-5609
93771
22189
698
38112
-83363
-31419
-31646
38332
-19466
62737
-59870
-89549
-55283
-88266
10736
-30292
-24801
23000
-55519
-20555
52363
-67028
-20396
-82785
19277
-13141
10047
78022
60181
2786
66964
38191
-34493
-53658
-25905
-27254
65666
39014
-90017
69142
69182
-80743
-87250
-74844
70019
-57258
-20529
-83725
19699
75330
-50877
98938
-57180
-86301
-74136
72517
-39532
77459
-44929
-96201
-42679
66961
-12264
-24146
-86455
21042
93724
74819
97779
87797
-66505
43824
-40327
46835
-83360
-51699
-1541
-37899
-38650
-36493
57344
42208
19864
54977
85331
98507
44145
21053
7480
-62415
-55969
-55662
-70454
75970
-49073
91575
26482
-28524
26390
-22991
-47418
-37897
6814
-38097
-79749
61221
71147
65106
33353
60952
-84087
7824
-5286
-77066
-38508
94318
5229
70568
3236
98346
-45042
38536
34451
33147
-44886
60600
66731
97456
62225
15120
-47055
95349
29069
22703
81544
31733
-60455
41459
13764
-83687
42944
-34813
27724
-8786
57172
-2935
24811
-70044
-60281
87421
12339
8434
-97303
-24547
90830
-33129
17854
34809
-36318
68220
86075
22634
-15456
-87498
-26339
31395
72746
10855
-85849
46687
-38305
-72956
92662
79674
-50940
77936
-71550
-23268
-62128
-31993
98931
85200
-72556
-99656
98781
-90382
8005
-31862
-15270
-98489
-29849
-2753
-12797
-66457
-17640
49109
-26678
-78059
79863
-62295
55415
3055
70511
57335
-50947
-72448
10083
25340
-15175
-64397
44280
44540
-17146
15267
15033
74144
-61761
4621
-32085
13943
73170
64615
-337
-33315
58749
33930
75405
36153
44649
-76598
27107
47456
6303
8230
-15447
23703
-32341
-84261
76703
-94923
16652
-61933
-58666
-51225
70804
91578
-73704
-61746
-75550
30898
-91914
-17917
-55686
-53028
56684
-28422
-45570
-12969
14514
-59196
46284
14149
-22302
24494
93811
-44920
768
42375
-31086
-53555
-56789
-65217
30031
23038
10783
-27413
32177
86811
67045
14565
-10149
-54109
92696
12177
98598
65516
-88365
27258
-54759
9490
89852
75034
-65529
48396
-30552
75512
58758
20122
89706
39788
-83769
20314
-27397
92862
33943
91771
67655
-37267
-75791
88264
-11182
92939
-38851
28134
-6523
1093
-66263
16089
-3623
-22079
-83805
84160
-13537
59616
94768
42337
-43095
88291
19244
9503
64536
6761
-87073
-45240
-62908
76438
-74249
66635
65217
50320
31144
55367
44884
-31901
49245
-82242
-43150
33093
39641
91560
-29199
-76941
30447
-12252
-14898
-61830
-32166
-30711
-8806
11089
-4870
-15781
-76415
1699
-78548
-7975
-61000
-55701
-56060
1076
-96445
64761
-62423
-50470
2016
42257
18254
61871
-33581
24242
2889
-1059
40719
28724
35345
67586
68414
-22581
-70631
-34616
73709
85032
-64637
40979
-26409
42750
-85949
-44845
19276
-96990
19217
97016
43326
-40437
61450
-14267
-68376
91897
81124
-64450
71580
36147
-68212
-41157
48743
-61592
83038
84191
-9374
-64265
-30208
-75870
-54376
-4790
-79204
92425
28367
89245
-50505
79224
-91979
25181
-37965
-28450
88553
6251
-62435
-27186
23970
-44993
37876
96622
13376
36649
-58057
-99832
-50835
70643
94889
-11522
81520
-98461
9829
-47526
20430
-56035
69847
-33469
86301
-40731
12062
-60468
99110
96449
28349
16615
-54346
65532
-6536
55351
16321
76807
-59567
85251
83764
-19205
13343
-57210
-78762
32570
91399
-86173
-47719
-83661
-20646
84917
1347
24643
19659
-76411
32308
-99975
-88821
-79531
66835
45554
23683
4185
13145
59299
43117
-84667
93242
-5835
36560
40961
80235
-10293
-61226
4410
-64364
-14369
29451
51858
-49900
-50614
-13132
8183
-41877
84834
11978
26961
55113
32701
26962
-427
53808
33940
-47270
71863
-34168
-76348
-43375
40828
-50113
82285
87555
-2835
-4262
78653
-54351
-86361
24733
-72761
23305
8464
96403
93453
-16953
-76188
-45893
6429
-81944
-21395
-78321
31894
-3706
-62319
-78990
30348
-94635
84805
71541
-41023
-86856
-98400
62021
-98284
16001
-74166
-46987
37750
92804
47251
-63132
-38954
-57898
98272
61259
-40609
63975
-58560
52837
-92137
21113
26588
-69509
10344
-82244
53453
67211
-38724
22792
-21944
51412
-22591
-35594
28212
2689
76812
-21796
-5732
74224
-21799
20579
-9984
-83555
79409
-12666
31942
83056
-24540
-62360
28238
-77921
-18570
86866
-29917
-8831
-92586
-41271
83853
-73103
95497
67400
-55613
3547
18406
-18529
-67331
-52634
58170
13864
70120
-55938
-5301
-18463
20595
31548
-65542
46827
-58105
-39179
5570
11870
-82029
-66276
85469
-26617
21893
66580
-66171
-35009
14548
-44201
-79208
87209
-84870
73980
6996
61127
59583
-72344
81922
-43079
-8655
77332
60656
53396
99888
41846
8790
-83877
37349
-73585
-33382
45533
-56493
13968
-46609
81834
-68026
-26006
-83624
-91021
-87385
-88719
91211
51325
-58767
-78165
-85264
31874
19134
87931
13001
-43676
-17477
-70939
-72981
-113
20027
68733
54634
92586
-5977
-14415
-64173
-44231
-32686
-79825
26770
-38958
-96918
-51276
-64652
-95943
-89078
-48845
30087
-16229
12589
99102
16158
37795
65022
-40301
36209
-62147
-14837
72614
-33503
99365
92311
85639
-1960
4203
42318
40784
38927
2949
13395
35310
3369
87504
-65291
32233
61949
-40667
49537
-52527
-80079
-37356
-69583
10119
-39487
-94336
-65918
87973
-34145
65175
-80093
-24949
-62283
-15125
-91639
-87545
-33722
-54286
-42528
-15264
-55310
66263
-2789
72703
-88872
64634
-8148
59195
86549
-1397
-55088
511
-48213
-29506
68866
47322
8190
37099
-47089
38883
-51528
54534
11785
-45049
-36021
-27914
7509
-20815
-23530
82132
-22880
4692
23969
-1087
-71890
-68904
-55741
15716
-30638
-18401
-85789
56319
21754
-83214
23259
93677
-14110
77773
-1224
-14150
18729
64963
6110
37726
47361
53839
-759
-37800
2943
-89927
-1618
-7708
10130
-55135
16959
37464
-26736
-5396
94478
61473
62892
79240
85641
50260
-45564
72797
15971
5619
10775
22289
98260
-72577
84
82488
19894
-66572
11277
90071
53968
50982
79498
-21165
45744
79798
85434
-55045
77553
7153
-89531
-67985
60701
-8635
-79043
-45589
-52821
51360
20146
24564
-78295
-921
-71900
-163
-67403
-69809
-6445
70006
70501
-87908
54707
-6382
-37049
-3596
66556
64244
23490
25887
92125
2262
78747
-14882
-73904
57365
-31660
-45916
-14647
-70660
-35538
79285
79816
-13461
46224
-64998
-27058
80867
45696
16958
-83348
33649
88077
-96215
94134
-25739
11087
-91242
-52009
-35761
72710
91442
-3970
-55515
-53920
25012
-96202
40786
-29161
58131
-70956
82542
-16778
-74007
52553
5366
-87429
42274
6167
60632
-37992
-70112
-25055
59038
22612
36079
58394
-98508
-98865
13856
34656
-26089
-30366
-73660
-5279
-73892
15652
-31545
72827
78747
-59318
6054
67938
80374
84710
-40242
36090
72201
-41520
48531
99077
-64208
75426
2249
-87434
-22865
25628
27459
-19484
52418
-53272
9766
86490
-76094
22329
64424
-53
51825
89357
23530
-1949
18338
-73711
24304
84600
-79544
-77149
-13895
84255
-4711
67826
-19905
28
37470
22657
-99187
-8335
-28582
-80373
-89224
-91113
89620
-43583
60155
31755
-84605
72367
-27021
91199
-43754
63740
-71757
-19471
-95523
-14192
-5947
-74151
84759
-96816
42046
52476
-7143
-5692
42045
10398
-16041
-80614
56832
-48556
-55726
42372
-33054
92151
-29474
-6084
46581
-62219
-19121
26919
89720
-52351
-71105
56087
30069
-3989
-53441
81131
-24262
-34870
-13672
-3631
-87375
-70763
97212
4716
51038
-57455
-62962
62672
-32331
45221
-22453
-50006
50326
85321
39571
11133
-36954
-24931
59800
95815
-36661
83926
-55454
20482
-82237
-17645
79100
-98362
-98142
-32307
-54209
58892
-70170
-29843
64696
61581
31928
-65736
-49095
12488
-27454
60837
86905
91171
91623
-84848
33640
-89751
12900
-14265
67284
42674
97921
82496
20593
46624
1971
-4307
-11000
82757
-20143
7976
-58625
53730
-69711
34377
27649
94603
50783
65367
68105
74086
-86599
-82789
-68016
42002
-69142
-55280
-13359
9380
84481
-20106
-56907
24652
2797
-90234
83553
61206
66327
-19073
53144
-82228
-34852
-79393
-42099
-36230
26150
90861
52233
-39478
26150
-52877
60917
24909
-28241
44234
75077
-4390
3954
51981
83841
20945
30994
-18321
-57231
28025
-90205
97961
9765
48519
83716
47435
-39138
17280
-8618
-12748
91036
88821
-32552
28893
-27131
-75539
-70431
95567
-29329
-55775
-45767
4213
-55350
