8400
-59808
69947
-9247
-73807
-23306
-27590
33397
-73023
85466
54080
-14173
-69343
8898
62370
-35084
-37266
23929
63520
99967
-37207
1188
-2817
-26237
97890
-48673
-67195
11607
90689
-15738
-5487
38776
49780
87312
-17004
44674
-3983
-28203
7216
27834
-42458
59376
68139
-62713
-17531
-38465
-87408
95937
91493
-3641
51554
-18462
5591
5493
-12674
-74406
-8186
-28033
-67252
94654
-57271
-86551
83041
72544
71241
-21468
34037
-86406
-64950
-97519
21436
-49469
95320
64739
9635
30884
32078
-97439
-37464
22404
-91066
6859
91094
16959
-85224
70996
-5156
-77578
2257
-16498
-47031
85056
32946
76196
82215
9855
94241
-24768
-48719
-14579
50545
77133
-88015
-10988
28937
-85546
-21318
-74115
-7821
59405
-79809
70976
4163
-18392
99215
82522
-77406
99750
67374
14493
5366
89072
51409
8481
-16593
-95142
-59147
1112
68401
-64312
-26020
76863
47641
-57298
58213
63217
-41362
-13585
68167
99670
-55962
-79961
-4374
88120
79186
-39676
-58398
26678
23399
84111
-18296
-29999
18281
-91383
59767
84067
-57803
-87248
-56096
-51024
-41620
75873
-44405
-66923
84408
-13673
-1686
95773
956
-11183
-54757
-43277
-93220
33490
-16517
-94159
59941
-83070
94882
-66602
-54949
-21326
-25218
12439
13534
-89219
-23665
47564
-89800
42761
97916
-39221
98886
28845
-41199
-22382
18624
-1427
2902
55645
-89754
-22240
-14387
-49576
70024
62131
-20345
-49169
-84046
-37690
-95581
74049
62835
-5964
-52188
38706
70281
-15632
18990
45599
9707
-75830
-29347
66221
-96589
-53551
-93822
-51141
-33883
47635
-58373
66038
416
34368
36974
-16630
6559
-23379
55714
87925
-40660
-56076
-67782
-99720
-67677
35960
-74482
70504
-54305
-27066
43687
-26271
-3581
59415
-87785
-28903
-54745
-18638
-81037
1170
69084
69870
43183
-30679
96094
-24043
18900
-44916
-69867
-79132
-97888
86857
-35000
31280
-30534
38017
-49697
-51870
61456
-64453
66835
-2013
70287
-14379
-54028
-15533
79358
58069
97942
-21262
78775
96349
-56743
51169
54020
25405
-79532
75779
21074
-33757
82334
-13058
29140
-7507
-44296
80030
55543
-22817
-48998
53144
25533
-50640
91736
-87381
94009
31551
-1679
28322
59558
-23709
-75979
-19081
48483
41567
-50480
-40751
3023
81588
28918
-30354
34173
-89455
84717
-23652
-12396
85670
26610
-50782
59782
27926
-36919
27899
-44181
-56757
-76316
60098
84089
739
94895
93289
29090
59848
10678
-7325
-40566
-675
64500
85026
15844
-91436
95673
-14406
-68056
68380
67190
-30619
-70989
-38024
49128
-53792
87930
-96597
-47137
77234
79980
27407
65771
46540
-95452
-27131
-73566
-81972
-38200
51399
-46257
-58724
-71103
-86886
-60870
98423
18839
26143
44368
27724
2280
88135
96239
-17286
-79932
1126
-69424
-40644
18664
-78111
44690
-56162
13589
-1598
72031
83949
3917
44522
637
63278
-42582
-61722
-13389
82628
43867
70490
-25579
98805
-23685
95129
84463
-570
-5105
-26921
-6134
53314
-36004
56182
55069
-67174
-4381
-48196
25619
-85466
44411
48998
-39115
67465
-56567
97493
91573
78451
-66851
28391
-73258
-15999
-94100
-18143
17914
96191
50086
31624
-59382
-51891
1652
1167
27452
90463
88720
-15702
-54396
65630
-15936
-9471
-68967
-67988
79088
56960
-27678
-64443
28779
54603
-23811
9152
-45066
-46961
-69396
69173
60553
-54284
-71715
-47495
59627
36526
-63019
-83451
-95575
54195
19256
37749
-68814
91655
-92617
83628
-80430
-11982
-38250
66452
8521
74387
-61671
99011
-5241
33999
-32950
67321
-2617
-72222
2666
-74298
71493
82453
-57614
22793
-70051
-66992
-74620
-37038
-28030
61639
28723
-76695
17495
92880
-89429
86696
66605
6101
-1601
-23741
-64358
14181
-35634
-94296
-86350
85285
81232
-23103
-23899
89251
10946
-29161
28277
-47285
45036
-96368
-58030
-82702
-98868
-75815
89747
-80752
-61919
-49186
73747
-84533
-98539
-47498
85478
-83090
-83513
48796
87287
2488
22197
-47848
-80001
-73967
-74429
31165
-56732
-91689
5674
17931
66092
26071
-58752
-67532
68700
68376
80991
-70724
-43023
-8495
10741
-23111
50938
-32262
54952
64506
98512
26303
-35869
-22588
-25997
95569
39298
85560
-22653
-5289
-51114
25616
-11688
-55485
15573
30408
-80834
-29249
-19743
63321
-35120
-78075
-84109
56288
-83344
-45746
-65244
83934
-55904
-13598
-60904
14809
42560
83598
71303
18463
15716
-53708
81385
-81942
-40495
2108
61502
-28321
18196
58664
41591
27185
35200
-24570
-67068
89634
60674
-578
-81349
74026
-98142
53899
-26334
19248
-5352
64007
-29991
78389
71689
30750
-7193
-31728
48029
67749
-1185
96852
-22466
68355
-29202
-52403
42798
86861
-67964
44841
-91003
92080
-46307
10804
21382
-27449
-24469
57788
-3235
-74995
-63006
13268
3384
-9428
62495
15027
97151
10804
-35466
20092
-3727
46503
82455
-80744
-15204
71025
51355
-98753
-9159
38005
4209
-17962
56994
-72766
46751
65971
-85008
-68188
-29129
10236
-64011
-77417
-11047
-1363
92051
-61353
87391
75319
61175
42834
73321
75590
-86154
3903
34372
74715
60418
15304
-50631
73753
-52728
-32733
-70800
-99301
14762
88895
14976
24066
11156
-62375
48404
3404
-87043
31021
44091
73823
-57156
-68278
91915
18022
46148
76286
-70605
-81902
-80898
39729
-70244
76994
90945
-50162
1532
-46979
-13391
42204
-33033
-55972
73521
79979
98609
-40635
-46586
-55191
18356
-74158
79433
4052
52091
-14193
-11576
-27574
-73255
95010
-13189
9916
-34999
40390
-19810
22017
-88109
74288
93936
-66426
-58985
-46254
78662
-31516
93497
-5059
-62260
-67062
-37975
-65759
82969
-23143
99341
-63568
-13202
30415
87758
71777
-91252
37722
-14852
84049
-84049
-91634
-48033
-47549
-81430
-37006
-56229
-97656
-74720
17461
50622
-23622
-75172
4478
-85270
-34206
-23538
39969
-29670
-18119
48291
88045
-92078
-43956
-81537
-67550
-59161
89080
16794
32000
-51160
-92587
-70540
-16646
-50776
41904
89398
-77046
60073
-88272
75623
62686
-15193
37849
-2425
-75216
-29314
79471
-8052
-61133
-18696
32690
17206
-57367
-17033
-86968
80401
-62447
34940
35001
-1721
25406
31441
10900
5023
70595
-50855
-85586
726
-52597
-40590
23626
-29352
35397
-8316
21524
96027
-82116
-39063
-32696
98393
98244
59897
20528
-54104
144
55792
-53302
-98953
-31903
-41154
73031
-77977
-66279
10412
-20368
1795
89582
70182
-76764
-59618
-13127
45993
-72900
-25080
-90962
-97974
95119
2860
65447
76640
89169
-45559
40153
-41009
67222
10123
15847
7922
48245
87429
-12139
43300
16263
-57330
-171
-28949
99791
-17099
-899
84802
-25037
-91038
-19174
-21118
35689
15946
57630
67308
-54035
-8114
-22220
86613
-29586
87537
-21580
-62802
-247
97140
81906
-94545
-78676
23376
48689
52064
-35555
19344
-68811
42756
22547
20808
19254
75490
-24638
-86667
-94031
-45711
-79948
64627
23960
17567
55315
87893
-76503
-19074
95555
-46172
92508
-20596
90988
-38281
-34507
55645
-14251
44076
77306
34791
-98068
-87808
-73665
-36310
6626
56336
-3619
7802
86003
-23059
-7551
-71830
-81789
64854
95072
-873
4452
57044
-51960
-49714
51508
-40905
88146
1499
34979
-44568
56756
23727
98899
48939
96947
94189
12824
-56076
-79115
-49711
30367
-61342
89204
-33923
-62678
99932
-81073
-28126
36281
-76729
-63686
50375
19845
-13983
-11690
-7879
43941
-53955
7964
43407
-68652
38299
60914
-29927
53002
27299
3616
-37851
7942
-26178
6236
82605
82413
-8110
-89535
-75552
-82100
34200
91870
19019
-89542
13595
32683
73764
15513
-41010
-56553
66931
-2245
-88181
92413
-4642
2336
14628
2100
-66865
-28131
-30424
-70011
-55100
70873
85812
53304
27186
-78094
-26638
-75641
78615
-45251
88115
-12620
43547
-89558
57445
-11274
27618
-56379
-80399
7118
15921
-20264
-91789
-69063
-73094
17070
-32425
54974
32709
-61774
-90483
-54297
-75715
-20618
-45592
72460
-7851
-66351
-23272
-31350
29269
-81120
-31806
-55469
47237
-12244
-47559
35744
99700
-74068
-16420
54081
61605
70753
19276
23188
87575
1311
99655
51604
-50192
65772
68262
-40247
44421
64129
12143
15005
66952
20077
79576
-22129
93583
-27175
-18727
-11456
-70659
79974
-4948
-20693
33295
-77581
-63644
26610
51461
-54342
41767
34259
-60822
54426
-75190
-45511
28738
71023
-19577
13999
72720
-39011
40157
74351
49089
-62740
81157
-15975
-80712
-56563
22668
-47361
45559
-38277
-65646
-74851
-99545
-48195
-36899
4134
55620
70024
57435
-56391
45287
66305
-53710
33779
-9615
89887
20102
25950
-88303
-3089
-54202
97926
-46413
-81359
-77005
52972
59526
18400
-56913
98900
-30745
-32049
-99587
-60295
13295
81967
32923
-43615
71126
-82835
75449
-64821
90498
-72968
71637
-3836
31216
-75168
-7436
-44648
3390
5850
97982
-68506
23890
59168
61239
29133
32043
-62795
50582
5122
-76222
-68730
18308
9156
45980
-96916
79026
16230
61999
38478
-15081
-65973
26030
-98076
15365
50673
-80973
24214
-70361
-45341
15368
94595
-70567
-60398
62034
-63779
-74332
99518
8347
69361
42197
30543
-66629
-77628
9336
-99584
-17823
7129
51254
-453
-90365
55952
57416
-17729
-40416
-49752
16727
-41155
-9234
88421
-89486
26947
-78746
20429
-99541
-6961
74664
60108
-36850
-15674
-63733
-9161
-96641
84029
-20219
-42643
-52945
84147
-79628
-2726
15547
63010
-86521
-81323
-36639
79786
73420
23785
32607
7342
96150
77361
-8086
67706
46474
53276
-55928
-287
74822
8529
98570
12262
74223
27628
36970
87504
26518
57189
84157
28897
20999
-27182
42132
74335
-63379
70851
-14411
96913
-98843
-21749
45489
-20602
61597
26526
29090
-55090
90281
82390
-94653
652
61218
-42096
-99668
55139
60795
-84237
-7064
39950
48802
-93232
81332
-93684
13326
-23259
71447
-10376
32491
-69060
-85927
50039
-65312
31857
-22623
-67638
-34631
-84656
-12049
-84221
80310
91165
98610
-23276
40687
84205
94150
49090
46946
79409
12942
-5127
14811
-82925
92523
-81542
25918
-34056
70678
55727
-47052
-84954
39712
-30688
-10192
-50689
-44733
25021
16669
60460
-1053
81819
-78362
76501
55079
-77636
60833
-75828
-33041
58695
43417
-76471
22833
-77994
-11018
-14960
-64205
-98450
-4917
-52113
-79129
-92854
-48068
-10333
-72610
27344
32778
60379
-53910
16421
45949
77652
-97899
-37668
9197
19939
57527
-90103
-16020
-92079
-1032
40308
-32749
-88096
25763
64233
-78808
-23380
-46686
35501
62313
-43731
88988
69707
5112
52313
4456
-74548
2082
-98010
-71252
-83644
-819
-13075
35671
-93815
-81666
-96662
14455
57343
56837
-97120
73271
-47921
85253
59737
8377
-86666
88804
71115
22348
-86471
66059
-43369
-16630
-26762
-74918
-60373
-20591
10070
-43476
94918
68316
-27233
10626
82459
28541
7590
27918
74447
88569
-47774
3230
8989
-39233
14107
-43421
-2855
-35897
-86336
10142
-4014
-10044
-82472
-42906
-23472
-69371
25745
-92968
-85700
43309
-4235
18523
94943
-23603
-91078
-55026
-83197
-61861
-92680
36049
42549
46546
11573
79853
-81940
33573
-55780
-42207
-91132
65953
68301
10826
-91549
76958
-46450
-59091
-48835
-87967
-7202
-77212
30450
-495
51114
-90844
-72364
42836
68569
-31065
-84665
61254
-83838
91962
-8703
-51370
32509
-10331
-24654
-11652
-19625
52338
-16771
-32870
40415
-40356
80163
-14545
93021
27350
87937
-5710
5730
-54668
-7760
45265
-25157
-52422
81290
17093
90751
75840
-47860
21202
-8888
-30402
1495
-58728
60798
38202
34193
27033
-70385
48139
35432
7752
-93829
-91768
32439
-38838
90443
-27310
1153
-98420
42337
-14789
-72551
-38400
-97877
-59694
-49244
13813
27185
21453
43575
76945
-35378
-22511
78490
-94034
35516
-16032
-99666
87759
-120
-20513
-61782
-21698
68260
2179
-9087
42947
6811
-36456
-1632
96450
-79969
-57042
-65837
75122
-66178
69472
-95161
47926
-94349
31042
-33238
43161
30361
-9818
20335
-68757
17083
-17269
85613
-56142
11206
9763
-85721
-76209
57440
-56896
-96666
48943
-6831
27802
-48637
-12502
77855
-57409
11585
93499
44985
85399
-11754
81373
85001
34003
-18677
50494
78252
15986
-44039
51554
-26818
87535
-34189
54935
-42930
11275
64962
71952
-39887
89458
-84853
801
63538
-49075
-95731
78614
-96345
-75485
-86969
-21648
-14561
50988
98038
-18883
9015
18804
-58564
47571
20619
-44567
62492
31337
-15478
13633
98850
20625
-91357
47690
80864
-48810
32028
93839
73618
84526
-55679
-29788
-68253
-71332
-66247
76111
15753
-6363
41396
23123
78283
35948
49984
50074
27491
-89492
69499
77822
-69442
-53230
-93405
59188
-52897
51829
-94327
82645
-29532
-141
39908
58891
53281
16745
-21502
-40044
-98392
1806
-34919
-31114
14827
89581
-10820
49407
-63624
39293
-67095
38712
-30046
79710
19519
-27866
-22080
12722
-32371
54396
61967
11926
-27963
60128
-80269
-85636
-76209
-50152
-86309
-37977
-24518
-56367
-79807
30081
39821
31436
-68015
-68708
-24644
72998
14049
-72957
34934
90498
-60001
-50564
49243
-34924
78409
-58018
-42869
51917
3348
-59127
-49382
25502
38896
74117
99871
89195
-56093
41146
-69780
60494
-99566
30217
-75753
-99963
32159
-38969
25463
50873
29099
17876
83691
-24980
85180
6683
11732
31742
86330
-68568
-49374
-19685
37780
-32480
15692
18308
-61632
68834
87833
93497
-28001
-9543
-61092
30273
-89218
-14470
-5315
-47787
73209
-94847
-22735
-38033
-30086
-60606
-7541
56746
-2721
-80946
-7380
-44842
96314
-33947
-76906
2330
91569
-62478
-82785
23942
42758
22823
44097
8693
-38735
77557
67598
86747
46826
-50712
-47744
66993
77827
-85282
-91985
65210
64497
-94174
-18341
11824
-25749
73833
92009
-36016
-19606
-86616
-50453
54399
-88495
29456
-93608
13463
32103
17832
-64101
69331
89727
33477
-66233
9427
-97991
42151
75559
37323
89569
52659
-9997
61902
-85132
19913
37215
90675
32579
15105
22926
-50079
42289
37703
79845
-25347
33430
-48048
91258
-92308
-25914
-17928
-11414
-74553
98092
-20422
-93815
-41317
77391
74827
-97867
74585
-97993
-87277
50820
-91999
26089
-44727
51419
17253
62797
99370
-48160
14205
18097
6549
47815
-20536
-41626
49158
-93751
-86919
48840
96045
71859
-92155
4636
-51094
86939
23463
72273
-600
-32019
-34738
-46231
-33261
-30557
-51035
-52175
-20681
-77293
-82244
-13652
49206
86562
12056
-5810
29542
21910
-24364
-81692
99781
80970
-83535
-2543
42521
-69702
-71678
-27790
20520
-73794
-9299
-84253
80209
-60588
-29346
14939
98374
-12266
86286
28786
-6873
17802
16811
4676
-92805
-42856
-10267
35053
75085
73814
57621
-48653
-22687
86463
-82999
-36925
-4654
79875
36528
7572
1097
37432
78239
44520
82716
-80722
-90435
86513
28736
-91296
66578
1936
-22740
-25467
64998
82360
40717
62406
-27623
15730
70303
-60469
73087
-69895
69231
98927
629
-93371
-16790
-61934
58949
16613
32096
27020
-96079
38021
-54565
47422
-63136
-54065
77526
13957
71522
11502
69020
-27320
68450
-91986
-71233
-8783
77159
-72256
-6671
-3464
-62970
-45799
-9918
-57189
2664
98809
24950
67114
29108
37193
-37566
-24642
-65447
-14691
69859
-8118
-94983
-32678
34268
96841
-57035
23601
-1526
7127
80593
-45367
-18587
-39652
-8316
-75781
-65643
-48349
-47393
8503
6382
-52407
94679
84804
-7350
65360
85425
-4828
97666
66963
58441
7381
-55608
50644
-98626
24244
66980
-83343
-21955
96893
-11383
-36363
63273
-33235
-22252
41547
97828
-26936
63520
43086
44029
-79882
2568
-30533
-24138
-89207
-73862
-6264
-76176
60058
-1676
68174
66741
11281
-13729
-74079
88546
67202
-30140
-82368
94063
372
-36625
64232
10013
49022
-81761
74371
58939
-19829
69414
-10306
28884
83004
-41245
94008
-91208
70380
28122
46550
1637
-65457
18285
92339
25683
-33101
-82503
-21835
69593
-52823
-82416
-78213
-73089
-57859
-45682
49778
-75807
-4128
77338
-48121
-82116
-61081
-30149
-47498
71704
-6100
-95852
-49087
39570
210
92478
41085
81797
60007
77824
41478
-38636
-68062
24173
-65645
-43689
84939
-23141
-66268
84768
-52806
-53957
-20648
22889
91959
8858
71963
11291
-68543
-39437
90620
-41283
10602
494
-86500
-4936
-24609
45881
2434
26435
-3834
-37758
-46324
-70225
-448
51726
94272
-4975
-82739
88121
-15231
33479
26063
7690
50461
46569
-97241
60402
81667
-23602
43708
-80222
-81262
4792
1434
-69882
-42548
51933
37750
-40927
83497
-69230
25488
454
12488
-80490
-38543
-2000
89152
62777
-94764
55423
59989
6375
28961
-57008
-43833
63637
-49772
-35529
-12860
-58617
-6211
16155
55229
-87621
-15648
-65873
55253
29942
-90564
-32311
-19786
-75352
-97175
72928
58302
-42050
93722
11431
54679
-46267
-29566
-91648
-88155
-21514
-11116
-6241
-57064
-73886
15266
36732
-47199
-60869
92391
-92812
-79103
-17220
-73568
71549
-86468
-93898
70164
-35388
31021
-20232
-21131
14053
-52749
-37285
-11169
52486
-7159
-45785
93181
-29744
40372
-87642
52107
-68917
89045
-27005
-42123
-36458
-46434
-8099
69407
73663
-18847
61166
-70786
-56891
-37564
22290
-27357
-30809
-2927
-99081
-65768
-5208
12074
-36128
-53085
-74398
78937
-93931
55015
-36092
-91066
21099
28458
-3798
18306
-29716
-21390
18648
65343
-82462
28744
-4462
55202
-17019
-40034
72410
36977
-88194
-14836
82439
-7897
-26153
-76170
34366
35943
42498
13258
-89136
-9843
75011
-56730
-89104
28511
-46022
63574
14607
34338
43985
66875
50902
-60599
-95298
-79673
78335
15816
55989
-31196
-33776
-71352
-62354
39668
71926
74803
62542
44468
-27910
-86226
68916
22138
-37598
-2457
-5277
-163
31975
44804
46407
65523
-40179
-44422
86246
-76747
-84379
86079
13412
-23233
-77157
-58345
25458
68084
32188
-87349
15125
43455
73481
-23623
32335
-67148
4720
-9980
73644
-43884
-24275
79531
42986
-657
-75203
90103
8837
67876
-76870
-61874
-63777
-65916
95192
87654
-75511
45205
28986
-37933
-41359
46706
-57102
76224
-86488
-40112
-26476
90620
-14066
-98725
-50635
4076
-61861
93438
72709
-1121
99213
36930
-57402
-25537
-32534
81742
-99736
50274
-31311
38285
-18429
57024
-51103
87597
24752
16063
30629
-35069
-7995
40811
74714
1803
42795
-51775
10815
3725
6492
10282
-16328
89116
-15554
-49787
13887
12729
-15145
-42019
23719
33300
-66899
-16070
-26290
-37198
-37509
-90797
-95777
59818
31185
23905
43969
457
78473
-12786
94624
-18667
-18463
-13684
55894
76143
95674
87299
43509
-39535
-93524
36386
43059
93239
5252
78743
-67149
59483
68315
-16871
76780
48408
-30444
-41502
32824
39088
-399
-92549
-66693
-75927
-19054
70831
88814
19602
1612
-95903
-65977
19683
44258
-90502
-79353
53506
-82717
-29830
14880
-14238
-86625
-72720
-15040
-81914
23879
-21371
33662
-35740
-35360
-67726
-31136
50340
-62300
70289
-10682
26567
-85003
-41903
37239
-70811
-98177
11844
57543
-7282
-69463
20307
-71135
-31470
83639
-49967
-44489
-61219
11967
-88724
-45821
10746
-14907
88640
82040
-56392
4534
8517
67146
39018
56957
75689
-85161
42504
27654
-61447
78704
7410
-85235
67896
30472
-1323
-69214
87698
-2695
-86298
-19845
-20502
-98195
-77300
93301
-65904
-29585
83866
-40599
74702
-13874
-59014
-90713
-46367
-4693
-38939
-42030
71749
-14176
-89202
-10728
-78359
-30131
-13986
63243
58050
6464
-39398
4449
-91204
98624
-33118
15813
-53877
-95817
-96173
56663
79903
-79111
77003
97223
98293
-63819
-2036
-22007
-32310
-61257
-82567
38965
-87510
58967
-6210
-88001
-56281
75778
75341
37262
-38938
-60126
46275
97658
-36076
-79443
-48983
3623
-77962
-16441
47765
-84231
43421
43413
81905
51443
-18377
8287
-58925
-44561
62594
-65695
-26868
73084
40604
-13969
85949
27215
76151
41282
12066
31528
-23320
-33885
29106
3139
-11042
42802
-65889
-62730
97071
-19629
-49352
94573
35470
-81354
49007
37504
52825
-88254
-56972
-19218
-84977
-15970
-44673
-38343
-13729
-41509
-17043
-77731
61851
12225
88834
-12818
-78452
-41227
63117
-94259
93342
-38908
59113
65606
-37636
70222
97887
-17782
18679
32081
-9879
48516
62623
-1391
-34862
-78311
-31372
-478
-82247
-45631
-41546
-10286
-79692
9149
83737
86581
34640
59444
-79659
85197
97463
-99282
81945
-1642
96491
68460
-55201
-24596
34414
-78367
29659
87834
-42492
21905
-81907
-6464
-6128
-95035
43702
38944
-48485
-38232
70503
-3387
41460
79490
-3788
82640
-39247
24078
-84280
36960
54099
95737
6226
-6115
46856
-65926
-24419
-58846
-84727
-87992
35134
44996
57508
26493
87910
32963
78740
-32763
98007
-54259
62156
-79806
90932
84265
-50029
58816
55857
35270
-24376
58832
55273
91489
-89593
38467
-98994
-33011
-53852
86917
-24966
7778
14868
-91565
92773
-83516
69484
-31590
-26256
28367
62401
-97874
76829
10780
-90515
96227
61218
62707
25779
-98164
-52142
-88883
-36550
-52659
50107
99524
-87754
-57633
-82161
56793
-75356
-52064
-26566
-50590
49267
-80939
-41454
61518
-31488
1085
-94035
-79402
-4230
92882
-2164
68930
31909
-87265
-59340
86805
-39942
32249
27997
19159
49963
-91045
-7804
-12611
59267
5346
-54117
-98058
-51604
-32799
46177
-44204
42698
-13150
67980
22357
86085
35834
3617
-25330
-5595
-72952
-42138
88243
97046
63498
49072
73605
-98614
90907
60374
54680
13629
65485
-42170
-14912
37012
28511
25589
-67112
65439
-49381
-64078
-1042
90750
77647
47572
21966
-90849
-7003
73170
-16150
-34587
-21663
-58191
8035
-61276
80247
-12520
-55370
-26679
-69625
-29313
-45050
35031
3062
73606
34626
53964
40362
86370
16690
36322
77281
5426
-89821
63985
-23249
-18128
-77715
80689
-50094
26242
-5922
-42594
3251
22640
4165
89460
10300
-90511
-1508
-65894
-82160
-2850
-40621
75291
-47317
-82424
91445
-74609
24856
-90203
18169
216
29129
-71707
90920
-53368
-10090
94371
-91163
-8544
65877
99638
-58530
-69965
25042
-58520
-80434
77290
-89877
15934
86444
58720
15243
-12234
-6029
76333
-50495
81039
-92017
-35968
87612
-85118
-53727
-56410
-90651
-24178
-33233
-37145
49049
34993
-94869
5967
-97854
-89294
-40802
-49654
10385
-84709
-96271
-61783
-52391
-14267
5656
32257
-14005
11595
42012
37362
-72822
32801
73859
-67963
-26838
-27331
96669
-13777
40394
41779
42606
-80142
44427
32350
-21197
28707
-48468
-48518
-20781
-46010
37188
-73457
-95133
27605
22171
-86328
-71850
10912
29860
-47134
28352
-50354
-74469
-70400
72773
-255
-59529
-44517
16034
-10088
67085
-85802
2711
-57650
-42239
48815
26608
-77185
83177
-85614
3375
86091
-93952
-46968
-83688
25171
30019
-81012
61913
47137
42539
66238
2515
7524
98696
59825
97929
34904
22199
82783
80804
-37500
-9728
85116
91936
89245
58254
69543
-97897
-184
76875
-41411
73128
39677
71768
65224
93828
-55417
-7450
-59243
67797
-33945
88948
-66845
-48246
92185
-79771
-82953
80387
62254
56701
56397
10198
-44328
-10760
72744
-72644
92548
-20537
63499
40412
-34398
39784
7936
-62415
-58944
22304
31061
63642
-81580
29912
-10393
21182
38744
-18927
77462
-68839
-68336
72326
92376
-3928
-44569
-45283
3049
95597
74423
87241
-67488
-92641
-68696
77311
-27235
38258
-66320
14610
73183
-96194
-18184
-73171
-29966
46671
34911
19693
69893
16840
-93225
-75751
345
-27212
-62611
81086
43798
-65237
48295
-24725
-8200
-68515
-23482
-4922
15142
51198
-72277
87178
-22365
-65138
80214
84638
71197
-43517
63177
-3374
-1629
-41002
-46197
27832
23604
-34265
-30968
13277
-23565
-69938
-86826
21411
51638
29503
80466
-18436
-22979
95449
-61655
-38651
-90177
68683
60147
76605
-10016
-2845
-967
-46112
-80576
37877
74391
-99356
25389
-71452
72125
93839
30264
-81328
38031
-82893
-36443
-84324
-42900
47815
36540
49882
-90548
-75740
-69252
13398
57923
-50215
-45457
60348
-1822
-51989
4185
38567
-68868
9644
-39990
-50042
63366
-8010
-62829
38957
-65512
-58939
-58859
18358
25808
-37586
95669
-23343
-44010
31360
94379
-46161
91577
-58698
84218
-11705
75256
-23915
-68486
580
89246
-13912
-72751
-41525
-3964
-9066
-89856
49516
-75014
72733
18841
20452
-86591
19245
-43122
72653
-35281
52899
-12443
-55325
3573
-93856
93705
-27469
-68610
30406
-55686
-47518
-70163
-31921
-23069
-54441
-81719
6153
33804
-17466
-4235
55730
-90650
49114
-18344
20588
-54076
69822
-421
-91364
4841
10953
6864
93157
55420
39876
-72400
99900
-57064
86424
79741
72616
-17280
45145
33606
-76263
-87697
-37463
-68599
81762
31118
90954
71602
-25773
89215
-72636
-81982
-13385
-22186
-15313
58379
-92697
8936
-56482
60311
-90103
67451
21032
75241
-1943
-35
-2028
69531
32369
-81776
-35680
-31514
54152
37282
-67026
-47168
36805
-65508
64012
-33824
-82929
43856
-54946
36829
54803
76949
74026
-65292
-5536
26448
-96064
3944
-53086
-42520
16260
-25276
88121
-62949
99290
98236
53877
6319
-52180
62898
-22800
13248
7834
16788
-13944
-29064
-70017
-28958
71544
22814
54237
-29107
-10989
-75579
-64156
56763
93404
77348
27236
69928
6468
-43962
20172
69734
68353
97176
-30882
-99068
-15033
1824
-93327
-7155
63461
41101
89570
-78488
72895
38505
66776
-291
-30940
-11798
-37773
50743
-23605
79528
-7151
708
95919
7914
62076
92217
-35580
-19303
71603
97330
-39340
-94314
79252
51864
66427
16231
74915
-3428
29051
27916
-19271
-97953
-46403
81328
55051
58740
-10331
-1925
6806
8253
72656
54020
29860
-74638
-13651
28580
85886
86208
-17291
-70618
-69521
73229
63880
-92006
-67856
3674
-20378
-72055
26357
-53502
-64570
33346
-87917
-58465
-33770
-48877
50444
62540
14352
-15149
-48263
-92924
29302
28380
70994
-17751
7018
-95657
-82403
-40159
44652
-50704
2545
4251
31408
-90264
58918
9904
-89445
72776
-24996
34724
83290
-62413
68196
48395
9631
53589
41870
46216
-391
59960
26191
-60175
55439
-66251
-90481
97550
43385
19399
-11955
94208
-12420
-93061
-22288
-28353
-10785
-53245
12075
83260
-60498
3691
42443
-539
-86581
-61853
74272
92167
-60309
12090
61638
89421
-63692
-51860
37327
-49818
-56654
41298
-55218
92933
50608
-7561
53250
19138
-58055
-46133
36382
61726
10923
4721
4145
-13789
94260
-87437
8887
48682
-63764
-29931
-46597
19702
28559
50823
16231
70974
14485
-52045
-58774
-39864
-34960
-13577
-30076
-68879
63330
-99219
85489
56393
2360
24357
-99792
-34533
65958
-64140
75630
-8054
16384
55782
-34220
-9898
-15341
-12338
-93270
48254
6558
-37441
-83930
-65536
-13136
21971
-80299
-97988
12511
82152
-31451
16695
50658
73387
-43699
-54726
-15028
61516
18137
-90918
-24282
-23727
54165
-56941
-94489
-56250
-68075
-57970
44690
-66798
62112
-62974
-51220
-73306
46071
-99018
72921
-23346
50053
-62620
94483
49130
94884
-14854
1541
-60106
-4599
-646
-63094
-71868
-86770
-11839
-22595
-74228
-84069
66148
-6980
46810
25903
68790
92990
21861
-81328
86566
97230
32000
33293
-58107
-3740
26665
80685
35494
-6818
71295
11958
52830
73568
-16879
-21989
-52501
-35259
60434
50307
-69135
59392
11944
32626
14943
-22572
-33053
-20010
78769
-69588
-53685
39728
-65138
58455
96850
-28259
86161
9700
30632
83329
-14235
26711
-33746
64207
-83191
4869
-1470
35254
22387
62225
-58823
-55765
-51631
38851
-48662
-26481
36650
-94526
-55833
-51266
-85661
69678
-57145
88756
61150
71324
-20321
95195
-48771
-11729
42127
-39819
-64828
-43057
-85960
-57310
33820
-10551
-44725
62159
-52236
28099
13757
-76357
65282
29146
76631
-21401
68712
-64934
94057
-42854
-13839
22809
-84450
-46002
-9798
-98768
-82261
56250
-44371
62743
-31391
27645
28905
-33444
20707
31908
-48962
1152
15153
-20456
93332
63022
66594
4455
20971
-34151
-22736
-53459
89596
70961
-70931
90718
-80513
71617
-29036
-24141
67846
18920
57979
-28369
28102
-68239
10980
54989
-24074
32530
18290
-99832
12177
-8258
4088
-37306
-89867
74855
11373
15074
-83731
2387
42556
-65963
-98100
-13926
11000
30720
8368
-92870
-58259
34008
-28442
5718
-67439
-60882
78316
52881
94746
-2150
-67759
88899
87017
-59261
35513
94231
23268
-28914
82621
-20607
-6815
49633
-85265
-64610
-52803
35347
2171
-82583
-76339
25650
-18136
-29673
-75476
-80976
-5826
-36463
-73484
-46550
-86846
28556
-85496
52054
-72675
14918
13901
3721
-32741
-85218
80120
-85917
12174
25808
14658
-8872
89299
-85875
-91591
-48805
-18836
-7053
89328
-20951
-34419
58030
2967
-87185
-41102
31146
-26331
79384
-99859
99956
-62671
67703
-75394
63404
-79264
-72242
19418
44329
-57415
-82311
17294
-31511
41045
93434
7101
-85773
-63566
94498
47301
-46836
90918
53336
82240
-68015
86960
90057
-23386
-11145
-24470
38188
58192
57757
-64166
-47248
-58537
-67253
-85975
66245
70427
-72054
78635
-92860
-51104
-38305
51996
-83140
27026
-57307
20204
-65510
-54039
52678
-78415
59188
-97689
11350
-12100
24626
67199
71372
52230
18585
-35312
75229
29192
18613
-62130
-55497
-30295
11491
-17022
-13353
-28078
28920
-77720
53447
76190
75410
33526
43640
59181
88377
34684
-10761
-78185
44593
82726
31887
-91714
-81058
-42273
50812
98173
-80620
-48496
-59961
-58755
-84741
62662
82883
-74650
95131
82738
-19422
2545
-98806
78665
49396
19804
50159
-47668
35326
-69641
58930
88802
63667
-72420
-17982
37409
90450
-98052
-61694
-40853
11547
-48493
30993
-9675
-38801
9981
42932
86691
-96637
-45661
39331
56143
39104
5837
89197
67177
-5829
30684
50824
-50376
44172
-18673
-51463
26495
-51
91522
26332
46842
-9231
97656
70033
52551
-4802
-62515
-51325
12194
5544
36110
-97578
-57335
-27636
49380
-1300
9086
52421
79915
-41900
-80085
22703
-45536
-74799
-1377
-91594
62265
37442
18999
79897
-37617
-63758
-98664
87105
-55689
81918
75928
-11592
7406
-38881
50940
78536
32050
70996
-31780
26993
-11987
69357
-40861
-55483
53004
-49163
-50637
-21916
-73617
33149
78693
91280
-99655
54785
-65298
-29332
55686
-49862
63197
-83370
52220
-56129
47552
-88419
-97605
-16679
6374
16353
6254
84194
-75136
-54266
-45373
76120
-42143
-92332
-14921
-87421
-95707
50351
-75766
4929
-58131
-34194
-56110
95595
66504
1433
-84628
-11034
64493
-4924
-27699
-83832
59044
37826
-21834
66724
-56059
-12280
4550
-20236
-50919
24736
-17175
-27870
-4323
-30778
-56274
50867
31652
98147
-30409
42064
13788
-56349
-32823
1651
-54103
81973
99396
51882
23725
99231
22316
78859
6953
9083
-94427
71861
17917
-56495
30206
92734
50379
-366
-33116
-32450
2298
36271
-18377
48055
98838
-92332
43001
-10017
7317
-93627
-36766
82636
-61579
-45933
92754
-13892
-34624
-50822
-65314
-50179
6577
-33894
-84213
-85505
-54479
6864
24793
-3724
39610
-63503
-22794
-27423
-50211
72611
6484
-23291
34526
69079
-17964
-79518
8957
-86490
-90143
21292
27728
-82489
-59302
-52339
72843
-8149
49447
42067
-68254
-87883
70317
-21961
39173
-3303
95068
-84277
-97654
53840
-51355
-81409
-36247
-31947
-49271
43407
-66336
-78976
71309
-52403
-23945
-99556
-88950
86150
79134
56230
9376
-58028
78834
67972
96075
7808
51294
-46176
42958
-2415
-28578
-61184
80523
15414
6303
-69884
50804
77259
-77245
78395
33628
59403
81024
14497
4647
91667
-27800
-48775
-39264
8143
-89981
22659
70441
-50301
25624
31259
-10355
-41736
-92149
-5650
10226
59265
-83744
-38631
36138
-88472
-31715
-8672
67688
-11398
65806
53959
-7665
37804
84194
63056
70054
42217
82611
-42606
-38232
52217
54179
38579
11192
34319
-44766
83714
95730
68335
27915
-31053
35485
56762
55790
14456
55804
-91305
71529
-81288
26628
-92864
4463
87854
-82009
-67930
98090
41313
88591
34434
-85123
-9861
-10778
32698
-81438
3273
32210
20460
-22989
-20466
-39426
91609
-60348
-16444
96148
-20495
-85715
35632
-39993
77047
-6491
85601
83724
56976
59337
5637
13544
-29778
-44867
-77401
-38428
-8236
-34775
-25207
56158
25541
-82395
-47271
8890
33869
-54993
61460
-71755
58347
7513
79796
-60839
-11175
-95296
-56617
7821
-96006
502
81646
-72252
33951
1217
91038
-25130
-87882
-13059
66806
88043
98448
2844
42189
-10925
-8371
-36530
-90184
-12364
-35033
61820
67622
88475
-32553
21741
19160
-24205
13223
55435
58239
-75885
-46250
-63744
66227
73265
38689
51195
-97842
-12044
37044
20879
-7325
74216
-59923
-80262
66014
-8629
60489
54018
67258
78660
41197
12347
-47399
-4877
14227
-93402
-40957
-24221
-39473
-83148
-99075
49180
-65731
-57176
-41723
21270
-96119
-16486
5481
87751
3419
31639
-46911
-72355
-78755
31334
-35569
-32568
-20246
31142
-71119
-47378
-40556
-96109
-88320
64386
26642
-67481
49865
15215
1989
-90340
21926
54510
-79003
-38960
-93768
43639
-14772
54722
20482
-66925
38815
36857
-3291
-38384
-46891
-73724
-16076
-36338
86693
-28580
-16333
-84361
-58288
70757
88497
78220
-97272
-18413
-10561
5594
-75780
-22998
-13940
31947
24513
-22370
27102
16856
32094
-62568
-36177
-60580
53044
-21414
43298
-30204
18056
17913
-1632
-58781
49263
63497
-76396
71778
-49131
-63848
49407
83861
-8919
15056
-50632
62120
65640
56320
-40444
-18312
-72443
-13452
-72434
-51266
-45454
-39744
2243
-19354
63310
52572
85644
56382
18731
-89623
23017
-68919
78266
34130
-9433
12980
66134
-79667
94077
-85088
90794
-38527
-24951
71390
40895
-28670
66594
55417
51493
13303
-25959
85228
-80835
21533
-58479
81268
44322
19620
85048
-59712
-59342
951
78305
18950
39868
-22695
1600
47407
29320
-59349
-85439
75826
92541
76042
55813
10943
49779
-34219
31994
-16175
75798
53516
-69675
77542
6643
9236
73199
44939
39522
15703
-75783
96592
-68080
-4856
-47778
-18340
10280
99332
5108
57113
-27170
-93100
39645
-86641
-77224
-83185
-11200
53711
21305
86236
-72033
91973
3338
74453
-37546
31217
52871
76424
55471
-93777
46340
13335
43044
88370
59962
76287
94258
-13873
-22030
66997
-86442
72117
-16179
59500
64167
86011
45422
94004
94735
-92014
-21244
-44292
-94873
-68262
11383
-69192
7342
-20976
-35602
-42531
53734
-48732
-19205
94281
-39284
4968
-61724
-12159
7922
88869
-11953
-44654
18042
63112
-51767
19352
-5583
-46854
-82381
-14819
-7163
91341
-11063
89
78501
69393
48400
27096
61492
-11321
-66276
56185
-84695
78125
-34821
10002
-68347
3256
-35199
2929
-90574
-1952
34161
-52419
28405
14101
-99835
-21380
-21488
-54257
-80677
-23570
-88713
-25341
63228
-3754
81452
39345
-16119
76056
15225
-91174
-34556
58365
36490
46096
-53960
69780
-61276
24485
77383
-77068
-64122
-29307
10830
34588
78874
-69984
98294
90619
87448
-92225
-46694
-18037
9656
25528
13904
7511
40017
-45123
-12394
-43490
57939
84430
-32357
98000
96542
28239
-99353
-68939
2044
65076
37287
97901
-67774
5144
45977
-31534
59262
-6547
76816
-54087
-2531
15438
-48284
75224
-32292
21745
-90566
-93759
-82967
-49544
-72660
-34676
28886
45030
84948
33428
-46856
67374
-58950
-13353
43298
88423
-17384
57793
-8519
-64035
-40698
11906
13556
-81983
23430
18587
21235
5376
38574
49401
18872
31472
1390
-65288
25734
-53529
79613
1544
-93740
74982
613
-57427
51950
-91789
-26073
-80480
-18007
-62204
26124
-16237
-26303
-45097
-99127
-3694
27601
58335
-20979
-37755
44077
-88424
-70357
20242
-98977
47164
-47777
85791
-21443
31054
-39169
79221
-27356
-72365
-72577
62720
-85997
-70816
-43871
-29133
-63706
46863
2807
22984
-58260
-12853
-98922
-93467
-81240
43723
84505
-40166
5281
9372
-77169
-56185
-13466
-97514
-83582
56539
-9054
-68368
85925
23351
-30313
68656
69529
-36176
24635
64890
91548
26675
-27860
78346
47438
-91069
-71344
42685
-82847
-94753
-50739
-96887
63837
76031
69986
39182
-23090
74684
78688
24772
-26549
3343
-30583
16147
47331
-58319
49283
81537
89445
50018
80121
-33403
-59956
-15162
-39281
-3205
-8955
10729
21823
-9743
-12705
-94109
72341
66462
37838
92375
-21181
51826
60636
91861
-30878
23305
14125
-13664
20038
20473
5165
-18487
26556
-30454
27736
-68870
68514
-83131
82149
-44721
-5085
69477
99920
69726
-90481
-79126
85123
-83945
5843
53645
-91232
32391
-79143
-19250
-38738
45047
47167
94889
-6819
19121
-73300
40103
-33097
29666
-54315
48784
46117
85915
61067
-68674
-34980
-59407
-31170
-84148
51810
99717
97106
-47826
81729
-56034
67548
76315
-58874
16626
86201
57828
94262
70532
19275
-69336
-77297
-14233
49809
-21152
41782
79200
34978
-73002
-27710
-37399
-96762
-14413
2275
37138
98033
88949
-94416
72515
-32611
7871
-42867
-4516
-92862
25354
29557
25917
-43659
35962
56106
11041
-36005
-39669
78966
32293
-92664
94506
1052
-27993
-29000
69728
-29920
-61559
81704
-25367
-75728
61909
68306
17891
6190
-98245
-89404
66978
50139
15989
-100
-28704
97569
27275
41442
87954
94589
37938
13378
-73451
-17209
-72688
-67100
-12921
82143
-71717
33834
-13197
-90570
14687
-7163
-17116
-3274
1758
-38412
67866
68623
30289
-83237
-26342
12319
39117
-13892
-98720
16061
8001
-26348
-400
56803
-22628
86292
-64885
95221
27979
43258
83964
-68622
99040
36812
38865
10742
25294
52593
86695
38825
88401
90284
44895
95304
-87958
-64139
84141
14862
-68664
-42314
52623
-63682
-27581
-54561
-48358
36432
-12159
-17242
64239
-62346
-35845
-13409
98509
56009
-61798
31027
31552
58261
-91909
-57536
-99720
-86531
-20590
-5683
83444
7053
50282
-16024
-93027
-9638
-23926
-13218
-51665
-24488
97779
20311
46866
33272
94535
-4405
-15801
-43781
15300
67493
-10690
98456
-49427
-30158
29700
-28538
-55607
-5050
21337
64167
-2299
11948
29792
-27119
-69644
-15481
96687
33145
-62665
-12855
-54394
65726
-49096
-58609
77021
-87920
5904
-65960
70678
98043
1801
30753
-78190
-96492
22909
-4642
24607
-25602
-73507
-99370
-63537
40409
-6642
-84772
8228
-62967
-76691
-77211
-42841
12510
-88077
68363
20824
-73435
-1420
8605
34879
71754
-12991
79136
44833
-68248
-47314
45735
-65586
25967
-32658
84874
90519
28721
57114
20166
-57378
4297
49488
82737
32070
81320
-46856
-49960
264
-69955
79394
-28041
-81497
11969
62347
-26156
15164
-612
66047
-12424
-60245
-91209
40600
-88821
-44042
78431
29668
21195
41328
60882
-99355
83304
95689
76586
39346
-59264
81160
95395
84026
-13582
-54952
24459
40616
33057
-16071
-15611
99747
-97145
27927
18297
64941
-56333
-24584
-41700
-92373
11552
91214
86807
-59197
-44364
-37972
-96042
-24863
12946
58710
-5200
-66859
-94884
-8527
-46610
-63466
-10232
74073
-16006
-15126
23901
-22063
79526
46301
36875
789
84437
61230
-60379
80140
-64630
7434
-4292
-3879
-77557
38768
-72423
22161
84593
-141
99734
-91961
-21937
68702
-40935
62146
98493
93041
-29522
-20656
59200
63818
-26111
-89996
96535
67615
75701
42682
13284
59560
56803
-14036
21110
7449
-62094
19165
-29073
79117
-55985
14946
22679
1854
36297
42976
56828
88177
51660
-45503
64707
-53393
10552
-18239
-368
63149
71454
82404
-1075
90445
56727
-34358
20507
25277
-57408
-98662
-74861
72766
6677
-87652
-20617
-65857
-35287
94755
-54661
-9369
18367
-48601
-45399
-73998
59209
-55055
8437
-10061
-58694
-74321
21725
-6281
-57526
-7065
86204
-92598
88134
-52023
93101
62227
-13679
-89443
7190
42778
81467
46683
-92264
-52182
-50757
7577
-55535
-71662
-10804
60639
5644
-24507
22242
-46442
59014
64225
76232
-73121
37086
-1395
24984
-24255
96344
62523
81814
41018
41613
-61811
-41879
1462
-31565
24148
-57482
95389
42117
44915
-26854
68871
-33201
68066
34500
-2805
39128
41294
-54738
-77259
-68117
15326
20726
81173
10052
-53103
-10403
86260
78996
-38589
-96037
68194
48241
99790
-85860
81515
43677
58253
-71333
3368
-73295
-53188
9754
67121
63911
67515
-97541
-86544
-35327
5042
35646
-24687
-24808
-90162
-48552
-22635
-57020
59816
-92820
-6586
64933
93063
9064
-3387
-2100
6140
-86273
11455
32458
74156
-49858
93566
8658
6890
-4403
-16037
91085
-41790
27077
-9454
-71877
-57709
-58200
-77266
28096
-43372
-9215
68963
74451
-60105
-25191
93946
-61058
61802
-90221
57575
68690
-902
-29723
-9162
-89109
14162
16435
-42268
87004
72738
77834
-61878
66102
-77221
-43531
-75468
-2374
-98282
-38720
-51056
65305
-26220
-32697
32002
86947
-51168
25465
88724
-72812
47249
-4369
66635
-39944
-56788
-69597
26581
-15689
26662
-77042
18654
5441
-54074
-3806
-54079
27862
7657
-13599
21467
23730
4767
-49960
-68228
-15852
44659
20348
-80009
-36054
6665
-36705
13849
-79269
-27489
-77809
12726
9264
-95818
-13236
40799
38880
86282
1827
-57809
-18186
39676
-69397
-94395
-30623
14929
16987
-73268
62488
-10669
-31033
-45579
79784
-33451
-9355
-15162
85403
-45932
-53856
13644
97159
-81351
-87416
46828
-3472
58620
-29836
-25768
-2469
26594
31430
22685
50672
48550
65081
-34472
23434
-23242
94521
46856
85151
73876
27742
-94529
95623
73949
58823
43955
-56278
70567
-37169
-27791
-21621
-18045
-83089
5105
42219
31649
-26576
-85500
44059
69331
-59062
32618
7906
99690
-48098
50752
-11962
-56451
45645
-12586
21947
98312
-30221
36255
-56347
-10960
96964
-50175
28940
6820
-9599
-80435
84635
24672
14806
47945
87061
-54325
89107
-96408
-83051
-33856
44677
96603
35776
-14742
-73359
53376
2633
71049
-21588
-14727
27040
-61871
3546
86616
-98120
59377
-77183
-30730
-32909
36337
-21175
59875
-55187
3124
-73134
-31945
17250
-19363
-70030
-99001
-63235
51342
34953
-35789
11774
54412
-47613
-33187
84230
-29761
-22422
-61324
88258
-41195
7654
-28178
16242
-73467
48786
-98348
64277
92337
-49733
-87369
66483
91172
-81737
-50944
23494
12731
-89568
62565
90694
27297
-11604
-78408
97872
8499
20522
-65255
-87566
-91006
-67813
-1012
29077
-56522
-1301
-45787
8584
-3569
-33718
-78752
-16219
36615
-8788
-44211
47778
10004
62169
-61592
-13258
-86327
-52751
73095
46885
-8356
32640
36524
-15318
-47998
9594
7546
-60224
-43593
-60845
-72443
-93682
-51686
23805
-42238
-7123
26164
-5953
-8739
14423
15449
10095
14570
-1939
7975
-53684
9203
65124
-53333
-64326
78319
76878
-2844
-9958
42260
26689
99551
2629
-15548
-12570
29825
93862
79650
61728
9123
99569
83720
-69802
-56681
-76540
-12463
-62625
65738
-30440
-44015
-1463
-22398
51940
-49244
23942
55622
-71538
-45724
24180
-95652
85518
-12492
50631
-28627
-53790
-7879
-19306
37381
-81624
-79191
-41410
12151
41115
54715
-9929
-50915
68076
-6082
51505
37117
-46596
-74746
-73622
-28344
-2124
-35584
-84081
-32580
24962
-23961
-66228
17705
-5072
27087
26034
-75312
-50270
-65505
53508
35814
-5076
-62436
-15202
16121
-95154
-92896
-29309
-76950
-79155
-78231
-68223
51736
-26449
-93811
-1341
-23459
-95790
-11829
24627
85554
79401
-59778
-43318
61806
8532
91307
-96779
-37141
28315
13625
76389
69321
-10168
80576
-75404
-14388
-45986
-68103
-61905
-59295
-31623
-15210
58756
-87298
77123
74411
-22071
48295
2832
-55287
-12890
-32116
-98985
-47764
17377
-40689
69582
-16566
15364
58468
-48671
34379
18797
-92654
27982
-1640
-50382
-85930
-60128
-88883
-90258
-19930
29253
-32824
3181
-51693
44494
5347
-80400
-94137
-61372
-65346
-67491
-73426
-75679
38389
76358
-65614
-6606
-11407
33556
-93026
-98169
34842
55056
-38492
-22125
43690
-41523
-12934
3751
2717
91638
-77218
14790
45188
45168
-27781
89316
60601
-88213
7140
81088
-50579
32586
-89731
-61477
-82915
-84692
46904
-5741
8868
82135
-38403
74337
-84951
17281
54307
-80084
-67784
72122
-97509
11079
73775
-76615
42413
50318
34767
-69759
64986
-3304
29106
-79505
78495
-91687
67675
17315
-55077
3415
-1367
55817
-78712
11079
-22874
-72829
29605
83524
-26820
93749
-69516
-60245
6471
73964
-16161
-24491
-37882
-54037
-59914
-68494
10794
-1644
-15917
-85698
-38895
-34384
94367
56163
-46836
4251
-26771
-59221
93212
33359
-42940
-26464
47996
23307
-82886
13123
-7080
-74785
89339
-91355
-25893
-23145
46633
45797
55398
-38911
50974
10374
-47588
-4963
-66356
-149
42458
-99615
95878
-29390
68804
-59866
67159
-71381
45563
37554
-18800
-16652
-48790
-49885
-30112
-44366
-96320
-6156
-91237
-80338
62200
14703
10781
-82615
13075
42223
-5688
-67299
-76504
8337
-91992
85042
-21871
-63881
73976
7002
-26041
43704
57342
5482
16200
89447
18705
3349
52916
-74945
-86405
61414
-8008
13864
71993
92698
-85023
11880
15135
-44201
-41326
-89879
-69224
-27571
-98799
-13982
-52213
97768
-34949
57829
58906
-81937
90776
56965
-64444
59388
-67255
21538
3050
10712
-67810
87699
-97361
13170
-81532
11054
89848
-26308
-74149
79159
27027
-4317
29414
72610
-69324
-19031
84956
-54138
2458
2656
57819
97697
-74864
72453
4668
64962
-9585
94134
-41151
42007
-46080
-58351
-69077
-4845
-44128
-44885
20521
73147
-78083
47914
43690
50958
-27747
-64704
-87533
-20145
-3331
-62716
-77299
-15568
87223
63406
-25291
-64099
-99267
76527
-71817
-90462
83457
-85205
-66763
87225
-68681
34836
-32032
37812
98994
18596
71594
72707
78763
33015
31634
-81693
25441
21122
-43170
-88860
31898
-54412
-66073
-6572
-98873
-60185
45582
-91635
43141
61251
-78964
37016
40192
-62224
73512
-92483
53170
31733
79489
33577
-73463
51442
71435
-59207
-27865
2486
98263
-66071
39107
80766
71818
-24748
80876
-35381
64431
58151
99182
-56930
-50839
39974
4941
74195
-10111
-45670
-32914
-59816
2910
-77034
9430
91976
-12910
-24859
-60279
41896
-85104
84179
62548
70652
83196
-83180
-1497
78663
33883
78868
46618
53726
8938
65435
-35888
74792
61386
37532
-88711
-34380
24152
90139
14321
-51785
-92773
-34694
-11258
49313
10391
90334
34711
80858
22590
-83134
-75945
-4514
65990
76120
-86735
-16398
-38186
88407
-68538
15937
-21991
40870
-2479
-12136
25845
-26397
47468
99771
-2922
60624
82731
-37022
80100
55258
-18522
851
7379
69960
17685
-79395
50072
-46595
-64685
4590
42041
16233
-10427
-69870
69437
80018
56020
8776
83779
48315
-89322
18435
98799
46446
-7286
94842
-62529
-41493
-88894
-18068
85883
65965
-82661
84020
-24437
77909
-46040
68036
-22877
16502
-24723
-57215
-58087
-33092
-30073
73531
19414
30201
81705
50183
71851
33165
-65279
37819
36411
-1870
-25159
-84794
-18858
97698
-45159
-66135
-27481
3621
26505
56022
48195
-5830
-23372
27235
-77279
-44511
43273
24619
1321
88899
84251
-46846
70885
-38145
-86744
95954
-62572
-88429
-87753
-24425
-76131
74146
-88614
65267
-7007
-55321
63187
95022
-28823
-22025
35347
93710
-66946
-61780
-19810
58319
42008
79092
74
6592
89006
-9868
56037
-97862
93612
-18086
55798
-75139
36675
-43778
61148
46120
-24358
-5964
-48556
-31723
-29278
-90704
96918
-61105
-52217
-97386
18398
-73231
80898
-36322
71816
20188
-117
66337
-64748
-97324
-14740
1090
-14774
-34505
-71183
90747
-82697
-37412
-66756
-26621
-14763
-4412
15989
-56615
-30584
75711
-31778
53104
-69883
-20257
53892
37943
-78643
78737
63761
-21372
-23209
96861
24703
93660
-64628
-84230
-79769
-55647
-48468
-37298
-52681
-33191
-85362
33474
56386
12951
55236
37759
-73166
-4920
-69475
49031
-50344
-91940
90500
68018
31332
96654
-63419
23107
31984
4498
-16656
36646
54966
-14565
-66794
28808
-20765
-20282
29104
-25005
88963
53862
26912
47301
-87525
69804
40335
-91668
-89515
-62541
-97419
21056
-18538
-70874
49270
28572
-65556
-77297
-32150
61723
46499
97084
-41995
-19445
-97418
17168
-13291
-53615
547
-93021
87035
-19047
-67945
-89129
-47600
32119
-77431
99896
-10024
91935
-94749
-57585
-5772
78781
-63206
-91836
36929
-30990
4191
71149
82206
-12564
-73683
86007
-81396
50721
21699
76719
-59090
63336
-78036
-66386
-45969
29364
-72263
27999
10882
18477
-19311
-37778
68101
83821
-71521
-68401
-78785
-6892
-11159
36200
21192
-36472
-91071
-93220
98248
-14580
-32492
-5451
92247
95356
-36705
-74643
-62204
16546
5378
-70951
-2127
11321
-84691
39859
-99492
-97604
89079
24642
-78728
9833
-74675
25960
48185
-11753
-99769
-87480
-87249
72305
57174
-10862
81610
35086
64794
77932
83772
-24530
2640
-99522
-11012
12756
-6231
78426
40102
-44869
49653
-78777
18303
-54730
-20418
-86231
-69929
77287
61298
78926
-90553
-13029
17655
2135
-99558
5569
40547
-23679
-26872
34309
68164
-25329
-56355
26382
-67623
70998
32889
-42160
-21084
22948
49008
51278
46103
63630
49681
34288
95659
-5867
30852
20604
-46768
45748
-45683
33908
-21057
-80055
-3987
-62324
-341
-35747
44327
-44921
-57899
-72686
62688
-37139
32255
30632
-14560
-23445
15992
-276
-13899
51143
-97194
-65539
5238
-5762
95106
56828
-81115
61499
-55955
65424
40622
92790
74401
36242
-8052
82216
87474
79324
-99957
8870
-36397
14377
-15512
-95647
69893
45737
-22764
86585
85353
-48156
-1833
79417
24183
82312
-55214
81843
-21177
57553
-94499
92857
32269
80659
-83698
-98379
73442
3239
-3813
20902
88317
88240
-91625
25208
-99200
88137
-71720
80318
-56402
59277
-48454
-71538
-17029
-96638
75388
85689
36348
77666
-69561
76773
89342
-55992
-76081
-84471
-52750
-94988
67410
-74299
36294
-29765
-85506
87836
-65650
46798
46960
-61937
-49503
54436
-72362
22935
-25535
78279
-71435
-84802
92658
6392
11654
-21094
-76245
-36608
-49412
-77529
88234
85525
-61855
-3072
-73694
-8411
-45794
95610
74640
58177
-94055
78621
-73236
-70615
-27207
-96320
89018
58352
-36731
3456
73215
39436
16106
56028
-98607
2172
8923
-35472
90504
7830
-10733
51084
-65903
-77140
-99466
-84751
74016
52698
46357
-55065
-763
82607
-93808
-68802
58200
-15178
-22442
-22817
98319
62816
97161
-40307
-10962
87119
-11588
-130
47389
-13055
52958
66448
-60907
4183
-64400
-47446
39412
-45183
65266
9136
70641
-4471
-51876
34850
-36375
74360
-10744
44114
-47528
-14488
-66195
-63040
-27293
-15960
48005
81619
18705
82373
-25072
18294
64090
75451
-1486
-97459
28568
-14920
-48776
-19373
31770
79625
-55176
-87022
-53672
-25820
2518
-58051
13056
63121
-2909
-11475
-61777
-95179
90143
-52297
66235
67068
-13793
37158
-71507
-93918
51786
-57190
34892
-45217
58621
-75140
-68140
18029
-53041
21276
-95354
36663
77102
-84118
40921
-71201
-61720
-81522
-35890
-57620
91334
-11548
78241
-10353
10131
-57705
-95653
3664
53818
8921
20036
-57830
59597
-41988
-1482
48415
7074
880
86989
85225
52056
-5734
-56389
-11521
35511
-30195
58488
19056
-4171
-84185
-79658
-2753
-78123
-56182
-71054
90154
-39830
42358
70791
-58727
-30534
18304
27228
9696
-25091
-18255
28638
-76559
-51451
-93442
-48760
-10463
-62025
-30049
-92482
-62251
13239
41486
27578
64841
-5854
-54243
85917
-35396
52213
-43660
-28121
72124
-28085
-40730
-8510
63241
-74493
46064
-42951
52969
57024
35725
-33978
-8376
-99959
-72263
-3640
-439
40401
68288
17811
80749
68754
-39295
54306
-53282
-72430
-78588
66215
-94823
34312
-34507
77251
17270
-28073
55869
-24559
-85162
86521
-43396
-24099
98792
64823
17636
-58701
-15529
-5356
24309
-25967
-31980
32010
89425
-11650
-51397
80044
63291
64820
-84507
70826
-11280
-82632
-10295
-92429
69090
-11445
8079
-28619
-62323
-10952
82291
-52672
-83144
7182
-10030
34504
16522
66600
42261
-5239
-64569
-75736
21943
44421
-55259
-24062
-31308
25513
-18609
-92108
25039
-18738
35701
-37356
-99200
45403
4878
-77119
-1287
35591
17387
18299
50324
26940
69817
43535
-32293
-76457
95059
66859
-26701
74828
-3454
-66096
13605
-40857
-82414
91492
93706
-77331
-55150
-4057
8851
5537
23143
26942
79731
-72222
397
-91349
-45911
15473
-85460
-86562
-70931
-65391
-28142
17508
-2442
52039
-86765
14590
-36378
51841
83002
56333
88531
43923
40811
-792
-10765
-37348
11607
40784
-18269
54599
31386
89083
-43820
-87635
-34380
71756
27859
-6568
42914
-91100
94067
40995
80920
88786
-4776
-22403
55390
22566
71395
81612
79940
-65885
-32907
29166
89539
-11054
85218
-82982
27442
76851
-332
64869
8417
83023
-78951
-72159
39382
-71703
37482
21984
-3358
72914
-20712
74262
-56930
20636
-40587
-3492
-19577
68902
-93667
-80815
46067
11735
8575
-55781
-76560
-26906
-79477
24011
-85256
95509
-71494
25823
1362
509
2357
2272
-23289
21957
14691
45996
95103
65068
-53230
66574
48185
-41530
-42623
-34103
-40988
-99836
-55225
-16652
89244
69547
-11164
-57217
25988
91239
67747
48979
-43972
-65863
87144
-18792
-8833
44555
65948
-86320
57244
55396
-48847
48480
42895
41782
-36012
-90833
49404
-51435
-98833
-98777
-16953
15938
-6697
-87655
-2414
49702
-4967
73725
-39468
-66342
-48868
-44905
24723
59939
-80333
-7116
6910
-32005
68354
6483
52777
-37494
88713
-67167
61157
-64844
-45934
-87459
763
22411
-8973
-39845
-3323
-17627
-42815
76516
55338
-503
66641
22778
-42060
96515
95660
-33543
43408
92183
-30962
78296
-69279
40850
-81893
-33393
79424
-23428
-31649
-7853
-94955
-51095
4672
-79491
9547
-76882
51395
-96311
15923
41649
-93577
84025
75895
77786
-97406
50585
21048
-15194
-14394
-93090
-61625
-50022
18095
-2008
62205
93972
-76197
60583
43512
57532
41959
-99495
-98382
74842
35282
-3343
8703
-2558
-84207
92691
2595
-14998
-51473
72444
-45811
-41316
82013
-32961
91508
-71226
-63971
-50518
72589
7663
-67897
96647
42662
53124
83319
-33986
92194
-55919
-55276
-57704
-78959
26443
-80643
17502
-27093
-70135
71633
27104
12330
-60077
-37605
-2799
-10943
32915
85657
-79792
68028
53737
24680
41538
-90443
75738
13901
-56806
-28496
98408
76130
18874
68500
19580
75611
-7565
-28025
62144
17716
85225
-90588
-92279
-27847
-44846
-74148
-99214
-10127
54941
-78810
6468
-5528
54255
39844
92305
55064
-95928
2772
87520
-1037
-55420
-52113
-31166
-70512
15678
7586
-33661
9519
-94321
28390
-76164
-84118
-18316
56062
13893
-9989
-72883
-25524
42825
41252
85506
-73391
96882
-7361
14656
84160
-82686
78050
77793
34301
-35837
-4242
89450
-9929
88471
-77707
-210
-93410
19241
82949
-26801
-3069
32388
-27371
-92572
21388
32322
52491
82614
-16560
-53156
-45336
10725
-59819
45089
-37807
89704
46115
-48254
-88069
-9486
-53756
65290
94961
-83601
-56485
55978
46469
39085
30047
22194
25809
-48232
-33358
31068
72489
47518
-49886
81091
-26913
98801
-77957
54449
87665
84523
54790
-46187
49427
32011
53795
-67949
86421
-77731
-13250
36214
-54030
95800
54129
-62527
36852
-99679
9014
-32413
54150
-21555
31943
-14008
40408
-46844
-38444
25612
-69911
-40479
-42848
52234
-86348
96182
65017
-87405
-11719
18188
-24494
-18821
54310
-91896
-67458
77261
67682
-65687
42827
-8034
78711
-66899
43065
91391
5273
10707
48918
-14580
-92457
19324
-1033
35745
-96803
48875
-19179
21100
64931
-98709
2817
-52514
-69898
-97008
-49531
-81349
92449
22229
-39399
-63278
-44488
45796
-85569
14598
98240
50549
77756
-17910
35646
64654
-53389
79723
-40677
43624
-66465
-76985
64689
-85198
23020
-20069
66164
-75921
-98637
41018
48639
95290
-72816
65882
-96902
83498
-89182
96969
-37082
-7920
2463
-3907
-36603
-62179
52241
-5688
44841
62305
-93775
34666
-16297
-20754
97566
-61888
-9770
-6437
-43270
92507
-20134
52836
34530
-72212
80328
63087
75208
-82533
-95386
-43287
16046
51510
-75551
42959
9920
-47162
53241
-79159
-95857
61822
-6899
-35600
11686
-40051
-51138
-59792
-29557
-65965
75203
18697
-79149
-94737
-57719
23087
-80862
7479
94533
-74222
70015
-55807
-42921
79032
-27824
87774
-79396
-79483
-59338
-32473
3024
81117
81031
15215
32350
24864
84452
52952
-64185
-86700
-55305
-14271
39850
-92767
-66420
48285
62261
44789
7304
69983
-70103
-73592
-14134
-87023
93635
29369
61148
-35388
2444
62679
92181
-61214
-65857
49021
-92721
-86561
10706
98069
-10303
97614
96675
-26755
30392
-90032
68864
50502
-56265
14311
-40429
33625
-91161
36072
42408
74804
29052
18383
68509
90194
10215
-6356
7077
-92439
88049
-58628
-89224
57613
71995
98259
8667
86002
28623
96756
35143
-42610
17634
-5437
-7367
-56163
54312
-64431
-17451
35390
-12588
-38889
-42056
34235
-22741
-83393
96281
-31322
-59388
-50085
-34406
-92258
-93666
-10312
-2255
-8719
-5666
80781
-85779
52699
-1629
-89522
49128
7149
-84280
-74082
-78840
-26295
82101
-26783
-83855
40010
54050
-62033
-34549
-49984
-71510
87396
73259
-71528
1543
84500
-63520
-78053
96752
52124
10461
-35891
22476
30804
-68482
-33995
-76399
-55648
24504
1661
-84162
89446
-478
-88977
9649
-62695
-12454
54047
-16538
77428
-18091
-96600
35980
65731
22791
29902
9925
-48037
-52181
-67133
26491
-84118
51631
-92475
77274
32809
44800
932
-75155
58158
-74387
-21663
77592
90333
-67654
27314
-12241
-15233
-92540
-22685
-88654
57003
-7476
70934
-94489
99552
-75423
-55701
-24558
88821
63086
-24901
-99694
-50201
5470
-28675
-70437
-69678
63079
-9525
52875
-90053
89722
27391
26475
10698
84549
33399
30341
82517
-38173
-58247
19933
12630
-53662
14767
95053
62783
-83026
84307
-52288
4964
-40482
25702
41995
-60329
-64997
35865
24035
-99566
56553
-27377
-1793
55244
-34605
20410
40587
-29266
30967
8226
27077
32223
-24341
3460
24632
-66628
-74805
-9001
25875
-56541
-51295
68074
17958
-86482
58991
-47959
80952
-47618
4187
-49794
-16057
2221
57400
-86253
-69859
-56795
-61523
-48714
-4533
-39153
31300
84822
48453
-74397
-61999
-88534
45145
13470
-97284
72625
79629
52562
-10898
-16940
38997
-30121
26196
-75865
69294
36063
-64173
-96562
47898
4391
83144
15612
29176
-59126
-48966
-41641
51007
75888
-27809
89912
-64105
12323
-64505
-68466
79572
41986
60265
76065
-93104
26190
-46839
56692
1635
-48927
-68094
66053
-44991
54719
-20171
-81810
-12495
-96827
-91954
96877
-83738
-322
-21008
-59327
98364
-77739
85565
93483
82384
-52508
-1981
-20588
30268
-82901
41990
-83251
5358
83036
17830
86384
13027
-72046
-49171
55462
98245
89698
13495
-39037
36959
86730
58942
-74485
-10119
51911
-35646
59224
-73067
41602
-33199
61075
65476
69994
-16264
