8500
-84312
-50356
82170
86843
94344
95696
-91094
-32533
-99072
-36415
-65243
-12328
-62555
87571
5024
-73066
57017
2794
30769
-20782
-23141
-25451
91267
-58211
23676
27243
-75678
24023
-24757
41792
-86666
-21703
92787
57476
61325
-76034
46650
59065
-39727
-97105
2314
-85296
34713
68938
84813
22815
79962
-12530
95473
-15936
42110
10790
-46709
55816
-81139
-69585
-27177
-46814
-2232
-93656
35742
-93304
-92395
-20683
14000
-1699
-73133
-59952
-39535
-91158
31311
22861
61040
64052
2576
-82361
-90990
-24586
-16179
13036
-14130
37185
-56257
-26461
83377
33132
61457
-66923
-2175
-72199
-89677
-88033
-80609
-52603
72141
-73390
-63418
-65365
-74799
3109
63792
17847
-65047
-46280
-77929
2
-42800
-12731
17752
-86481
-92932
28645
38004
17152
-14535
-97411
12017
-4458
-77167
-2237
-54050
15875
-70489
30320
-51277
9933
5540
-9276
-51882
-98302
16008
97585
-82054
-4557
-99998
44709
87458
-28018
-6949
7799
-78588
-65572
-83348
71853
76424
-91245
20400
-66584
63919
-17639
81236
-11603
-77039
77142
73770
-5360
77759
24756
38877
55487
-93433
-36298
49919
-17048
17941
-56974
-15106
-3000
-64458
21100
-20938
-31855
-29384
-38063
26272
85111
96878
-58739
66599
8920
80
63241
-16805
97542
20991
27588
-87042
-93134
98085
49997
-76100
-10122
95739
-66598
4217
-59010
5924
66760
58114
70036
-76233
-50576
-83611
-71928
29786
-18014
-65828
-55560
-10999
-44479
81252
87553
-90826
97339
42220
54466
-949
-36829
-1303
-69814
-2933
-39572
-78714
-7458
-47466
29444
-72775
-72280
28811
-72246
79537
50366
-13881
-6354
76779
66766
-58996
56548
-47964
27876
38142
-85627
-34583
-12584
-85946
-17406
94858
-33385
-87271
55045
-68243
-78132
64723
14502
-45314
12394
-6723
49798
24388
-18727
-58322
-15924
-15089
44922
-56883
-51910
30669
-39143
-57932
10411
-16835
69294
28016
61675
46779
-50352
-37787
-81293
-40263
23735
27343
85183
-79090
-84500
72867
67086
-67864
-56241
62739
79222
89502
85380
-61007
35617
-77792
-28612
41003
-22361
-56688
15451
74868
-23926
-24599
-80693
-12092
10184
-54243
81181
92981
76577
-27778
35415
98510
88101
-2926
-23778
-867
13112
49609
32193
-68675
47398
22922
-78497
13368
95389
-14551
-94281
38085
14603
73205
-79158
78770
-35627
-27601
-59409
-59299
27120
32213
73395
28956
16032
54747
-66838
85244
4043
86203
58199
8807
-10503
10980
-47053
-36001
-44309
-68594
43870
-74201
29077
-92051
28639
-99840
41720
-43197
18841
27152
9568
-91184
-20531
-2656
81271
-14363
-69050
58620
59077
-18985
-28699
-71427
48965
21134
49545
65187
77157
95549
34714
-77092
19993
-52372
92211
-43742
-77092
-34384
94698
-69504
97476
46461
-43587
-67404
70976
-47086
51802
33904
-10319
11346
74634
6715
-39517
23027
-60420
-48011
-34841
44879
19498
95863
95886
80344
-62230
-9192
-66876
-1367
-88941
-70707
52486
54135
-85238
-76632
47425
-67226
-49176
58753
-87159
-94344
41609
31410
74930
-39840
58164
99579
-98801
-22475
12962
54470
-25787
-16318
71277
89414
62858
71610
44694
-57352
57792
-91576
23091
70924
-56536
-1787
15795
-47843
-89468
56643
-57904
-13606
38862
71110
12112
49225
-12594
20434
40759
-49054
-2660
58912
60300
-23721
6834
-66454
-71994
97075
78573
42021
-25325
-90976
-24416
35023
-38138
89603
87893
-1762
26651
-19006
-44703
67352
-93977
4389
-45981
-71359
-37791
93914
5465
-86418
4486
89875
30110
51448
-93458
-20662
2308
96396
-90135
30244
43722
-2784
6613
51315
13690
-41984
-63424
-42346
17826
-25594
-24268
-38085
-1940
-74904
-76317
83781
15644
-90901
31856
-94712
-62938
47478
47512
12913
58602
66305
-11589
-39869
88589
46060
11595
-65988
3509
26028
-6896
61398
80481
-1312
-39979
65833
-52830
52034
-48846
39214
52857
-85063
-43209
13278
95439
92938
50
-78408
44555
-81361
-61538
43810
-30125
37760
-3672
13671
-55389
-5170
51102
34527
-44413
-99825
19703
93164
-74008
-56525
43129
9184
43753
75157
-51125
86460
-78180
19661
1559
52436
-71155
26786
-51941
78222
-10790
-72995
-6131
48265
-88082
-8456
77097
15514
10520
89845
71256
47921
-81849
-24116
-81410
82138
45860
14460
-2016
-68449
33164
-22333
39921
19915
-33943
73257
-88072
91530
-4500
29238
84447
-14419
-15575
21251
-30439
10953
49422
-64018
4593
-83521
98369
-71705
12780
-67754
-36458
-60697
-21541
-52157
-22550
61441
-5121
3275
-36385
33681
-41704
44607
-81037
22352
-82356
-16154
-385
29578
-82895
5881
15818
54822
24183
96520
31368
-74716
13109
-57158
83442
-68634
-94258
78961
93763
-7771
25151
-99380
72140
-17212
-90423
-29882
8244
-34559
69621
76796
80016
-64440
48201
82763
34267
66786
-12923
-21737
4626
92618
-19686
74729
-98449
80224
96808
58288
28735
-8265
48498
-81496
48802
-20279
65825
-66920
-23841
-97526
90033
20917
-26271
14105
66108
29924
49106
69843
80545
16669
-72621
1346
65745
-8085
-78379
-91725
6774
-35824
37271
60837
-75328
-54203
55484
-5731
58061
-34594
-43128
41687
71155
-85876
-96073
-75049
-82899
10109
-51782
17117
-26911
-86562
-89457
1142
29130
54208
89851
54639
-35257
-61672
-90265
-66011
-34177
3681
-3627
-67016
68719
-28580
68861
42974
-95855
-9929
-82552
-26349
-31766
16652
5480
97134
64561
-51968
-93486
48463
30935
60492
73945
-86091
-72969
89112
10792
95724
92892
-33725
-24548
84579
65193
-37633
76092
3292
-35927
-33894
-75946
-53316
180
-49769
91639
-41342
7994
-15685
57222
-51755
-79569
97059
18109
117
8659
52178
30213
-30636
94685
905
-28754
53822
-10621
-4209
-45688
-49550
7721
24592
63904
-2987
-46621
22114
-36134
-58180
45289
-16350
-38168
95783
-23978
11837
14052
-97842
74908
33611
-112
-8237
21833
36053
-35609
-98154
5358
-84937
-9441
-19929
-90383
51233
-71170
-69802
13105
-905
34774
-79385
-75311
-41575
-46689
8482
-29596
-10563
-21457
63302
76019
17207
19416
34909
53229
-47526
-32098
-78293
-64980
75769
50899
-58944
52704
24582
-45231
16749
-34662
6172
55124
99411
-30025
33816
-12430
34583
51943
-31966
-54537
74545
6425
23434
-5215
-35996
-41467
-72563
-25164
72008
64213
67830
86651
31619
-98767
29601
89309
13334
13157
78299
46808
66707
19249
78181
89116
4653
-88978
91415
-53882
-38104
63512
83298
-70153
-5137
67196
82222
-61423
-29436
-28609
68770
-98034
-69102
-38968
5633
-17156
8670
-30453
56305
-10215
-61988
-87693
96024
24135
-29730
68523
-46305
-42068
-10137
83850
61272
34024
37534
13337
-27780
-35084
-14242
-39807
-66099
-79852
51178
6358
25178
-52232
52286
-98694
-19871
22069
54336
29743
86350
-37413
15381
-79299
66786
-34510
15057
80956
11823
-20074
774
-55105
-84160
-55060
-86211
78237
-94379
71040
-49021
93789
-62517
13757
33626
-83459
-16934
47623
76625
84831
92537
-78983
-76690
39569
69532
-6282
78919
17143
41181
-18578
4208
21848
-72711
9775
70798
-32703
-27343
4837
53770
57817
-13936
-54032
95650
8451
-7284
55968
-86887
-69975
93318
82512
44046
-42068
28332
-50340
45419
25509
6206
24640
-93580
34262
-58579
-6066
-77057
64370
8799
-11189
-82365
88197
29648
29735
-2936
-62975
31314
87960
35454
-89817
45813
85842
29354
1550
-62207
-40475
-27845
30035
80480
40050
-65989
-1122
67481
65291
58913
86028
-20041
79911
-36477
-23810
14664
82046
39592
68094
9857
91783
33723
-1527
54143
25036
-28196
75069
-27224
99686
58513
-39584
-5072
-28005
55386
54986
-79688
85072
11938
-56463
-64496
-35988
-85039
28495
-4195
-32692
17727
-77710
34646
-95908
71682
24223
-55128
-86504
-37016
-2588
-54278
2847
-52224
-78535
-61238
-50383
74387
80082
60726
32005
96944
24580
-7529
-41718
-43291
-30127
-32696
-23816
81802
-28334
35908
-39471
25847
76736
-96211
953
23189
75998
-15959
-62353
64082
-11641
6311
11367
-11730
-93873
51392
-25082
20659
91161
-14792
80633
-59711
-36683
43043
58290
77703
-41357
91300
40705
67278
-48375
-33199
-79541
7663
68892
96946
2473
95141
-17298
-57623
-7393
31677
28837
-73301
-46153
-13654
-13900
-80980
-77511
-96651
19880
47897
72458
86033
80657
20799
39647
67276
36491
-68855
36956
81442
-40536
-32218
-42675
-78996
-30596
-30263
30655
-89930
-26876
41546
15100
-25683
69363
-95638
20002
22839
-44517
59572
-28833
49053
-97356
48766
-11253
-7965
77325
-4721
-11614
-70791
72140
76698
33245
11530
14115
-47511
90795
-34191
-20207
18581
-72303
-78325
69330
-28687
37595
13991
87845
57543
-12994
83098
13368
-40390
-24052
-22288
89585
-45429
6674
57021
92763
-86602
63953
-82479
26283
98684
-98729
-69623
2671
-95300
77626
50370
-40046
32443
-56335
-94039
-95730
-19453
-87025
93998
-8018
24999
-9891
57943
-91457
34916
67026
75761
-4717
60642
-37391
40225
39345
-8870
18496
-81960
2012
30611
-63456
-40027
70270
-86395
-11698
-13276
-89807
-34466
21877
-22444
29739
19490
-26963
57094
17027
-52691
53780
-43790
13476
-56812
3335
-47004
-48947
24426
-24770
77139
43138
-56290
-97343
73042
-69294
23298
77515
68448
-73466
17638
49338
62682
-6941
-47325
-19601
25872
-96292
60660
-59384
66548
7896
48318
59767
19758
-90341
45424
-39233
14285
57235
65413
75275
-13991
38722
-83674
81451
-49468
13186
-31443
-149
22207
-326
-15739
38354
30440
4060
27373
-90508
90912
-31976
-59813
8244
10043
-54304
52861
10266
-33583
-14119
-78694
-55923
-1359
-62949
36823
31597
50293
-92955
-12074
65551
54705
76192
30073
74838
-63099
74446
47364
-58966
-99246
87823
-17439
94104
24329
-27248
10492
21382
-66081
46032
66255
58833
-13667
-4976
-50376
-31931
-66861
-62377
78149
-67080
91885
61663
40914
41987
-35299
51424
41546
68318
38264
28726
31561
62743
-28067
19505
-47710
72431
-7985
38073
-53892
-73711
9316
-87588
-8041
-10768
29783
-5130
26349
25980
-11208
-47300
-56781
13056
-59582
-50907
22206
-99877
-83571
-62795
12035
-77991
-51174
86630
34103
85677
-66420
-90378
85141
-31411
-21706
-51640
77182
-59286
8527
-18441
-54406
25547
52162
94590
-70500
78085
-1566
-92995
-43708
-95207
-43141
-53399
68286
73386
-89212
-84589
-83192
9945
53680
53907
24497
46079
1379
-52911
3997
59462
-35646
-81617
94373
72868
18915
-8874
72539
75765
15844
50652
-76437
13044
80343
-54065
-7267
96983
-97765
72225
-76490
-87228
46726
67376
28094
73523
-36802
69872
-12707
-8415
-87833
45559
26719
70381
75574
-77468
12247
-87724
30564
-46227
-38113
-42428
96383
72196
-40259
-39714
-28966
-62170
-24863
-8627
-51931
-38592
87819
-44034
-80937
-53058
29449
-15493
-87353
72433
84446
-8664
99099
-72037
-45058
-66088
-47849
96154
56886
-31092
-56745
-60817
96681
53834
67608
57579
-51531
-24873
-19856
81589
41205
-37359
-88162
37626
-58657
-20821
37372
-65743
-9844
19333
99025
-31030
73432
58919
94403
67186
56479
-89830
-9495
1797
-6232
-64861
83647
-74031
53342
-45923
-80013
54851
13305
60466
90972
41329
-23876
47093
-31286
33283
49367
79199
91384
-4226
-29588
45029
71134
-36305
-36817
-37326
-87773
-55184
34086
75910
55152
-32422
12560
77738
90848
-18361
-66398
-59889
-7533
-61054
-84820
59331
46626
-28082
-97766
23887
71980
71888
-25001
54511
59471
94169
21132
-34514
-81485
78292
-55994
-18466
-75520
-99383
-95818
-46863
-69457
-29685
-45934
-80008
93950
61508
-36136
-91403
72189
80091
58034
83998
70
-44801
65909
4785
-52150
-66797
-58621
-85266
-7418
-97418
14545
46646
-31660
10797
86147
64574
-97699
-16272
61939
-9872
-7572
45518
75857
39390
-72866
-82563
-87388
-94941
73078
43394
32111
34200
-17523
25209
-85585
49136
35430
-3966
85248
-74383
92191
-63928
51166
69327
-53436
-44945
-18487
70695
15934
-38118
70787
69397
-97175
89302
-72653
35314
-97853
-7194
38764
-58003
-1345
65195
87687
66373
-31814
-61328
-28116
40224
15557
14928
7216
-21429
-34400
-12604
-33256
-24561
47048
-41587
-64196
-89876
65640
-34950
-92537
-19339
-10069
19863
47195
30535
-83535
-38094
-25583
32231
-32609
25995
15646
-62473
-5551
-32809
1489
84949
84779
7217
-68360
-67759
22413
96350
80995
-21688
-69660
-61893
-63488
-99359
23837
36165
-50267
55332
-97419
51013
2861
-89998
89900
55574
-24967
37157
-59495
-50796
56600
-1723
23062
52963
35905
-76061
-14501
57625
14141
-55978
-49752
-9271
-70046
97231
-67684
6957
-10439
-90725
-60893
-51025
81281
-99402
18829
-78508
85197
75206
82169
78405
53064
-18821
10416
-17988
-85031
-4928
-55794
-50296
-69535
17822
97626
65916
-24927
-59090
47991
60858
21881
90681
67892
-29673
31819
6830
2366
71339
59390
-90498
-27531
21880
-69281
-78632
59035
48693
-73823
97404
-91991
18422
5381
-45698
-30660
-36423
-22955
58393
20972
-53297
95114
-54290
-78082
71140
78669
-37160
11887
48750
26714
-55636
-39568
-10002
-191
37906
-58766
-57306
-70265
-38982
88471
-4648
-30935
88574
-27576
18870
-14208
-40749
-15452
-87957
-53696
39594
917
70404
5978
-57431
53823
56125
-15550
-47551
-41390
-24412
39498
22379
-97537
31724
73453
59332
-85432
-28975
-85015
88643
-83793
-22430
-5693
-44269
-27632
-42448
-95314
92561
92939
13521
-42042
87972
26585
-25391
-40393
-81997
-31488
4534
34171
80455
-10591
-65169
8192
83839
66735
-50279
87591
-80598
-58694
-24339
-83991
59013
-6679
-3960
-61292
-78000
-79226
-68264
-95821
-63025
66548
-1248
-42612
34714
-5701
83881
-93053
19233
-94012
-90426
-8740
8960
90016
22978
-3938
-49157
-30654
51688
60626
48022
91533
87918
63211
70100
61192
39486
-6849
58698
-87953
33378
2611
-23842
-78109
-83508
42294
-52831
88833
63488
-57372
-75513
-27121
7199
45258
62719
39379
85649
-74679
-397
-68738
-70387
66899
7646
-38139
7432
-42349
14404
6737
44792
56169
90195
50764
99075
-83309
-13484
52188
-53559
-40793
-63474
-2771
-98293
-95492
14263
-30362
-52042
76649
27352
97341
78288
86693
-53636
-83418
-70658
24142
-31532
15014
-30929
-78651
31082
-88505
90537
-85322
17472
82852
-79570
-4171
-19963
-94748
88266
-48060
59571
42307
7804
-24399
-12728
78732
-24962
7196
59166
51235
85235
-29546
-61079
34558
72813
-49050
46733
-6348
216
741
10138
-32786
34950
79241
-28635
-59782
1943
79678
3524
-3970
-91196
-71056
-92699
-69495
-12343
40870
59083
61317
-33299
-77112
73574
-58807
-38993
-32319
26383
-83637
-61682
-385
41053
-96910
-73419
46871
-17050
17994
56450
-49722
98966
-30383
-38926
2450
-78427
83054
-34646
-68336
-72136
-13311
-95772
9918
74646
82197
-49676
-33968
-56763
-88334
-68170
-54200
-83711
43024
22359
42622
31832
2854
-4548
-321
46629
-92704
5906
2322
-18394
89454
10419
-16042
-23940
-51271
-47438
74631
-65536
86960
-86205
32927
-14724
-7679
-97142
-65447
-6963
-91036
19390
-72944
-6381
46225
30586
52742
-57774
-87598
-97824
1858
25640
-3214
75946
-49839
85995
-67307
-52530
-77844
-74402
-92959
-5427
66426
60176
-23462
-12967
-88596
39506
57804
-64543
46662
-29805
-11359
57530
73982
-5542
-25262
32107
51261
-34018
-52294
-82283
-54270
-1915
-59001
-67075
-48730
-71304
66761
77432
84986
-20257
-1235
-59342
71564
36094
-77885
56794
20425
7595
95546
-86418
-48900
-37845
17966
-87074
14260
25193
-11560
-75360
68036
3986
-97180
-17009
2532
-4272
52064
-99456
70005
26592
-98544
25380
20066
29522
66910
-73773
-14046
-50915
47406
83451
-39719
65180
-60976
32356
98974
22313
-11761
69791
-360
18132
32422
32203
-32191
-14079
-54062
71555
-98931
1371
-14333
20583
14563
-94024
-60756
-49338
-30646
-76341
83194
2725
2335
-48192
-98719
63278
-33214
-52936
-56623
23608
95761
27169
24071
80175
77196
-49104
69504
-69984
73880
-32066
-39543
39204
-29473
50813
68019
-67418
-64300
-80363
-71966
-83950
61396
73823
-77948
-36261
91176
-9283
-3490
89001
3815
94739
-95679
85470
-50504
-75033
82396
47492
58166
18577
12971
16404
-76564
-4706
65933
-29147
-30849
68615
74868
-67472
29035
53385
-72586
-75460
45030
87329
87552
11050
-13984
-48282
-37143
-13921
79916
-46078
-49052
61897
-21000
48462
-15088
-6128
-17224
-81270
50410
-37157
20258
28470
-44894
-132
-10350
41167
-61045
64953
-98995
-77655
40875
12792
-64734
-34651
-64974
96774
-32084
89232
85256
-17084
47157
18649
-16833
-73490
-43339
-31764
89320
56969
888
-59921
-34111
-52503
-62691
48664
21516
-8036
-13062
-29271
73018
-89609
87453
-90487
28806
77627
-68562
92096
82079
-25374
-41872
-94385
-41795
-57652
-59610
39850
-15083
-32703
-27118
-69741
75751
39778
28504
47700
89717
-87823
-19774
-89575
-27634
-51271
-17379
86887
-62392
-73636
70464
43133
-45237
-22601
-50580
25990
-5814
25396
20559
-16841
59853
-89301
-1245
-52213
82026
-8011
-28429
-53415
8467
-93744
-92482
-46322
-73592
21032
69876
-91699
68461
-36856
-28323
-44640
-55434
-87332
80537
49049
28862
31842
-75774
45321
-87497
24237
92590
66460
-59588
75286
13136
91792
-58749
67007
39998
-60528
43566
-20987
72141
35185
28480
-71806
69464
54088
-5331
90939
-90336
-24987
-31158
-67923
-2995
58225
84451
62191
-55085
-2209
-43733
53252
60272
-73710
46606
-58625
35729
22795
-67805
95315
-48556
54989
11965
68342
2216
-60080
83041
28914
61521
-11747
-24303
75848
-81528
-9524
28679
57217
-68097
-41576
-82691
66258
94466
-11812
79977
-725
58105
-20499
95047
52188
-82550
-53997
95822
58660
98715
-71836
-17020
34136
-49483
67903
25965
-33171
-61372
-48990
24287
-9310
70715
-56087
-54799
-63604
-51436
80932
-21743
-35393
-16395
-15597
-89163
-97386
-17618
53952
81642
-24480
-76193
14457
-40504
51559
43959
5033
19527
-4514
56919
-88301
-31126
30374
9429
2026
81881
48701
-58276
-59505
-692
36548
63664
33319
-75485
-85
95247
-69224
4500
21819
-54541
76769
21692
-97409
-86796
78291
-41386
-38576
77579
-89424
-2423
-55748
-30734
87455
-46309
34258
34726
19912
-57340
47053
-88754
54930
18909
7003
96566
-49097
91767
72840
70068
45184
64712
-50612
27243
56674
-88447
-39315
8174
-92427
72059
24082
-6532
11917
-84657
-99354
-32535
57079
54596
-91675
31710
-35182
4643
96966
79927
17095
81703
18501
5898
-73050
-22191
14732
-80952
74398
13975
-72835
315
-57511
-62660
58143
29039
-81998
-19397
90850
22381
9172
1309
-7088
12514
-73232
-27030
-93933
2591
69850
87804
55197
-82758
-95871
-2641
88440
-10223
28873
61364
47786
46318
-19641
13637
12676
-98682
55576
-14925
-58745
-92068
24926
-95461
7476
83523
19672
97527
-4625
-3136
34781
30672
-17841
-62962
-16971
-8175
5637
-39302
-84588
37943
-98522
22319
-92364
-18459
47446
-4788
-44210
-83244
96083
26929
16692
85288
81627
-7719
-36274
33437
35451
8737
-8273
-78368
88694
72551
-49837
-96518
-35506
37134
-16649
-75353
42289
28253
33877
98693
-34557
-97145
62331
-12952
-40444
-75259
-49401
19466
15262
45279
-51327
-73632
-86194
-16629
-61483
49607
50604
52204
95403
-79523
-52328
-23109
-73883
58541
-28669
-53053
49268
-45694
-10217
16582
-11560
-9316
-57532
43325
65266
80641
52457
-92611
94919
-85718
92571
77237
2451
80350
48660
-53868
-44537
-39971
-44869
-92665
-8094
-59150
-50613
54176
15271
-90068
-24221
59346
19520
-86682
3242
8793
19119
94657
2845
84727
-45203
47795
-6985
73688
-97887
-59975
-84996
45975
46334
68520
-28383
-45991
-82887
-57887
-53221
-41769
-3674
69795
-72894
-55878
-44050
-70789
-50014
-27297
-95505
-40938
-6881
22714
92336
34167
19522
-82858
76095
31555
-97116
-36358
30058
-66310
88885
-3608
-55978
-9600
18537
88703
-49601
-73127
85121
71040
53580
-89740
-57358
-88403
87630
-5794
-79821
-55027
-26411
-45993
-23448
-15027
-11921
73410
18022
30721
-44930
-41099
-22941
-93305
11701
-86479
-27461
31884
-73297
54187
83617
24040
62955
32393
-1376
-45531
-43224
-71768
55437
14173
-97191
5338
70604
-36927
-6906
-28883
-77125
39990
51711
-65626
-49346
1049
85629
-39539
-37464
73955
-27178
96738
45122
-11736
8604
41645
74108
-17030
-32300
-83533
-9299
9258
95118
-1276
-71671
9070
28069
42098
74654
75038
-43563
-68324
23754
74073
-65996
40552
93437
91013
19279
12815
82919
-88205
20962
-35183
75454
74080
-56205
-92854
-37523
-23209
50187
-20451
-66276
-85900
-21166
-56628
-90088
-87612
-5626
-96598
-8736
6665
-49512
-46169
57483
58074
97699
12683
32729
-45658
47945
-11394
26900
-54183
86956
96131
-58526
919
-75450
-74363
-65558
-80603
-77530
-11254
-70687
16871
9992
30404
-9936
68804
65487
39046
86596
-60955
-89567
33556
79793
15837
-22305
23763
9155
84579
25600
-88993
-6621
-33798
-60471
-51973
31459
-90959
75691
76643
3622
56454
-80264
-706
-90577
95014
12099
-31888
-18876
88016
92116
-36853
-7938
-62121
30853
36325
55984
-17722
-92227
38788
-65102
-95906
99462
-82122
-28471
1658
-82100
-44674
15988
-64172
-29644
60840
20182
-64992
-34794
-1026
-51013
-93226
23833
-22957
70344
-10227
-8534
-90372
-67068
60035
-69224
-62433
-60291
-27207
-48112
15651
-35496
-52421
27184
30279
-57095
-78083
-46199
43663
-67509
63201
25398
18072
-21204
-93738
28755
82701
-44168
24154
-64804
-95246
1777
-64225
-85852
20638
-88504
-37172
89391
-44411
-59766
69338
51052
23475
12010
-1825
-76270
-2027
-81497
-83736
78805
44786
40538
73278
20101
26999
-10210
1483
4740
-49937
-76901
-37609
-63134
70225
-7055
-48085
-6889
-8525
48254
-93098
90460
20701
-47283
5261
74790
-12488
-33125
56429
8704
-87194
-36729
-86819
-11645
-40597
40661
-49713
-7371
-6392
15006
24741
67196
-48728
-44840
52784
-38979
34484
-2690
70099
-23850
1281
-46244
76294
-33677
49385
-70215
-31305
71825
-81225
-60128
43658
-82035
-64452
-42547
10625
72872
20094
-85135
23415
59802
-49712
-35038
51463
-43185
-31363
8867
30282
-28158
17246
-11061
-88644
-94155
-85301
62228
-71424
19786
89262
48834
-51910
25345
-11533
11565
-47398
81103
-9381
79981
249
-43497
-96336
-22174
-44069
-83512
45651
-2787
-88876
18
-98831
8303
-50040
43717
-94828
21900
-78773
21449
52950
-51302
11239
10996
-61712
-66788
-63429
-25205
68912
21430
-31040
-2215
21449
-76964
47527
-46107
-5500
-64677
60766
72786
28565
74116
-91534
-74792
82824
-59727
98127
41947
-42918
46453
13730
53477
3172
-14108
73567
-94139
12722
91131
-41698
24003
35634
81582
21985
96318
50184
34317
-14032
-85532
77247
-97582
25893
72718
22937
-27255
-52924
76534
34695
-76708
50562
40213
-48268
-49094
-16025
23901
-86469
86500
-20659
7696
-4998
-93420
-97272
-65924
-96770
-54390
-61344
40147
-20194
39540
-51015
6763
84259
79800
49812
65166
11172
19618
-94034
-7873
5553
42853
-23674
56906
-83802
-7024
-70660
-40826
-38817
54414
-84971
97579
61194
-53927
-99045
-48310
-77609
-32579
45153
-16147
33292
-11131
-49564
35531
54134
-10108
74254
58216
44858
44865
-65132
-20153
-22838
7360
5054
11853
9395
75049
-11641
-76684
-14126
-47848
31514
-23832
-64473
-29760
73532
-61503
78018
-48324
88265
-71970
-79271
-10764
-99049
-82854
-40517
-98072
88631
-74258
29535
-36900
57242
-91549
-76650
-62368
86991
-16334
-42720
-45765
8298
-54406
16538
58995
97665
-69412
-2540
75708
38608
70519
-18815
-42245
-14148
56379
25224
-77771
74805
-93972
33207
53273
-17356
79157
-14249
86310
-13660
-21978
-47910
-37382
-79715
58572
-40463
34681
-91573
53804
-3782
16406
38381
-62629
44759
76417
-92167
-77699
27610
-19155
-867
-46568
65820
-82947
12577
26516
62125
41482
-9240
-90351
-13915
67219
-49130
-43227
68633
46786
36427
-91215
60522
94679
92108
-30562
65399
62259
-64573
55865
58162
-17469
-40995
-31767
-64496
-64377
83089
-93623
-35238
43646
70593
-75034
-6431
-52816
48377
-39018
-68018
40088
-48044
-35597
21655
-78165
-65283
-70349
-51698
90377
-27181
39269
10963
48575
76262
55818
-6870
49591
-3554
54158
98983
-17539
-24964
3874
-59194
-42898
79095
-90953
-35945
42175
-27448
7384
-22378
57383
-21246
-63708
-66023
21162
44056
8231
28642
-32765
10627
-36587
-42796
-11666
-32453
90146
-30589
-5553
-77278
-62911
37220
-39998
-36800
-81034
90532
31424
76137
58202
37140
46570
74555
-21653
73473
-90570
-79228
-63859
20066
-99597
-84480
-286
61674
46202
-17281
10753
-28482
80115
-17819
-1899
-94079
-69503
12556
93333
26442
-43509
40644
-78309
93815
44584
-17094
70372
47003
-61530
76854
86627
91474
-29257
-77506
-50558
37174
-26695
-74088
-81098
-39062
64801
98989
96253
97683
14659
-83703
-62729
-97497
-97600
-67329
-88930
93085
71116
-42582
59428
-90812
36570
93134
63527
53104
-72857
-87140
39636
18959
-17824
38484
-9195
-78631
6641
-71547
21304
-99610
-3285
31536
-54370
-48999
75601
16267
-84837
85242
-8960
31137
85937
-24670
34232
-40042
50596
95247
-99509
-1720
-68294
-34025
-35744
-66990
35793
87034
-74844
-25814
-89636
26384
-22385
14442
50236
-48927
-91954
72876
5559
75603
52947
32014
13143
-84994
-65675
88980
-64351
-56100
-37116
90349
-53904
-16420
-86035
-87666
19375
35029
84038
-24645
26032
-36072
-70152
32868
-20565
-38178
72070
7596
75413
-21408
75710
95492
-24164
-85434
89082
56694
-71811
-76937
85523
-76930
-53437
-8753
-53724
-88813
-30499
81518
-29130
83331
-96870
-78035
-34867
-92100
80387
-98964
-88114
46375
-57451
-96633
-20213
65582
-4327
52007
7917
69022
17890
7604
82813
-40024
-25693
48296
69199
-97790
-55062
65535
-69941
4779
-5827
75467
18777
-79157
40783
54436
88680
-62664
66911
-70532
-58852
-40811
-85842
-83184
-238
-32939
98587
77050
-22256
80669
36188
85219
-39474
54856
67163
81367
25627
49092
-70933
-79823
63278
79705
97253
-52299
33226
-73462
-39517
-16452
48908
73172
2968
-45430
22740
-98029
94539
37755
-77554
54980
-46610
13724
77020
-21339
-62113
-60521
-76382
78201
52026
77766
-79891
88167
-22952
91816
-1152
73730
15977
-73551
26621
71524
84522
68795
-85331
-92685
-62910
-44325
60972
30981
93887
-67634
38324
98080
-6488
-52845
81412
20826
96190
-88622
-4244
4831
98580
12409
-93832
-55215
-82680
13992
52919
23818
-31715
98498
95847
31485
93174
-65884
88766
-18246
-49615
14642
-33641
-26672
-22498
81165
-72777
-56756
-18533
-57183
-98756
-86496
10189
-99878
-39135
55199
-77315
-66058
4592
-93403
-27059
-28171
-16827
-63724
55637
7918
-26310
-583
39582
-46724
36468
71692
41337
49621
65737
74582
-29891
92922
21133
2413
79708
56906
-3656
33563
33825
58162
-78923
-26915
24073
-35649
-79991
40007
19579
-40300
-53858
-74107
62820
15415
80620
54268
-28045
-46459
-51709
9614
-4434
-55098
37175
99389
-57105
-76709
31400
79399
-43329
80148
9324
-86289
-47730
26398
-23780
45948
67340
78170
71416
-51237
17254
-16312
-93833
-99520
61984
-39838
-64912
-70806
23179
-65787
-84642
-44380
37092
-14006
46099
-47321
32649
27380
-17860
49501
-54056
-79615
28301
-74624
-56218
-32285
6921
-4703
64409
10633
-21521
-30651
-13405
77718
-78524
67242
57051
-50445
-4998
-53593
73146
-29248
28346
-42255
35630
90789
-8237
2937
25374
31495
-22786
93491
-43013
-48681
-48307
-77006
72639
-22844
-35216
-41233
-34298
-18096
61796
-18519
13573
-97152
81913
-80858
-98453
18733
6782
20823
64018
-70024
87114
-23207
58914
29595
-77782
-90280
-66365
-79398
-95774
-81010
75452
-65384
17058
-77655
-32467
6789
-53945
44107
-49115
30133
82570
-50261
45921
74700
-39735
72025
-23070
99798
73008
66782
37290
-76301
99332
52097
-53550
23023
-58612
-95834
-21365
-18576
-76964
89042
-37777
38984
-18945
71114
12803
65323
-42112
91224
81164
95162
10709
-36049
16138
-93251
78761
36454
38677
28080
23876
608
56467
24372
-75622
80845
83028
63334
1005
20937
-70454
-40627
-25057
-18526
-57944
-98195
45208
53495
-5675
-31112
-48241
-63045
51149
27428
-82119
14489
10901
-16360
56460
-28878
-24295
76352
-9105
962
-64797
-99072
-61056
-79904
-61062
-19068
2881
-45788
-87019
-61578
-58208
44771
76474
-44983
36577
-92843
-76360
13746
47594
-42920
98493
-34249
66283
-86515
46933
-16928
-42649
54624
-44224
-8503
-13724
30438
-65298
32985
-17493
-46689
79129
-16627
-64900
61338
81599
34798
94930
-17160
-8325
-10207
-18610
19528
33087
32861
-22141
-5294
67824
22071
69533
-49041
-74018
-90535
31918
-77547
-86817
89937
-17321
-35983
1159
-38395
73551
16045
88133
-60475
34899
-74863
-79843
46329
-9686
50757
72445
21945
17236
-27083
-50817
29115
-81393
-19635
-69446
84135
67525
64164
67333
-89209
95893
-44939
26185
-6118
67836
47943
52354
-63352
71072
-68561
47570
52591
36409
-52500
-25790
-84389
57244
-33168
80278
79765
-50843
85310
87947
-62318
93313
-75986
40751
-89332
24342
-7218
48349
9071
-97521
-99677
-12332
-10135
95751
78029
40756
51620
-74927
23112
-52332
96528
77794
68942
52738
50713
98652
15514
53848
-60232
42423
47176
61175
15973
-69042
13209
-83933
60842
-61756
-89134
89851
10259
17169
-74941
-40109
-55550
49260
-87835
98480
4063
-76713
-27555
80287
55788
60546
82973
-62926
74166
15837
68522
48152
-80537
95677
25016
-95336
31929
76778
68721
-63510
14341
76611
48404
2354
-3014
2382
-93382
-22823
27753
99168
372
40522
63548
-7707
85969
-95674
63047
-66419
-68868
-90971
-54154
48531
62209
-91158
54502
81579
24432
1025
-40239
26440
-60966
51799
-5087
-95289
55033
-42986
-17563
-77061
51628
-83652
74017
21910
-16353
-64617
-32897
92976
74441
-60193
-41500
-3209
72719
90992
34270
-95180
-72250
-67614
-5511
-15818
-61802
6215
59569
63837
66745
-58560
-84671
6724
-64861
-97028
16282
59468
85628
45902
4719
-67966
92104
15722
-18003
23212
-78104
17980
-23928
-19659
35194
-63962
-9295
-11854
10267
-2092
-47644
-43376
35596
23484
-19235
-79588
-86030
-2441
11370
-99409
59703
9399
-50148
95476
-26353
26597
84951
42392
11925
-59944
-63799
49484
-46189
94707
-94089
-23879
43040
-4581
-42765
-67582
57124
-685
23338
39087
-12296
79159
49370
36219
25064
11410
29920
-38533
-83174
52060
-81233
43176
-90232
25363
-74019
19020
-11928
-38220
30679
-76282
-4754
67030
-1739
10361
-78361
-11100
28584
34199
29766
14517
4688
-68347
-47812
45834
44522
15468
46464
17507
4199
-26404
4398
-40834
37656
24732
70348
-35731
73924
-3566
-91609
49234
33820
49163
-75684
40442
-41914
2984
50674
-33068
29653
-7002
15525
-35763
21466
-54328
-9730
-48951
-73836
-72797
-63331
55615
-96766
-60154
-54887
36337
-71335
-18429
3518
-19065
57170
42335
41717
11207
-22181
-15662
68481
46515
-13267
19066
90661
26624
-53187
-36893
32164
-50578
-16116
6251
-53024
17032
4761
69653
64164
76026
-51657
17773
78205
-34678
58297
17106
84227
-41419
23689
-88347
-75339
42663
728
23053
14402
-39722
-56721
5156
-73692
86843
42212
961
-67609
67566
36265
37027
-38328
85917
-25217
-67466
81016
60776
-43320
33477
-61056
-34532
-37255
85757
-63618
-99765
-97490
68250
-97587
75908
75991
-83728
-45053
71732
-47088
-15016
99347
-19367
54543
-96075
15571
-8737
-64330
-54878
-41767
92377
-42487
1018
33470
55453
-99143
71043
-36092
-52804
-85729
-51913
36884
-41892
-81404
-87695
83616
31861
87645
37361
-77273
-95708
36884
23692
7254
-22161
-15295
95539
73996
36374
54839
2845
67382
-12846
76795
-38572
-2727
-99411
-57200
3290
-97745
28221
-94994
57781
-44056
-63938
-62447
-73698
83857
-3125
-25235
-96382
91602
-79943
-10498
51443
-88430
-76848
66046
-79570
-2699
-83673
85872
98761
-7803
-22821
-57766
14009
51886
8235
22031
87421
-96285
-45645
-73494
96491
-6241
51012
43607
92117
99590
16028
-62069
75800
11882
-58809
-25196
-28095
-58967
-13871
-98742
32859
76851
65894
-53787
50905
-57751
-67063
-51032
71068
-38815
-82003
-67333
61730
-72954
72371
-553
-94068
-44644
-32575
12827
-89653
36066
77371
-81285
-37018
-31792
7201
-95144
-86230
-77440
-71483
-45078
-52242
-99031
32871
54553
-76031
59974
75951
52204
-54157
43989
51078
-81640
45565
-58437
3665
-53766
-62963
19908
21578
23392
25330
34889
-87363
-29886
23649
-30742
-69923
21390
-83806
-91077
-16447
59873
16218
-97028
-7938
59985
-9611
48383
4577
56423
-75153
16494
43785
61610
56704
1957
69983
-49770
45410
-84485
-30156
-40788
66880
70046
-76491
1891
21181
-74468
70861
8124
-57187
32382
1623
-88077
65364
63567
-40130
71889
-20951
7354
-87500
-2401
51079
93713
-73781
70901
11872
-18390
-27213
-43984
-14402
72100
-22319
-67647
32296
-89145
73400
-15838
-91731
77193
79494
8292
60496
-61331
7902
-36059
11728
84295
47549
44957
18834
-45094
65659
91031
-13075
26338
-64863
11260
13842
-90003
20897
23562
-79146
47075
-16394
-48348
19678
87975
-62503
74948
-66970
-40938
-92964
52748
-86034
12333
44583
-26311
73601
31687
-35890
64952
-13853
-57405
2699
-46061
-26538
65796
925
-79932
-27383
5074
48252
-25622
-19234
-5475
-99913
24601
32342
73506
71148
38668
-91364
-17049
-4380
62454
-49302
-64736
39561
67381
87708
52468
-74812
55016
63631
-96935
95735
26391
-63243
46491
-62060
-88431
94969
26108
10776
-77613
-16567
-76490
-57752
23652
-98172
-15716
49094
-76802
-48190
-75553
-22736
-3866
-94790
-47061
61589
56989
10388
-73231
-2892
-82705
51916
40768
16404
85224
-94977
47181
7066
86758
-26538
-13103
-24758
82314
-27188
69073
-39203
51208
-16099
62777
-24134
46110
54029
8802
48532
-31454
19154
-97229
67297
91507
-76897
-9501
-73229
44178
-5555
-23140
-70476
72649
-8984
85883
-32830
-2615
63956
73076
38181
-53550
4251
-16813
33577
-96373
-96044
66717
-16611
-66191
70640
-15083
86758
-49620
-97436
-27814
34688
27389
69614
-67795
57683
64852
71687
-68399
42990
-65793
-49308
-57013
-35806
-51972
-73880
87113
-17923
-46609
-87511
-28897
46882
99311
-88099
69036
-51198
42810
59041
-34277
-5063
-12151
14565
33286
6727
81983
19512
-44684
33705
96059
22892
-4477
-67565
-28596
8998
3425
25485
70532
5252
46452
-83673
92453
25963
18714
-31910
89464
31723
31946
17725
-2563
-81583
-92391
-99231
69309
-61942
23577
-64119
-41029
-42257
84060
87049
60873
73714
9174
76858
-79946
10978
8800
10006
83685
-26658
-72423
-79113
-47111
-1836
-73049
-77465
-32468
-59339
27803
-56029
9663
29495
-12941
-95503
-19252
-97210
-13063
56987
53047
53320
53000
81287
60739
5835
7726
30644
-5760
-61874
-55059
43667
-3678
-35735
94044
-92609
-11346
-98343
39083
49115
59405
28588
63044
-92345
33603
-73339
34572
-53697
-60871
4301
77000
-22576
79414
4983
-49059
-61386
99180
16109
-52880
75735
37743
37468
39404
32534
59201
-13543
23265
82966
-4728
-26258
76937
-58101
30560
-53243
-14617
-39554
-50675
-77072
-83255
-93859
137
5843
-77332
11964
66172
29551
-45890
54828
-39350
-13109
74942
44790
26630
-4223
47231
90101
42052
91362
15372
-84851
-63157
-44409
49894
33995
88425
-41227
-38615
-14309
-31263
-83668
-93555
4896
-25408
17932
-80441
67636
-97650
-19931
97359
33148
-79073
40217
-49859
-95642
28361
-73488
-40755
9730
97776
72184
84481
99514
-65796
17623
-7066
-28816
-94548
-19089
814
-81614
99716
47276
19388
-60132
-95198
-71827
69119
75147
34351
22988
-54667
-45191
-99920
-23860
-41583
29178
93820
5662
16824
-46958
-51960
-45104
82981
-4304
-94882
-70701
-59028
11467
-82707
39143
-79461
-87272
68793
90149
-10244
88869
16883
57768
27319
-15211
16163
-56743
7316
-31495
10497
74774
-90849
-32697
56804
65599
18404
-67463
-60334
-53412
-10022
47876
-5451
47854
66844
10611
-91025
-68143
20626
-12256
18436
44938
26670
-71473
-54410
70195
-878
10791
-6482
-56960
33807
34830
31126
98861
44361
-52704
51972
23366
-5898
59211
-42992
12562
51013
40969
-88314
16861
73819
70075
27127
94817
-32712
-15969
26410
44880
-22984
41326
6192
-28031
9846
40149
-92779
-80716
-77813
18509
-54030
12868
45556
10841
-45280
66984
59474
-48292
37831
-52763
30986
-73196
71508
69268
17165
-61769
47497
-44533
-11982
20584
21742
49643
54654
53206
69669
-52666
-43130
-30222
63131
49386
56939
92234
88666
66127
38149
-65401
88572
94425
37403
12351
-38469
33545
-81651
-1416
-73245
54726
78357
70202
-33368
85700
40866
-10224
-15596
87247
-27804
39771
70489
-27530
70950
-20782
-76796
8534
-28460
66265
20498
94402
8222
97597
7325
-9524
-28299
-55414
-91857
-98189
-57485
-11831
-62856
5993
-78825
77466
16154
80447
-89619
39849
94432
30575
75660
-82224
-35121
27141
74233
80713
-5995
7724
81386
-35762
79902
-32751
49572
-65904
24582
7222
63557
-77168
-26648
75221
60766
78940
96277
80558
-50504
-14871
-64223
34735
95928
11914
81111
6272
-85603
-47605
56268
34920
13285
-64340
-78191
-81825
-28912
77565
-50942
-77008
8636
84819
21819
-64758
81455
36452
-31253
31141
89203
-78652
-2304
-78772
63324
-70083
-254
-20726
-6043
-70140
-96644
-10827
-55303
49758
73108
-60782
-25651
50319
-31172
30883
69162
-39622
-6143
-19692
43336
50010
-14399
25598
92054
69787
30906
-50987
-13161
84182
-79747
-69707
83814
47592
-28800
-20092
54426
-38866
66643
-87229
-43900
-16482
10091
-81417
-42731
-27515
-24102
-50258
77085
-56679
49888
-27984
26990
-44678
37787
37124
-33569
-76406
97497
57755
-96148
-58779
41934
-8419
58299
84735
-73695
97487
-99655
48665
-67231
12382
-37789
72096
-74475
6987
78817
-85406
-6288
25458
-65204
82221
-65373
22776
721
-93050
-84979
-67376
-25427
-45693
-40498
87978
-71720
-75578
-65351
-75654
-63810
18198
20775
95264
-65944
-19045
55464
37177
79610
-10058
-50731
6210
-47083
-36677
47681
86564
93404
94796
-41522
96160
5524
4883
-44325
53207
-63003
5659
13147
-80073
-50307
48971
-92415
-80386
-42412
-37567
28055
2924
59466
-37753
-11282
-72375
75052
29493
65072
-18800
18517
-69917
-10415
92983
4209
99528
5412
-94244
-88099
98228
70666
-76723
-51734
23526
20677
5428
-29631
-46069
-19414
-77155
96416
55572
70837
50150
-90750
42866
-64585
78146
-84771
-975
-96534
84009
58821
24494
50149
6816
-99538
-61194
67178
77408
-54513
-1347
54429
-33626
24929
-392
-76336
36503
-99258
-87145
36921
-33651
-1977
-54046
-28603
20354
-66698
96815
25285
14231
82930
18365
-76473
-71998
-15479
66865
-41728
147
-4552
93546
-85595
24545
93901
-98685
-54824
-46443
-41939
-54492
79615
-30254
35058
29189
28081
-82816
22252
-40703
-70134
39348
-4087
59539
11166
-76035
15887
85103
8970
72398
-6075
54463
48614
-68989
71410
-21704
50198
60178
93245
-34215
-38208
-88305
-58829
-4352
-16168
46427
-72344
-82007
-31338
54698
-33484
33603
6857
38896
1502
-68815
27269
-32472
28375
55002
-99720
-26559
62493
-60243
66651
-94555
70336
-74060
-46524
87398
-38782
67988
-95528
-21240
17175
42463
98205
37541
51339
70550
-45651
63553
-25789
32830
97542
-83157
90715
-29155
-95873
-6068
35375
62097
-24235
64143
9269
-59570
13028
-8659
-91704
7602
73969
75603
-71872
-51385
-86236
6451
20860
-85100
-81901
66340
-12799
-76448
-48263
27447
90428
-69820
26437
-42345
87075
92780
-58225
-66148
-4038
14634
50405
49708
-74574
-87690
85380
3918
73387
72966
94946
49805
-34534
-34746
31720
7941
71238
42037
-90306
88525
14765
94812
-6978
49024
72195
-15381
-95286
490
44826
-66511
39609
-65716
42909
50807
-25428
47884
-2058
-44038
-56897
71933
83728
-57852
-66853
32966
-25994
-60890
66729
51057
24794
-27436
85409
-13614
66290
-94691
-20992
-74798
60477
-60155
37144
-34217
-18076
73600
-97279
-48942
62331
-27763
3373
79588
-39194
35245
-32294
-4371
-74728
-14720
-73440
-33165
-73929
23674
27754
364
-66660
-49530
35329
-50455
99638
-81289
68740
30431
-9650
-85401
26164
31250
-71323
46958
70316
17759
94137
-68415
27501
-13785
24998
-21404
31639
69076
-97494
-62707
-29899
-97847
-71039
35287
-68561
-15446
-24657
-6241
62114
55173
64220
-98177
59213
-46501
-20711
-923
76514
97231
63425
68047
-77507
-9238
762
68965
76592
-84535
3291
8626
-20932
90468
68968
-66880
42909
-14405
-4616
-96240
76733
14622
-91785
-86989
-79032
36697
42120
-66680
-11809
62395
71874
59027
46054
86978
14812
84982
-11016
-51355
3875
67918
-46726
-68034
11943
-58132
29581
-75759
-82186
10798
-99
97853
-32256
35834
26966
43710
-34854
18518
-2313
99164
76638
-15641
-7490
-13773
-22929
45956
-70141
-63712
47322
-52937
72737
24325
-92393
27472
-96753
-18054
87344
-21531
64908
-50736
-27655
71465
20345
23043
80253
-99417
-60672
10427
-65479
-3812
-24590
-44225
-38463
65711
-46993
10743
-52543
-15794
76030
32540
-66465
97894
42749
36862
-75653
-80834
-49358
48113
59416
-19727
-16129
91541
51028
52550
-93772
-14399
96915
-43410
-59841
-90612
36730
-73255
88510
-1481
19607
61237
-15755
-27334
32798
93060
67483
-20439
-90353
-13160
-96625
-25789
99635
-7122
69416
-76008
23620
40741
42218
63124
-212
-38375
33876
-16085
-18330
4832
11158
74147
16257
88161
-51169
86201
19907
-21172
-27499
-30479
-40790
-94151
98974
91773
-35122
34977
-45093
10249
-5662
87731
85429
98593
-61095
-93228
-4721
-3776
-50267
-11146
75483
26038
-84518
32404
37768
58421
-85199
-65913
42713
-49800
-10007
87688
-88623
-49969
-82743
-94141
56587
-33012
-320
-29676
96038
19908
-19604
22624
51037
56770
56953
96146
90932
-94450
56610
-54479
90254
45781
41811
31003
-78692
-4875
-74897
-93535
65776
-62233
-51411
-43266
34735
-14582
55517
-40780
27045
72136
85129
37701
-51597
65063
59254
40907
-86109
-73618
-75446
30388
98076
-72399
-99705
50334
-79
-79108
-4491
-75509
16787
-31848
-55969
75073
63079
-48964
-19597
62977
-70990
-7660
21453
50145
-94287
36582
-45363
39496
75846
25703
-36956
36550
-90804
71961
-80850
63246
36363
86303
-99398
-60079
19399
-97569
-90843
-30665
-30925
65746
-77277
58428
25283
61931
67871
64549
46623
-34335
3963
-74274
-63693
13083
624
54834
91171
-12617
43865
67174
-70180
86135
59403
77426
-91258
-95223
-25124
-38307
-30059
-49998
-99067
82356
-74305
42838
97762
40806
-80888
2662
14102
-17921
-4999
-35226
-42165
79551
83887
95386
1623
-28585
90319
-11572
-37830
-67777
-63785
-86915
79748
-92233
33360
92518
95571
21720
16607
41705
76410
-93227
-70277
-65831
88574
37908
10298
-16925
6394
-75421
-71420
9687
46242
44888
19432
-14761
-96604
77514
10509
76250
14186
-45659
78784
31389
-70980
-16402
-36179
78696
-44989
-48556
-13655
59129
-57304
-8913
-27028
76367
-76965
54872
-11876
85460
52720
-25372
68
-69273
65123
41149
-91229
83334
-51268
88671
28385
21525
91150
-25044
-9123
-92723
-95847
30253
23265
53572
-689
-54234
59447
28820
-45260
-46571
14805
-21077
49438
13062
-86733
33391
-6628
-65578
96446
44364
-63437
-894
9316
-86693
-87804
-38421
49424
-25808
-89719
22248
63408
38080
-46786
73416
-38607
-60307
85852
-157
-89204
4208
-60608
93339
-26182
-28574
-76181
34612
-14525
-43737
-28894
31117
-31180
47991
-34186
37499
-26961
-30326
-36578
11841
8412
46496
95808
40493
-95426
66090
-945
-79151
-7392
89432
40717
21021
-26450
42368
-97422
72662
-78369
85224
-16347
63029
-14512
76912
21735
-15074
-69331
28319
69199
2043
73608
33416
-62737
88117
-11764
-82280
-35562
26383
-33270
49919
-401
-89505
-93838
94073
57927
55849
68959
-84424
-85780
-39783
82249
9456
-17552
41565
-66978
-19522
-91251
-83619
-68310
33974
63778
74072
-92942
24072
-14692
-88228
88097
-81203
-90064
77665
-92582
6260
94148
-78525
-93524
-99004
49581
-44261
74979
-31347
92627
-36167
-82821
-20369
8817
42111
-93584
-30138
-19719
-63523
50993
-20047
-72107
-60316
-85262
57853
95879
-72375
40865
-94093
26737
-85831
-67984
-23557
86321
-64877
60049
46188
70500
-5817
-6272
-1487
-35252
-77623
-85766
-55655
33740
53745
-5301
-95686
-31792
-27790
16837
69123
-40055
79476
-85620
89437
31894
-32623
12559
42878
81726
27497
-74735
61514
13018
-42973
-25563
-23387
-8112
-77376
-54856
-73318
-19399
-96611
-3320
97249
-57692
23685
7539
91920
-74060
46064
-39830
7201
-95708
-32163
-11964
25180
-81045
-41273
-96209
-56351
92347
-45945
44289
-17900
35555
-92667
-54548
18725
-30380
-91300
86544
24826
-192
15434
54315
-260
-22690
-78576
37740
-3973
-7990
38060
96613
22207
-24630
-21647
-7394
-74324
-46804
-3776
80517
39888
-30773
60389
49539
94221
-70608
-62512
74795
73310
92372
-68626
-3252
-95673
48644
34851
25702
90909
16349
-61082
-18375
-51601
8695
-65542
42232
59152
-96354
45957
-5475
-44158
-91589
-58546
75926
21249
-67566
920
-15331
-8471
67109
-15595
-13275
40132
-26571
25737
-32144
40628
-81624
-14403
-46722
35386
-88250
-67813
93727
58080
2909
28205
39530
11913
-58555
-30227
10694
60819
-55298
-80440
85157
-44506
-91403
-79308
74193
-18276
79846
-85398
-52130
99725
9755
-66238
92415
10677
15890
-66517
-10379
58436
96700
31683
-16990
-73021
-16222
71449
17212
-51426
-58462
90940
40861
25874
1944
43200
-99658
-20620
83416
-83955
-11676
-65061
62935
-43293
-61093
92267
-51735
55662
-36097
32447
-60764
46081
-56111
53554
-62172
-73230
94342
12106
71657
12499
80308
39362
13850
58312
-11995
91059
-72532
83786
38478
-14242
53278
22071
-8998
53464
-38116
-90541
-23457
88210
-47933
-94689
66930
-98812
21828
-60012
12118
-24586
-78686
86268
13263
9003
-37931
-31506
62997
45354
22225
-12636
88420
-50134
-11424
53818
91376
-2215
34156
-25659
-10314
31689
33369
-82034
-78034
55992
-73265
33578
-66404
-55878
-63851
20791
-3258
-9147
-32808
53109
41536
-81703
972
-82882
13667
-57526
-93526
-9373
-21156
-60885
-48041
1893
3040
-75111
-17819
-691
-48003
-80863
21170
94633
-27700
19599
44654
8547
-61373
-60844
-35781
48767
11879
-19373
28141
-92240
10462
82504
64112
89432
-6366
-10091
44489
-33253
40594
-38101
-84747
53406
1827
53009
73389
-57502
38579
42900
7115
-26249
-26882
-68533
-5178
27166
78889
-82554
11225
60799
-5828
-84461
67395
24003
99565
69484
-68633
-85553
73495
-47936
-21997
95646
78858
-67428
21853
31226
-23621
-65162
29738
-3561
88348
-36010
-73976
61708
-36985
2530
34491
16495
6164
13636
38741
1675
30217
-49350
19262
-24768
-23311
-70087
-4012
83064
75845
-71553
-10901
-58623
-84537
-26956
11509
-30772
91886
14332
69693
-4671
19964
-5028
90254
-62787
-60757
78406
97072
-80791
62533
-65470
37330
13496
93331
77499
12419
82173
8877
17764
87066
-68954
-66127
-77371
-57738
-55271
-17777
294
54176
42281
-70016
83926
21453
44021
150
-99432
94591
-3811
-28241
58283
-65398
17762
1731
24501
-46668
-67431
11357
94411
12278
31244
-38041
-737
-38497
-62419
-36387
51847
13656
-58248
-74140
28710
-63998
36260
-29133
10617
93435
-82491
-53521
75904
79808
-2367
-94379
-40057
51053
-91796
-54191
-50673
89631
62659
43819
-50722
20474
97858
-80031
-73248
-10938
30306
-18993
-53383
63924
68275
-51893
45416
-71425
-12655
-99059
58265
43886
5446
-68405
75015
-5195
54140
-20893
-74421
37499
47261
13298
-74170
-41289
-29815
90114
-14040
-19148
91315
13408
-33574
-38349
20377
89226
5454
18351
94110
-57081
22432
-22405
26757
-24751
17129
54920
96332
-30930
16993
-829
23395
-20771
-75282
-87397
98119
-53781
-77235
-37472
-58688
-42011
65052
93511
90163
-36441
41921
-75382
62244
88787
-91205
-58516
74060
-67618
-18301
-43430
-23469
-41724
-41442
5677
26859
2588
58754
64332
-22967
-72571
67106
-33169
-48641
45056
3736
-79106
-40902
-53288
-66450
-52073
-39210
35644
99082
66863
57945
8877
53427
-51952
97811
67026
-3068
-7232
19920
-15063
-68500
-99134
-18377
-39592
-3618
67958
-78590
8353
8924
11995
-91878
-82956
77852
44917
-71922
54047
54420
49674
-46096
-39135
-33561
-46906
53388
-18404
27883
-20610
87430
-5976
48342
-94639
-44465
-98172
-97594
-50646
94467
-56025
-19734
50467
-55197
-25931
52624
-83708
-25110
16077
-7605
-55511
-32051
-98305
-13056
49857
84244
-34597
-24754
-58061
99280
66340
-20585
-2021
-55304
18724
65135
-84175
-92124
59481
-64927
12618
-81563
1933
46232
-35207
-99841
-41341
-23439
79246
69572
14157
-21478
44350
-30834
33595
-9497
-97245
86296
-64403
-61263
84570
49337
2634
-32789
-3510
29695
-78519
39107
-42044
39844
35821
-18832
-13114
26287
-30899
-25058
6490
81578
-46191
-27276
75804
-46340
95289
-88066
-31208
-62238
-52841
-68036
-77615
-79474
-44515
90950
-9057
23132
-3247
-39974
-40464
-94419
65949
-63292
-45522
88930
-54782
27048
-8383
-65673
58157
-18257
-79252
69049
58274
30604
22098
-87835
-17195
57386
-97765
-16161
50199
-52684
69170
-60724
-1235
-47936
92902
28236
-65091
85465
72688
65559
79010
89767
-70252
68915
-55842
-14147
4256
69391
50863
-75905
38801
-33088
24826
29166
-71403
-58603
-59932
-73710
-16148
-68008
-67456
90563
-27992
-80476
-90526
-46701
74899
24990
-16942
7323
84143
56849
-43235
-70047
23640
-982
38853
-72349
-47738
95628
5528
-49853
40303
10577
-69858
-55858
58569
51807
-99156
87338
-70995
-90014
46997
-59364
74775
-44693
86144
-77068
68874
19749
27733
5526
-35376
-93009
91217
85541
-29537
96667
89466
-94195
-79401
33475
18732
-531
96040
50626
-10671
-40352
-46191
60438
-41425
39271
1091
24784
21339
-77388
38372
-81099
-94389
95381
-66897
98869
-31095
49531
68984
-56635
-76988
-76185
17421
30427
18177
37744
63673
36550
-67794
-83981
71202
88807
-19177
80663
87698
51280
-94543
-14277
10194
-81289
-85740
92607
-49166
10582
50310
17900
76966
76707
-91406
90689
28747
2471
-1480
-78821
71623
-28867
-88034
14655
-65395
80874
-55068
74887
-25600
-94125
-85964
-66520
-69201
-27617
6520
-7652
94847
27434
-32250
496
7462
-35422
-75721
45740
-26541
706
71381
-33702
-35412
-87703
20274
-37451
35695
-96810
-70763
83824
-99270
-8126
6864
-95073
48997
61466
-59923
-67578
80269
68184
45511
-8707
-51156
1725
19764
-67332
17252
59949
-92768
-83319
64795
84967
86069
-11973
62463
99039
-83786
50217
-56982
-33223
-80597
41652
60065
1956
81399
-38354
-53321
83921
90757
-30874
99919
1423
5793
-79214
96574
-16123
-1117
36375
-53361
-99765
46405
34167
-62496
53733
-80618
76631
-64919
34204
-61240
-3284
45085
-56133
28067
33922
-54103
31395
22172
45033
8729
64843
-8512
-66500
-92262
-44456
51979
-4273
97050
-39531
42773
2100
20363
-12657
70124
-39382
61703
44176
36221
-37213
99854
-77578
80811
-62159
80234
40559
47874
-564
63156
-71278
-44923
-85182
94959
10909
86115
-10053
8657
30471
1288
-39448
-87198
-77374
528
-1400
-38466
93135
90071
19351
-69324
-11715
-89940
-65773
-26991
-54017
-45724
-17493
98295
-1239
-8566
69959
63846
-96377
-78220
-47442
-28707
84058
-62479
89048
23833
-32080
44702
44177
-25220
-64673
93400
64071
39753
-40163
-94837
-75088
-35380
-31489
-87255
-49126
-19817
15500
-47177
17360
48358
20542
-26559
-922
5220
-80684
13998
57634
63239
49878
40174
30727
97878
-15449
-78641
-22913
44810
-87680
-77073
15396
-10734
16399
16140
20139
-36239
-12885
19832
55341
-31293
30130
-20952
62676
-95779
36289
49451
-38178
28753
-38897
-16265
17105
-68464
-54810
-95330
-69828
86251
-61569
-53472
26853
-58638
20218
-93349
50004
69757
-96457
37982
43515
-88823
-90732
-6565
16832
-49159
25667
70330
84905
73086
87430
14794
1443
56466
-70198
-37486
-3089
99230
55709
25286
-30166
-77508
-33138
41877
48631
-53482
-80992
-40673
80266
-86483
-65110
-9660
1364
41334
-31090
-81000
-27706
-33057
32212
-61837
7684
21807
-30686
-76316
-3991
57099
95002
23877
41520
916
-54384
-66007
-64059
96430
-40602
66482
19497
-76580
-953
-96384
-39492
-66489
-51460
-14204
72234
72798
-67986
-86094
50037
-22314
85113
42645
48666
-13613
72296
88572
-76893
13279
-92205
51090
-76152
-18474
-86446
-62517
-89725
-36827
-32355
88507
-63185
85991
-61886
42625
-18852
48622
-72575
-69280
-85775
59491
-42809
26477
55998
-21883
-18043
-5084
22110
-84307
32406
-6587
76786
-95863
70142
-43540
-62584
86072
9841
-39082
-4220
-66107
-13453
445
-22758
36709
76390
-79138
71687
-87987
-26979
-28194
-63061
-20882
23182
-21032
89806
90958
29350
14468
6595
-87356
-64393
31429
-62615
-28528
-64884
69390
-80434
50068
-53794
20978
-62097
58419
93535
60872
30683
-6459
49395
49527
-36234
-52812
-88450
54756
-11048
22006
-84712
-59787
42133
3495
-14563
-39680
2264
46082
21474
-71147
34472
-97796
9666
49252
-35379
-73539
94102
-15475
-52725
-1797
53955
-99773
93133
22773
-8916
-59877
67549
-45815
86984
29175
42000
21427
75599
60169
-19265
-74525
-73265
-74106
-25041
-24390
-98277
-58647
-35950
45024
22882
95905
-61017
-35388
43869
8729
39164
-40975
-10974
77345
97940
11466
38358
13182
-91101
87650
1664
-84789
96374
-42054
58168
-44919
32367
-39976
-79554
-41653
17262
-97344
-88602
-25673
-75252
28626
52081
-96071
-7487
94335
-37832
29450
-10139
98857
93442
42200
-34989
4311
14580
24787
-8022
-14958
86312
82388
1389
-68194
44566
34345
-86710
-71016
54062
-41023
30392
-46039
-28792
-33231
-84231
-53212
10803
-36447
57983
-34046
-46230
17622
-45397
-8073
38181
28828
33008
-6032
61643
3471
-70186
82924
-22524
33414
-98021
-32332
58541
93213
-22284
-45064
27109
-59554
77553
54152
-80892
9419
86462
-16852
-81556
-60789
94725
-19360
62647
-81745
29169
-94033
-9584
68575
-63410
38698
-24291
79717
-96948
-72507
-3430
67350
-70685
-6897
-43711
-10152
-39280
-21747
-1819
-44907
2301
33009
56735
-71685
70526
-84420
-45025
12844
-87368
-5651
72420
-22583
60508
-78108
-62394
-18154
-82287
-49000
79664
-50102
-80464
82802
19500
84086
-6360
-52860
86999
-33201
-75262
-12503
25331
43738
-15424
7353
-85861
39091
24670
-23383
31889
39417
-12486
40958
-39437
-48167
99151
15724
-87667
-44426
-3555
33679
-66168
79986
34789
-32187
-70337
17244
6672
-53786
-38286
93302
20655
17569
8915
-28063
-56483
44788
-7106
46567
66369
-75705
-84474
20005
-41296
-99930
-98966
91987
86191
52121
23207
1074
-9706
-16862
-85785
-70767
75216
-72365
32599
22843
24446
-38071
-76714
-832
34235
-22455
-37623
99294
-52870
87605
14923
-1267
-49332
72810
-86206
-82076
99775
98489
22541
73259
29216
5569
33689
-86018
-68576
25638
65491
29978
-12396
-6672
35768
-99833
99606
-58238
-87928
45858
30793
78964
-98152
-58106
-454
-41456
-68537
22487
44195
-51930
2696
-58518
57033
-76340
64286
-34028
81989
-8714
81575
45390
63199
20782
3279
-98110
-25003
-18449
-46491
-33484
54140
-9372
14474
7376
-14786
-87944
30982
31308
86081
41177
70452
-6343
-58007
-82481
-69282
-77396
59251
70771
20067
88067
29442
11213
-2667
62486
-34569
-71218
40223
-6596
7929
-858
64547
-54089
-34668
28099
88994
71997
-24387
71464
-55403
-16925
97780
60389
11352
-76632
94146
-82184
79366
-23460
13410
83584
65376
-1428
-25476
-10406
-36890
83914
48268
-67621
-20408
-80771
-8799
83752
60086
97218
70274
-75276
-6636
19230
-52117
-53737
76617
80001
-22731
-76984
-52553
-70376
93459
18423
-14779
24752
-62920
-18231
87319
-62782
15894
90929
-33185
4639
69122
-63000
-67315
45177
-79500
-30456
-6494
-43765
30762
12107
5538
-16986
-7061
-56869
-98584
13978
27753
-79787
12051
-27587
-59776
-609
50846
-15589
-57765
-52638
97550
37562
76533
-86938
18884
-84344
-79875
-59959
-14478
1763
-72749
21660
-95702
-50107
20528
39386
13074
44874
-56094
-42554
77556
26272
79796
26464
-78862
28746
-31956
-82109
-13609
-33648
10413
-20514
-82808
40967
-44099
9805
94937
25785
24161
-17837
-92420
-40400
33445
77494
61844
57124
5560
-78281
-89177
-41410
-95757
-38803
-36814
89992
3002
11261
49047
9204
-71493
-45640
-94542
8838
-19052
-6255
57353
-19682
-16047
23289
22881
96550
-2349
409
-24787
37332
23628
74988
97890
25500
61222
33270
87142
72118
-71485
71524
41126
-43577
39007
61889
20615
34543
38802
-68973
-84812
56238
65138
89872
10006
80947
33302
-86848
99682
-20861
-41611
77808
55371
-81470
63340
-12272
-73831
-30879
-81058
92202
-34414
-98843
99510
34175
13716
94480
50440
-97472
85444
53806
53589
-57242
-68319
51517
-73683
-88786
-36622
-48582
-37841
9909
48798
-956
81900
13035
-79654
84783
-16214
96119
-31044
20392
-54076
-75225
-81233
12544
-56466
-41326
25599
61335
89303
42701
-89516
69670
99815
92998
55036
-57176
49384
92608
-54047
-63194
70145
-31061
60122
-59106
-80804
35615
-46372
75983
29289
99957
-98415
-51420
41852
-29502
-60415
93882
-59822
82865
87085
31568
81329
-12548
34619
-90934
37677
11207
67851
54818
-40122
-18151
45927
-34389
82991
-22409
68697
-86333
13994
26719
39639
-51435
5582
14238
-26918
-36920
-16917
33678
-68211
-81464
-44220
-14608
-3488
92079
-2950
42274
-54661
-35441
-51958
6205
-70192
-62369
34413
-66803
-75319
24575
99166
15725
-33119
19881
81336
99967
-6385
-89994
21693
77446
59228
18058
-18061
-74912
78037
-88674
18536
35107
92125
26344
4247
-110
31898
66537
-17501
51963
-8049
67987
-24896
-92815
-59702
-72876
18225
-63326
87988
-98621
52971
-28524
-6394
-44954
-65447
-77056
-24613
36382
-84487
51915
-92832
74991
2852
-49955
88487
-48144
-41942
68960
-39461
-8437
-12965
-56105
94478
75122
-22749
-8488
12270
-57569
-72691
81512
41623
23685
-35992
-26447
-83838
-74664
-45497
-69854
-41766
-34250
-52447
-22301
-59153
-46159
4377
26036
-6652
10426
72473
-64415
-55550
-65749
-42473
-32540
31376
-46544
-89926
82967
-49030
1747
38549
-49772
-81394
-46685
-6255
-91413
-42234
-80127
51626
-92033
36191
-27641
38096
-65667
6728
-60075
-59347
27706
-62026
60729
13126
-16920
-33388
-31878
83323
-91659
14936
98178
56104
-15231
-10063
-49115
-99026
71609
-36068
-91758
96844
44693
-68970
-1963
57574
-96662
-96660
-49594
-984
53100
61806
16402
27972
65476
-39102
-5213
36887
77258
17492
-82833
91817
-28832
-56405
-3238
67411
83178
-13289
92553
-3973
64621
-27833
17668
3131
86147
75575
66119
928
-54216
67590
-49114
846
27653
-48539
-72934
-3583
-17882
-98645
-96148
-29010
-20838
-34490
16380
28296
-58313
-50483
92462
25758
-40345
91888
-72334
-57823
-3389
81681
-14225
76932
85578
-56341
-78132
-11012
84350
432
9883
90919
