8600
-19488
64219
34740
-64498
-81577
57784
23316
87537
-62635
63937
-59717
88073
62065
27124
-26611
-55197
26102
-14769
70313
-94958
82623
-70393
-66529
30459
36092
53921
-19841
-62595
96273
-88655
64268
56699
79069
49453
-6128
86215
-92457
-96915
-54263
4652
29845
73922
61825
-87272
-16281
90736
48699
-59548
9952
-84215
18697
49858
72436
27751
-88581
84674
-95299
-28731
8754
38465
-11624
-62149
11410
15918
62828
16852
-16362
80378
5707
41549
-71875
12572
-94928
55597
-7646
-94914
-56728
-837
-73751
-45177
-52082
-88159
98901
-86843
-81937
-16229
-25289
-63049
-37812
-78500
-70207
-32715
86973
-19971
18617
-10947
38194
-67358
89097
97179
-29867
83372
57779
17972
-87157
-69228
63137
80687
64410
-15190
-71398
44223
-48540
71851
71889
83665
-17134
-72840
-57832
-6961
-50740
47353
9970
97295
-27676
-13619
92165
29084
8658
-20756
90990
-12705
13978
-56996
-27025
18601
8010
-14772
-58429
68703
-86945
32401
-26094
20610
-77496
-42886
-45248
-13479
-28030
13522
39840
-59010
36642
2353
-28409
19075
31601
53439
92347
56767
3761
-88057
73609
58296
-96130
33715
37877
68014
42512
93610
-94068
80642
-60387
-81597
-70570
-43007
-55397
-54428
-96088
61202
88291
-37701
65621
41719
73457
-40424
91205
77315
21064
-33818
-7459
56921
88050
-31163
-32162
4124
89765
78597
95818
18296
70978
23936
72512
-7156
25463
-21228
77033
33651
10563
42491
35211
34286
4377
-99895
-47813
35759
-10722
72834
74351
96260
-22387
3094
-60623
-80865
57274
-91397
3888
98430
-78476
-3804
77361
33531
-68157
-87389
37091
-75150
17040
77656
-29233
-16694
-26396
-95659
-37010
-22046
93769
-17712
-78956
8026
36941
-89917
-17141
86395
-21852
-70556
23099
-69884
-87315
15996
-82556
30098
46861
-48345
70382
-49557
23800
37287
3384
18983
-57842
-62876
20877
-24773
-1503
21444
-73004
-85725
-19947
-47197
-30490
3371
72673
-24273
50843
88667
-49806
-61149
-1923
-5891
8110
71646
18334
53580
-2091
17055
-56954
9787
74116
-21536
-23228
93791
-98668
67852
-28187
65593
-29153
33949
-16445
74404
-36318
-52266
-83915
51095
-86530
37850
4196
-14504
-87911
-64088
66365
39550
58785
89588
8834
97761
-8143
-17182
-36613
67616
-14068
93409
92171
18830
-75003
-55518
73949
-15111
24577
68212
-58819
67097
-69995
22654
62403
56594
-21047
42456
-94742
12838
31742
-3962
-57794
66362
-46229
98961
82740
91523
18307
39940
-79148
9997
44723
-72128
76369
-36696
-28857
-68995
-3527
11695
92972
-91619
-94265
-14218
36944
-61906
-55594
83727
-22234
69117
-70096
57273
-85051
68241
-85819
85158
15664
97227
57719
-39576
75313
49752
-39214
14903
87390
-56112
11801
-52191
-45763
69038
-13189
-85681
10628
90284
-62683
-73169
51193
-80197
85617
6211
-70600
4444
88060
72390
28627
91614
71956
-55754
-70701
29300
-11568
-7101
-5987
-97230
-75333
68498
-89616
-51100
-52632
-79122
-99893
-67509
-46999
44236
38955
-38667
18586
60857
-5134
95352
-76712
98786
-53085
89675
94864
76415
4554
81792
-54862
-53346
-31303
-29086
78339
-53240
59116
93991
97618
-89647
95182
8274
65410
22273
-86123
-40408
76230
35738
11784
62732
32940
82502
-6495
69049
-16176
-2593
-30451
-93796
-32975
72922
-23857
-63220
92256
-41263
9349
-11161
-76780
84971
68931
-8950
98139
33066
54556
-6292
26539
-79856
59391
4119
80919
-48273
35325
-53115
-11299
82444
99944
-8557
-81509
82863
59991
16996
-30174
-32758
13959
-89131
-98141
6915
20508
-27368
-95674
24672
74885
16943
26074
12686
-89347
29511
70631
83982
-17491
-3281
49438
72189
-42706
80627
34930
26814
68589
-98279
35584
66118
98728
9463
56617
-59453
-71148
4143
-56256
-84950
30241
8649
-72289
-37348
44245
-23445
-44
42612
95765
-39689
-86087
-13841
45891
7169
10721
12473
-5824
52844
76078
-21040
-43502
-53536
41920
-17385
93985
-67415
8008
85049
-80868
27631
-71494
48184
-583
-9010
98721
-2287
67737
46802
-61876
96398
35849
65680
-66970
49960
11429
67683
11876
15062
58455
16962
-58217
-38666
-23235
-63301
-31775
68183
-60311
-68274
-34556
13217
-25343
-37976
90198
64225
-96953
62139
40785
47733
-58701
77878
78278
79569
-61507
-3802
-69262
-37333
12151
48105
90729
-43319
76694
19594
90095
39589
-25071
68734
16422
-21511
68897
-20422
-4703
80941
70249
24751
89878
-31781
-93904
54051
-32398
-23813
-89015
41773
-91897
10352
-20012
-94515
21281
18798
-91747
-75162
84214
77958
-25119
51480
-83205
-80241
-24079
63166
59987
10227
-22736
-60607
32866
-813
-65737
34391
-25024
-3432
-6185
-8356
-18614
19031
53630
-59061
-16622
54816
47794
-94439
-69898
-73500
16251
-65618
21326
-4288
-43490
46209
-20097
-3414
-60413
67662
15277
-7114
70904
-14025
38669
41350
42958
14261
30616
-83572
-52511
33209
-89957
49981
9974
31523
-42837
9173
-99652
67229
-84874
-86720
54965
-46698
-48075
5100
29678
-78633
81214
-85079
66602
-36541
47670
-79367
2525
-19025
-98076
42874
-50220
-55717
32032
5997
25650
4045
68522
-86558
33428
-42295
-1641
-65406
-88810
-56209
-17755
-25223
46383
-84367
25520
-55746
8695
-83474
-53314
-32192
-68790
17392
-63883
3822
-17084
-95937
7276
94691
29739
-98912
7198
-48147
-92947
50669
-8197
-84040
74942
47762
3096
-77156
-49437
-43871
-92089
-6080
84301
-12461
89538
-47447
-82467
6364
-87103
54819
-50106
-95062
-47637
56842
27857
71097
-69527
-22027
-92231
-2667
-64875
-41984
37238
-28114
-71471
46965
1751
23121
28213
-65449
-14072
17481
-58528
-84278
10676
-53295
6767
24098
-66813
-87500
45068
-2810
54852
27843
98590
62208
-99481
8179
-2722
-23643
65697
-90736
-96567
23004
-61262
88674
69809
-5492
-16957
54683
1199
-21018
-2072
88761
27187
10700
-11322
86270
70268
-79780
47246
4938
13987
-5026
74471
-62638
45265
-34682
87402
47295
-10416
98661
20615
68901
-49345
28595
-75131
-45538
73248
90289
-88602
-22589
5067
21182
-46360
-30202
-75771
-20552
-63704
-94737
94060
-39155
-16286
-81423
-64695
-28195
85907
1128
92808
-85363
-13889
-73102
31107
93547
78094
-53657
-13958
98489
-22830
-10250
-26913
-52200
74788
88669
-47730
96019
-39316
57604
46362
58436
-77954
-7241
-53437
-25113
-95775
-71489
-64957
65465
-30996
26587
-50169
48908
61258
30432
-99845
89130
42332
11178
-89538
81251
91837
-42882
-83595
98934
97057
-95170
51771
98648
60374
38663
-98506
-47517
53933
-54293
43461
-52258
-66958
40390
77461
-12187
88918
-90177
18835
-37515
-6034
48029
78588
-69802
3028
53187
-36144
-27675
40747
58698
70949
54525
-23871
32441
-32937
-50814
-30963
-84445
-69219
19401
-65705
66014
-47497
-92313
4023
35803
-64509
97813
-89099
59175
-17873
-31363
-98608
-76675
-77815
52964
57178
47557
41075
-70477
-82176
26861
75378
97955
-52696
1443
-36443
-49852
43891
51244
16786
-20565
-97758
-75996
23132
-35914
11028
-98094
58129
-41603
74605
-72089
44256
-42665
15251
59923
50855
90118
-88622
44805
-82069
-45376
-49057
-64515
10209
-46373
4026
60111
34345
-12716
44268
64054
23898
-39493
13040
50194
-90184
-19265
-3346
-82049
-3262
75602
37026
-63852
60200
-65352
30364
78389
-1382
49906
-13664
-92907
-38020
-9535
-68115
-79220
45750
-80679
80219
-67951
11559
-15196
33757
56660
-94087
-29841
-45850
-88325
-10609
1013
-71959
-26762
-40869
5190
-25032
-47231
50893
-28908
-4146
14646
61414
90906
-99992
-98036
18923
-50455
-73715
40944
-7500
26257
-73425
4094
-23772
-75864
48746
-20580
67891
-82246
-54615
-1421
-62490
-55347
60072
58315
-24608
5071
-13037
68482
4498
68062
-7282
-61911
55631
-31052
-30706
-90244
-96134
56238
-27292
27131
63136
77495
-42790
39785
-99102
-64683
53174
62304
-28725
63376
-85924
-37553
-84544
-96518
-96113
-59566
-90283
8032
-8808
-56660
-65796
-17717
-27713
-39836
27288
32563
-58698
19257
-51920
22401
-7466
-59454
-63041
-67712
30528
25639
-41944
64479
-56667
93750
15302
35237
83298
-733
-32991
76082
80899
-56929
-56258
-27027
-62679
45395
87182
-17201
28230
95353
-29946
72331
-71292
-59177
-82098
52953
-78331
-93607
-15021
50526
-17786
-89717
14135
-35078
-73699
-42576
10728
73773
-30303
-17471
91086
36006
84008
44293
-86562
-94486
63403
-34295
-8180
86110
47686
79933
-91619
-48527
69020
-94165
7386
-31512
-30568
-68075
-67936
50439
55950
-76439
18261
-48295
60991
-38813
93365
-24931
63547
91903
-90038
-62963
22433
-88102
-35334
-8309
37762
-77403
-41990
38315
97828
-91452
-39455
-40489
-73694
-85559
-47849
55971
-13327
-60281
61484
-4434
-26307
57686
-70587
-9487
-92559
42211
33712
-69849
-19946
-59023
-23207
19289
-24365
-26256
-6890
-82619
-25133
-57736
15709
91754
-95868
48674
97621
-38349
-66821
8003
-33975
-10691
-9996
-49530
-92551
-43385
52727
12005
87371
53813
22359
47940
-97249
63617
-85099
18858
-52096
70591
-3743
10396
57589
49867
-96512
14168
-78984
-85807
49609
52779
31422
-96072
87817
-62992
-66507
-74836
27974
11813
57356
-93626
-41503
30635
89387
-21414
-88044
93210
-51708
-1058
18203
-52802
-89279
35890
89456
-53517
-26019
-27568
-54674
53592
-79345
23314
51287
81075
-81504
34202
62321
-80927
43166
3233
-90997
80440
42025
-45088
42589
21947
-23958
36628
67533
-25031
-56156
-40398
54478
32834
-74462
18407
-9693
-50105
-99248
48394
-90558
-26419
-85210
88353
-13421
76686
-61633
-41203
-52137
28908
55048
-25389
-67098
64722
99155
52423
65553
54569
24715
-4265
-80026
15988
35458
-37711
68433
86793
-77081
-91310
-31457
27821
-11245
-29140
-2850
-3254
61890
40691
-17567
-3313
-24737
-17723
-39776
-23515
-1865
-71052
51451
-95735
-4144
14129
-98913
69834
1299
-26666
-86527
64289
-26332
44047
-48760
-93784
65874
-41754
31367
-32903
-79254
25579
-59032
-39900
-83482
-32068
72612
30156
6787
-15241
366
-17442
65328
-13831
-32849
42671
22498
-70831
-3860
-51278
-82364
46406
-50875
-96686
-22004
17985
78039
73586
-99607
64729
-13696
-97793
67992
88569
21314
-38354
-60010
-66704
-2367
-26025
-91344
-3179
-24602
78894
-61322
21589
-22618
-11814
-56242
-57509
-56803
-99085
-32668
-91430
-5100
39837
-78849
44666
-52191
47803
-29265
30620
36718
93010
-81629
-95860
80786
-54724
-19561
-72446
92955
61062
-44310
-69803
-61907
-61466
-69811
53693
-75965
2140
-24296
-44669
-56940
-75293
32695
-3961
51026
29652
-39743
48429
-21876
27288
74025
-44506
51828
-66104
-13043
-18666
1722
82147
-92500
-17241
50646
-39189
-13963
-77590
-42139
10652
51066
98021
70315
38794
14403
-86851
-20169
50646
-99137
-4671
96228
17484
22357
83984
379
-29668
-38631
99881
-96010
-12876
34587
54413
-84064
-62474
-67239
98387
-30696
-47909
-7532
-97400
-91596
-61724
31104
69248
-66047
-85128
94356
-53250
68137
45343
-28798
-63813
-57810
32921
-95743
46039
44498
85596
78277
97177
98713
47593
16080
78116
-42394
19658
84834
31161
-86078
-98838
82572
54947
52220
-17520
-49821
14787
-36054
97786
14799
-1032
63501
11602
-95421
33578
50643
-19569
92039
31092
-59531
98091
-62863
73644
86401
64508
52786
85072
-15182
95858
-29812
97294
-72453
-57044
-72351
-27537
10979
74743
1639
-54366
-26295
21668
-55112
-58975
-36791
66948
-21626
82178
-75913
-47294
-5076
-92324
60296
36254
78047
-69100
99537
-36350
-10493
-36477
-24921
39682
74138
52869
-98075
3765
-1257
-44447
-20085
79530
-81263
67920
-80381
40329
29459
39852
-47936
53064
52560
-69257
11967
-41786
692
-93948
7599
-56441
-91115
-45243
24429
90061
-46264
-51853
58664
-85489
27472
41364
-12636
-41895
76914
51884
-2726
34111
67556
-57470
-51396
24383
-91741
78605
-79595
87154
55972
-21828
-60465
-64401
-91038
16351
84111
74749
53846
70197
96506
53234
-49787
-5294
7707
53612
82419
-86355
-40291
45227
-85835
-42620
90482
-19638
-33500
63660
78486
-55656
3054
50168
79854
97047
69190
65797
99338
80401
-61125
6177
85578
5905
64870
-13802
30172
-72699
-73026
-30314
79459
60270
52358
-64764
-26317
3457
-64091
-90531
-24519
-7970
25110
-52799
78200
-83862
49014
34658
84014
-52725
76666
89480
-30827
47935
63683
-4290
56325
76313
-45878
-60452
-27786
82650
25782
-25294
17188
-46552
79117
-82994
-39221
45933
-4026
-93141
-98030
-6001
25788
74550
-84604
-69305
-20481
64381
-4039
-69343
64517
-57481
-58285
46479
-14850
-45846
93348
-8663
-88635
12157
75309
-56379
2162
49434
-31231
33519
31308
78399
78921
70533
5852
88866
84512
27954
6621
-57537
-47074
-84859
-61105
92927
44338
-29011
38506
-3386
95081
24851
-95952
857
-76469
44500
-12325
61803
91300
-73319
80758
45763
-84256
79061
-73528
72459
39376
-85029
63658
92215
61321
55322
-29254
-13425
47339
41590
12072
-15589
-6465
38403
38638
-39189
-37510
-64160
-55076
31552
-36897
-99410
-50415
11930
86464
-15444
16774
-86817
-96284
-70863
-44668
8805
34500
-92284
61110
-18148
24432
-36773
98713
-87141
61647
69423
85967
-29627
51523
-7816
55699
13080
71787
6602
-55737
-87214
-96958
-89460
1450
20287
-5212
36497
87077
-62812
-85967
-72556
-88380
34626
-71734
-15787
88322
-55225
-57031
-63350
-63555
48022
80109
37060
-74104
32497
-8222
-43616
93471
-71871
69599
88677
-56139
1475
-59751
74753
23530
39310
56757
84379
-76136
-43836
20459
39380
89421
19285
-36026
15264
-83373
55979
6856
84538
-15702
87158
-93526
16137
-67241
47316
31104
-48179
53013
-9573
-17349
-54203
-86998
-79929
-98040
-29087
-1579
-42757
16279
-36001
30819
-50443
-27338
-70907
-46623
44115
32859
13306
13804
25660
16448
50368
47268
89261
-74135
721
-80961
-74080
-13055
-18986
60730
-92774
-70878
39550
-24150
-48814
-31244
93761
-79504
80057
-659
-32270
-14774
69930
97398
58490
11015
61232
45422
42038
51795
-97810
-92921
72879
-13712
-46353
72142
77170
59909
-66101
-93047
-99700
32976
-93198
-65543
1892
85880
7960
87039
46773
57214
59517
19995
-13978
93649
-4648
-75377
80839
57920
-56929
-38238
-3606
99658
36214
70464
20572
-71215
97073
89727
27135
85165
-62904
-21956
-69563
-28131
51158
-86428
56459
-96359
56590
-34353
43919
78979
-85125
-31930
18384
-48197
-56079
-50459
-92735
72210
-66347
91932
-77655
-11114
4294
-90865
-80230
-50485
26215
-33699
-39733
93435
-56053
-74050
19797
-55195
-33349
-42490
-91514
-60207
-52698
45574
63334
57219
31526
89618
86852
-14962
41323
35932
82299
67391
-25786
-75521
-91066
84090
-39020
-26728
-56131
-91229
-89147
-70833
67500
-43725
42824
76019
-37618
46122
-7147
19203
-49173
32291
32086
-66294
-23541
-36285
-95757
50978
-95530
-66741
34168
39064
-51319
96398
12325
53936
-18217
40508
95699
65151
96154
-39140
52414
12471
14708
31960
-98637
71808
52103
-41166
47447
-59840
7756
-23723
56273
-84675
-34412
-59962
-26283
59098
26137
-3655
-43634
-13762
8640
-40704
87272
-61614
-41874
-65826
-45449
71272
51908
-78150
-28537
67961
-88328
65391
9857
-28729
26449
33088
72886
-62111
-59841
-32023
36875
75909
65940
-51888
58625
-81697
-9053
-61541
-76960
-57680
19700
-17701
-84736
-25782
-2335
62565
85172
-1417
-54960
5698
5011
-16902
37772
-85956
-11484
66157
11842
95513
-11611
70729
75926
84964
312
-47356
-91296
-88986
30059
-56683
-38649
-74188
30307
-46957
39799
-99550
65380
-49989
-30334
-49387
-89986
-10672
-53295
-96714
-58985
-39075
-9852
31107
-30382
50070
-59858
77183
-63718
-18339
-83802
49610
52173
31712
10635
-34293
-2169
23199
88408
-65975
-2935
69515
-94944
26073
-44538
83018
46694
-5518
-26358
5400
-58725
29852
46343
-98361
90484
-80057
-87298
-61337
-11160
-92936
66374
48448
-82237
-91234
-71620
4220
13674
-92093
-75320
43426
-26132
41758
-3705
-47619
-8576
-93563
20506
-48869
63649
59775
69387
73073
23235
-66440
95447
-15716
97904
80334
27356
54850
84868
85704
-65184
81943
-99647
33126
9211
53435
-49008
-18413
-18717
7937
7381
10295
46610
-10101
-89107
-34711
31830
11217
-9145
-13310
-78220
99136
76956
-29428
79930
15551
96844
-37478
78112
53580
21398
-35343
22746
81669
31988
47268
-36227
17027
-16815
93309
67531
-29727
84200
98455
40477
13914
69562
-13559
-21972
9168
66796
-88771
-98821
-68951
28346
57630
67877
-6828
72796
-92625
-3073
-57558
-96332
84153
-32471
4975
-29968
97629
42870
-84809
-57342
54855
56373
46437
-34695
32643
-63524
-55793
47676
-22551
-59888
59965
66915
82676
-25964
53904
12082
-39695
-59701
-43456
-67789
32723
28715
-76418
22255
-16221
99328
58872
-85112
32916
-66854
84603
-906
-32971
83797
22386
-14692
41151
17155
-52916
-74810
-88178
99512
-27716
-4414
9709
52657
-50342
25176
-10422
99361
-82649
75687
36616
-15526
-99347
40925
-8461
-77036
74629
-78702
-77553
-71202
96498
-66878
17289
-67554
25003
49957
14671
31046
-73865
11053
33083
89302
-77008
-85861
-78998
-15609
-59671
-16449
-49556
-99109
40940
15306
-85932
60159
-58340
77329
-66898
-43943
-45895
-48799
-76592
-19084
15170
29177
98441
-73211
20405
-65752
-3529
32986
7090
-81980
70069
41822
78078
-22396
38128
85579
-37342
61179
-46437
58668
46067
-22031
-41991
46798
-15187
32864
19415
-22141
31545
-12024
49564
-55726
-46834
78447
-89672
70974
-6029
-31751
-70406
-76943
38499
-9761
-33090
19781
47113
54671
-73533
16816
77674
50464
38683
-59703
-46494
-61583
-79109
-28229
-44986
-2851
-29134
99781
-92887
41308
37943
40107
54330
1017
31643
-18115
-74998
92715
86557
-79679
-29844
80147
-61284
-96513
98613
-90799
15015
2986
24291
23427
-84176
-16090
49242
-81892
31584
51450
39689
-47396
21700
-556
-36820
46129
-79260
-69197
6250
94442
23796
-84171
90270
-50412
39716
65981
65587
74355
-9006
79808
12712
63071
70303
45549
27955
-73288
-49057
-8010
87746
-82425
-63574
-96064
-93924
-28110
-39024
92771
-80346
84892
-24919
57758
-55934
-361
-58615
-60518
96786
-6778
-38701
-36775
57690
-96556
66661
-41669
7299
-30389
75697
-22291
2364
48466
-32533
76846
18619
-70906
30174
-90369
96098
28019
17306
84071
-62532
-26897
-69176
-70496
54758
-70317
-78114
-89182
-87350
-28905
49645
11913
-79801
-15607
-92265
67237
87021
72170
-98721
79134
-77404
-50139
45145
17794
40748
48236
-56192
-51731
79038
50161
-99738
72404
-38894
66303
-62010
3822
52666
-67726
98293
-93825
23340
-76647
52407
-3710
-64867
95974
57198
45554
-50616
-30512
-61138
-80907
9549
3078
47339
69989
-85577
36815
87636
-3651
-16298
94018
67321
68637
92939
63007
90342
69178
-58974
11337
9236
20837
4313
86433
79477
-14218
8767
-44032
62958
47829
95480
784
33249
-95580
82013
41096
359
-65972
95296
46338
5981
-7773
-15411
-64134
12886
3383
-26101
80037
-36690
5690
26498
2412
15678
-64118
-97289
64579
-50645
21531
-69229
27562
-28967
45187
-32990
72256
44029
77921
-76169
-14977
15697
79083
82924
-87016
81504
-78637
69446
35884
-13375
-72618
-87688
58404
20640
27169
-45698
-9171
-35849
72992
-80982
7315
-25699
-18588
-30724
-70535
2613
-10257
-83159
-82253
34439
17823
51390
-2304
-70293
-75083
-12642
78503
-79711
-77950
-69977
-60372
-18946
70061
51763
-93009
53633
51747
29051
65442
5636
82843
79573
69285
-55666
-34619
23582
93440
87621
-59186
27890
-13636
94529
-45038
-56616
-87074
53499
-87969
-6021
-1023
-95196
-39646
-53229
-16625
97490
-58511
54435
74908
56405
-75340
21595
15135
-37144
-78543
-89059
-40307
19203
-89742
29148
-76332
-83251
21780
-70943
-21263
-45073
-56145
-74392
-88850
76740
12445
97319
63163
-41556
92841
-19602
-64280
17728
-60330
-27479
65405
31840
63945
65347
-39113
2279
-74477
-29467
25055
-49984
55647
-28836
-47417
-84590
-28555
59481
-22492
-63209
80424
-85743
85187
77898
-53150
-34171
-34006
-5697
84042
-87908
44940
17612
-78641
-95700
25639
51813
45716
-81513
32510
-94522
-87816
-71854
72494
8841
6593
66753
-32272
-96553
-55708
13502
-53398
8699
42803
14265
-63950
-78894
9699
-73415
24352
-71649
-61255
-64127
-28338
-44485
-56367
-49139
96239
-35543
-5877
31995
-55543
-23992
-24110
74823
6224
-64607
51146
-76945
-83168
-6880
36054
68533
35415
-38496
46083
45315
-22899
14175
47828
62696
-51982
74961
29290
-84031
10946
-80944
-49264
44915
-97881
39344
59937
52756
52779
47537
40534
-90327
41047
2382
-81936
-37942
67565
89202
94654
-57310
88255
-40694
-47156
71955
-84565
49461
-83800
-85706
-98060
23192
-15150
67392
-323
10255
-66433
62016
54052
-74882
89354
-34812
92920
-3323
-3912
41435
-70951
69010
11430
-76810
-87189
78288
-96367
33448
60598
73789
95746
10445
-40163
-94119
-47404
-5882
-23495
-20934
-93469
-69534
62418
-40004
-49197
51032
75130
28694
46842
49713
96773
51401
-93141
18946
-73176
-65103
-49184
-83689
-54931
1982
-98109
24428
4112
-56260
-9511
-11244
-75782
35662
64012
-78851
79959
6841
-84461
-62261
28118
-71908
55360
52704
36092
-91202
28197
97981
12581
7936
484
-94718
-20327
63921
-80814
32337
-19833
-62464
-40441
16593
74849
-80180
-2683
70734
-95213
77656
-69885
-63874
-44831
34394
-74731
23903
16092
34546
-33863
-49989
-82560
-43528
-88704
-6003
31149
75950
-67690
-48130
93504
30484
3761
-73720
-53682
-86693
57490
-66756
-86020
-79
50875
-70370
87294
-11909
69358
53358
-28630
-93343
-20835
-55550
78392
7234
45107
-42418
-86887
-11959
29757
-80698
-14032
32215
12279
12506
76529
95456
89903
70496
8021
-72110
-60776
-19760
-68425
-33873
7790
53096
-71986
-81988
91328
74288
3784
-76719
12511
4632
58623
-53679
-96671
-24387
28250
-89420
84306
-75958
8707
86208
-92807
61115
32192
57367
-62718
31293
38960
-10391
-86259
-70926
13861
-18551
48146
-84208
64792
69789
22446
41129
-93555
38832
-52721
64453
-89084
-78558
-87687
-31637
83929
34431
-53774
71167
22137
-14996
7376
63877
40129
-46595
19741
99396
-6732
-38428
-81884
-75643
17177
-99259
-43685
97914
-30865
53157
7212
-580
-43442
63552
29154
19373
82524
-48967
-73940
-62019
15976
21740
94737
-35257
45030
84832
14001
-12197
6600
97304
16628
27415
29557
41544
-3631
95918
-30936
-5787
26749
-43125
-89880
-45099
46318
18894
41119
-73338
-22518
-42956
40218
65370
94001
-58858
-84644
16640
48356
33160
10591
7198
-19888
-50782
15528
-47446
-62981
55771
82373
-87208
19978
95312
5094
36078
-85460
-89691
77590
-12045
77607
6914
15060
42117
79293
-42945
-5102
2698
84602
-66278
46281
-21249
62877
-36251
-32073
47212
84897
-86851
-63561
-24776
-10266
23604
51835
82585
42817
36944
12839
85667
9053
-44115
-1075
-25726
-55156
-38019
19905
35011
30830
50352
86361
3532
47036
90991
-95997
-85332
8882
26881
-2941
-15283
-54697
67217
31111
-89658
-8086
8391
-42968
8013
14122
-69102
-2881
70154
-11198
67847
-66654
86982
-43504
-96541
-11590
-62270
-29679
21676
-19262
-27356
52714
-58634
17630
-3571
-36971
82306
-96810
-72506
-18970
-53567
-66515
-44008
3257
14070
9506
89338
-41413
-79623
64962
-9435
-86127
66839
10728
62788
-96600
59607
-39341
95815
-72550
-64808
48226
-42537
-74182
73814
-7378
-91228
-53828
-23157
46532
59161
62148
-51150
46526
64625
66121
-81306
50492
-10973
49062
43561
-97084
31289
66877
13633
42292
73663
-53688
80893
-79264
12758
78526
-23914
-32052
-27864
-50083
7856
83847
-29194
-90150
57024
96674
-64500
-4381
-81529
10444
-69674
-43187
-74692
6347
-18163
11807
-83577
37593
-56182
-35846
-91158
-295
97723
45987
9722
92020
-48333
-28817
-6645
29461
29211
74
-9941
-28163
-15418
-32285
-43260
42627
-96285
-21896
53605
-44820
-39541
-11975
-80486
24098
30586
-8356
-41801
90453
-37093
50109
87604
96875
-79556
-34961
79218
-10459
94113
-81693
42204
-18481
-39628
34675
18537
36899
39834
-88180
-67459
-90820
-82720
54966
13295
-41166
53396
44482
-18779
-87402
27569
33295
35932
30283
-64654
-70920
-18108
-63617
86023
-89571
-760
29061
-27803
-52979
-1301
-95471
-86024
8973
8398
-61681
31156
86407
41230
27040
91977
43666
-97974
-44239
-24907
-83110
35778
-23622
-89293
37100
-46437
-27247
61009
76577
79679
-3032
-26593
82340
-12191
9577
-25853
-50399
35678
19564
-23766
-80565
39935
-43181
-35943
15754
14171
-52349
57505
-52992
1561
83327
7153
50871
91987
-44894
79941
-65303
-25449
-73287
32061
-75478
37255
-32581
-71864
96374
-92000
3494
90431
54867
72791
51894
-50930
51554
-23329
-92476
-77491
-43192
43080
-26566
-33363
49011
79169
12911
-2483
-34741
88702
-40477
-13524
37175
90933
51096
49849
76809
-48062
-29429
49671
-55161
99306
-28850
82460
-78377
73340
-68925
-60951
56582
17107
34423
43603
-63307
26041
-81768
34543
82400
-36890
3220
-70195
48908
26406
25552
-43157
17677
9560
-35774
39947
29681
-12078
-82644
16287
-66739
-85534
-86154
26400
-2142
-23121
-38106
66493
-99093
20095
93566
37361
-66747
-74990
-65870
66477
-70341
-58325
86916
95285
-56787
-59922
83134
-10169
-13411
-68059
-90997
-87819
22423
-996
34611
-96172
-29574
1709
-30542
28621
-94234
-99370
99187
87568
-6588
58246
46702
26217
75052
38263
99291
-725
-87945
-35916
95889
-30968
-27677
58940
26880
-95421
66588
36799
39687
-32132
-21587
2565
6579
52714
19203
-9426
-69803
32616
57945
-8876
-4609
1958
69125
46860
31067
68032
31583
-4980
-25945
2283
-71415
97638
-96495
84939
6240
72882
52394
61539
92990
-76469
-86390
-95132
41896
-18768
-26175
-16474
31707
25034
52021
15796
64814
-91828
46301
-26495
-92
4662
37721
-52167
-9776
-65803
1707
53747
-17115
-13275
7382
36930
-93798
-14218
-58415
67307
-51466
-8916
20840
31472
-96771
-93120
-39696
8011
-85577
49252
53477
-24137
-41255
-84316
-33822
21991
12371
-64664
15099
49306
27189
-9130
91962
-39738
43710
37268
9013
-59343
-11517
42795
-51768
-78497
-78407
75847
-30283
-67162
90911
74075
27028
55965
75786
-92063
38904
41651
42126
99135
40929
-92260
134
75461
-31465
66085
-7743
-4205
67369
4521
27977
-51688
19458
72348
99409
44533
69028
27396
33402
-40449
26692
26120
-68030
-46045
86594
48481
21962
-18907
-21628
-26451
17538
-24575
-23954
-59806
-76813
97842
-53377
-76385
9512
86416
-5685
68830
-35462
89172
-70831
-60794
-22025
51575
41912
-20835
39662
-78279
-55253
-28069
79130
26750
-57586
-80231
33193
-97453
-88037
53801
58215
-36018
-89954
12031
39948
-53358
-41847
-40948
22686
29041
5877
1387
-68540
-27219
-14346
-62348
-3031
-26025
-80807
-85201
66569
-23399
-86596
-29277
91868
143
-91062
-98292
55643
27343
27154
-15382
-68301
46473
69828
-28298
-42747
-88438
-53049
28080
-10792
34267
27513
-7085
94172
-58106
-81084
28650
-59236
-77832
47833
60092
70271
52738
-35379
-66269
-1286
38970
20108
-26693
-6058
66558
-23106
8885
74457
91544
56948
-58357
94804
-15235
-59313
-83058
38984
-43472
82030
14299
11446
-99452
91089
70060
77954
6398
-8177
89226
65347
60824
31088
-42912
48042
49954
-46616
-74260
-53748
-59836
38065
71374
-43827
862
63235
-94269
69419
-77744
-87693
19755
-56476
95701
-40987
28102
-4923
91082
95727
96893
-45679
-18803
47244
-90851
-88694
20544
-19462
15774
7390
-91411
-7055
86626
43825
26244
-89344
53497
-70397
51007
-2811
-23007
28350
-62938
-86456
33611
-46433
-97042
63540
-18792
90238
69245
-87884
40355
80635
-28919
44711
60535
82567
-95394
-83073
84641
98444
57406
-44357
16481
378
-51614
-42690
81274
82672
-74145
-92980
-65431
65923
-99356
-46238
-62798
-52947
41504
33135
51221
3861
4736
62066
-85088
-59210
-56810
-33487
-90146
80111
80149
6675
-44627
33383
50169
-72805
9709
-68645
-40573
65345
74132
63558
61154
-16337
22687
-25236
-27666
70997
-45469
-39934
-70451
32105
26818
-77123
49016
-82050
76857
29365
-55208
14656
-7403
-38794
16394
59210
-64763
54180
12738
-9948
-97653
32072
26891
-98020
83277
89787
-22292
5695
-79224
80365
71591
42676
-99740
28115
-41701
-4106
-76382
66027
93961
-33939
81713
-59667
307
-73689
-56160
59855
-97760
-54857
-60113
-65099
-80963
-20246
-13762
-56012
-48739
-26205
19943
-87934
-36767
-97390
40999
57403
-54413
26901
12023
46866
-91476
21995
-98695
56338
-85866
39441
-34034
19792
27915
-23365
-67196
-58320
3068
85104
17005
-23728
-49010
18498
26186
63508
18654
-55191
42406
-1393
73637
39868
-68480
51402
-54985
-91189
-86559
-93259
-92442
-74661
-67381
27176
-30909
-50561
-57902
4436
81092
-40177
19332
-83190
-10879
-1784
67779
94055
-28327
73408
70964
-46628
-48271
-88380
45456
5014
-33380
-43121
-76456
11086
-19241
24681
-19547
-18450
35819
42139
57245
-83746
-47179
-22070
19842
38507
-59454
-58824
-40348
-45484
21332
48274
-4553
81456
82434
77558
98111
82111
96891
67974
30631
31947
-10710
26786
98546
-41222
3254
-5115
56585
-25357
22817
-52738
-96078
-23125
54160
80840
-10207
11083
-99735
-45304
-11223
-11456
-38440
86052
-64693
85470
46061
-73349
1647
47858
73247
28292
40561
19298
-36492
-30842
52114
-73789
11768
32689
69647
17208
-21782
20056
81103
77121
-68361
-65908
82293
20903
20318
71702
-82411
38658
34610
56592
13700
53478
-42562
-30752
68297
64808
-87422
6034
-40401
-6448
-7460
-31855
94332
-59043
-42558
45570
81020
-6737
-89492
7358
68534
30741
-33393
29226
-91200
-85645
-58941
80372
-62609
-22384
-97915
-50197
-95194
-53382
-85159
-60037
-25393
-15018
89992
-32636
64104
-97400
81799
58007
-87819
96507
-27528
-20340
21908
-83187
62473
67651
-55315
87066
-20165
40373
-59833
-20060
11261
5494
91960
-56740
-44682
3465
-18187
-76593
-93982
22687
7175
11568
-52524
25198
16991
-30850
64537
1515
-66112
-94318
9405
87524
25690
-68089
5351
-20293
66039
48838
-42785
8194
-12466
-47636
46832
-30032
-26571
14299
16361
-5186
-50444
-29990
25725
-32543
7541
34985
59082
-60636
33943
-15578
57975
-84383
10017
21333
94006
-73509
65491
-64048
-86679
32379
94809
-50934
28257
64358
-96231
-26879
-29247
63799
34731
84032
10881
-62626
-44824
-77234
-88178
10324
1819
60535
87119
-91910
57429
-17932
-8317
-42738
-90915
7673
17158
43848
-95804
-76005
-36046
46167
18773
75933
-84702
-45261
51051
-59434
79826
56735
42206
8448
49122
957
-85163
-993
-40006
-40563
-8513
-43125
63623
65604
-97635
-41956
99106
58373
46262
27954
7634
76222
622
-10977
-15576
72162
-37071
-47055
2825
1278
-90870
-77857
14665
-1734
-36976
-76658
60529
431
-34369
-43391
91619
51423
43364
96092
64725
-59755
46066
-65773
-85959
-31846
-85965
66420
-35971
-45935
44504
-87603
-56210
-20624
-53903
-63685
81271
99035
-84872
-14960
-14584
-18594
25479
3104
-94382
-41401
2730
-5464
49326
-73186
60879
-67172
-75235
62083
-97574
-99316
-35158
-69918
91221
99314
63788
-46956
62085
39194
21864
-18923
-3369
65710
88915
-99042
58489
88989
35316
8287
-4154
17448
-45912
-27557
90777
-52471
-70656
70111
-32893
-92288
26948
87648
9559
87227
89947
-50128
-93214
69344
-50366
32285
19704
82107
-10438
49510
-37847
15871
-2561
19611
-5101
-82373
94578
-96816
-69999
68186
60312
-79235
76881
40022
59771
41845
-45372
-12037
35630
55937
83438
-20972
18414
-21991
-1635
38132
-23260
-78594
81654
90082
2312
-61193
-5270
-29214
81119
85798
46152
-97188
-29788
-54395
-91091
3820
56005
20483
45142
-379
-37180
-61195
-52842
-96638
35966
8698
-29470
28811
69897
54320
-41718
-3168
-31882
94413
13187
80133
3061
96283
13727
45898
-74088
-12334
68061
-63434
-88272
48915
-20323
97808
-98092
46335
38188
-1015
15808
-88334
-39299
-35319
-50215
94816
48185
-21484
3278
97930
-93011
-98087
-63589
-9508
-93022
33879
-10713
29094
-54006
-83476
-75954
86837
-42858
61500
-72775
91725
-35867
-42502
95016
64646
89430
-97450
43281
-20032
11070
-36989
-41182
71685
-43275
12132
-62429
8313
55883
-30894
-9993
74496
-61608
-10036
71361
-55188
-27343
-71108
24868
-86879
39799
81570
-73694
-1400
76745
-23393
-50714
44972
-63207
-87264
77085
-30092
-64612
51557
-61250
-76611
-86117
34349
-98645
-17196
-53401
-72896
-56081
-92147
91370
-47847
13159
-36285
40664
-33555
-28802
-14676
2179
67676
97041
86103
-44658
-79757
15537
4037
47161
-97252
-36090
418
94556
-91677
-70448
-40482
77295
64037
-43639
6828
-54906
-5161
-85017
-38953
15002
42352
29437
-45956
46337
31476
-40767
-20184
-17600
16286
26088
-23602
-29641
86186
7534
-5147
-59462
65212
-95694
41116
73344
-35088
5949
81723
23925
51647
65955
62488
-85910
4042
83458
54770
-14676
-28793
-65368
91821
50
-97851
-34287
90602
90864
53853
-30771
78082
63240
82359
-49088
42592
-76960
98358
10243
51256
-3954
97985
96745
-54616
-9872
-68433
54108
-71895
-26983
92558
-4443
-28431
-71386
66192
-55350
-11095
95598
-33517
529
86214
-41641
45196
-83997
12551
77830
-19441
23820
-37879
-94866
-77507
92255
-23926
-14966
-78582
-79370
41848
50661
61929
-58025
-56715
-47338
-6121
79539
16298
51786
-11647
-17080
-83323
-21062
84563
8358
-41904
-40581
-88801
-97138
47855
-40717
35429
-67019
-63242
-73175
-29499
14185
54949
-26762
-58882
-74421
-77055
-29096
-49694
-39494
-82225
-11738
32024
-50096
-20240
-83939
39245
-44218
-71212
70680
-4999
-53325
69596
34526
-45750
-10383
-9328
-8746
48879
17952
-72263
-31915
23106
12100
-27491
-75048
-89454
71754
-35691
16269
17804
-44888
-96052
21771
-54650
-20126
-32490
1379
36393
62952
-69526
-28402
15032
-3555
-41922
67461
-27135
33458
-16130
-81168
63262
-76495
-34968
822
69096
13526
37895
57715
81594
21783
5577
53064
-1891
-49979
29439
-88244
-86187
-90870
-51791
-16737
15431
-67950
-36708
-45409
-82427
-69049
-60470
-69324
-63112
24372
-48500
26119
-49047
65611
-51243
-73904
-24276
-79166
-29514
43595
23465
-7209
9265
-80884
58568
6581
62589
1514
-64712
87151
18070
-19689
-66531
17129
3709
-60336
-79852
-15402
-99117
67567
-82717
87323
-72626
-49506
52802
146
-82539
18278
2304
-86805
84862
91429
-63084
26478
32994
56926
21633
4764
1561
-39766
52516
53683
82967
-34931
50077
-95089
9826
89956
-32872
65389
-39761
91834
41911
27595
-99752
-97543
72734
-98452
8765
54461
7642
76215
-19660
59396
52847
26623
-81490
-52606
28476
-44898
14503
-81135
-70899
16442
-41463
-68922
-43331
56105
-52642
7135
-94394
-52751
82096
-72488
26023
44776
91648
51100
10544
27834
-11233
52697
64173
-80695
-21205
-16852
-73747
-3601
-87703
-77572
99182
-68066
54332
-8413
-3738
87977
55232
-13178
-98256
-32996
67526
-70395
74706
24261
-57748
78670
8615
-28330
-82409
35276
99885
-71710
-60784
77245
-62995
-11963
-31048
16034
47235
57569
-15255
80015
-97591
53442
39019
-71518
61220
85155
44880
56784
-49942
-84790
76781
64667
82863
30286
-34059
-58336
-69205
30905
99315
58636
31625
-46136
11555
1711
49550
44111
97070
86761
49252
73273
-35455
-72768
-25533
-98770
8393
70164
-62725
-65011
-18611
62249
33888
-70568
-23321
-25564
-44846
-17873
66592
-69295
5543
51061
-58457
73889
-32072
-71537
-6546
59313
-35003
-23221
-1310
81733
67141
16221
40837
74771
78671
70340
79145
-35588
-78946
-4085
86602
21782
-59900
-74837
-69815
91940
-18834
91853
4993
-88601
-5104
69678
-7544
99981
74413
-11620
-10620
-52728
88964
63645
-6873
83194
55898
75054
25864
-71412
79521
-77655
41759
37598
22274
18112
4765
-33960
72972
13477
-52826
80287
-85320
-97332
-49044
65828
-57960
-58936
-12439
83222
93980
-68334
44472
-63432
-46591
64809
-13679
-86195
-2409
22483
72799
-54353
44589
-29247
-58816
44479
58907
-64368
-59623
41462
-98133
59372
10834
99994
30500
-24305
65397
47373
-99851
-50777
-71905
-79745
20475
55766
-95520
37700
89007
-2797
-49099
-99455
83503
88877
-31457
57855
-7961
-94032
-67873
-96415
53916
13920
31953
-59150
2901
31458
-56606
21272
60134
18555
-49680
-98330
-36710
-54289
72252
43213
-84100
-15029
82510
-82895
60546
-6785
67430
-83878
-84777
-69661
16282
41857
47619
95962
16209
31115
-69894
47380
23642
-7982
-83714
15661
-54550
46366
35569
-71629
21104
-89998
57595
-96699
13783
68611
41940
-97514
-21800
-75708
76334
57745
24632
86876
52034
69527
9381
-63111
-83530
-84189
-77079
-92418
26664
43151
-9015
-8424
-67750
-45137
38140
-94226
-67974
-36005
-20597
64246
-78068
-67061
-42942
37349
69622
-56613
-78064
-32258
-6680
73069
64448
-3572
24422
-19987
-55916
-67605
98995
112
54203
77568
59099
-59530
-35472
-41592
-89123
52558
33647
86542
98676
98072
-60845
-48329
-67519
98278
-55087
5879
3287
-11588
85963
50598
-71070
-94089
18770
72173
10228
-40246
-9157
-20198
17774
73315
-59876
468
-29945
-34708
91236
-80280
12284
18797
-78892
63361
22932
61838
89694
-67082
47631
-92038
-84328
-73410
33643
51360
40669
-43009
-98670
42195
-58047
-1661
-19293
-82735
-28242
-38517
-27813
-9631
9119
46910
74464
-63147
-8135
-15942
-73878
-19857
-33599
-52724
-66354
-91872
-53442
-966
80424
-74388
14828
-69699
-80411
20137
-58726
63564
-21717
-57754
-14047
82963
87205
-38617
-19711
67523
58798
-66737
32857
66306
-89959
-55913
-41981
43139
29659
-84422
-5366
53553
68694
-53005
33736
23557
-90430
-11618
1313
-36616
99130
-59525
94294
-98350
87137
-25390
-99834
65888
-78481
20080
70599
-41405
64731
21647
-26915
-67227
33063
72083
94229
62535
30723
-94543
33665
-80138
83359
-33174
8336
-44707
83408
-71243
-73335
-89357
16478
35067
70756
95573
-33880
-64260
14149
62446
-1356
48399
-74346
-74030
94103
-4282
-17024
94890
3133
304
67013
-96950
-82794
-75336
-74115
94559
57693
-37334
49386
60868
46086
35734
72314
-25293
-43772
-32755
-84454
664
9460
97352
88434
-15359
80489
-54679
-70464
-82510
36629
94937
-36716
-96170
-54064
-112
-33754
-54577
-37496
-2125
17359
40686
40902
48151
70826
-77570
7641
-78877
-87416
-95301
13857
-76268
-27318
33760
-11591
-58469
84703
-22114
5634
63521
47451
26088
-67191
92650
-79824
-54677
-44076
-80937
53387
-88868
-97074
48069
-17459
-88023
63884
9236
-66780
-31215
-32901
-42046
-64186
-49393
38696
72757
35658
88946
84332
-92841
-10397
-60984
25458
60763
11833
-35592
-33177
93855
63397
-50001
-90308
18602
-39607
-26061
36443
9044
57163
26323
-9308
8837
-54932
45311
-67678
73045
54728
48692
62287
92179
66540
-23409
26624
38561
1295
64323
13614
5821
-98321
-48986
-94941
23450
-10230
9446
68350
28076
55349
-52584
-70110
63875
-40485
11249
16129
31375
-84330
33677
-74432
97218
13283
34477
52040
-90541
58373
31294
62825
-70882
9913
60628
-50838
872
-8495
80822
13297
-42495
3248
-65838
-91189
-31486
-57567
-69487
76441
63734
85332
14149
89688
-38123
93813
-56961
267
-64917
44394
-98754
48391
-59432
11626
-38654
-50085
3568
4277
-9858
-94246
69123
30003
23467
1286
65142
-57683
-31815
27738
-36848
30498
14624
81651
21713
-8953
-15467
-47075
41468
-72801
36569
29046
41526
76978
-95637
-23679
-73721
-25939
-16546
75914
91517
37910
76485
-52815
42543
-99095
60618
13268
91551
-59820
-52514
5213
14585
-33204
-38710
65189
5240
34314
21029
-16957
-97304
56742
-72418
-46090
85062
44814
92857
58602
-16253
-38045
-70185
71850
41511
-74896
93549
-34525
85907
-17273
47447
-19503
18911
-5830
29509
10249
53665
92147
-87533
42081
-96497
-31695
23095
2751
83132
-68385
92756
-79747
-12930
-59053
-11285
-12938
-28175
-91744
76913
-31504
59028
-74792
-33541
36006
-66480
76257
-39787
1456
-15207
82418
52019
-84911
52910
-75221
-81409
17757
-90182
-70257
-25199
27141
-44707
44703
9661
44096
60484
10387
9797
-89960
-77388
44919
63023
10767
-31321
44385
6322
20844
-5043
-23797
91914
51365
-72461
75281
59307
-15958
80833
83848
66514
29900
60765
-23048
16950
96968
-87186
83128
-8739
-38732
58939
4709
54924
14341
-64207
93950
90967
86074
83971
-78177
55190
70889
93612
79768
-53384
-15196
-23472
77674
-54863
-27000
86208
-56483
-7473
5986
24860
39873
16683
-20227
42131
23103
-89862
-41140
-5433
-43302
-14589
-29456
22859
-23736
23339
71975
-49650
86247
-51540
-92973
-93039
6686
61732
-12254
-19884
96977
12105
17950
-27697
90240
-55685
33043
-99172
-78019
92722
-9896
-80398
-31224
41686
-9476
80715
35144
-33106
23759
-4121
-70744
93808
85194
-53270
-86772
40311
54811
35873
37935
-96174
-81071
98594
11035
11256
68769
70225
-89405
-37414
-58797
-7553
-5952
56337
-2292
72108
33510
-75913
23096
76013
3331
93137
-34029
-6423
76788
-19927
-1003
-90627
-65437
-40837
-47496
30336
16864
19397
2535
36704
-7461
69185
61061
-83285
-13892
-57553
85014
-68630
41695
-28533
16462
-65816
5423
24671
16116
87952
37534
66353
-82637
15476
-10370
56412
-72643
32490
99391
95356
-16292
58705
36293
26499
-8041
-80847
69989
26217
51517
81984
14845
-14464
-26863
60161
-27923
16101
3282
50375
66038
55762
18213
-73128
-28755
-87663
58401
-41236
-68965
-57525
-69705
5653
-96268
-48449
-16644
31480
-81166
97806
37717
93113
43150
62066
7678
51061
-92709
60815
92023
57641
23423
30114
-82357
-76816
-23154
-4970
-70914
72297
-71675
-29643
87250
-16649
45599
68155
31286
46177
6359
-25593
-70068
74266
68731
48043
8213
-26276
33194
67170
92028
-59283
-89110
90721
47163
-18940
66408
95174
-59858
-24571
-77235
75437
25522
18599
121
63138
-55687
77750
-3234
-54608
-89426
51956
94844
-81832
67647
65947
84212
-17955
96396
-52610
-74292
50556
36970
84365
-76674
47866
-18029
81399
59325
-97003
90030
5354
70661
24988
-43209
-14154
-70243
61722
43851
36815
49516
-89234
8659
31025
5237
-63306
11082
27934
72177
-5654
64812
-63677
-6328
-22971
79549
85241
-63637
-24803
-20365
17255
-37616
-95276
63425
58052
-66165
-36505
85824
-73670
-47034
63140
-74436
40294
-31011
-10504
54745
-97476
91928
-90714
-87519
47816
-7418
-36012
41963
-95473
-1166
-10049
19752
-58668
-33467
-99633
58957
92790
-12424
66886
88728
55030
-61005
14545
67074
-71017
-48249
79297
-88640
-7714
-72187
-35181
-9099
25337
-65223
-72341
47991
50300
68678
-13600
26236
25030
-94241
-34768
56801
2114
-65376
73556
-28586
-3831
74951
-9745
20970
25637
-55535
7200
-15377
86769
58933
22327
65738
-36580
-83209
85123
84697
-54708
78187
82121
-35327
22687
-52921
-19630
-62637
3020
-42077
-36
98074
29736
-18929
-49552
75843
60165
-11887
-15661
-15831
-56203
-53575
-23466
79805
27372
95651
15624
12303
-89725
-39479
-9076
-42309
-9831
-56062
-70971
28210
51156
-76325
-82387
26404
-19643
-66223
14021
27783
-38806
-69848
-3225
10567
23244
87082
-91465
-96438
50249
5567
-46088
-11874
59692
59750
56059
-47998
61048
21902
50674
-99506
46788
88531
-29982
84223
29824
64664
-23497
69731
-73195
62973
39153
84765
7659
8317
-60100
-69418
-87164
51175
-34850
87745
67525
5175
7050
31112
-20139
-22063
-1903
-76968
-83170
-70183
-87368
-12666
22385
5361
-85596
36636
31558
-35504
34738
85060
-20063
-59205
86435
-50928
-79793
-74205
-8971
-57820
-36336
46556
26381
-1215
-88881
-46475
-99377
-47954
-37748
78008
-27248
76933
82650
90047
163
-90089
-13820
67633
55248
70461
82379
-1064
20771
-52164
6347
-64544
-33376
68500
-40005
63279
-34604
15205
7315
-3365
-17658
86719
-19192
62988
43149
-9724
26355
73904
-20613
-18116
-20464
-24044
55799
61685
-73951
34342
24808
60821
34098
-86844
-79475
49790
-41288
11840
41706
-69604
-81517
-29069
-96099
-19826
45939
27962
37519
-49618
97238
75346
-80186
-84225
-62289
54476
-4010
91250
-42589
-85012
-69385
25109
25644
-84764
49202
-24551
-79584
-11416
-91722
86782
90636
-72018
9223
71517
74810
-23740
61910
68433
-33646
84365
-22677
93443
33117
47449
-90305
-15983
70244
34144
11366
-95269
-82057
22235
55081
-76247
-83638
-55872
98802
-85636
-35911
-87912
-16224
74352
-50900
84478
-80325
51402
21461
49590
-33215
86244
52758
-79641
52255
-11470
28032
-86089
-90949
-79696
98871
74561
-86998
91057
-35595
2383
-18841
-30115
-48563
-94870
-9805
67552
-92440
-99184
-89208
6458
95685
12232
-21736
8839
62045
-77533
-49862
39842
-57316
-84179
38446
75876
-53378
-97472
6159
-77302
2755
40882
67668
70452
-63730
53358
24450
81930
88480
22560
49458
99897
-48405
-48886
15098
73819
13846
-71180
-48773
-92811
39500
19264
5255
-17254
-67007
92635
45485
65068
-59645
-41328
-88478
4034
-1608
85239
-30707
-80858
2106
35658
-5330
78325
71116
-43497
48940
-8791
-13833
39634
-69317
19380
-92283
-17022
69543
7554
-12967
-27556
54015
-67167
18665
-63251
-54880
58685
-39398
-92048
14557
-84028
10231
-88961
-37496
50344
-52275
-17242
5664
81475
-57563
52756
-94249
-96876
-50018
15211
-46978
-19289
-22233
-76554
-92785
-80045
-39721
84282
-46697
-35107
-93463
-28891
94974
-74502
-98857
8612
-1932
25906
78161
-40880
98234
-87008
83034
30728
-77750
-35434
34688
-77478
-77404
2973
-29642
-23718
90359
-12326
-39537
-98411
-74328
96140
27417
-34272
-45311
-8079
-49708
-68279
13689
78216
-43314
29615
17180
38578
98908
-68498
-76841
1650
-30345
-28686
-94814
-52077
54000
-58835
-51638
70761
-7983
50147
-68006
-73553
50898
17186
-19227
64016
-93003
83408
-5069
47681
-72066
43868
93318
31819
-65838
-42090
96455
71270
46379
-85861
99794
-78015
-82698
-91799
-73637
68639
62474
86417
-49605
7835
-99004
59914
49627
-85812
-85501
-80991
-13893
-76861
81917
33550
96800
-6671
56700
68451
23256
-18330
64633
17118
-72789
25012
-44205
-62051
-11616
46066
88876
-48655
65256
-40356
99425
32074
56683
-76328
67235
68754
88046
339
-99273
-99881
70622
82698
-94394
4768
22076
4389
48865
49568
9700
19965
-11562
-85688
98043
87934
42343
11127
-5964
23208
72429
-14451
-6144
14640
34569
-88035
56912
-2685
98626
44545
90760
-92502
-68608
-53945
27137
60552
35300
-28472
-99717
-81727
70402
-69671
-78882
-42507
-28228
81883
-92693
-18198
-16388
36910
20932
-17464
-3571
55106
-22572
-31875
93079
12365
6108
80449
-51659
-34663
64027
-46349
-12811
-20363
-97639
-56990
39275
-25397
-75951
-88791
93362
69906
-39943
-52750
82048
78298
-93073
28123
-92379
-30076
-67967
-78091
-37152
26452
-23655
6569
77982
-21921
58244
-8523
-82736
99934
59485
-22508
3432
-57691
96026
-61636
80239
81261
-59662
-15231
-48890
79757
50282
-68393
92791
2184
82875
-97292
-77385
-25665
-22494
-25900
70714
15943
67524
80214
-99085
-49259
-84997
20420
56871
-56234
-21183
-20304
33197
21148
70712
-8839
-5308
17970
57363
65453
34448
-6192
-39067
-75960
-1741
32618
79556
97243
-62012
-12125
-4071
8392
-6033
77407
-377
62378
90089
53493
-44554
88337
-12658
-4732
-37573
-98133
99544
28765
-51226
-62594
40894
31901
-70873
-35183
76135
-42210
98845
49003
24905
-35516
28157
-97997
12515
54962
86107
91190
47891
-43297
-34024
-90617
-7852
-94013
-919
-64191
-18472
71211
34751
1320
-66626
63468
-43560
-39250
97520
-76940
73890
36305
-23716
-31108
88839
-1887
-82035
37337
4441
91808
-61019
-3470
33436
-81470
9849
-10292
-19542
67987
-48759
56833
-68409
49592
-37733
-50032
17218
-83635
-32334
-95923
-26748
-17938
32816
76281
-97032
-60207
97925
-79892
-97961
11792
8531
42991
21326
38789
-91040
-30938
-91249
-77937
14135
-85526
67313
32497
29147
24373
-3323
51032
85673
-68298
-4042
-39875
-887
-64059
59484
-78943
84176
9137
-16547
22965
-11018
-25228
-56768
77212
-76945
42952
69136
73672
-84120
-43438
50665
30593
-53601
30589
-40414
-97788
73695
7714
-63914
-93688
84951
-22557
-8239
-11492
40726
29847
-45676
-43284
-2458
21599
62214
75810
39810
64023
82487
-64664
-43020
15529
72401
59404
-81904
20923
-73955
-76675
17863
87176
7727
1138
91752
89740
-87888
82090
-65223
-31143
-47930
-5170
41838
-51641
-76894
59762
93572
-85559
-94427
83706
-131
-67302
64047
-95719
-94728
43605
79878
31541
23916
-96540
21152
-97817
86273
-16495
11278
83550
-62197
26744
41797
-95261
-40157
26781
61577
31414
64484
90586
55160
58520
-44737
-96271
-16080
-60830
80892
38976
-89570
28115
-57394
68562
-47132
-87385
-61487
-69871
76326
41378
87458
-48934
-33614
71020
8987
79081
33737
-33130
-37911
-49549
72974
39610
10828
15315
-89270
89409
31659
-24868
-42470
17599
86482
-62963
1910
23736
76809
82978
3102
31622
32786
53447
53218
90642
2942
64615
-49137
69632
-31700
-55197
-47055
-29849
-55073
-66273
58186
72189
-40197
18934
54989
21074
-6180
16077
87191
-37389
26323
-2875
85803
-43025
-31682
-77814
-1880
-17098
4931
-49079
-19830
-97124
-32919
-34498
37657
6077
-89261
-29205
-13583
-35525
70617
2020
30703
-23005
-32636
22535
53685
-60754
-44058
-95926
-84773
84451
58708
-93267
77490
-36070
71938
-68914
-54858
-95397
33145
-59941
-73649
-17244
26615
48546
51524
-88759
-56861
-20540
71357
8950
98283
57032
-48077
-28912
10556
48395
-58570
92666
99677
-41579
20378
-32012
66729
29320
-8769
17885
-4441
58738
13500
-85223
-46265
-50111
72296
-22003
43515
97686
-96828
-32057
-33296
42098
73160
-39941
73320
78669
45065
10728
97078
42117
2563
-82022
47253
-22989
-40567
-4344
28196
-8678
95430
94301
-51518
-84359
-66321
68948
-87870
43648
-3385
-43012
-4469
28575
46478
28187
-21105
67833
-21113
99887
-4442
51127
-92443
66320
-15930
80377
39121
52721
-78559
91240
-99046
76229
-60645
75751
48634
93950
-76953
-10392
83969
38832
-40579
-67429
51553
-3628
-92550
-47104
15061
25385
94356
-46306
36718
7861
-61193
42380
65595
-21270
-39487
40684
-81324
-67037
52439
20472
60227
-24051
-53214
47860
-23664
84259
63978
-92029
39272
-54767
34381
55318
-23255
-63238
78171
47743
67468
5141
-67631
19428
-38160
54322
51057
-21106
-40129
85979
42618
-23135
92927
95381
73481
10022
44535
-46394
-68788
1860
95803
15152
40222
76622
-10729
-14949
-90747
30261
85460
1233
87556
-57058
-73814
-79805
25244
36175
8450
-7671
-12186
6466
-26523
-34105
80006
87388
98055
27499
30669
88823
-83990
96082
-64019
-11236
96177
-32438
-46439
12556
84162
-46030
73849
-20931
-82026
-87234
51911
19106
7008
58391
-90423
-27421
-30185
14687
-90261
-6548
-7134
-18158
-8776
22113
-94305
56968
-38603
-25873
-2480
12567
-36198
-32834
19427
11029
82414
89731
20829
-47429
95998
-31567
-45150
41765
-28167
-45553
29667
2101
38443
51109
-86364
80280
-2924
89296
39913
-41120
-86172
51061
22973
7249
-43818
-20462
79774
25463
83558
560
-5304
-6028
13360
-7115
69148
53528
54887
-76906
-20883
-96535
-16594
98665
-1304
-77438
-23530
56408
96413
72919
-38923
58161
8110
-82282
-54561
-79333
79634
74089
74628
-44380
-10297
69016
-61914
61237
-42862
77644
-75787
2919
-93964
-84242
-98296
93486
98347
-49170
-18374
44659
-16223
-30816
15839
-13440
27573
91136
-76830
67861
-64731
51670
3132
-97129
44117
2997
39123
15592
39934
-60643
-19731
15314
71094
-99136
87503
4700
75159
14370
9526
-41793
-49777
-64423
-85519
96499
70340
44724
75161
72738
47202
94392
-43473
-29762
45762
96005
88272
51822
28600
18328
-46249
93603
76025
99434
44687
-54839
86823
-78859
60115
-88038
-65733
32022
83205
-82420
15182
62798
34791
-32085
7748
60962
19289
-58239
-11883
-43677
-37329
4145
63865
-92408
-79378
86115
72048
-77449
84580
-79207
-46165
82530
76513
-77856
-31142
-93298
42389
80035
31955
15151
-25145
18266
65372
-2640
-64720
75167
-1195
-88946
94706
-2015
96837
45476
-87624
22577
-88897
69633
-87509
60410
-87760
30773
10445
-31474
-68984
72683
-83914
14875
-43965
-31568
-43927
70268
-46189
-24750
12179
-29140
69740
49443
28831
-37675
-67861
-26659
4088
-51898
-88156
-52321
17820
-57596
96711
-9642
-7974
-21065
-13267
38967
57128
60357
-78651
-18200
8035
31420
-70378
59070
-71773
-15959
45168
7841
-22342
-99578
17203
26316
-6262
-97329
6843
-68175
78208
-91211
-3033
-40711
54577
52844
-13563
-56855
3023
34847
55515
80288
83783
31043
-2220
34493
96891
82569
-5114
-67555
-77097
-51539
-58404
52738
4370
-79188
83365
63247
45891
-14638
-47177
-71889
-29347
-88015
-18879
-37674
-17847
-89938
-68243
84256
70239
38645
-31058
-84907
-51008
-76532
-74389
-81202
47250
-41083
-47481
-99215
80665
-75506
-60467
-93417
-44625
-8990
-23051
-28401
-38496
25378
-58475
62716
17188
7486
24231
52249
-20231
28877
15795
44701
-44323
39741
24665
90810
85669
-32796
75197
11903
-80387
81845
-63665
1117
-8579
62990
58293
94918
-65821
31725
66264
82417
43123
-8573
-9528
-4870
-31128
28577
-65203
-56153
-52011
-10481
-96949
34310
82269
71676
-97455
-80847
17227
7567
99390
-13772
36175
-33573
89872
61637
38614
1394
-6838
-72655
-84731
73040
1729
39896
68881
-88136
61956
27855
69693
56861
99174
17187
90993
-58506
76906
-65603
64884
-29644
72201
74145
33542
-79920
-74910
-25840
84061
25533
23743
9870
-72326
42941
25279
81406
3814
-39536
-99802
75881
-65906
-39801
19069
19997
93496
15542
-86553
7090
-49759
-22777
-70014
-93592
43317
54315
-86858
7468
-6294
-59156
91293
-17671
77690
-95905
-51633
-68260
-63237
90997
-75511
-15984
-68196
-89744
-54535
-34937
-22018
-46798
-22232
35786
-5396
-19856
41476
-34633
-15815
-2874
-26871
-65558
-81163
-42139
-45300
82743
19403
80423
-82396
-88301
-59654
-81917
20149
-45806
-99154
-32228
56154
56202
1595
-93196
44910
93911
2741
14141
-83721
22648
-20626
50384
-57168
84823
-51571
80951
2866
3878
-3513
9892
-69570
79973
49661
24709
4777
-5504
79474
9199
10213
-4908
1703
69943
33767
-44590
-36011
98336
91642
14076
-40505
-53266
44064
9741
-55727
37593
12448
-40459
91120
34205
-52751
46594
80000
-99794
-47679
33370
35284
-51767
12898
87909
28341
87910
-9646
-77817
-43334
92298
-42715
-20789
45633
-81672
46289
-43301
10247
6919
-98922
-35028
69482
15183
70024
-5642
79608
87997
41274
53089
-13069
-10425
-16887
-76997
-70748
-83655
-75582
-15386
-31144
-9683
90609
12047
-33861
73816
80903
-45992
-23664
5249
-26649
-52456
-92341
-29106
92685
-56456
-57461
51959
46683
65086
-90377
-73189
80642
89574
-79820
92849
-22519
85356
-50496
-169
-84355
-38169
-32082
8902
4853
65295
-74754
-8345
1153
-2273
49368
-68354
17327
-98730
-81883
99076
9593
58519
-27893
73876
-94962
-90320
-68733
-97605
-13125
59959
-60392
22194
-45962
22992
-78658
-21593
80391
-85492
-21428
84279
69908
-7188
-74921
30393
70663
-97917
-51027
47924
-70370
-83463
26155
-87312
-16562
-6164
33659
-91350
3669
-26064
-29906
-75359
50779
-74377
-73486
50509
-45564
-77556
73968
40303
31253
-3783
89285
-25405
-5440
-10935
-29094
-69997
-96691
90728
-91038
-64539
55399
48358
2287
-13611
-92735
73946
52466
58813
98787
2595
-63923
22224
87253
-78966
-71914
-28538
16934
-83517
69483
52465
65625
73107
-80211
-34193
41965
-9077
40923
-89032
54088
-39502
24075
-25577
34623
99521
50310
-17546
11781
-58681
-46911
24914
-27923
66733
7540
-85171
53981
-9324
-70695
-3934
-64815
72858
-99517
-71245
-5111
5692
-33063
10558
-3439
-36203
-74515
45422
70251
-99579
-74883
-79090
-18598
89261
85317
-80744
55565
23254
-86530
-42836
-89817
89393
37559
-46756
79591
40057
92239
-88732
82425
-54347
-30836
85111
-76136
92761
60636
44404
86238
65740
-58523
52599
4585
93829
39563
82444
28460
-26290
74814
-16833
-63537
-91541
-65412
89935
97796
-25196
-46422
-45311
-95256
-90083
98891
-92208
-95471
-67018
-26598
90817
71418
-75121
-26422
24981
85256
42644
-38248
-23208
16312
81878
15945
-97193
47912
10889
-91322
21934
84222
61994
-85296
21055
-57735
64761
92065
-8449
67282
-21020
16161
22826
-5170
1092
-98623
-40425
-54877
-14464
-44488
-15002
59844
-14961
17816
-63211
30347
91932
-15348
10610
-11774
42882
1392
-32981
8911
-19210
-44467
-40511
13689
86020
32048
-26533
-48741
-11982
64357
-49929
-45852
-54399
-46699
-32517
-42937
61905
-11399
77354
58054
-69532
3130
-23950
87959
94651
15207
-71839
-96208
8092
55826
2808
30580
-72203
9480
97688
-83462
39323
-7382
-35431
78134
81771
-45012
-69958
-122
19153
55338
-70926
26395
17703
83682
12069
60546
-19723
29522
-81038
39438
-39465
42671
29609
84324
-98500
24703
97498
-71773
48202
53140
-94840
-41491
48607
-37979
14205
47383
50163
-64118
-72137
94889
-1895
-52205
51200
4818
-89756
79366
38171
-40725
-58138
4340
7706
-42906
10580
-74889
-44403
-72173
66885
33610
-49963
-44466
2649
56581
-20586
-30839
31735
-70925
-11765
-84494
-12626
85458
-28813
87104
81021
36582
-42455
-42017
4206
53114
-13423
44278
-27236
93428
-18322
61329
33686
-29804
77201
76912
53404
54537
29548
-38549
33478
-55696
-123
-51520
580
42410
11910
-4485
88576
-67432
-6159
74561
-57440
15157
62064
18872
-55961
-1327
-98678
-59626
30075
-13402
86578
83397
79937
7321
38394
-32144
-97756
20814
49061
41069
-23115
82792
-7975
-83833
15341
-11620
-17485
-7066
-41139
-23568
57845
46557
-13530
-66602
-21542
-37488
-75019
97247
4747
62656
88998
48926
-92182
-95243
73465
81690
-8822
-55097
-82238
-89169
-86526
-75960
60938
-50943
25303
-45615
33620
31390
75350
-23256
63610
62959
77379
81099
-13323
-61157
93035
-29092
37179
-24839
-50858
42024
68610
-23569
2777
-97707
-67997
42988
-86968
-67416
32218
73150
87368
46129
-15894
1872
-11455
-43116
-98851
-10748
-29581
-58444
-94487
13993
-9696
36669
-21586
-18791
42791
2958
77596
20658
-34127
87746
-40526
-62417
-93564
-29862
-43039
-94942
-99339
-57528
-10417
4048
51514
-41702
59511
21417
-33507
98625
-2963
89186
39757
33662
59391
-72591
82575
-32408
21111
-61660
40530
-63652
84094
3551
90271
-69247
-10725
66352
-82385
-54538
-18856
-99824
-25002
72539
-26107
31865
-53474
-68487
-58410
-97442
93807
99215
9959
6028
-64663
-78854
-62559
13787
91028
33728
91188
-29168
86959
-1928
-80956
70355
61989
93274
26784
26631
95069
-85345
-82195
89867
-97232
-95532
-45215
-95283
-25610
37441
87659
-3578
-73479
6832
1584
-51627
25035
9628
41201
-26884
-89996
31864
68616
18225
11587
-14824
77009
-74078
35717
-46336
-27098
-71799
-85932
-14904
20162
-31577
-60025
-86296
-38777
-31328
48775
-44314
-38374
58418
-76287
4889
80812
-3885
61879
85720
-5100
-63001
43634
-76668
49624
21979
-28334
-44113
25611
74209
-79803
53928
88144
-85944
-81642
-58907
-75972
88374
61149
8267
90650
81989
-25707
-77668
-19832
-22728
97546
63101
-16514
16729
97585
-59293
-14353
38320
-54382
16026
36808
71777
78048
-89038
35861
96483
58409
-81210
27331
48345
-83736
-85526
84544
-33905
-38536
-3344
46334
3474
-92765
41495
80919
-24084
6233
-61679
-16949
-50694
84092
-47248
-37020
44524
86424
-57364
-91782
82393
-73744
-3629
-72557
35837
52403
1101
-58462
42960
70286
88395
-87632
-78077
75419
71948
-26344
