8700
-13797
72262
30050
-59998
-48815
-18963
70268
35752
76265
-1745
-63604
-26239
-92230
62249
59165
-9041
-15530
-11374
77993
-55372
82604
-60747
18431
-7134
-15283
2633
58016
76414
-70325
69422
-50646
21904
75710
-12089
-340
-48822
69920
68526
4632
-21934
26072
-54056
-39018
48814
-87276
31559
56885
79627
-60977
15078
-92548
66090
91698
58756
15007
-920
-36074
-32592
-9395
79208
-34136
-19923
89766
57183
-45850
-56430
-1526
41403
48006
-5119
-83891
64817
62453
82369
-89530
98850
-43588
15419
13959
53353
-65473
14094
-23449
-10045
-1440
56975
-72966
88219
64
-91424
-50846
-32462
-40282
54123
66239
5352
58872
-99588
-93054
8873
72805
-34311
43295
29239
52197
-86722
-83103
10511
-77992
-18599
42903
26875
72779
-8673
35948
49652
86746
-50391
-52140
57393
97327
-12114
-43934
-14192
-11544
-87874
-69833
-56544
-13609
-76199
-21610
58505
-31517
95850
-17006
64792
-4853
-37597
40680
-80469
4939
-30090
41321
59701
-63849
-94227
85456
1711
99908
-63130
-74446
28892
-97978
-13841
-3949
-71945
96148
-47750
-37356
6650
-21464
-53059
-76790
-44083
91298
-57943
-35157
79434
-50932
12548
8226
-26263
-40328
11877
-93822
85901
-43578
85451
-24234
70890
-20414
72411
-65193
-85551
-46678
-9291
-23625
84185
-93939
89266
72922
-59796
-19506
99515
-16284
-59029
47240
99913
90541
27007
45515
-23628
12049
-11139
98629
19194
-80795
83829
-6275
-84529
-26428
-94377
45304
82267
88135
60227
-20418
92181
-81325
22892
-56522
24634
71627
-55897
-45906
-2135
-7706
-64874
-80905
-57890
-47524
94059
14637
-97783
78779
1243
-29419
-24758
41494
-27102
74335
-45236
-33508
83756
38666
97659
-53562
-69273
7206
43939
-94102
18467
-7435
-97946
-57683
3042
13931
-97958
89366
-77182
-69675
-80643
20733
43652
99094
75029
-67614
98872
-1268
-65367
-16999
84871
40464
-5611
96803
12252
-22948
35918
-16679
9904
13192
65459
-70015
-67470
-72787
-22261
89667
-11121
73450
-53023
-73419
-53213
22149
-48583
38419
-36356
-35671
-45778
43530
-21754
-56435
-11543
-69709
-56039
28086
57088
-66915
-55524
-95981
44329
81475
-58796
44933
-42663
94685
-42099
-52990
-58435
69650
-35165
40911
-39340
75082
-42707
-1750
-51801
36322
59399
45130
-44314
39545
85243
-74626
-12191
45415
21452
-30670
-57825
37966
24158
49297
93982
-66232
30085
-36412
-7000
-15488
46312
-14696
-30705
41628
-50415
78141
40069
-11816
28117
-17302
-44454
6830
47195
55838
-82094
-66767
27082
57090
51042
95994
17363
-26133
9799
92025
-69416
34555
69252
76397
91127
-94362
-59722
90734
2040
-12206
-21483
-57305
-4337
27416
-56951
5602
40909
96424
-19866
80828
-22423
-12215
-49402
46903
70183
18557
-72574
52654
65699
36738
26893
79203
-67780
-9355
39980
-5964
-44256
51666
59670
-32979
-24273
-83946
62820
12855
62350
-51707
92660
71853
-96373
46920
-11872
80207
73896
52142
98262
-77489
-39930
26643
-18988
-84215
66736
-58466
-45629
61072
94400
-79388
29293
-95773
-93775
-53974
-36709
-70465
38595
-47609
64271
75150
86533
-75544
30170
1853
22850
1902
-82468
-95829
69962
-39054
18966
-58499
-74724
-75224
27117
48014
59245
53537
-40450
-85500
11799
72298
98712
-98818
-95007
91026
-62054
50217
-24921
80585
40490
-62286
-68314
-70428
44047
-73898
22758
-89219
-19348
29524
-88060
4472
45338
32644
54235
-91424
90912
-67774
87055
-88017
89938
39938
-25163
-75988
-5693
58695
1122
-75281
41448
-21841
-11441
67968
-13622
45094
51174
-87778
-83225
97531
-45525
-6245
-1498
-9969
57482
-2396
-22858
71337
-27463
-161
36866
86247
54601
-54995
-45998
-83248
-69937
63439
-38911
78020
-86167
7780
48599
6996
94703
74320
17731
-42834
11448
-56391
14966
63473
-15226
-23189
-29410
-12001
26511
-75556
41597
-47568
-55895
40265
-83482
-95037
-21295
63550
96020
29168
92695
-51211
67495
43897
-6742
8470
54076
-674
-26820
76573
-23193
-10097
-66671
96922
-4592
31996
-75799
-87407
-68633
70473
-21816
19201
-51195
-31011
21791
-64574
23584
55322
43800
83655
-22101
6567
323
57540
-18232
41896
-23592
-1431
74027
-39089
59816
-28724
-85748
76
-94235
73124
-61944
-62048
85514
63537
74773
33871
92328
76154
82208
31860
-61745
238
49157
-15698
20693
-27028
7914
-65608
-13946
-27874
-57927
51223
-14168
31040
53624
-29972
-33687
45695
-39738
-46167
19559
-70532
29556
-49440
14236
21807
96253
13367
-73883
14120
86052
46136
-19155
5617
-70231
81669
74298
92944
5351
-55191
-5292
2281
94861
-17527
-76531
75839
-6538
-76103
67442
-95333
-91416
-1045
-59124
-34875
-93594
-68350
-83181
-61329
-44302
-3068
58864
88242
-95773
77486
72173
24752
24478
-80798
14780
-80040
-18764
-54724
-50719
-41209
77912
-92798
23548
-42420
27195
-94343
37815
86212
69638
-75244
-29880
-53980
97715
-28088
-39069
59861
21385
-88453
28416
68858
-20366
-73702
-81660
17037
-44102
61066
-11377
-12697
89574
-89482
27745
67678
-13905
-36729
-13783
33096
-94566
-46030
-62100
-48866
-14475
-56086
-75762
-94980
-54161
-9609
55105
-80571
-45035
15839
-95289
-44892
-58587
-61120
13797
-57555
45649
38079
-34074
-2719
-58159
-36645
-91640
64721
-32667
-42341
-49912
-63719
12646
2214
31365
39374
-47480
39921
-44653
-89742
8367
62930
-30305
-58524
42858
-87948
-8582
-46251
-96368
-2461
30212
-19148
-88139
89351
63862
-16916
26569
-82962
-9269
-82173
33998
-9662
-34356
99299
4789
2074
-95497
71414
99796
-57877
-58165
63530
-43771
50335
-81037
-19756
-483
2814
-71732
-25552
80775
-5111
43733
49095
13949
-48538
51890
-42839
-24158
90100
69021
27866
-30081
-24384
-77974
-95415
1945
-81391
-35852
16443
-36949
29918
-2455
-20601
-65082
49824
816
2682
71809
47106
37810
12314
51166
3380
-86452
-27960
6586
-83106
42191
-19585
-30416
66354
79026
71801
89292
-95334
7381
-19472
-20313
77009
23218
-30911
-3868
-19123
8162
79917
-76283
84570
32266
62202
44203
-38974
-7008
6647
71784
-85400
-31971
-48612
-6206
89077
-38143
95887
37703
29289
-66114
-20989
3784
-63661
-24574
-2885
-66317
-4708
13796
-70611
-40687
17213
-52694
-62655
-27496
81937
-41099
11128
-69394
70597
-23670
-9302
-79109
-11733
89341
41320
90345
55726
79484
-14848
49083
-27552
-49995
48030
-56569
-21777
43685
-63921
79505
85047
-95810
89441
49350
-56655
-27340
97895
87506
53320
41829
-77415
-14754
5580
-72797
19544
93929
-45377
72927
16206
-65790
93389
7859
-8908
-1569
-83110
-74869
-7315
-12387
48819
-85711
61008
-29035
92838
27189
-60349
69719
-65363
-32779
-46526
-52538
-15291
36878
51071
61840
81821
-86561
-65756
-72760
-71574
-98185
67188
88097
-42409
34011
12431
63625
41114
75829
-82028
64287
-4638
-6245
-19808
-44461
20332
-20421
-30923
77209
80757
-88479
76215
-87862
-74934
53157
-97521
-53481
-93637
60212
56946
-8598
-25554
30393
-11076
93915
-32305
-78425
-20874
95499
32549
27110
-11145
-75295
-58176
18967
-8794
-66145
-62066
-34426
28765
83168
-50610
-99029
-93335
50544
18140
98205
-73554
-11896
-12566
-33260
-26776
96036
19151
66649
-23028
-67325
-86151
-75828
-98612
41659
-81217
94161
10554
6518
-23791
-1511
1860
52492
44433
-23096
27549
53119
-62726
8648
-84547
43277
-64130
-75478
67198
246
18159
-68748
92519
80586
28371
27403
68166
2733
-57702
56638
34166
-44437
-46933
16236
-76223
86834
18970
-7212
67486
-62672
1910
-63049
-43749
-60982
23360
80620
85910
53621
18742
28096
20389
79157
-34868
49287
-85931
-34384
-50628
28484
38800
5358
58997
-59216
62424
-60368
63215
-50069
54832
-59990
98014
-55620
20953
-92643
-97788
-38586
-57543
-88235
-54239
-78006
8537
72764
-14970
-4525
-33339
-23142
-52920
130
-78122
-73430
-11889
96950
-17716
79450
15374
61847
-63531
-79202
89357
-19968
-64597
-61775
-64351
12295
49817
81897
-11458
-82390
4765
-89995
-55645
-46121
-9239
1078
48883
-26089
91076
55416
34724
-56935
83278
-92084
28880
50967
-91872
-54525
-5847
97575
29969
-3447
50506
24352
-6442
34779
76712
7399
-80959
50022
-38553
34901
-35350
54590
29065
-26362
-86869
-29193
87169
86273
-16956
-3292
40742
-18369
92895
-56598
25603
3610
5935
-83201
-39029
-58349
60593
-4795
-50967
88832
43349
79485
-53130
-67952
-26442
-50263
-11004
93629
-36541
66755
-4457
18765
53634
19283
691
-78140
3883
-4943
-85423
57833
-92368
36823
-46229
-18509
-3876
65506
-67594
18000
53465
90277
22192
-83373
34956
80298
15631
-81288
70043
76678
-15015
36244
-81202
-4648
3026
7006
40211
-76322
-24881
70099
284
87155
-54423
-36597
5027
28777
46605
69206
-54323
-24257
77105
-96110
-16404
29119
-68447
71117
83295
29751
42359
-90607
19348
-13807
-41367
-28592
65902
2513
-71492
7149
18561
15211
-49257
46501
-29062
-53377
83570
-4520
85468
56626
-22611
-15048
72485
-64790
-84931
-72435
75599
99302
-84159
96546
40818
-20489
-23949
-84209
78279
8606
-4166
-17948
-23225
-25276
-80421
53359
35569
42320
42896
14315
-22805
-45784
-12111
49477
97792
87880
-88433
98315
-87160
12280
-97120
-56140
613
-58067
30740
-54714
-279
-54850
3526
85672
17429
-11327
82958
79236
-37571
6786
-76429
-89704
70727
-88609
22142
-21670
25106
-5693
-38871
68934
-58573
-73347
-33354
97477
-89766
-94148
-68451
15163
14163
19113
-29667
-19155
-79896
-6367
-97676
-31794
52836
-8946
9386
-90971
50995
-19615
-53817
79900
79398
-58130
75940
-40090
24210
94307
91231
-12722
59224
28134
-3416
62105
69183
62603
-7944
-96936
23932
30191
40930
69516
56724
-24524
11202
-98123
-75240
-53672
28945
70585
18127
-53644
-44389
-26578
-61198
35407
-17081
-39484
-16879
77789
12885
-9902
-27757
-64809
-52505
-28805
-53286
-47496
-57162
-65476
-1531
47569
-83483
-6954
-41137
-7543
50610
52306
69205
-6155
-79799
-78154
-24972
70736
65203
96194
-45104
57495
34027
-28121
34674
5828
30097
-65275
-43831
90276
-43912
16607
57937
-39209
4698
-55842
22161
-16924
-67861
-17346
87038
91766
-53686
-12903
5757
52535
-49068
-68978
-89338
82632
45267
-38834
35492
-1446
31700
76547
-54951
-66068
-94762
-4003
26974
-94047
-96930
-48454
-64377
-78147
-38552
-92624
-90619
10364
-77576
-3910
53766
-6193
4878
35198
-65481
84788
-38409
-88073
-77591
-30480
-21184
47876
9809
49388
-43962
-23156
-45654
-8214
74665
-3636
-66379
35874
7391
-6210
73056
84029
87972
49639
-36987
48685
-67377
-22338
95625
-98841
-60544
34228
-50651
71934
-97994
-74780
51841
-7395
-707
-73319
32508
-42015
-94780
-18506
-33464
-57903
18253
31366
-56333
46523
-55363
80225
84416
-14484
49427
-18825
92148
20939
93046
79548
-63316
-29870
98406
-6864
-74389
21162
-98475
96202
78130
47715
-31537
-22528
32264
-4979
-46125
71606
70873
98741
19014
81344
86843
85631
86141
-54698
50315
-71523
-72136
56851
-23946
5801
45871
84329
-33132
48997
-88508
95654
42478
76492
47127
-87013
61856
29908
21816
-46482
-6118
-28221
71223
71486
-34496
-10581
-39720
82030
6002
82180
611
-2031
-2778
-72220
-78121
-56720
-63632
80477
-93570
-98630
80867
46131
4316
84489
-20270
83192
7553
77709
-33425
27270
72382
-5481
-96811
66777
22580
18948
57825
43015
98504
-84028
-13829
81436
-94606
8070
-5261
-72874
-11851
-68798
-79034
-91527
56745
-80862
-73665
-89904
-84108
51726
-36422
70722
-16361
52562
30788
-30643
61924
99246
92766
2913
-54898
22203
19872
-25701
-79207
-2571
-12805
-41252
-19728
89321
37719
89798
72341
-14084
14299
-51181
-10125
96789
67338
14481
15247
28200
-43830
-43586
53725
-73824
32129
53884
21487
-3544
-51432
-83023
-56632
-18345
38689
-75843
-87345
-91082
7317
-15271
85599
91758
95286
87625
2043
-89709
-24237
14077
41247
75207
73450
-85558
-95183
30028
94119
-14080
-20138
58474
-47093
-73817
32162
28217
-48024
30619
-91737
67468
67017
64449
-22226
-99590
-51538
20133
37316
43594
79284
17394
48939
-5126
-62765
-1140
-69454
63788
-14270
-41074
-24289
34926
85173
-60325
-23608
13156
39750
91619
75073
-88619
-84558
-19020
-62545
-39858
56378
92986
-82949
-61706
30697
45781
6435
49712
45045
31829
87594
-66586
95935
-46635
-52817
30329
83189
45681
-37668
-17022
39447
98149
19189
32195
-4586
-6653
-83824
64303
-79144
-50992
48356
-69486
74137
58556
76025
35230
24747
-12419
-59201
90516
-88418
-20217
-60165
39947
82810
-68822
-24740
48416
4137
60871
-63700
92731
73266
20272
4706
-81927
99296
-76964
47572
-39237
577
69443
74441
-66293
97290
25116
-13844
60582
80856
11185
-5027
-57174
97745
77339
32098
29405
60841
-83296
13051
-70313
33409
28773
-71341
-67442
-66903
80657
64146
25340
41862
705
12688
-34513
-60593
-81631
-29597
58860
14129
-64787
7193
68225
-85933
-22844
98753
-46042
63347
-91738
-59740
-45489
62383
-11510
1169
68305
31904
-2977
78806
-25362
-91551
-78115
43787
88831
-75731
-16250
-95672
62269
33702
31486
2550
90923
-17486
-54716
-69309
53988
33024
16716
-98897
-80388
78825
18875
29188
37014
9265
82302
6882
-66174
-53524
50183
26168
71504
62973
29094
42319
-85962
19066
-3968
32128
-16167
73323
71022
78854
-18949
-54926
7348
-914
77634
-93052
86236
-63637
-54239
85397
-8658
96134
-46683
-28078
-75313
22770
8990
96712
22388
-55043
15208
23714
-60223
-71197
-44907
-20273
20738
-22659
16057
-35646
-96764
66135
-54575
35603
-73647
-12194
69200
45315
-12409
13048
36360
-48931
82452
-58450
-32719
93047
78864
1412
77786
56536
21943
7210
84457
-96973
-93310
19531
-63344
80466
11424
-15678
142
-61810
-42730
79596
-14753
-90310
45680
-13416
-3902
99360
-61661
-54949
-22363
-1117
-62975
63873
1070
-82428
30295
71710
-27096
98239
91494
-63934
-23736
29589
79612
33610
47068
-98907
36015
-27949
-34225
-78476
-36234
-40502
-59173
-756
-93596
43807
16459
7104
-43198
-94568
-51796
-83443
-82233
-38398
-83312
-12837
2806
23938
77246
96739
43669
89225
23673
30316
93061
-90650
91755
27694
86147
16949
74798
74455
91194
-79819
64952
-43349
-43262
-75465
58656
-54266
-72199
-81165
-54127
18237
-90244
93941
55690
92003
43331
45620
48335
-87385
-33130
-83709
48943
-82405
34480
15713
68851
-34353
86767
-93333
-55072
24092
-90892
-13775
-73431
59325
-5027
33445
5301
43863
-61988
-19729
-30776
7769
75956
-34914
-79600
52478
-75376
89658
78543
-11793
-9792
-71947
4703
47558
-10544
39040
-29529
-66130
7559
-5895
-61287
-2906
-79815
-31743
-93275
-83548
-49975
-97620
-63875
-33450
-79105
61586
52358
75843
-14526
67074
80600
41808
-17998
-4842
-32462
-64929
-66972
72354
-55107
18
-18117
17670
57147
-95891
-80097
-22877
10508
65946
31773
73066
86429
88965
-18981
6352
-75603
27496
-61450
42398
-29251
-68639
-56198
-68188
-76396
71294
15229
40526
-58772
-79973
17368
76622
23933
60259
-57917
33593
92515
-60302
-40564
76590
-77522
-3941
-18252
-8272
28678
-20987
41510
-19371
-56839
24944
-23083
48856
14755
-47786
-20559
19657
76985
85676
30085
-1693
35762
93511
-87824
7678
-94446
-75620
-97410
-97061
47379
63008
-2334
-27171
-50573
-80818
-12462
-98089
21589
-87481
-33473
31680
-42284
-46189
-76816
29443
-63893
-82555
-69382
22835
-23430
-99011
-42338
73244
-55626
-85369
-43201
-48971
-69328
6497
21886
-43791
33216
-46822
-27980
-8652
-29106
76822
-36085
13603
59068
95022
-73863
14612
-53837
41524
74778
26021
78409
44372
75817
-96472
-27508
-94634
46044
-43460
29294
67583
-14567
-74313
-32115
-63209
-80552
-33601
-76707
74438
-9642
14264
-96972
8216
-50510
32791
6513
-24928
81705
57301
-79350
27384
99753
-70912
15217
-11162
93331
-6037
-1245
67738
-82862
18054
29197
-70508
-87405
-85304
987
-7774
6048
-14904
50398
-30713
10269
55468
-86056
37239
-14371
66680
-67033
80895
8673
65480
11276
31042
41327
-20775
-31656
-31330
48268
-30463
78962
91246
73878
76351
-17337
-57816
35904
51309
17358
-12699
-92886
-22574
-91465
-21503
60124
-20268
15343
-43304
83935
-87734
-37102
-84431
74872
-25488
-82002
82743
10306
69108
-62480
82978
14247
-36179
13806
-38027
94586
-24149
79888
800
16244
-31959
51611
46533
15946
44831
-32292
-37544
-99673
85556
88557
80735
49931
55633
29031
-74535
50751
49425
-43996
-8261
-96588
75348
42991
70997
31352
22003
21067
5907
-75116
90893
-36899
-31648
77124
-62144
60918
-46683
23635
-84108
-9215
-34321
-20845
-751
83078
54383
-88330
36368
-26280
-40101
-26739
66223
-10783
76465
-74150
-41794
26632
-16869
-13805
1879
-93572
57582
-45130
55147
-59232
-47604
30467
-58249
57491
31466
-57637
24981
96154
-51924
-7693
47214
2349
-63124
-82891
-44595
-92005
-79590
59891
39567
-28262
-83459
-41976
-43465
-62929
-75752
13773
-8738
-45898
-77528
-35083
83335
-18673
93193
70662
-53296
-61851
68535
11060
91653
-77540
59378
71644
-9585
11095
-74244
-74278
-99190
-51933
3132
94599
-51916
-40829
82885
-73518
-82112
53208
-3408
32122
-59765
-84435
49189
-96091
-16282
-77411
63033
-37664
44625
21985
22769
-43916
36937
41018
-1435
-55071
22585
-19145
16384
-85830
-3124
-41436
94308
78364
24290
98959
-59414
-17460
-43424
-40968
-23417
-62868
-37342
-16492
-86326
-45670
83020
75134
44353
47334
30590
-31237
-28164
68845
-14107
-96984
65513
73814
94126
-61182
-43042
-21911
-10602
-39342
28086
-15673
-41507
-11277
95314
88906
32410
-8575
93121
79226
34279
82144
78586
-6680
-78020
-38490
19014
-56469
-84967
-12826
-38469
-8716
39773
-34790
-69662
46480
85300
38508
87994
-50181
39790
-5919
48406
46747
67306
-22878
-54815
79392
-62735
-77079
-41982
-69003
-7201
40837
81050
60707
81595
-38007
85418
-35261
-63128
23831
45330
-52770
-18379
-96764
-86796
-541
-47729
19304
-75529
6595
-82986
76741
-37912
-63699
-9396
-47150
-3718
-40671
-12118
64611
-38546
-10445
-32755
-64970
-18866
-60642
63629
16284
-11309
32451
-38481
-88703
-74202
-16515
-77456
87067
79939
-91423
-73791
34987
-90118
83991
2131
-28941
67088
-98097
-43128
43445
79874
79075
-55287
-94109
56041
-64760
-54219
-71256
-14151
-43025
-14538
13521
42211
72190
49008
-70438
70491
9638
12243
-8751
-68237
-72672
34320
-61591
-72602
-22071
-25687
-86690
70066
35352
-8544
-66945
-15780
-51784
98641
-7395
-63273
25030
19996
-3058
86719
34793
60026
19998
-83072
-10872
54193
-44525
-25004
-7124
90210
52828
-52695
78004
-13504
-46570
15648
33711
-43365
47802
-20878
-68582
-74086
-26331
89965
-7947
-77881
-94459
-88804
-6716
51269
87837
20037
41375
-40740
49910
12
59126
98933
47651
-59275
-62939
33889
64047
-19641
-93392
-26797
-47963
-23797
90907
12526
42299
36788
-60055
84857
-99173
34584
-54993
69936
95567
-84836
85267
-51788
44937
-57425
-39386
-4638
-31859
57773
-82724
58112
52028
-87581
-15900
51284
-89154
30066
72296
-58417
16842
-14324
-50141
-32602
59221
42652
-19303
57538
40917
-1342
37240
-8435
70064
-98180
67209
82541
1734
-20960
95635
-98098
23512
53445
-89076
-82345
39123
-71486
-35011
15806
-84675
66830
86129
-31689
-71109
15879
-22311
31879
-91908
-14578
-35329
95992
39302
-80689
87397
-1179
50459
41566
99962
-69515
-92793
70525
-11208
83684
-71479
-54662
64669
-17155
82075
-63115
91395
-36188
-94240
77823
-99298
-23921
6250
-25057
-558
-35307
33637
13678
-69009
-2081
-69021
-56286
3018
90363
82948
-34905
40121
89103
-79807
7273
-55126
-35414
-12202
-36241
82784
71222
-17270
19681
27723
19914
-58468
-78934
-20092
12252
-1269
-59848
-34782
-93677
88898
83360
37435
99771
15711
-73889
-63877
-52142
-30625
-1477
23002
67199
50919
-84727
-64195
22370
38449
-889
7019
6726
3921
99881
-27094
-35149
-52637
31793
23350
9505
86228
28087
541
-80377
-23287
-92536
-49798
70929
75695
-35093
32011
-5329
84000
23615
3889
-83446
-26705
29056
-91451
70545
39120
50536
64657
-97806
33447
-59406
39026
67621
-30229
-29895
-14648
35682
-15881
-76225
-65385
-86221
-25683
37195
7421
-47325
44871
34218
-83120
-14058
46907
17493
83027
-27662
-64694
45363
-92779
-70917
89190
-28747
55591
-46211
37886
-53793
-80456
7330
44711
-95449
64975
-54237
32168
79862
44515
79003
79138
92491
-21862
63672
-40870
-31937
25821
-51382
28581
13667
54292
-68034
3695
3269
-81469
72996
27495
88914
46016
60267
-949
1557
-39984
-38801
-47157
20637
-74786
57641
8733
25725
-75561
-30011
33948
40365
-88603
66577
70749
-38962
87877
52881
31249
44427
21255
-69457
-58672
57755
-39646
-46577
14024
10082
-82511
-60287
-96191
80247
-85362
98640
84108
47041
32265
-24713
-20600
-20678
-25338
16435
93328
-75498
-15440
68468
94660
3388
37021
29741
34099
20915
87872
-16309
4386
-20264
28229
-66942
72891
-5941
-61043
-99966
71253
29354
-11066
-42168
40860
59573
74917
90449
-96355
-16559
-68093
-34006
69489
-91928
-27438
-66652
-79165
79725
-58182
25699
97023
-23683
-18028
-71147
-31528
69665
-78526
6655
-83594
81904
77800
92466
-70533
83025
19212
28381
-78607
-99041
85766
-19204
-7727
-84251
-49757
5230
31986
-32184
-18212
42917
22029
-28668
99374
50743
-2583
-33137
-79338
68561
-56281
-89831
-43861
70474
-14868
60213
68439
-97515
-70362
72593
54515
-67183
18109
27425
60799
-837
22872
5019
-25669
-88893
25161
-98661
-42268
-28676
-3178
-94234
78798
-56724
39973
66763
92186
-7933
-97533
-49499
59477
45993
-34735
-5442
1710
-59920
-86453
67470
-91951
-51223
50806
7585
48100
-51438
6054
-15338
81437
47789
-29719
36611
6334
8171
8020
-73610
77998
-31353
-33176
-29993
45109
-64592
-22305
-19031
-81452
-83938
38361
-63953
-62785
32838
47326
57835
-70664
79080
47311
44353
-68855
-4538
93358
-11077
32158
-71441
-32826
-79898
-12804
9977
87161
-76327
33762
79884
91620
-44715
-55109
36187
-9615
-11768
26684
-17362
63096
91884
-76128
-28773
-89518
-44468
43966
-72108
24637
69287
52291
-33063
86885
-62675
37074
88462
-48363
-41946
-93963
20007
3577
-60750
-42242
12031
83023
-76821
-94914
-91448
16810
49639
-66847
4253
49123
89177
90597
-63436
2140
-65129
-51339
44911
1138
-41930
-54682
89873
37759
-7407
1293
56654
-51448
-14551
29946
45499
-84086
-68250
-39594
42468
23068
47420
18644
80188
-767
-6039
-42025
-77649
-47732
-13606
10592
-49644
-15696
91629
90290
71870
-56221
-99823
24517
44850
-84497
-60470
-80478
35698
99029
39057
-1887
57976
2654
62552
35261
46462
78463
-87125
12881
-83206
-3480
-66126
26290
-99928
-74647
-25709
-27736
-44609
-57663
-23436
32905
-57403
-37243
-88290
-31628
-54274
-33750
-75203
-87449
-13760
32303
-25468
-75458
81762
-37463
-22099
47625
-93870
17836
-30498
4552
8582
-52653
62951
-13883
-68341
-26003
-4440
72782
-81799
708
61584
26958
85384
88395
-54208
-93048
84859
-10973
-53426
-51153
65786
29898
36645
-20124
87357
6561
-68919
-50932
-54556
-25384
73016
31437
-57627
-14088
-57364
-56218
-82851
-30068
86653
-83608
97863
-62291
-17692
-18987
60682
-17175
-82789
71188
-79636
39247
57951
91213
3685
32666
26391
-34777
-55922
54456
78927
-87460
2296
-82507
-25763
-17867
-27815
-9655
-29916
82727
38498
-50822
-49097
37258
16044
6383
-3051
21170
-13360
-67949
-42670
-1300
94421
-4446
-14377
-87785
-64124
-25325
17472
-20452
90136
8290
3939
46219
-4206
-76871
-72143
-83181
57192
-83654
-45772
34590
19229
-28500
-58760
-40249
-35540
70783
36038
-48903
-69218
-27203
81355
48677
-4485
-78832
-21352
34655
70173
-72726
4227
-19050
47520
77717
79914
42414
94133
69015
-48233
-60932
12630
94337
87167
82717
-96236
-4460
-93083
-82125
60748
97489
19420
1661
-41288
-2148
71401
55058
17121
-74932
7111
22586
-68558
17170
-64573
-74839
36072
65987
-75192
-78439
-22298
-20477
-45131
25923
-84507
-51696
56490
-31111
47305
-33816
49826
-57053
-23666
64344
-83078
95636
14369
18211
-46320
27144
-39669
-84213
23559
48316
4616
-8834
-91546
-53014
17910
93152
-99104
-5088
-9815
-22351
46254
56188
-96933
-5477
-10600
-34810
32961
33947
59284
-54998
-89160
89865
54277
-96112
90014
14405
26084
68378
34814
69504
90684
-39111
-13469
-96028
51215
2605
55501
61793
-14186
-8489
-37118
-48426
-65114
98876
62715
-7208
-15058
14488
79295
-13407
-41699
13404
-8690
96216
50144
-67001
-37645
-51592
61641
26204
-83715
27232
55435
46917
6663
-81929
-2846
-12476
67378
58042
-29232
-83566
-3788
81636
23233
-16490
12618
-4231
-20080
-78397
-10423
-52626
46562
-5170
99730
-88904
-85264
37067
-32540
-53521
80611
-39901
24332
57247
-26984
-25356
89399
77612
33539
17285
-33304
-17441
98799
-57500
-16380
-85167
75043
-22241
-11765
85426
-15327
45787
13473
49014
-16184
3028
41738
1310
-56935
26353
-39947
75295
-17898
-59325
2031
-42704
-24570
48602
65080
-38347
-26346
-85372
-24589
14915
-86118
-50397
-13002
-20400
-4688
1642
-41918
-61576
70789
-39756
-4276
-21906
24689
60672
-89094
63485
24510
-63411
75113
92794
-8506
19790
85099
78665
60986
-36149
-22706
-55864
69567
77652
-23977
-77605
99122
-69790
-41714
-48107
49804
61643
8755
-84929
-56863
-37983
-93554
-6711
-75261
22057
59620
79178
59587
27827
-6011
86646
-47081
-90278
-43517
-95525
-93673
19866
69757
82263
99746
70793
-95655
-77670
93086
-22924
-69168
-38444
-68644
-44009
-40734
-26565
16665
-136
-43477
79418
-20320
75040
-97970
-23815
11277
40183
-38131
-25147
55789
4411
54011
80669
68610
19549
-97848
29848
-55581
-3208
12540
-29386
-6657
-48402
-97793
78913
47490
-65567
-71724
8927
-24368
38027
-3482
-71817
-93074
-72389
87099
5182
81792
-49811
-43067
10333
2605
7876
-98153
-78655
-87906
42342
-19851
62718
-42202
42420
-26812
36448
56380
87205
55968
-3632
73059
-40002
-18420
4576
-46038
99632
-15676
3763
-8881
-62771
-45329
-26484
87423
82152
98289
78449
-3655
21065
-76068
-18757
4752
-97526
-34682
-23747
89679
52370
-30027
-62129
-46089
-79445
-74185
90230
22307
45377
-34801
-47951
99917
33401
16201
-1373
-29911
-89685
45295
27032
93423
3774
70996
16757
52790
-11297
15821
-28223
24828
66845
46400
47818
22146
-53915
98580
-69195
-80108
59669
-68600
-28122
4198
-96130
480
-12856
92698
76347
81273
-87431
-62369
44520
-74242
19861
83443
-23231
4339
-86754
-85816
66201
16751
24069
35525
39796
-91290
20375
-60701
46401
66788
22407
57720
79863
5590
-89644
97169
27786
-31421
-71273
-3785
-13046
91992
-63573
37652
-11687
2976
36024
99696
57159
69074
-9698
-42988
84940
5508
-53509
55183
-10719
-65922
67354
-36970
65595
8553
56184
-94586
5669
-57561
38644
-60154
-67656
85884
46610
46536
-72838
-92759
-26517
-79570
-87471
2649
-35595
-94903
-45662
-53835
16235
97340
-98869
45586
281
79231
-72648
-74038
-3066
3584
-11226
95400
41533
8163
-79438
-75971
82298
41194
55965
21647
-14290
41904
-85153
64113
-63377
-38704
33828
68974
40000
50723
1447
-72929
-42760
94053
93994
5084
-86959
-6151
95567
-61937
1103
-7485
-3562
-72796
330
50739
-70028
80604
-8102
39330
29836
-9791
-99105
-31660
72269
51380
28458
-9507
-86361
63714
42316
43233
-78998
-77995
-14151
-84940
-85186
-39513
-4137
61536
-62599
-41071
29673
-380
51680
7713
-25709
-53671
-31554
47818
-40503
-18352
-79782
-83755
31768
-4905
-34857
77174
84625
83579
-23699
53625
-60082
5032
-98176
67035
-990
-84149
18010
24245
-46943
-68904
-87926
-67245
-39992
-71513
-40744
-87965
-28597
-12870
-72605
91849
-24646
-97319
-94567
-7152
-28209
36510
68499
-90822
-1834
-67827
71883
77112
28601
52635
-30662
-80971
41703
-31536
43090
87052
-44767
-64122
-6507
3483
89825
-16559
74833
73455
-65241
82169
59704
27871
52321
88674
92896
47220
-40907
36557
-25901
27269
-43857
6071
-94636
-96990
79234
94815
-63633
-48665
-94403
-987
76731
71344
-42165
65486
-73040
44139
-90650
45924
16927
-3192
68698
75130
53970
-6195
-78670
58125
3520
-53625
98113
-16697
26541
-85925
-57138
15837
45084
17659
81117
21911
-21902
22836
-13930
61168
-12247
-86045
-15083
-72365
-29011
-70392
-3443
22277
-3690
40243
38297
14818
54787
50138
12769
-87296
-36529
-87668
50085
-52048
78899
-40128
-46551
-4317
-53384
18567
-37699
45736
89431
-23327
-71256
-32749
-96145
60011
-94480
16186
15137
7221
42697
-48103
31756
88946
-59368
7509
83488
-1463
-72798
-97762
-69407
-39032
-94698
-44307
-49990
-29192
8627
-43987
-91269
40139
-80105
-71242
82865
-67534
-80090
-93772
-71455
-95797
-39149
16486
-2592
-38280
33614
-80510
-49454
99147
18570
-29002
-27779
-20643
-44502
94666
93577
-51522
91527
-89951
48470
-75834
-3808
-58209
41018
65866
29215
18596
50518
-59093
-4604
-31627
-14637
-93176
31216
6204
-450
63571
-38640
-72282
-59266
-14975
11748
35946
84014
4315
22891
60074
-10533
10674
78637
-98126
-54565
28847
62757
5853
98184
-76472
-38968
66134
17624
-53681
48054
-26820
-32294
-22684
6588
20511
41935
-57525
-75708
75815
55459
-27880
-66278
67157
26055
-99257
-66597
-5728
-38804
-26584
-76804
-60863
70749
47351
83124
6283
-4807
36042
97799
-96335
13004
64419
2736
54892
-67702
-85659
-70357
-83468
3495
-88476
92060
94827
36310
-88107
-15585
-84199
50843
41957
-45459
85394
49807
-7643
-27225
-91468
-31440
-7838
-69117
38861
-98334
-32109
-45808
-27943
-7353
-82901
86119
34920
-34442
95119
75120
-81506
77722
34786
8142
58005
70506
66555
8872
56989
-14848
-45384
-32235
-57949
59417
29228
-73437
-5649
94504
47155
41092
-77497
86295
-87257
-68778
-44879
-66917
-84885
-63026
-48106
-73678
-58588
-49280
43906
-13572
43656
-42739
66056
-81933
33038
-43287
74627
43081
-55099
93831
-88329
56860
-93503
59492
-56363
41561
16240
-91219
87069
24170
-37814
-58034
-16866
-22115
30503
72920
-57895
61459
16554
52558
28676
-5024
-36069
88589
52842
-92602
39123
51413
84463
87049
38160
32952
-23247
29615
-66840
-84771
-44085
-78058
-86629
-4111
-82061
3185
9985
54508
8963
-46047
37026
81275
-2283
-276
-86428
-39600
31367
-96484
-59297
-32638
-30307
-51978
-3059
98657
-50298
-78059
-48163
14426
-73161
25572
-91098
97283
-13516
-73291
10617
-58683
-2707
58752
92175
39203
4293
-26374
-14367
-29845
93613
32977
-72809
81783
21935
-29502
-40488
-81248
-26169
-2728
-56896
68033
-26836
-46462
47279
10147
-95380
-14321
81150
-85494
23349
-56696
13133
-71525
-59472
-39574
-4616
-52376
-57081
71998
-15576
-43750
86343
-75305
581
-23814
98657
-16728
-34679
-50788
42571
60479
-29200
13800
29188
80098
67660
73926
-66572
58436
98741
37285
28657
-49180
59485
6889
-23458
24963
-895
-33105
87790
-66176
13627
49341
-98170
9617
-96844
73355
56833
-26464
23032
41832
-73779
26880
-18782
-29109
4786
97290
36534
-69769
29555
7256
53069
11913
-80819
54941
-85717
87649
39516
-18720
20780
-79829
36189
-13549
92253
37001
-35634
-48492
-15000
22623
-67150
-36481
65127
14714
-54992
75501
61529
4445
-50277
89102
26162
1322
-34867
-67617
-87924
106
29548
86151
84284
-8967
-42610
-3564
11199
56977
-87943
-35891
50836
84273
-42237
-26189
13283
-61719
-79848
-90151
11674
51461
-60838
-87011
96665
-96236
-16989
-20734
86467
87572
-31322
-96085
-89099
60347
-3725
84790
97875
-28252
-84647
-64717
87294
-55596
3877
23744
1122
-80919
17097
86786
-51157
-76898
60568
-23742
59223
-19779
30318
-65758
25894
-90334
-87891
3258
25519
-81113
-94878
-76141
-64627
72625
8197
-97794
71542
27158
1567
-622
78763
44394
-50298
34113
99275
-54811
-49276
-34474
8515
-75598
20118
36686
62176
39318
-96624
80400
16837
6395
-46178
89865
-78280
6489
77157
17512
62166
-13248
-85817
-96781
90663
83140
-73978
97668
99532
-8123
-50496
12644
53205
-73575
-9000
9987
-34257
64473
-21451
-41839
97531
-73979
-16668
70587
-50311
-87660
-79271
-18427
65507
-95843
-90157
53888
-42794
63131
24285
2921
26347
79264
90800
98334
-19803
-37223
91958
-64451
57986
49402
44457
-42213
67764
23686
50522
-2274
20202
48252
30670
-87240
-13817
-66591
43907
64512
-47116
-19481
-96304
-39121
81681
55351
-93462
4787
-47866
800
-3006
45107
41656
55451
-26036
15840
42712
37370
19739
-41100
64021
-36627
53224
11851
23729
92145
82674
71962
16049
68054
-58945
-99248
-58834
55531
-96256
-28665
39945
3463
-39150
87591
11196
-91849
-11423
-47144
-1077
96575
38375
-63647
25305
-19057
-28654
-62302
94550
-33212
9412
-20118
53206
94423
-52108
-13130
2685
7654
6450
-93369
54679
13405
22599
-37985
-32252
-67391
-66182
-53545
83408
43929
16559
-61280
-95775
-55879
51627
-34860
-64631
-34772
-27917
-30280
93372
5373
-25135
-60015
92763
45090
-37128
90911
-40850
-62394
-53697
68026
-27215
61489
-22391
74376
29637
45975
-18298
97177
88455
10426
-78126
-38561
-96066
33020
81339
95053
21102
-635
66720
-76214
19145
88524
-27660
90066
-62011
45894
32866
32618
56073
-17175
-31349
-20354
-35903
67484
-99733
28248
-61551
-24067
-60263
52927
70565
2702
22189
-52822
2087
-18563
-644
-50657
11658
77070
70718
-77395
-86589
-28633
31697
-702
-91688
-904
36694
33258
58001
57732
-81351
59621
-76854
40721
25103
995
-63190
60328
5016
-52130
-48018
-4279
68387
-7276
19487
90671
70289
9568
30882
52155
53937
-80332
73518
-52096
85579
-29835
99032
-64342
50168
-72653
58954
-94069
-98898
-97404
84050
95556
-32806
64956
-3050
-57652
62182
80330
-80986
41824
-62310
53298
61290
91207
10782
93154
-20934
99777
47390
-76428
67596
-99700
73158
9215
49416
-42606
31789
9626
-68040
31794
84878
-24594
3931
-63191
-51664
8631
-30055
17565
-64728
88407
11408
-67066
-19915
5847
12876
-3143
87113
4219
-79210
39826
71463
58752
-33885
51774
-2457
-84364
5165
32995
-73001
-38862
59552
-47444
-9220
-65095
-9366
-85260
-57354
-18455
-32267
66190
-15743
63385
-59471
9583
-65897
84375
93258
-78599
32563
84989
-95687
13348
19889
-93652
29942
-42613
93138
-3224
-68469
26257
-30693
-50928
-7292
58670
-38692
51896
195
-16167
54478
-26203
76336
48852
45974
8164
-85363
18319
95910
-94777
22311
-11142
-62269
-12355
88936
21098
-83871
48781
65930
-66969
77482
32303
-50266
47376
32669
74887
45483
-85205
-31405
-69826
11306
63821
99421
68351
-94387
-90398
17866
-13685
9320
97690
75973
-70214
41767
20720
58714
-34993
85671
98776
39961
57974
-77342
-77691
33171
-51044
-90430
-69228
-37502
43371
14294
-34728
14917
-57631
18594
24643
-47800
95308
66448
36781
-13886
99812
24901
30852
56216
-97275
37455
-64943
49183
65287
89530
-96541
77439
91068
53698
-16614
-62222
-70523
-80094
90705
78060
-67183
51147
80233
-8491
-53581
-93328
84335
-4239
-6497
-28098
83945
-87071
22785
-23575
-75134
-77821
-72389
-19294
-12017
-20492
-37959
43365
-77763
93877
78833
86446
31961
74795
13884
-2869
-31172
-15680
33292
94221
-90031
97256
-62902
4632
52869
-44482
-62387
-37990
81353
-95284
-3336
1432
-57850
73641
-67472
1828
94303
-60483
4536
-24917
55580
-91807
85100
-72341
-28488
-5535
-65065
-95807
-75064
-12125
69681
52384
43461
28257
25336
41438
3385
49233
-92823
-80152
-92477
-15321
32283
-48746
73094
48624
-8647
-13479
-42188
35871
-45734
-33583
92082
-73243
80895
89019
94121
-48135
78632
93128
-62103
7863
96595
81673
7865
-50715
87186
14469
-10625
23952
57607
80429
-65016
82773
75263
83751
-53643
-43333
85929
-64826
11587
-96130
-76366
62363
-9355
-35865
53118
65765
35872
98646
-19196
-63709
-68461
-76318
72390
-2550
-7712
32343
-41172
40723
-43444
-73186
78396
-54676
-98481
79162
90936
21326
-21561
74542
54741
-71250
22656
-22595
787
12173
-47848
-98679
26045
-28182
-95278
50141
46847
-55272
-20102
50374
-91169
-54166
8751
60764
64730
73994
82450
57246
22492
-42583
24778
-51333
-50981
-69488
11889
87725
51664
-40555
51934
77120
-35949
-16278
-14000
-65359
72082
-26736
61043
-44815
25773
93481
17298
32585
-83791
10794
-37030
-14057
-55312
-31761
96199
9654
90169
63144
73197
-73988
-88519
-87887
-23579
-91236
56622
98752
13138
-10580
42244
-39625
-21297
62146
-52082
33050
-96649
-22217
56482
-18790
-52080
37261
-94127
80528
-37676
-68627
-87871
-40251
91486
-73591
-36054
38638
47598
51936
-83607
-85195
-63207
90463
-5564
-18766
88848
-87259
-46085
-23368
-40758
91487
-43577
-98804
-56815
45010
-66254
49585
-41689
-71560
-93550
-66849
50002
-17983
-21405
26322
-29365
59578
-80000
66878
70015
-37877
-14914
-20577
64
1499
-72411
76655
-72693
43726
6924
21809
-17162
-45522
81104
16235
15990
57703
-17104
51440
94794
-77460
86536
-69285
-9208
-77128
-39575
-168
79938
-89745
68625
78748
83221
-95837
76236
35637
-92274
80498
-48474
59579
-70920
-49204
91403
-21274
62406
-24174
-2754
70393
-88039
-14374
-64014
-35748
14895
80463
7432
-16504
86825
60981
33382
90396
43448
91083
-25040
-36660
4643
-71863
92198
-54343
-14665
99721
33050
18267
-16373
51138
20492
-49446
-67090
30319
-91548
-48579
34096
72590
-1589
50489
-18358
76420
-99418
71659
-5974
80285
4079
62049
24479
-80782
74162
-25133
-87010
43619
-31262
-12241
-51921
-74556
-30506
11986
59255
-41259
-53789
-10030
48930
-43928
37846
-51848
68652
78887
18894
-87669
-98931
-61842
-59532
-60921
48383
-34540
11097
85421
47213
-53049
48618
41524
-49094
81109
84306
34013
60074
22535
-47380
-52508
-87823
70440
21219
78098
47830
-92829
32105
-49040
-98940
-68214
-99120
64342
-44563
-52429
-57784
-73695
-3301
-77891
44790
96642
15189
-93584
-47571
-78093
-5078
68930
83531
-83131
51485
-78858
93555
7702
-52947
-27936
70306
-72226
27903
-92349
20144
-69592
31658
13339
29862
96733
-26017
94454
21942
-75269
4467
-81220
45851
62181
91787
10192
-36658
63381
-56669
16463
38497
93741
-10629
-23370
79484
-470
47582
-48224
-23053
-83527
-38704
50540
-19136
-21916
98515
41789
80482
72933
-47786
-72869
-52783
88155
97147
-11146
22556
-82790
-26173
98699
31009
89757
-79591
78240
-59415
96663
88119
-57431
78814
82854
-55879
-55795
24873
80041
-12676
61762
52972
-39768
-30734
70164
-29607
19634
10630
68805
3117
32836
82342
-92913
30413
46373
-3663
-9339
36347
92815
14911
40728
13749
-36409
59143
-28428
76202
73358
-37967
-28918
-8807
-33104
40569
-58199
-97079
-1031
23676
31302
8351
18439
65507
50906
-55393
-5061
-29207
58730
3202
34313
28554
84130
32751
69487
-50614
26459
-8935
-25085
47327
94588
88758
24612
96380
78076
12760
-97901
-91590
92357
-66967
-15462
19685
32756
-72569
88106
-9951
-38787
50042
-94589
78264
-18580
46414
-23156
37569
76934
-70766
-55358
-61523
33422
96363
-97587
-5839
-39261
-67755
-15954
-67253
-17402
-68872
-683
8884
33338
-66717
27728
-64287
-52796
76007
17437
-10507
-60206
-55342
44256
77190
-63880
83975
-21776
90378
-98795
-93641
8715
-74786
-24556
72766
94250
67506
22927
13724
28144
90645
68749
-32626
-21124
-20263
41324
71368
81693
-3549
-47270
-73454
25253
-20847
-55555
74236
44950
27336
30707
-69121
-56327
-60072
13811
-93198
71758
6286
45266
65382
10782
1687
-99678
-5666
-12116
84108
60533
6318
35594
-44897
-7169
28335
2055
56671
-13159
44059
87366
31147
-90782
-83956
9066
7153
92736
-11700
23405
86050
-66428
-90344
83280
-15628
91180
-30858
-21843
-44845
88514
27568
38952
86629
-23199
-7636
-21884
-30280
63639
-11159
9105
52171
66726
37784
-80445
38518
-23771
21716
-61665
-24906
-90684
80960
68238
-16103
32493
-87940
21332
-54078
18245
12548
72602
13082
28305
16741
-21593
29652
-39306
54875
-80083
-83814
-83431
-8564
-62656
-56679
-29595
-60197
49570
11558
51370
66603
-72135
64331
-67486
-68560
-12319
-21774
75664
61875
-25570
64109
68482
90210
-90070
21984
20277
98897
35309
-27316
-56361
-58607
-60085
-50120
-72921
-80981
39959
42110
20600
-98502
75941
82735
-83051
-54494
44092
38244
2815
13232
-14998
36130
-17518
14032
-1614
-74647
-23418
-50459
-1567
69273
-65520
-52087
-64897
-43966
2088
49569
-21600
10438
-84442
49307
-4902
13549
-3194
-3193
99473
-31035
53770
-23217
61997
1332
72703
-61163
47597
71004
-49001
70631
31381
84777
-28107
-26591
62403
-86918
82248
-45024
-87584
8809
-73202
83294
-46479
74553
66490
78191
1677
78811
-53711
12503
-25751
-53731
-99986
18245
21647
-16528
-37243
-89744
-5778
-84076
21828
61069
-52534
43362
70389
-30230
-5548
6069
13952
-91862
-87788
90486
55917
-59746
-86910
27203
-45688
-31492
26037
92732
-91171
28926
-17741
67305
-27613
40473
76710
-20405
-82123
20888
-87888
88254
-45765
42389
6677
-80569
49383
-60972
65879
69504
-84645
-14276
-27937
-95907
-79384
-59981
72343
13274
7090
-91819
54485
88451
74991
-30512
-21519
-14369
56782
-35234
-70409
-35398
14260
70752
52856
-98226
25441
52244
72507
-39923
75761
81075
-19695
-55026
-55617
99754
94662
-7983
1700
-98190
87027
-61583
-6755
-59058
82225
-85339
-76469
-41119
39464
-89742
-40685
89321
-8763
-87247
-794
-50532
-1974
39224
76699
-99683
11519
81512
-15753
49243
-51130
-87277
50127
65799
32268
-63865
84292
-55441
81627
-94980
11502
73724
38989
89046
57748
82756
69788
-65770
-3946
-1715
62164
43235
-51026
-2017
36393
-11279
64331
-2107
27621
-70772
12957
91104
-1990
54915
-16785
42983
95989
44339
39853
-30658
43731
44591
-45177
-8782
-98002
-22967
-44434
-29425
42832
-59328
43132
8094
-14679
-82618
6640
7231
-40037
-44948
90262
-28834
25649
36268
-83963
21717
-21328
-49070
53826
-17826
-6650
-62391
71683
-48461
-26465
-16642
44877
-87483
61975
55923
69502
-49003
-567
-798
-78233
13041
-27002
82187
-58223
-40946
20642
53084
90337
-32577
29736
68605
-95338
32784
40813
-15115
-49746
78913
-76606
-60164
-26711
-23006
-33213
9949
73189
22216
-54324
-15801
73064
77609
15436
27250
-1604
-80935
-10767
-1815
4597
-10398
7619
-5705
49294
-40583
-5491
-67854
-67598
-51293
-5131
-29281
68630
16292
20205
-28032
-701
22495
38402
-29375
29169
-58289
36754
25403
71503
76256
-72869
72546
68768
-39573
86126
-39214
-81729
-86771
1729
-64719
-75517
8035
-59740
36032
70589
24227
69324
51140
19550
12570
-84405
96075
-3594
84030
-91551
-96931
2135
-21265
-10388
-6463
-88168
-33521
91002
-41368
-30283
70010
-84225
-24838
2196
-20444
46754
-27780
-52830
-73074
30002
68507
17372
-33051
75382
-31144
-15766
95223
-15199
-36273
52517
-89006
-2012
95845
-31686
-52101
-7458
-65203
-59162
66184
-65937
20727
13281
99803
-22102
24599
-53993
-52357
3368
-20915
-18351
18000
-47751
-74698
92979
-80325
47606
77071
-90786
-74992
49714
-85695
67573
73713
5519
-44403
22909
-81464
71020
20
91294
41504
25916
-79036
46598
62304
-73294
92379
81837
-43162
18136
-24551
-21709
59836
-66881
-96570
52325
2234
-6447
53085
1502
-33416
-42430
14100
-55542
87853
-26843
-85623
-41210
-80919
91227
-15734
-27229
-27413
86694
37633
-65846
69280
97115
42554
27449
31097
-61322
-60077
-31957
-61977
-51512
-68865
2070
-5130
-47925
38582
80526
74563
71894
-76675
-29241
-29733
-48341
-22579
-73288
-31246
38318
-91933
-15014
9853
-32335
-84444
47567
-53844
71978
86954
74784
-85433
-52346
-17873
85471
-28188
20182
12308
18667
-51582
44264
-69809
95954
-24826
38897
-92304
-85039
69967
57062
82126
-8778
29304
27625
51346
-62362
86441
22432
-25889
46907
-92710
21474
82141
-50619
89702
91979
15009
31346
-80824
61295
88826
-81976
70644
-83285
96731
-79474
-172
29655
77920
-82741
-4067
38743
-91841
-50138
87822
56017
57932
78316
17349
-40391
29224
-46799
-93122
14343
-9401
-84787
-55128
96266
83805
47431
-70874
19990
70181
-22896
-97121
-8103
32270
-76762
-5822
-22132
53634
-86951
-96295
75589
18899
-64533
25033
-95575
45573
-93232
-47132
-91906
-14414
25044
18027
-47778
-75298
-15012
-79261
-77561
-55592
65412
-45806
-42032
-86263
-72728
-74346
-85386
17628
50238
-69981
75157
-6390
79969
-70249
-65486
72256
77993
80060
96885
-78864
15477
40729
14772
-38927
64778
36533
43114
-45100
-7787
-88215
64518
-17980
84364
95713
-74464
86745
-71501
-29009
-96314
15801
-59205
-5429
-21707
97579
54084
17323
-97629
24442
387
2555
-7495
-18814
-32449
-44870
32799
83290
41334
241
-36625
-33891
34140
75536
4043
-67945
-63165
-12762
91466
31817
33558
78140
30541
-53095
30847
-86577
-42384
88794
2345
39145
51292
-25805
57631
99419
86778
-96722
99027
34457
-19326
16415
62779
-56206
42481
96559
60118
96938
-97447
2948
-80051
67381
98386
-4081
33076
76114
90446
76913
22447
85442
91979
-9782
-70415
46181
26465
-18272
28064
-12881
-88773
-61015
42133
38731
6370
-90762
-36353
-45492
-96395
6588
-67289
-52148
-28939
4991
-3122
21603
-90563
62812
41522
5894
-50290
-79500
46447
35001
-64312
-5967
-56317
64178
32758
44470
-55894
-77748
-43136
64935
9448
-37084
5891
59026
23717
-16236
-22082
13560
-16718
-36662
91043
15676
-20310
25988
-54130
-83673
64051
-10454
-67311
-58666
-45404
57927
50221
-7935
-62975
-71131
-56226
98472
44449
-31483
32462
99099
93360
88184
79593
61990
-94639
21149
-45424
42264
3867
-66824
-153
10799
49861
51179
-84087
7074
16860
-46509
88539
-51765
-62416
86657
-24770
17774
-71985
90963
-88354
42026
-32471
-39825
79335
-2885
64787
5403
-38824
46889
-63193
-23044
-59089
4944
-95416
-24407
7492
-25779
60163
-21012
-98126
-958
1360
82325
61296
-42041
58041
-50886
64317
-69075
-17582
-27634
48314
3184
11750
87452
2705
26424
1650
-58015
-82861
-4788
46666
-39868
-92640
47764
-76326
-24717
12479
-99575
90568
-86245
-79730
-45765
-4620
94083
-91117
33726
40289
93958
39984
-51598
-52435
-5909
72949
-72402
-75588
-92637
94160
69513
49331
97438
66079
42628
-21024
64586
93542
12439
-17033
-43543
-67364
-22378
-47176
-42675
60320
-53760
45356
-37581
41801
77797
-72115
29690
-66533
-84175
17349
6334
-67243
61208
88207
12949
70695
-5728
-87238
-5146
-42240
-12858
-40500
67297
29894
76878
97859
16414
-99617
-67158
-69193
95126
40748
95494
-84197
-88840
-9386
-69394
45090
44585
45632
-21859
88062
-64485
4380
55139
87363
-39351
21209
-3150
29546
-6068
-49990
58373
-92046
-81571
-28606
-17940
-49054
30632
-57780
19193
87785
-3191
-18569
769
83173
-97051
-52162
-26993
95298
-24921
-12891
70891
50683
73750
-94833
45314
38652
5136
-30419
-35534
23784
19942
-52719
-37260
-80266
26899
-16672
-82201
69238
-81639
-97498
52533
27698
91514
-72060
-25884
-60177
-46896
36740
38843
61523
-61367
-24051
46926
55776
-69437
15858
-78423
-65250
-89472
-22108
-21995
-24488
-47674
-12024
-93879
-73732
86998
2659
-19727
63142
-91322
87922
-44269
34038
-89475
-31081
6628
44253
-29749
-12755
-24090
43831
78563
32764
89212
45651
10678
13128
26252
-98482
99884
-31868
67279
54492
80193
7908
55928
-58776
86010
49552
37502
36308
-10941
-61964
-14968
19353
-11801
44724
-95052
-40558
-61461
-28547
-46268
51668
77127
-86729
-91866
11957
55938
99094
-48993
-30482
1193
-17840
-61229
35035
35691
38057
-80973
1695
-34540
69226
-51645
-22620
19812
81904
-52345
-16832
-71604
-18400
56713
-73229
26628
-904
-96630
-37939
-3060
7489
-40509
-46740
-88579
-79456
36118
-7837
62474
94732
-43946
26103
92377
43867
38960
-86525
67128
-10635
-39436
-81157
78205
-8151
-80252
62285
-3521
-19362
-65961
7907
-96342
54369
-81494
36485
54147
92702
-36667
74396
-75143
-11094
-82906
-23791
-69340
62909
-5428
64212
90525
-33859
59937
-94215
32697
36789
-25148
45052
-95070
1316
53683
75045
-72236
19698
11474
11335
-65167
39870
-76838
-65566
21826
-81518
10785
85800
50123
-28296
-48319
-4643
-67702
97702
79912
74455
80267
36180
26492
75621
747
58991
-77335
51020
-37977
-43675
-48888
-76627
43296
-10015
50925
57922
82093
51217
49741
-12473
-82019
45474
69834
93685
-14072
15565
36381
-36631
-63728
4811
2335
-91228
89785
59812
-66444
57899
-87902
86693
93652
-98673
-6880
-85328
12791
-9337
-50634
80173
88477
-39943
-31950
-79585
-47113
3032
-14618
-98223
64629
-24282
36802
60847
63085
92187
67403
-72528
96549
35998
-54086
92017
-69571
-34896
10611
13854
42172
-43864
13408
-74103
1333
-39016
46250
80733
20885
-90993
26772
-40917
-35508
-57608
-25740
74851
-31786
-19744
56462
38752
-16539
-23147
-81586
98650
48685
-90839
-82078
-54145
-28597
-76202
85042
-26597
-36333
79099
-99971
95475
97077
-63995
-15791
99314
90186
-42391
72550
68539
17217
-99763
-46696
-62627
21601
-25402
48064
38052
66298
-38340
63726
71436
3116
2794
31940
95761
-10541
-35710
-9998
-53214
78990
-69394
95817
-88461
68778
-59472
63294
-87310
73648
94826
-33794
-15663
12936
-12678
70696
-7742
-19255
-28483
-36820
92673
-41186
-63115
86078
-70133
-23658
25605
41270
-72276
51207
-82151
42567
32758
41440
-40734
80793
23117
35530
42111
-1338
49888
-82885
-98825
-13202
-43150
-44073
-82269
-91144
67990
71618
-80727
8613
69689
42823
-66910
-7598
10649
-76450
68573
-81718
67476
-85219
-92675
-3899
51867
-99202
-21251
7938
62661
-38263
73748
76860
9984
-6178
-73164
-33716
9698
65569
63532
-57958
18653
-37502
-48339
-15359
-3567
-88793
-90455
87807
-96580
-4103
99479
-99691
-89715
89096
8851
57025
61142
71836
-91741
-46122
21983
-74919
90773
30453
-90794
-62579
83332
-37718
-92828
72026
-51719
53093
-45860
-61317
-61971
-87149
69773
-42508
27629
-41064
-85257
-51430
40022
75371
-44198
-5828
5056
-52017
37161
-1811
18487
35754
-11170
-64209
-38364
-49213
66471
-15874
27083
-37027
-53314
-28682
-90130
-79702
44246
94433
-41266
15534
-11855
81953
-67183
-51854
6863
-60425
-28865
38240
64640
37293
80422
42882
51099
-1306
53790
77586
-46777
45248
-74393
-95363
65398
9187
-43474
24441
60210
-151
31151
96127
1999
-17942
95028
-51801
-48704
-52702
38011
-15776
54918
97537
41013
2696
-79997
-53168
22635
-33426
-53267
-56325
-5573
-10015
39838
-96001
55425
72629
-96185
-84111
-35375
47698
93573
-66264
43680
54200
57228
74440
97218
-81773
62656
34540
99085
-41354
-57566
-36113
83101
-48585
43751
65303
64178
-64408
-38619
99231
-35789
-49683
79334
-38048
32149
-44929
41759
-8165
74135
17084
-78213
-57819
15589
66472
60304
84719
-98148
-92412
17651
11953
-73619
54601
-24729
67571
2203
-59839
-66128
85624
-68194
-54717
-1146
15943
90794
81737
20197
99735
-40439
-63953
31297
64918
79205
60106
98839
12822
-89310
44899
-91169
-82347
-78488
-87473
-70755
-59289
-95234
72492
17495
-73022
88785
-40262
-94559
-67866
89109
61523
-5612
-47129
-84861
-71096
14109
51288
-7360
-52390
-20559
-57066
-17698
56082
-9314
65710
66299
-88578
-44547
-5524
-45305
-43512
21188
-57343
-19548
-73548
47608
35344
36006
-84235
-59585
-35307
-86023
-19155
-17453
80562
-31902
69056
25491
-73192
-30882
8595
29364
71118
92198
47975
75412
-7903
-57708
5388
69423
-41496
-29793
18115
-25174
-29837
41922
-80908
-32499
18640
81148
-66488
-97458
62137
-76112
58660
-91960
-49827
12524
68803
-70965
75977
91590
77999
-12724
87795
15395
-66148
-87875
-54621
-29359
80929
32120
37887
38676
1684
-38123
-27279
-97794
-96384
82714
-1033
86263
-52155
-2414
14342
-31203
-77747
37622
-40164
-12924
-9242
584
-17631
-5538
37697
36799
-16519
6710
16262
-10403
-10455
-3689
58130
51740
-76317
-6711
-97522
79814
-67089
89723
75117
86372
-22408
92284
-47166
-52274
-10127
86307
-62597
-99550
-29214
15567
67902
45072
-98093
-22199
-46754
31697
-9197
82502
-88902
65655
-98331
-17848
-32078
11936
86856
37667
-32569
73220
-86430
-94115
49230
-71122
-27448
95983
-49071
76680
-18580
-6360
-93054
-6962
-46556
34353
54813
34149
-85741
26027
-37863
-58492
-89418
42100
-85622
33488
-17139
72457
32534
-76730
94244
79174
-83887
6802
43516
62344
86328
60476
63323
82163
78151
-87230
10477
-9073
26743
81856
-16746
-82035
66776
97228
-16299
95400
-54202
28382
1430
70119
-34997
-23188
-13228
87806
-13167
24980
-36568
-84972
-43006
60851
-20109
32160
-29634
90387
51685
-19411
-69256
48001
-43033
-65988
18862
-78533
99179
-93560
-53309
-43192
-14259
804
57978
-8734
-25306
-40447
-72943
72079
-23314
62220
55352
89550
18507
-45452
31340
74604
90810
78729
47733
55286
-17511
45440
-15816
-15736
68238
-14125
93241
-33468
-18856
-69115
83377
-82785
-60560
4035
-46776
-42347
91
-29530
6448
28605
96399
-39339
-29794
28534
31871
-34744
1444
30273
2053
-30297
-10065
-15767
15211
-11568
97307
-29859
23831
37560
-66258
19486
-30000
-90071
59576
-87917
41969
-60247
-91771
60922
85865
-10629
-98436
8441
-93845
71551
8215
-84334
-49415
-95820
-31617
70517
93001
99486
-61
-25168
-81071
-76221
-94987
72002
14196
-8625
-87327
53837
91976
38743
85931
90793
76163
-80966
-58620
14293
84099
26019
-97272
65928
-51273
-16596
-10952
13094
61613
-63459
-18737
1870
-57864
13074
-10494
-15920
1725
30330
-81895
3004
58843
-20996
17125
-77803
-57996
-96332
-88163
-19995
49244
25306
25177
-78678
88798
-54461
-19606
70766
44069
-69182
-9324
65844
-11250
-38361
-22103
51726
-59961
-94233
18435
-91572
-49052
90972
-22883
-28082
36542
27427
47182
-39941
-28472
-94237
5924
-34102
-75344
-12115
13209
97470
8173
-84033
-14348
-34770
-47509
-71645
-57793
-4350
44817
6005
33313
78586
48171
91521
72087
-64856
2233
-32566
-41453
-95682
-26797
-93080
97009
5122
-15753
-75575
-99182
20702
-47631
29655
-5417
81043
46053
-35974
72188
53966
78972
73781
3214
-49581
-64343
72811
6986
-51562
-89321
28932
-99180
62760
-93199
54251
-91951
-50
9101
45103
-8543
43182
87286
24521
-98116
98979
-93228
-42243
-88024
69679
-56966
-73767
16084
13456
-3060
20954
-16043
83883
-49781
95022
-36678
-97243
-88001
17749
-20531
-92719
92928
31649
73193
-17405
89184
92252
52723
58883
-98760
-80056
-3274
-7330
-76978
-84159
-43809
-35562
-58784
-91777
40721
-51463
-52208
-43336
86694
-58161
-50389
10210
-9148
88877
-45225
2070
-53033
-16858
7449
48528
79536
64097
-1855
-36653
-75590
-90746
21875
47977
12308
41426
26514
26504
28112
21195
25034
92240
52104
-45875
76218
45233
22487
94914
-1155
37226
45627
-99792
-1964
-6868
-84923
-50196
55217
4381
89914
88300
-44958
-64840
-23414
67514
46360
-83567
-12694
-80059
42580
-6602
-77552
44242
71213
81778
-82357
-94257
23040
46251
96252
-54776
-6220
-56277
76981
78834
-66072
17019
57260
-52443
-19780
79531
-92965
-94489
-98247
89263
15416
77091
80094
-22044
-87796
-6855
32008
-17168
-2894
70831
-59780
63558
53487
38917
-95212
32777
71080
44965
61573
-84472
-40764
-55687
75657
-85336
84895
37335
99373
29727
-89753
-25960
-85511
-11940
-91625
39430
91703
60741
29902
17587
41378
-40616
843
-71258
-57747
92211
-64825
91953
-47316
13486
-35665
39838
-21661
-85018
7677
68488
-85206
66773
-98254
-23099
-91207
59869
84658
-87615
47510
-85020
99580
95654
-98536
-8168
75140
61623
-20778
-80749
-35474
4924
-2447
53914
40745
1112
-65413
-24576
-9690
-24650
7491
8424
-52364
-58078
-91969
87399
-54214
-66252
26388
-83192
33488
92966
96132
-48535
4218
43911
32372
-37630
5249
18953
-76647
-87802
-61904
-98380
69375
-10782
-72152
79293
72822
96098
1952
75121
20697
-50061
-95683
-44468
-66692
9731
-72502
-80090
23281
-56956
-48044
70157
42871
47056
93093
-34962
27328
-30937
-79333
10156
19422
-38765
56548
-96429
40329
29421
-89385
63462
10383
-9352
46450
67604
-40360
-65750
78444
71945
91733
40523
88247
94305
42501
80311
-33836
-15560
73828
9917
60050
2141
-36432
-89814
76772
-40667
-3816
69024
84318
-49061
-69436
37407
74316
9109
-10629
66726
1647
35746
27573
89522
-26539
12063
-53826
-44187
36884
23465
-42556
-31358
98914
-17364
-89091
43285
43028
-69734
-64905
45232
-49103
58744
-11651
89295
55987
5074
-7965
51357
-81319
-44657
96047
8784
60907
94943
-61980
4719
-54964
47696
3756
65267
59253
89664
-86175
-84533
-79340
65197
81592
-66822
26112
14569
-38710
7196
-46505
-5911
23297
70534
-88266
36348
75419
-21814
8212
22552
-34722
39257
-68485
30415
-70247
29572
-83420
94945
20562
87003
-30545
-40660
-68463
21814
-92740
98623
-48312
-32430
33577
25868
-67299
80402
74344
-95045
-64490
-55449
80059
23067
76896
57163
18447
-72141
71740
61991
-53070
-88073
-62969
-70763
-81037
79062
66596
38207
70485
82544
-44601
-35930
17455
-94107
-16927
-46017
3043
-40823
-49693
-5512
-8839
-43148
93937
72856
37015
56117
-62554
60676
-14561
49510
11325
-39459
12709
-33958
24226
42375
94347
14515
27414
36229
-45252
1745
-99591
-48896
-37311
-27035
-31113
19495
-36797
95139
-32622
85807
98782
-49706
-28473
-11140
30941
69133
74848
-73192
-45032
-21773
85653
-68449
-2905
80444
-71456
-24322
-24830
76668
-13860
-15344
79351
-57390
-39655
49511
-41722
80449
93694
61996
47260
-21090
-40613
44190
-3030
21349
98763
45046
81826
-41945
33602
63659
34958
31967
-3079
-92399
-12019
-23518
16179
-27107
78186
-29580
5674
17027
-47654
-4105
78171
-61056
-94702
53246
22059
96436
7171
11135
10997
70503
-17549
-35225
4657
-60372
99001
79048
32962
38306
-72491
75885
-41573
62295
-70871
68495
-86129
-99832
20824
6816
9525
43780
-77318
-444
-18316
-913
35577
-48289
-57103
5153
29003
54473
65682
-23826
86988
15902
94573
-48063
-79369
-67981
2066
17377
67905
-79837
-99023
23062
24658
5831
-64342
-10460
72736
11204
-86224
-8586
64746
44669
-88232
-89642
-49074
64425
13316
81305
-63480
-64128
61606
57048
83208
36880
31859
86232
-77521
-57364
62246
-73141
57701
92227
44014
-33808
-15591
17998
68662
-33963
44118
-13469
-62450
57469
-45953
-34777
-98565
88156
-85209
-6559
-12840
27327
-24241
15337
-91866
-7160
-98115
78015
70776
26135
-84235
-39241
-5452
65413
72087
70482
-70074
52298
8660
95337
-27673
34814
9230
-20733
19333
94204
17356
-31931
45584
77987
32471
21001
-4127
-2570
6067
-505
-63994
-79069
2493
-70993
31598
48417
14302
-26279
23598
-50510
44969
-78636
41326
-37752
79127
-81893
53043
-68220
68572
96678
40713
-57319
-44251
-4196
-27508
20623
-47055
-45723
63123
-90396
-44215
72606
-95494
19405
-44771
-89306
-45941
-89062
23421
88853
70344
-35209
-22607
1677
-89576
-95666
22005
-91480
-33332
-31158
-90220
61329
-7540
8119
-86817
-68306
-10334
-74683
44810
-79237
-79197
-63764
98852
3186
-52299
-51927
-23694
-12506
-35966
-12634
-52762
-3728
1016
16823
41921
-33856
15161
56513
-71742
-52459
-68954
-71819
-72695
51527
13443
22138
48781
21185
13191
-85079
-44553
-96691
-55677
-33871
-51111
88200
-56916
-52197
-27186
-6668
51271
55913
-29458
-51924
-18576
53207
75758
-32718
-83514
98115
11347
-72796
-97098
63720
38929
-73842
-46365
-88314
-61692
48025
73327
-55522
80778
-3104
-79895
23129
72315
-61725
23059
48776
-40890
-94700
23886
-79610
-26519
-11121
27492
50490
-97460
-50201
98738
-59847
73147
73371
8112
71752
42814
-28056
-18977
-10561
-20649
-51016
-29106
-90039
-14440
84920
-82104
78151
86238
-85049
39645
35156
1006
-67318
28619
34339
69930
-31844
-40758
-58107
-87953
68131
18481
-69368
-25394
-99778
58376
-31239
42470
-34086
57899
-18295
-57957
30372
-10217
-38707
-83979
55449
-22956
-65825
26327
-19975
4735
89762
-6887
6553
62323
-42525
82437
32856
-49004
74972
-84245
-19735
-78153
25746
96353
-97521
-78735
50974
-75173
-21464
-69765
