8800
47513
-60279
20112
75576
2256
51311
-77985
42874
3827
-4267
-89934
2266
16236
29112
26085
-59797
-38554
-42270
89889
-91692
-86804
-348
-80177
-53089
-56464
-97102
96935
-54240
79400
45595
-26074
45120
-92717
21347
-80738
-94683
-3750
-86338
-44377
9152
-42031
-80597
83315
40370
-30564
17643
86208
-63461
-50898
-23458
-95770
96129
-44947
-60424
29968
-80358
80114
19812
-41593
-6921
87276
-22219
-89174
-79347
97316
47045
-71878
-72352
-21413
25644
-90414
38477
69263
77023
14067
-58443
-79652
-69534
47229
24258
53824
30059
-96773
50327
24247
98005
33365
91160
92357
25149
41448
-52589
1746
47933
71347
35785
-84497
-57213
-99864
28381
-49033
-65843
68387
-19816
-42672
-5949
-49802
79447
67409
-11472
-89118
85906
-67714
71774
21091
-99703
-20434
-98290
-11229
80908
19469
79377
-6834
48999
62334
46662
22597
40105
-51368
73777
70956
-38320
94482
48820
-37474
2195
-711
3052
92608
-42676
-9315
84842
-49293
64767
-22836
36428
-86749
56779
-77770
99832
83004
-71380
-61776
55412
85757
22442
-66540
37093
-54620
-59295
78853
20066
-6519
74286
6096
-41419
41159
4915
98285
79278
-69291
89160
-29594
-91229
-19470
-34114
-26929
-65401
55871
28433
-74701
65637
25830
-44119
60623
-69126
3384
-35827
-91849
109
-41003
-36891
75479
79980
51780
42666
69013
-89628
97635
-77780
-3311
17820
10488
70847
-8818
24111
94949
-13117
12522
-6812
-6726
-23025
-97527
-7124
-58395
-97926
25168
58231
92292
-7035
-62451
86067
29211
-19800
-64012
-40478
77473
56119
-57211
-81322
-24715
-64975
-51831
21196
-24914
5478
-98566
-11933
-60016
-10430
28226
-96265
-59494
50809
-1636
44894
-93572
-90799
58135
-18305
-27419
9031
-903
14794
73531
87455
-71296
7831
-40540
27275
20036
-17569
-75775
22903
18104
-73391
81339
-62929
40271
-41390
-75083
-80402
-133
36756
-29727
20740
1808
-81518
-54418
17571
44807
1189
-99361
63302
-25825
-52538
-5065
-72067
-33569
-63263
25297
-86054
82742
20242
-26996
-4430
44738
-3522
25315
1872
19567
-24560
-86630
-33092
28152
80271
38676
-87581
62409
-6823
-87038
-56925
1541
17663
5814
35317
-19229
23100
-50603
-36424
49075
86354
-85973
39446
12607
29315
34905
62421
-7796
97705
-72535
-59076
-91904
-37966
-13630
55967
-32995
-24836
93431
-26422
81067
77065
-38407
-1978
43317
-45601
12333
-27766
15593
-14785
-58152
96258
-79133
11263
53367
18612
-66301
-55546
61804
96405
51706
-90396
41234
-55321
-47388
-96820
37489
-72243
6672
-74321
20877
56237
87387
39925
30745
28160
-80583
-85606
35465
-30855
69461
87523
-78651
86095
80209
-92932
64825
35113
-9114
-61008
99977
-94875
28911
-28476
-25886
-71931
68289
-41936
39980
-81161
-3278
59579
10075
64512
-57989
57330
40485
9604
77304
-39100
95630
-71244
-84340
-8323
55647
86804
-79519
63197
-96011
-90008
11533
7573
58869
-87366
17872
93725
-69731
35723
-50246
-98315
95030
-86060
87273
76022
-77019
2935
-61584
94931
37409
-90873
-90924
-82318
8640
25905
-42896
-88607
-62358
25477
-27464
3254
45102
1381
-47974
41800
83699
-53432
77504
-28541
-50746
10347
2418
-69268
-66221
13846
-71655
12274
45231
39431
-99298
50861
-72302
-24579
-88335
-54730
-57054
55202
-35290
61154
-28758
-82347
12729
33371
-64599
-71852
-70542
-44963
-60857
54211
-9180
82442
-66397
-23205
90639
85227
87879
-41422
52837
63556
-4163
34210
-19158
7507
81467
75481
47860
-52380
-32519
79741
-96494
89684
74660
45050
72649
-16224
-22614
12137
19898
-67223
47798
-8802
95903
85638
54262
-45298
77236
34630
-6313
-32229
-65998
56321
-66158
87102
-19146
-44135
-42848
-39920
-15423
60434
-64311
-587
-80872
-18485
-7974
83045
-20212
34457
13557
75160
9108
30271
-9342
4558
-33066
19787
14084
70456
77957
-7729
-35002
85382
91939
7355
-94348
96078
-21784
-3436
-21051
-7402
48315
35283
94742
-30658
-86051
77916
75283
-25523
18149
72409
-79154
-96362
26213
-67789
-90446
37446
-33044
-62163
70928
-36851
23653
81693
52248
-25689
-37987
-81913
-41499
-29306
-72862
-33705
-63825
90590
-54714
3515
27172
68748
-36541
82267
-74672
4132
17912
82038
93048
-62826
-37486
-23974
40775
64699
-18490
90175
-99424
75394
-95302
45761
-15278
98994
-56893
58489
-74583
-26917
-91639
35255
-66207
-18339
78599
19613
52278
41940
24175
-66149
52503
-64097
34219
48898
248
-11701
9725
-99257
85255
13601
-41401
27415
73974
87177
39463
-90415
82871
8858
54970
82405
-23674
95615
-41406
-15289
-33248
-66297
-53534
-30129
80081
-15928
81798
18928
94443
16049
-79585
-85166
50706
-93717
-71348
45007
4277
1004
66004
19271
68631
16344
-58608
84321
35403
-41197
-35290
-65634
77118
-48344
-51537
88283
-56402
6991
-26054
9571
-13319
-64482
-78294
-37202
-95792
24655
-11462
-4485
46090
53866
-93535
88901
-42603
53775
32913
-25243
-69177
14946
93785
75715
-15150
30547
-65046
53242
-21610
-49848
-94474
-79480
3089
74986
-94412
96302
60402
21001
-38272
-4374
-84085
91309
736
67599
8356
-6534
-37342
-56962
65899
-36162
-87327
13059
-26167
97627
-58586
66254
-60463
-74420
57514
36556
-69614
-31147
-14214
5665
43596
50635
17139
88260
89471
-69955
52525
15608
-74082
93566
-53964
-34525
65379
37264
23473
79564
-38148
26543
62568
-13322
-95005
13047
69723
-14317
61323
-93838
-38453
-16601
-90634
13250
-44322
59131
-18012
-63896
88156
55033
-17883
7598
23891
7659
86096
52343
82651
-50485
-91764
24993
14196
97862
21195
44436
-40821
-32174
76183
3946
-79012
-42968
-51068
11707
-11023
28832
-95227
17539
-22712
18217
72475
-27662
8146
-32159
13736
71505
35160
10391
-18142
-57204
63736
85786
88995
-85344
52622
62974
44060
18146
67246
-90901
-36886
-46359
-87475
27233
95169
70361
44415
44300
52421
-95731
49306
-97985
5879
48544
-70854
71440
-91636
-43496
35039
-77743
34842
87664
-85776
-57434
42987
-35519
93090
78728
19124
780
42228
81877
98912
6694
-75438
-57583
-9339
-46720
10457
78589
-8008
18706
34874
-26862
72636
-6748
-64520
-99110
59797
32249
-39861
-27668
-5893
45976
72871
-65214
-48406
-50184
38998
84536
88022
21191
37314
52515
22012
-20201
12175
91468
66900
75046
8549
-53432
23394
-32824
65291
-53131
15020
-89165
-9234
-70957
-60154
-13785
-22462
30268
-66231
-28360
85376
36225
-41566
-32519
-61427
-29469
-75386
-43705
-41413
-58069
60099
6575
28392
-7641
20402
2173
-11260
93057
50953
19426
10481
87677
16077
97729
71299
-71922
97188
42262
-21402
13590
-28152
30915
97311
-13191
-2856
-23047
-16277
-69156
-67447
90495
-55229
-64448
-53383
-89054
60673
-35019
-74780
-92231
81372
-97412
-18833
60244
-56433
-83331
94114
36801
42073
-23775
-93133
-3078
22493
-98547
95549
-26578
-52823
-30468
-27440
-5590
24851
-79240
-11487
2148
-23104
-72395
-93982
47140
29502
-53238
61165
87120
30481
4429
20890
-25710
-11445
-8055
30127
7912
-48108
-86882
-38665
-25017
59914
-19658
-74005
-52435
26561
47903
-32051
-60030
-78549
-47990
7508
24554
43347
34015
-79358
-84566
-88956
-90757
-87855
-84364
-65594
37959
29067
-85232
-37880
-34698
-62727
-27159
-59687
-43301
81331
-33678
-26224
27044
-61545
-32397
5836
91255
-45291
-25740
-74986
-60889
-98970
84932
89571
-62253
51868
15590
60277
-95141
-36139
-15911
57440
-37632
23625
-49405
-85142
93591
-87677
-54407
-54580
34154
-17235
53101
20245
58155
-61629
-25803
61550
-74026
-17174
756
-84040
71266
91865
-2201
86673
19107
-60875
-44082
-92746
27263
-26501
98229
-22397
-71414
68951
-31523
33941
15745
96465
-97524
-78448
92640
28839
-50962
15676
67808
76533
-49625
-81590
58257
-13615
-40650
72885
33423
3507
-96377
84676
20388
40593
-83627
-31701
-96262
-63095
84601
-78191
44603
-45000
-64748
-71123
60551
-152
79446
43402
58641
-41690
94440
-25175
62743
-47248
59900
11205
-9924
37133
-30674
93937
51011
8119
31063
86558
95466
84468
54703
1401
68449
-39549
-41124
91889
37605
-8399
-68517
93142
56574
53707
56394
-78051
6033
-53843
-67505
15104
-45214
-72135
-6103
75778
88426
31332
-52783
-14896
53009
-83606
37196
37763
40905
-25502
95568
54530
-34105
-16789
6032
-44027
-92387
92486
79910
-65548
25656
26238
46940
-80659
-23436
-75966
-25960
57381
67031
-46829
56225
-70874
33329
-44520
4882
84278
25998
-77809
67546
-43368
64853
-71906
-35412
10988
-95616
83719
-46134
83569
45240
90874
-89430
31851
-43444
-86779
-57534
10208
-74610
-14041
-40075
62012
-4470
-71678
-95719
42068
-82780
21806
42596
33991
-66291
-23510
-67532
92864
53793
-467
-27336
45913
35937
55259
-61762
-53990
57288
-4269
86169
-75041
-68661
-85595
-56594
43799
-15566
82721
11868
28713
19278
-56054
50565
-29775
-25962
-35606
-63171
-24537
-5150
63295
-65841
-71200
-8445
17491
59686
-56657
57277
85865
34591
-41308
-74334
79571
51560
13684
33804
29921
46677
-65671
50806
-45645
62655
-53872
-83337
-67408
48601
61216
-40291
70479
-76975
-75974
46562
90387
42718
45212
-54643
27795
-58644
-57328
-48280
15671
-73502
74226
88602
-93057
6988
77518
-25824
-90243
-32470
19431
-23316
-81373
-5036
39829
-55334
-61001
6920
34630
60427
-60317
-92334
-19676
95072
31080
-7978
-10345
4117
48627
-70147
27426
1207
22856
-8582
-66264
-14013
-56485
38136
17873
-85923
-40259
37666
44936
18858
61107
-42354
20956
93706
67875
89287
89158
-92939
-68760
-42891
75722
-29775
62596
-28181
-85002
30957
47285
24909
-85497
57470
-65888
-90980
-16469
-50957
7722
-77216
70946
40470
64102
35889
-45762
-12158
-82264
-27615
15049
87004
65464
-75255
-33851
-21009
-13661
68527
18894
-98200
24619
-25775
53212
88106
80350
-70319
63717
-305
-87228
-98820
-97249
-31427
33842
-91272
43619
-9184
15483
27722
-81555
23945
57094
-96638
7872
4643
-72325
3908
74918
48653
36567
-53453
-39723
-18535
-92832
-45317
39213
39521
-46478
-81221
-26658
-32320
73335
10894
-21849
-61644
-20491
-13451
-45511
-56434
-5759
21218
-61574
7507
89745
-31773
73317
37683
-72465
36009
21646
1059
-74166
-17867
74051
-53479
91367
-72802
-9905
62372
48628
49345
-53096
14181
22717
31109
-42840
13614
-71689
-19191
-69368
-58379
57082
-99091
3976
94196
9996
-75334
67356
16033
18264
8559
-65375
75781
16510
-97431
90685
-16133
84932
-56787
-49245
-81976
-49814
-77611
11382
85585
11546
-11178
-2875
77309
34942
-60118
-76043
-49688
56748
57822
-91460
832
-2563
85690
53129
33664
4731
40456
-39614
83911
-62024
-41725
-83803
-27884
-36613
-27938
25744
29984
71830
-78227
-75109
50712
77587
28148
60131
-78474
13
-74037
-29278
-69893
-61670
-51414
-11654
52747
1830
-91369
10321
-21595
-91237
-94999
7125
29245
-56708
-4809
65504
42039
-93999
-87774
30327
8770
-12035
-61956
15661
94415
-47957
-67692
-94107
67501
20135
34528
-16780
11139
15689
-96571
-17499
28841
-95861
12869
-91626
-4445
-97156
95429
-61121
-8134
37198
31290
84371
44345
-49975
-26640
-23169
-20031
-42270
17079
-53041
-40695
-78490
95530
-40848
-44554
85905
68701
-78896
-52141
-91845
-75102
-47903
-64531
60914
-61448
13053
88782
-96925
-21423
-30172
-71468
61297
38783
18144
1197
76136
87226
-21686
-87952
92555
-4528
-35739
50395
38345
17513
95271
85605
-63090
-77066
76632
61056
75574
-60746
-32556
-21971
75741
-539
-57622
-97989
14162
7425
25703
88285
5290
-9799
69101
32359
-69584
74933
74940
45477
65082
-73860
97299
6104
-47913
-39610
-99665
63694
-86300
21599
-60430
-9187
46334
71285
-7329
61371
-31471
-3010
-80574
42365
-49969
-47416
87085
42986
-95683
66782
35164
-36804
-42585
-58796
73914
37938
-72908
76208
48125
-35116
-27052
33909
31212
99461
-13099
19725
-56704
-26690
-76395
88146
51048
-10195
22802
6265
94631
49513
91998
-36261
19929
49424
45998
-22110
68051
-39873
-12015
8588
79399
-69011
-29315
-70433
66758
-18140
40004
-26070
50113
-26851
-36826
56755
-9432
-24264
90241
48386
-45037
24853
-67292
-56503
79423
55122
-95679
-37394
49615
30113
83712
-8201
-85324
-3004
-78160
80593
-62104
-21912
61976
45373
94612
-26213
88748
-36392
-55342
-10324
2907
86917
-74100
71390
-44603
72824
-32445
-2680
-41142
-27230
-83348
-78580
-30914
84084
42357
30962
-9607
30354
-5659
47008
46666
73687
6305
79608
-10869
55806
-86262
97678
54159
35315
-30396
18948
16632
-66313
-77806
25733
-2074
-97622
-87331
24282
2122
-91464
95060
-93652
80344
34467
-35284
-489
-66981
-45144
-40823
7462
88418
67537
-99147
-18895
79128
-14826
29260
75984
-6735
97009
-91333
-10693
-81535
35325
-18723
-44672
73511
10442
-34492
31327
-48346
-58817
51481
-61371
-75117
-40532
95771
40035
-74006
35948
90371
-49941
61692
53043
-31288
-41561
14404
-40774
59518
2614
-25961
-46204
-91046
-34781
-19719
63563
79504
-71453
-36148
4108
-75683
-3925
67235
60204
-82911
19436
87668
-32314
21156
91116
-31252
61906
-40583
20354
51293
98611
75071
750
16338
17564
-42492
62802
-83516
23136
-82747
30929
39141
84310
-52591
6467
40537
78053
-51700
80594
39620
-50510
-66866
-64140
43902
94691
96107
-40059
-37789
81870
77966
-20864
-2360
50691
80190
-50534
14152
69106
-92669
53947
-61572
-71109
23521
-8935
-9015
9745
90627
29299
40146
91849
23731
85095
30478
27397
-52794
97201
75765
-77449
-95147
-2687
44117
5716
78117
-90696
-41343
-16617
46376
-3202
97000
-85841
19229
-1726
-70397
-80185
71634
77199
-29720
6895
-85942
-44408
84860
-34644
16441
-60416
41286
97305
91564
-94920
59422
7287
25477
-52362
-82364
-63015
30372
15614
44684
33253
-14110
27696
31351
-55865
-2249
-39747
1502
87032
-55365
53127
-2296
-20634
-61751
-2091
47002
50369
-67648
69616
65582
-93534
94819
-41060
78588
-89193
71008
-80522
35316
46095
-24338
-93721
-35538
-67745
-61233
88578
-83719
-41169
-38667
-95104
16464
-81468
51841
60693
99307
-5142
64294
78574
28273
-67075
66284
-54710
64522
64404
26641
46322
-29997
-90037
-11190
83926
-74581
9324
96935
51078
73066
60473
42516
-38838
-81486
61337
-99589
-6498
-11235
-78179
-62393
-84723
-73578
47469
36612
-85400
99267
-86253
-73886
-91869
-19488
40676
-95271
-64179
33831
73606
68902
93547
53419
89955
86579
-96913
-81659
95081
80788
34138
29029
-49606
17774
87595
1418
85495
-6158
39938
79756
-1500
-31289
-42730
84502
72184
92358
64848
72242
-99836
22238
-12478
57725
-81347
-58600
10887
-86663
-14808
51510
15159
38337
15585
89332
-3705
-35177
-87609
78512
-76996
60377
-45753
28773
-16182
17875
-60540
-85997
26317
-57682
-97376
89595
-61149
-97723
-78486
-62522
49764
-79720
99556
21253
-42433
21529
78767
-14829
-96334
89956
3413
-38953
74661
-89524
7027
-59674
-5980
-19184
-20735
19333
11895
4461
31680
-96628
-84896
-89587
-10881
-57626
57841
68061
-65143
12980
24327
79228
11374
3729
-57881
1935
12140
-59280
88755
-55055
79547
-11806
-18488
55816
36274
24245
-96073
94451
-1575
72630
46303
3487
66252
-88554
-7708
6009
66952
41066
-49906
-36546
59029
-77492
48768
-99346
26256
-90913
37330
28510
-22252
54768
-99890
84397
54725
-28999
-30076
53262
-23816
-30529
29386
39876
-59070
87387
-88300
16941
-30244
85845
-94676
-2699
6064
-38613
40333
-79829
-56382
-12686
16354
76720
25278
-36460
74710
-59124
-69158
90551
40983
11546
-80409
67199
-85459
-92252
-11782
-54999
83889
-76983
-36367
38936
-67797
-66021
63012
-25683
-17716
-37755
-83990
26575
56196
-71191
90373
-36022
-54143
776
-18069
25619
51974
-50149
21489
78826
85027
10238
78230
18648
-29930
19020
-51862
-58408
9534
76934
91674
33362
-328
8172
14680
33090
19225
31214
-96405
-60425
36166
88828
-84080
-36616
-96590
-5510
8268
67073
-25995
-16497
14351
-85333
-50362
74525
54342
39017
54997
-45365
-34882
-24786
18823
75389
10928
-47508
-57393
78885
-33875
78392
96678
55347
53927
-60342
-6618
-9048
-40743
-15200
61641
45192
48916
17409
76025
23086
44968
-82593
211
-67015
26347
-37802
-90755
44516
-75927
-49263
-16992
29428
-35224
13323
-48060
86154
-67114
-42445
50823
-43112
64145
98217
68346
24752
95955
-15130
74392
-37448
-74824
44728
-72604
-69574
-72658
44586
47262
11480
67832
33538
-70111
-28387
32670
-61021
86812
21358
-84747
-26989
-96341
-84769
-55289
10455
-77103
19682
-66722
55355
-80748
-28518
-33678
-74770
72373
-56435
26988
-50743
-45877
-3976
-63594
-43536
25403
21437
16930
-85359
-66346
-15880
38740
-2358
-6769
-61905
95948
-68057
-76137
65447
-54156
66889
63255
98131
-95230
-38942
1226
-45208
-7958
38684
-91020
-43124
67556
11417
-45438
-3156
21653
-36523
99775
-95187
32797
25320
57201
-12550
-74692
85480
-37874
23676
61985
-72340
-80162
-82072
-82479
-96533
97326
-975
65136
-59198
50478
-57889
-76881
-89516
27048
-64584
-26733
-47412
37597
-6950
95646
-22914
68798
41066
82908
88427
38916
57767
35787
-57629
-73940
16664
-86488
46981
15187
93028
-57518
83618
95273
79936
-70115
49408
6421
-10558
-8458
58042
-9755
57557
-32914
-49596
19440
81605
-28059
27213
-89269
-94854
-49836
59005
89444
-48382
-17546
-57506
-61826
-76921
-49132
63575
20169
-77024
-6420
-41006
-29155
6018
16381
32959
22355
83991
-55694
42098
20928
-32601
23720
-51480
-58993
88819
43294
62951
63034
74913
-94600
56323
23589
69841
-51408
-53892
-55401
39629
52313
22661
57045
-18465
13457
86688
18525
-43907
22211
95332
-85892
-608
64918
-68959
35340
-77
30838
-44518
47694
23526
-5187
7280
-74592
20385
63229
-17888
-51749
-80554
6637
44579
8779
-52945
-14675
5876
-30325
-38425
-67209
-75794
10685
52533
-23964
72787
-860
32418
27096
-92631
-63778
-36485
-8756
5374
-30399
-18205
20918
76813
-35184
-55680
-11177
-62087
48217
29781
1057
-67082
64111
70128
-28734
90439
37184
-23046
-31087
-92447
-97774
-24980
4628
-5073
53470
32161
-30356
31087
-99127
76422
-36195
89338
15099
-85843
-39106
20960
-57698
88257
6265
48753
-24843
-4396
57920
12057
67542
73172
-49075
37539
-77178
95965
-75373
-43874
-57617
-1880
-54650
24797
-6336
-20128
17988
94295
-40671
27861
12639
18031
17682
-39286
-90680
-39281
-90913
86120
-13223
85933
-32830
-36266
-2434
53232
95957
40480
56257
-53909
61490
-35500
113
-21049
-53143
-19988
-28945
46976
62173
79525
96085
-50938
55419
-6930
11395
-32445
-9512
30524
39431
-2180
-90010
5306
-74072
26961
-75629
93790
-29808
-29922
-87297
-56809
-20781
97348
45975
-4638
92448
-10494
9811
-10500
-37693
-63300
68552
-4750
50388
93790
-71254
38420
-46080
-7206
-11166
36296
86897
-45683
-82232
-1158
-17507
14591
62206
-72079
31016
7561
44200
54589
-2249
-82287
37387
80013
-28270
-10831
23361
51485
-42571
62518
-15018
-47668
31476
81924
10371
98699
7432
-41193
-19580
-30415
32058
68068
13144
-89556
-93718
-8610
-93675
87443
-79876
53076
39269
70102
736
99703
25249
15511
-69635
26554
8008
-65519
66234
-82862
-85988
-65866
20457
40093
26841
93528
-98993
-15073
-47533
-85059
6100
51367
-22485
10773
-6972
-55920
14253
-23417
-69057
-50077
9609
26663
35523
88282
9900
90373
7060
-76417
14075
99999
98054
98163
43308
91638
45735
73995
-33024
-67715
-74229
-89323
-35103
-26258
79348
21816
-21484
-80712
97438
41657
-95974
-19565
-63771
-52582
-65239
-40525
36180
-89123
-16382
98202
-50613
46630
52335
-51320
-1268
-30146
41819
-49202
64674
-63436
87821
94657
-45970
23454
3970
-25847
-57329
29053
6631
53529
89645
52478
29744
-64583
-68381
-13923
62680
74494
-56505
5476
-45835
-20580
56726
42514
61047
46546
-45247
-27114
90109
-51133
80910
-19910
87123
-5979
51885
91677
83852
-7342
85464
-44391
84537
67772
-66651
69571
-6973
-69570
42347
-44080
-70486
91021
38415
76052
14234
-58291
-27542
70502
-46873
-43200
40920
80544
3046
-16999
79392
-11133
78503
-79761
78075
41463
14034
-40179
99459
-4625
-23459
-97242
43833
31275
37863
-23259
-39885
-79337
-96076
-81757
-16416
95121
-63034
-78862
-57927
-84472
16084
-89770
-68602
73984
37609
73363
-53878
-2319
35036
67170
-40051
-42993
-68952
-53187
64644
-93787
9127
71962
-15970
1051
-18640
45044
-91475
82326
-31159
-32700
60080
-48130
-80757
93071
-12167
62811
-7919
44697
-9217
-58087
58460
5815
-27070
88938
17287
-49726
39319
-24566
81569
52519
-22641
-57954
85932
60828
73160
93558
-8591
18413
-4721
-55567
78718
-35404
-18576
-3520
-50818
-10841
65693
90179
45363
97675
-22409
-64177
-44078
85319
-85765
73745
87994
47315
77196
-14772
49683
335
42265
-77378
-640
-4752
82474
7072
54976
-85675
52685
-31539
-13082
84280
70103
-71878
37747
-88704
87833
36259
89677
-62925
-90463
-50361
54430
90952
-91287
-44599
-21492
29146
-53343
-28040
-77040
-75143
6484
51944
5813
-93349
-21831
38655
-77777
-42832
50457
25100
-2346
80083
-43369
33873
-23555
39068
-21599
35425
39539
28754
28658
53028
24342
86910
58625
76856
-12850
-92070
-15415
306
66221
-84567
-56842
-9278
-73503
33632
-81303
-47180
10452
65090
98728
-10285
-11935
-27191
-20507
83880
-8142
15936
78505
30496
72442
-24978
-93795
-65333
-15796
-62996
84725
-55103
69591
-49704
-70342
-72993
34110
65954
58930
-57105
-18984
-98045
-2643
2150
-99775
9358
5103
1798
-92325
-99297
5749
61092
24357
43375
49830
68548
43829
4298
51159
-68128
88149
93399
42619
62216
22776
2262
-44314
99171
11480
-67543
67196
47123
62893
8393
57530
-16841
24011
-15719
21920
83082
-88487
-89001
17914
16424
-27159
24815
-21558
-92815
-50503
-31766
58516
-48058
89285
52355
81990
-51216
28167
95450
22017
-49183
21517
-37630
36232
-50350
-84812
-66123
2244
-72245
-85690
-81177
96625
-31295
-62098
-20233
-9303
-59751
-87276
13762
93579
-61493
24409
-44590
-91640
-1886
2672
69748
63498
87455
8663
3432
68352
-15235
47217
84401
35786
96592
13442
9547
-23618
-2745
-90298
31484
97877
82576
-29138
23875
64822
-91622
-3720
-70035
2972
-45642
37994
-52921
-9754
70871
46186
59950
-28613
95352
6461
-8062
14039
1821
55194
-17351
-57801
-39567
-18582
12111
10525
77390
5919
90395
93824
93084
-52818
6653
79892
11664
-73750
-20236
77745
-68842
91263
85708
45667
-60727
-86329
-12812
-16243
66655
-21620
-15378
-67398
-66462
-70949
84191
-74366
-83239
-49343
95750
-11627
26821
30245
-61302
38823
41927
-70143
53931
-13896
29279
79102
9883
-97090
23311
-36756
-43354
-66062
-61410
75035
-76084
87604
24824
-6119
93743
12508
-77710
-7480
-1817
44894
-42900
16346
36979
39321
26640
-57300
88651
-4036
24374
60796
12817
80405
-1814
34249
-81755
26488
-74747
-26298
-19305
32520
-96649
-89478
-81993
-15771
-86489
50551
64521
-4942
-96975
-27020
-51691
91649
-82610
4297
65114
40158
67026
-70265
97379
51701
42638
63538
-30095
74337
-88171
36573
-70953
76113
23836
-88480
85221
64537
-87749
2743
-22084
41299
-52144
-56774
98881
-66896
83266
-77964
-23123
-25057
58915
-80221
-77952
76503
-83345
75660
62293
82629
72305
-42056
81425
-64627
-1339
-51442
-42443
39679
72184
-84146
-77357
-10344
66571
48424
99358
-64718
-81065
15991
-87014
8649
59402
27421
91314
57002
-31345
-45381
27752
-23110
-68852
-79091
-18201
-51040
58501
-24159
-22732
25360
-37410
1138
-7997
80757
2941
-13531
14630
56762
80462
95199
-73696
-95946
-39520
51457
-95016
85746
-37971
-87231
80425
11095
55479
27110
53078
-40583
-73971
71008
-80677
-96326
4973
-64191
-21154
30684
35971
-31268
-2108
34407
95696
-69512
10977
-61773
-77018
-56591
-62841
42707
-14897
-22484
40191
60638
41357
65205
-57770
12443
-12227
-36169
85710
-1784
23317
74135
79798
32135
7372
55405
-29292
-28698
78169
-6049
2942
-45879
32851
21980
-74872
91382
-62601
-54094
32535
27773
-35448
-23219
-684
27074
26961
48909
-69379
-28695
-91322
65218
68821
55324
-4663
-21689
-74052
38204
52424
55224
89753
-63903
-76861
-83631
-59085
73744
-21141
-32860
-82913
-31112
95910
85431
-53676
62633
97711
13496
7642
20626
47707
-69859
-70047
-35467
-58186
-72484
98286
-18583
-50548
-86204
-76624
28107
-28029
-34185
68209
-51965
-16731
36484
-40280
-81362
-19396
-21467
52971
-78291
-2986
17298
43905
-61239
22633
79487
-90987
-32511
75087
4601
-67897
-76237
92850
-16935
29085
-19933
59075
67682
23575
8106
32099
77373
23136
-80835
-61275
52942
19232
-33575
-78037
-59534
-20753
34632
67500
-24809
-56349
-81837
-50984
75833
-6262
22981
75794
-45515
41459
42199
-9380
64267
85543
-22659
68305
53
-6027
96268
77131
75934
-78293
37318
35876
-19775
55265
24260
3290
-51169
-11921
72638
-60212
-96100
5438
-35654
2017
-37385
81980
-49009
40520
-44956
-17623
52501
-59559
-15992
2767
20332
-87973
-43887
-81394
-86555
25055
-95889
89237
-55472
-99831
-25806
-50387
53795
-28690
-90623
-49809
-91133
-68007
-20940
-19178
-74702
35560
-22897
-86097
-41450
-16364
-3620
83629
-27678
16974
8932
51801
-4509
-24956
-51191
29478
-9751
-31230
-89789
94882
-56624
-74634
90933
-68343
14570
-38644
95979
38836
96138
-13000
-35469
-73553
68784
-59374
54613
-55640
87692
41114
-27025
67202
92017
-61539
-36366
-87671
12375
-35215
22963
-91456
36876
43226
-45393
80087
-70343
46415
-64802
55225
85901
2582
61682
1153
3720
-49268
91372
-69940
35046
-9663
15899
77033
98918
70144
50099
-53203
91637
-23252
-4986
-18076
56252
-56827
6241
53090
57859
266
69894
46455
-43264
19513
56641
37824
27328
37426
-17303
6170
97649
72953
-72715
-81998
-76406
47322
-57224
90552
57239
12391
-81926
-3918
-47068
-49443
51189
-19987
-28475
-97115
-74711
62670
53569
65718
63836
88262
-30375
71319
53874
-90268
48376
73218
35044
25732
88184
-36379
-68832
57061
15630
-61310
-47043
-36199
78996
-88203
90713
77589
66034
-29098
-12142
90280
99560
-13580
-91299
-94199
10041
53250
-58490
17096
25463
69838
11844
25447
16872
-57620
36856
-44414
17042
8241
-34558
-45847
81512
60571
-87808
-1138
32209
-38578
-42972
-42279
98449
4345
54641
95898
61782
-99497
-95790
-75434
-4319
-21294
19287
80194
79
-51902
-22131
1358
-70588
-34158
-40200
69400
-86349
2307
-55569
50369
54667
37707
-87083
-58723
-53247
-13419
26159
33348
76982
-29844
92519
6021
48134
6002
-66340
68026
-21011
80266
-40092
38199
28117
67734
3679
-16932
-17984
-58598
-46663
82122
-23282
-53377
91451
-1614
57836
-9420
6543
-69367
-7463
26223
60174
44504
-22762
-28335
-5113
89583
-98262
54120
78543
-99974
69519
55438
15744
38507
98428
-80978
-71984
-30249
41296
82471
56334
77085
22936
-72887
44538
-16704
-51395
-7812
69570
66710
-79667
-16705
51029
-70502
31716
-36594
-3930
-50596
-76618
-71075
36031
-84328
79868
-63422
58559
-39389
-16967
-75665
-74766
39233
-37016
1884
35979
-22956
-59132
39171
25600
73967
-70157
-82107
6978
53129
5200
-44886
16216
-31987
25364
-378
-41961
7374
-58592
-94665
-59840
-65896
-89111
19722
-98890
77154
-45952
-3715
-23782
77279
27325
60575
-82171
-4685
1288
14740
21729
-96637
97667
-82379
-12444
-56027
-2153
50964
-26837
-64201
-90278
5980
-17297
26187
83162
-53865
37158
83584
-7479
-37238
23480
-96660
15940
-47877
-43748
-94283
25601
44947
90319
-85505
70805
-91618
15473
15871
39840
95598
-81604
-35858
-35882
-26656
-49439
8986
-42646
12534
-93951
93078
-39079
81763
73092
-57262
78672
35046
56666
-23483
-5062
-55538
45196
53126
-42134
27355
-99586
-54725
45474
-30267
-74621
-13016
-13826
-85674
-15971
18217
-63808
-15438
25616
-50821
-19847
-90121
52449
-57996
79504
76287
4848
63443
-84046
74690
19951
-73998
-23530
35673
-78082
87896
69227
35165
-8987
-5397
-92191
44142
-4499
-51646
56529
89744
57435
-94247
62602
55215
-99894
89118
-90055
-96957
-96476
-29464
54580
12622
74364
78791
-82589
-90110
17419
-94218
-83893
-29631
95494
59245
46392
-42372
64088
66771
3783
72252
-68351
34257
68366
-58561
-6069
-58558
71848
-85638
51428
-51834
-77152
84798
59869
75062
-78151
-86987
-81218
76337
91863
-93813
37315
-31595
63950
73321
57144
53450
-14522
90268
83692
55608
-9593
70612
31893
80601
85287
5129
62336
-67352
38605
-34760
-42958
81080
74977
-56820
-31711
35426
38674
27799
47624
-76265
-72701
10431
10539
-16492
64403
65590
-16601
-76557
3719
-13727
-62604
51357
-94825
62170
-48773
-16291
-23918
-70895
91726
92624
41518
84429
-7992
-43399
-96080
35600
-25405
-34959
-39756
61337
72239
-38469
50010
-61053
22933
-18827
36685
20555
92713
68203
-93903
61743
25029
-8506
7976
369
24008
56930
2177
18491
-26294
-1475
-90881
-11556
-32774
-28790
-15039
-17296
25559
-71322
10067
-2978
33095
95522
34000
-90436
1175
58174
43313
-45491
-93872
-18249
-71433
-26646
-32526
-24712
-26191
-69442
-77552
32556
-39126
12522
80264
15923
75571
138
60892
-9166
-59512
-54833
12786
-57915
72162
12299
-51484
23568
22617
70668
-29307
90803
-5965
-75553
-24143
-60645
-45555
70006
-88048
38645
61732
75812
-43481
-54786
-57472
95172
18906
-82825
55359
80634
-49598
-5004
-46790
2001
49383
-13550
12182
39940
-40614
-36152
-34135
-93160
89074
10583
86790
95014
85217
-30309
54567
60279
8306
25412
-67274
94664
-24671
-74018
43512
-14036
-45674
68171
-37610
97553
75840
81619
16202
-86310
-11446
59410
87522
-46100
-2819
81103
-82892
-62267
-86862
53869
-3297
-72890
-18126
-39557
2489
-89519
96236
-81050
11098
30541
-6446
12558
42180
31430
-49008
41653
-68306
-77710
38505
25236
35819
-31410
74992
55368
-13636
70631
-2975
-65558
51119
84725
-71078
-91076
24113
52002
-97415
-11778
48055
-92440
47187
-9695
11141
-36073
52045
-64429
-67494
-5002
-34085
-1095
-8
-83582
-58285
-87813
-95853
83346
-12755
-19528
-97130
20250
-49575
70298
-62260
6926
-1027
-50555
-78543
38174
27466
-21847
-86826
14240
70010
-48073
90987
-25524
-43672
4593
-15764
-87072
-90485
98009
-23701
61604
88656
-19829
-4618
99144
-85228
-50265
-38556
35049
-13317
-28442
-30399
39538
36080
-63346
79187
-94689
-23303
38720
-19447
-72611
-48843
95279
55359
24078
-38155
39467
13552
-67672
44085
70491
51257
-37699
87926
-18038
-41210
19413
91385
-81192
44443
-6601
10329
86416
-1727
-11001
96198
73242
74187
-50743
-94054
79111
-11708
94019
58649
5066
-32714
-86591
89930
-53370
63897
80626
32108
57218
-87145
-89808
97879
22650
-60616
90525
79729
77775
-2129
-20888
-65463
42334
73536
93999
97811
56685
-73716
48703
-43200
-36542
-31621
-53130
84345
35342
77892
-22326
41465
93575
60828
53602
-63355
-1773
37368
3170
-37688
-78944
-21183
9476
79439
-49328
-90284
-54750
37853
45394
-78094
25040
-72212
88204
-13557
64613
26049
-99596
87266
13979
-53782
-84930
-20388
-93236
-80745
30191
62571
-17956
-8301
-38319
-98862
93366
37789
26431
58452
72686
69991
-28512
68157
-88378
-68630
-88080
-35252
86348
71780
95546
-52485
23265
-44625
-12190
-47635
80532
79871
-84450
-38861
-29972
21048
37189
-31749
16965
-28182
12288
-65130
-93935
75818
10269
-91803
19072
-22770
31298
-44065
-67846
-99836
-49090
75648
56329
-1585
78715
-80623
39188
72608
72656
49553
61190
-91699
12723
4029
-1842
4784
-25780
87233
-4673
33567
37092
64187
-45033
-3325
80700
-44376
-51172
5399
54714
-57171
97826
-10241
-19394
8196
-89750
-62782
-32365
63105
-25435
-46618
-81086
-18816
37270
-985
29568
-69907
-95723
91795
-12217
-15632
-42961
72581
56002
94579
-22613
-45444
88353
91793
-49049
80279
96525
-69348
-57823
-16785
-36811
97611
-98413
6545
-26169
-30593
-30667
-80106
72379
-95696
73574
83041
20553
-27784
96741
-8715
-30213
84476
73273
-47504
-55588
31667
-66895
39656
-98032
-22636
57414
39585
49405
96352
-70436
-95000
71719
73
-74393
-46513
-66086
65278
60587
7236
-17472
-85356
32795
-38704
39954
-34862
27363
-53590
39403
36377
-86527
96629
-28615
-70482
6798
9949
-69812
16358
40667
65289
39121
-45075
-82954
-68163
-24808
-94094
37836
-21616
-71152
-53325
-29208
-49532
57813
85536
85914
25671
50336
-91282
16883
-61883
30301
-43717
72748
89896
84506
23321
-44122
23405
11227
33722
-80436
99684
-16374
-65098
-21100
-49532
-91317
-60485
25829
-14232
-82962
-60591
-65645
-73302
-40258
48840
-77947
45467
47606
16577
34104
-44132
48339
-42217
-33124
-25700
24773
-24344
14748
-51026
63167
-92029
24955
19717
35886
-89872
73946
-63153
-93114
-50474
-49706
-94548
-44233
22541
45838
-38710
-71490
16321
83266
88671
93529
6399
50390
77057
81811
15903
-73930
-30875
-26307
3342
-8363
49074
87677
-45193
75598
93185
-42112
25870
57259
-35980
-71605
-45127
23171
-29136
36463
-92965
93693
-23496
-67045
-89667
-62861
-73177
48459
-58981
96883
17098
6046
-82231
-60001
-27880
-35002
88960
56436
69774
-14695
33098
-4505
11435
-36092
30277
18347
-66683
5022
-55401
55056
-63289
-55206
66222
68485
38856
-13353
-17870
-11202
36360
95186
9290
-51984
777
-97797
-38200
79545
16200
57509
-79886
37469
37078
-61354
-30866
-7508
3928
-39618
-81591
-36289
-98473
-16251
-15452
-76768
-80699
14461
-96709
87433
45133
-82761
-74989
45189
-61739
61105
43264
60596
-77485
-47827
59856
75498
74441
-90916
-86632
-56138
-4514
-25607
52312
-90881
-88933
4083
-85683
-57782
-86850
-37118
-85740
9049
-74754
-43237
1398
44398
-90979
-61570
-92204
-59218
-18653
33389
-90256
84448
-55748
69687
-59243
-62508
-95760
28082
-81243
-72352
-30982
-23098
-49027
56710
91720
-75802
82054
-99598
46863
-17510
-38565
37662
72007
85752
63634
-7464
70026
93426
19497
93532
82117
23432
-31025
-69477
65880
-12578
-94196
97181
21520
58600
70605
57026
46270
-68415
30480
99748
-31116
64604
-74328
-23208
97883
-70831
-31378
-43692
27636
33625
-49916
70634
19369
97237
19847
-75854
-59057
36872
-75952
-3898
-99397
-87002
-34457
9895
-16706
77828
57286
12990
-61122
-49362
-57595
41724
46514
-46441
-32794
-37342
-23559
-53973
-15361
47645
-72104
-87359
8512
60233
-84530
17772
97248
58454
14806
-36047
39337
60040
70009
-6190
-49444
-39592
-50675
-91063
-48254
-6664
31310
-85872
99600
-36876
62614
28189
30006
-16460
76732
53228
2820
-20258
-40249
-12
14713
86424
-52786
-91397
-81878
54699
-33619
-77371
-17652
-93821
58789
-34776
50654
98258
-687
27835
93685
78421
-63231
93421
40613
75375
-70155
53681
-30775
-85519
-74504
-24361
13040
25723
-24938
-79882
39204
-65028
-93061
62278
83672
-82284
-97623
72970
34605
-37925
-49195
91242
77153
-42949
-48801
-41570
-16555
51448
-88275
-28281
76217
-54832
48867
-35432
-12458
-67586
-13376
-33423
567
-78056
87000
99084
-3467
-7016
42025
-2928
-38306
36151
73757
69827
93249
36981
28572
-93219
-93607
3318
14858
-11209
60244
80518
-92636
-18462
-21890
81917
70834
98836
-34673
-81410
-21910
-81474
-72115
59353
27489
-32711
80671
-73968
83502
82526
42160
-9801
-71267
48436
37884
5941
35853
15940
-73798
-10521
-71321
-56887
-89626
22499
-65605
-95292
-17558
66649
3705
54124
63464
-67242
93960
88193
8615
80674
-10746
34241
86807
44234
-61219
98420
82306
-32072
64126
52066
44754
-90498
20029
-71643
-99911
16241
-13751
45657
57856
-44046
10054
91183
2800
7560
98505
-45023
2263
86441
-24785
24896
-64521
29016
79834
9833
84625
51943
-9654
83478
95625
48350
-23340
-91056
44150
-80332
88513
-15742
-49272
17338
-6907
36713
35990
-82345
3993
-26904
56132
20654
-18696
-57800
63949
87964
98227
-35779
14835
-14051
9266
-67789
94336
24782
11400
-35321
-87881
78605
-69135
-48766
-23908
-67844
10347
-35232
-42595
-97243
95278
-19457
74076
-80905
968
-53325
32730
87983
63257
22326
-75903
-64366
-69719
-25923
55246
-59114
-79455
95014
16089
-47967
-94291
-21812
66114
-98455
-5781
-85891
-90630
-36742
-82608
-70717
94763
7958
-25448
59935
-51323
82934
-41369
65748
-69914
90031
80001
37279
-62555
68208
4643
-84924
-19140
-46296
-91524
-8125
9295
51652
60619
38186
4381
42838
-29354
80644
-63166
89361
-18492
-83921
-50970
19825
-51944
-86325
68294
-89609
85898
5006
-38371
66642
94659
-67467
-96402
96217
60789
-61163
46001
-36875
-38826
82320
-38184
7260
58871
-37278
-10884
83064
-98747
53979
21481
-78106
-41382
41063
8258
-60583
16321
-75831
-81197
17631
-18171
-99738
-34190
1148
26420
-25602
-47472
88690
-95819
66037
-21663
22946
8195
22095
23526
24908
40069
98427
88531
71091
-34676
26246
84194
-58724
94312
23280
82868
23348
-16857
796
-86625
-80559
76843
-90592
-62760
51281
46503
381
44542
-90081
-36106
69672
-80511
-99628
24024
-85113
-21203
-39111
49865
16695
94999
-75669
13952
93002
24034
-29928
-56511
10446
-85330
27365
91039
-53880
50335
49202
70930
-84224
-90875
34101
81456
69622
41005
42435
71692
-63822
-36605
301
-96408
32249
3490
3911
6103
45212
47162
19332
2036
93354
16669
3261
2488
-85115
-32858
-4144
95868
66898
8198
-57499
70412
-98742
-24020
59596
81956
95470
-79663
12866
55306
-15401
92125
88211
-3065
31019
75321
28313
56451
52715
-36750
-48990
74940
1258
76166
-58768
22563
45721
69583
69913
-12141
-64771
-63927
75279
74543
32897
82114
18298
-48234
-5529
99357
2113
-97786
-54630
-10686
88040
95754
79200
-82202
-98348
-83487
-14549
-87054
-30359
80557
38734
-54125
-98092
84884
73485
60765
92260
-62665
78157
-57124
29139
-72051
-35478
-82311
82979
-41445
-47896
-81850
58404
3026
46209
73062
93138
-37243
-73508
34012
-71269
64837
24159
31278
15421
88859
-8805
19957
82766
58785
-94554
-80828
30741
-80451
-66234
-81613
64022
19131
37385
96903
49900
19334
70322
26495
-21682
85507
43150
-30018
-45900
47498
-83996
-13424
-15406
38530
-74550
5658
16323
89688
77396
73891
67393
17756
-8536
-23623
78545
-35784
84781
53121
83452
-2355
12194
-87073
-25993
-63060
-17205
53949
-74716
42669
40453
41404
14257
28656
-8453
3893
-48738
83886
1969
72235
67165
76026
-43906
98575
67474
42458
-41194
-33938
-88646
-32196
-55803
-30085
72551
37335
49208
22133
47465
-56161
-31690
14196
-69495
-32156
73900
-31018
-47121
8200
-37531
-51072
-7517
-92389
-65896
1747
-62608
58325
-61733
5037
92965
14191
95734
7129
-47947
28638
16530
59988
-16642
34605
56209
-29507
19302
95094
97271
7512
-17694
51132
-69883
-7554
-23983
81064
-17690
-87579
30340
-49634
6019
-5304
-5343
31612
-67727
-50893
-76899
93487
-72438
-61203
-91290
32177
94745
26945
19939
-47261
29807
-45077
76627
-96766
29202
10332
48850
-33527
82133
-44182
-48454
-90460
81219
-45865
96358
26316
24181
64125
38866
-93629
63747
14099
71006
72814
-89321
-61154
87409
-11958
-32611
-15690
-25414
-84276
-31594
-78861
-49390
91481
-76788
-55307
-45314
-28961
10016
89421
55376
-10482
32319
50316
-31892
19575
23731
-35803
86632
6655
-4266
44289
69261
-32769
51745
46688
11067
68156
-40478
30183
-68888
84606
43916
-52598
47561
68751
3240
-81578
-42039
7826
-96854
51291
-5450
-82307
-11810
72821
43835
-53324
75585
-11849
776
19395
39916
-14541
-3762
42680
-57045
49447
-34074
-32293
-48851
26375
66385
-65717
94163
-96862
-56870
-44297
-213
-54796
46872
-57419
16758
-81143
-36464
-12926
-17883
-58231
-97417
-40425
15971
-22556
66452
-41884
98892
27162
-76604
49516
42619
-57945
-681
-73028
-68672
83594
69912
7177
-91343
-97743
97835
-96347
97367
35395
-26738
83806
-59063
-7159
-62847
-81933
3223
-22854
-75646
-70860
58461
36769
-85774
10549
3319
-78739
72531
28270
-64685
48469
30643
47026
-6687
-61466
-69150
89354
35048
-95702
-96994
-39250
42098
-33289
34384
37087
25768
49553
67759
48676
48952
-45251
39171
-96226
-71566
23779
-6460
-79222
43634
-36194
-40607
-13933
55608
-32156
-868
33618
-32748
18765
-9774
-38365
95292
73794
31705
81957
5952
76611
79234
46285
67988
5396
84477
60263
20620
95685
23580
50411
-36313
46557
-47120
51512
-1470
-10334
94415
-36496
42285
-83576
-60681
-52497
-22437
32244
25997
56808
-61133
-61589
21950
53598
-58045
98075
77511
79741
70164
80710
80335
-70253
14552
-54265
-8527
-82194
72064
-64189
-25896
50066
41642
-67603
40900
-97001
68728
-7499
75049
37661
19644
62862
-7370
-75475
22031
72602
44787
-5586
-2047
-95499
-54141
-25599
-4054
-75109
17801
35577
34271
-15497
97767
-32262
18753
-60727
-990
92589
-91473
-25166
44769
9501
76763
-46561
-38700
9905
-36870
56016
-46734
2310
42389
78148
-26150
-28824
-44099
79747
5915
-42322
63259
-24569
54927
-95377
3941
-39096
40162
-73372
-58323
60003
88049
1180
-87084
36006
21773
-87338
-86309
17658
-24610
-17858
-43750
61166
-13468
-71161
97609
-7908
21529
-41887
42299
-20934
30451
-23720
-82773
-40001
8133
29193
82735
56559
-48251
88705
-90871
-66747
-41304
70067
-13219
-34883
-32791
-13226
-56132
-72261
-9431
-59559
-59618
46171
-63119
-54908
-82321
56982
-21485
27244
-83008
-82931
-60434
-48174
24670
50677
-98993
77786
15040
8224
-86283
25123
40089
-20060
-27667
-35321
-12082
-48278
-29732
6768
-54782
71189
-84645
-71083
-99700
86860
70396
-27632
86730
20390
1707
31582
84047
-88015
84976
79922
31991
92063
-99311
-60490
65244
-21746
55125
-24545
19617
47730
-19357
-66453
13099
46754
-10744
45626
62064
80571
-68393
-37562
6375
12021
25066
10881
72991
43904
-78137
-95222
62764
58842
82463
70475
60988
85296
-77968
-52238
-62585
31278
-76279
-71223
-12379
-53019
75245
-12556
80633
-67560
-55983
5959
97611
-10589
81984
69377
92468
5385
84767
15209
-86286
75993
-31222
-66492
46171
-42949
17948
-70416
-50193
-39588
-46066
53921
-69498
24308
29367
-78283
62952
74288
-39631
78773
-65157
50241
-63460
76650
-93865
-81599
-43844
6234
11318
95741
-5122
-76962
75527
19875
96088
-66271
-11167
-65783
-81907
21047
-15339
19095
-95600
78423
9244
23187
3776
26103
69807
-3705
46994
-35454
67126
65105
39693
-23495
63192
84679
-73618
40675
5489
-24892
36203
-21006
-30239
-38508
76437
97780
47553
7992
-23722
65650
-41551
4118
98586
46441
-67379
-34816
38539
-31966
-67842
37471
-48204
432
-53652
51260
97799
53766
35537
-58582
63609
-15566
75945
-620
26059
11770
43206
-21985
10724
76178
18688
25915
61338
-96266
69193
-80949
30160
-97174
75998
44143
-31623
54796
-93031
-84438
-64197
3923
-68765
65269
44398
5350
90696
3999
57667
-3493
96995
-46497
90242
53514
91128
6456
76907
-98674
44704
63431
-18306
-69864
-18145
-92628
-48809
-73873
-70959
80147
-65423
35080
34499
-8290
-19445
-35075
6559
58865
97255
-46163
-20801
61209
-87697
-10959
63458
17369
-1357
-18314
-90756
-41773
-92659
-72324
-17241
-3888
-69658
-42198
42552
-81684
-23023
-96373
-94419
-24735
60948
95977
92802
-27986
3976
-90876
-96798
-57437
74326
-74065
3642
-28852
-53791
97864
-83094
-42120
-62846
70482
73621
46628
-27026
28273
60760
64649
-45579
55681
-23721
-69761
33187
9235
94643
-78900
40777
-86588
52952
23758
-53546
-93124
9330
25536
34142
41536
23935
-77972
-78275
10421
-44928
41837
43221
95538
88457
-94432
79730
44224
-37256
50535
-45297
-53903
67842
-6567
-31118
-8551
-76567
-5686
5490
6638
89417
73906
-68775
-30536
-69166
-62916
69860
-99532
56912
1581
-7897
-92597
85734
-39441
61325
17386
61786
-24070
71741
-11330
-16503
-28450
-24935
78285
95483
81390
-8288
-5004
77841
-67124
-62989
91449
-76133
75086
94965
-90868
-40762
-90102
96907
-69217
55539
-41596
45635
-7394
63778
86000
78480
-83699
50957
13989
-69581
-96322
-71151
-73695
-43530
94123
78535
-5773
36307
27125
-97806
38665
78193
-91462
-75888
35606
-92850
-99059
90771
-73313
92408
87573
-66582
-77149
-98955
72963
41912
26021
30594
22257
19686
-16169
94840
57172
19796
-75995
-84469
2718
28714
-27557
-57747
-73229
56525
-8397
-47664
50565
-96210
-48449
28808
41102
-32644
28591
11854
44137
-27335
-25408
16097
-7794
-99222
78466
-96698
32744
-37016
24643
-18255
72661
-90412
12317
-48900
-34567
-66328
-55399
59604
-58113
-95960
-60801
17267
27886
58935
-49924
41799
-40029
-96635
21550
59442
-33615
-10330
-86898
47467
63761
12862
-84806
23809
56520
94617
-85410
-25984
-15468
2775
-74946
93676
55186
-92284
16163
16810
-55761
-80378
50464
59326
-81464
-92817
54912
-13329
-19423
1587
-22833
-51769
-34881
-46605
45889
91127
-57181
-17993
-35070
43415
26979
-81221
46042
-74870
26150
3552
-22980
-31616
-57477
94915
-18451
18069
1430
-69589
25100
-61738
24169
-3428
-87870
-28
95324
85768
-3066
1394
-3032
-56667
-71283
57641
-87915
-12198
-21107
-87062
28878
-68397
13741
84915
27166
86196
45963
-70309
57865
19241
-93719
-35273
37321
-69732
-12812
90271
-75292
-84928
-14733
-36085
-57050
-8437
-43511
25046
-7744
-72704
-94682
91493
-25987
69098
-6640
50721
25501
90532
-38518
-44257
-9200
58325
67102
46177
11344
-76422
48716
77174
-15717
71580
32271
32892
-42804
73504
-85496
-79098
-98219
-93251
62282
54872
-99300
46152
-48063
-19953
7663
96043
5823
48798
-68124
-39308
-54491
2739
-83183
-21047
298
73399
-92956
53882
55627
-26507
-12639
49199
-92017
24274
93367
-80000
-22090
16762
-53251
69859
-74724
62158
67456
-64175
-95349
48381
-16863
4686
59077
-93321
83845
-78158
47249
-28236
-77804
-24798
-90495
-34215
15852
-73703
63063
-30546
47257
49961
77124
-9545
-6748
47535
-23861
-20687
-67454
68504
-22267
29802
-21267
94921
-87811
97533
5265
-76752
-49605
-42518
-63076
-35227
77854
-66162
-4232
90812
-11998
-77821
44053
86953
80578
81110
41631
-81392
-22025
8033
43791
33129
-93410
99141
-64930
-9715
-55497
-34490
-97517
33375
-34742
-94013
-27011
30873
76388
-71792
-68611
-54222
79231
21490
-65925
29481
-61185
-98698
8953
-68175
22425
-23250
-32828
-28999
-26290
81737
59462
-30249
-67051
65038
7161
37136
-83177
-75851
81654
87302
-21804
-61406
8940
-64129
-32925
-79937
2156
25358
-52266
14900
-82848
74400
51900
65862
71004
-23579
1471
77385
-10356
53784
-49170
-4285
24333
11245
-3114
-80353
2137
-84009
77769
-6261
-64102
39091
-33664
94190
-31009
-76332
96668
-90871
4652
-78357
2824
-75287
47851
-94957
-41797
-71482
-43711
-57161
-26598
92476
-22980
96609
-85318
79267
83688
-34273
68483
-18611
5441
91220
-18768
-79269
-7934
-12520
-37134
90236
-19108
70221
58741
-35260
50498
93823
72634
37285
161
50807
-17629
67404
93677
39069
32397
77338
-91817
8327
-75049
83965
-59429
53282
72066
-14293
-92747
62203
46513
78587
-34637
46059
81615
86623
9446
61789
-66033
-894
-83278
-17795
59022
-74566
-52219
-62913
10902
-93206
42724
6793
58236
-64777
-20895
44798
-65111
37797
11241
74856
42293
-90099
38842
75329
35503
-64067
16625
15775
16633
57772
22785
4409
-51120
-2408
81024
-33126
73002
68414
27355
87648
-51592
-15371
48490
-87759
71115
18472
82910
-9860
-98733
-73042
-24297
-98521
59906
30920
-50925
59418
-90994
-99274
25664
-44953
69462
-79754
87090
23381
-72804
34970
-56849
81096
53425
37381
-34392
90510
23918
34242
-80189
87304
50462
-7424
-63533
64307
49017
5614
54441
-25326
-80373
-16913
66692
-69830
-17996
-66822
58979
87418
-70456
92306
44155
-63900
-51498
52188
6917
-40324
21446
-77214
-89681
65405
-82020
-79773
-63630
31938
61465
-15148
-4669
25880
-26112
35191
33059
10845
-58762
-2153
-31855
52628
10882
93
-81056
-76855
565
-9262
-49885
31259
-84125
-97230
15620
-90645
83663
-21783
54132
-17824
-92891
72173
93692
99540
-66976
75895
-31950
33886
63308
-1185
9352
-32196
229
-20077
-21633
3485
-38625
47027
-47239
-12471
-21953
-54835
82539
-27666
-50906
61616
-35535
14152
56558
-61137
-68613
44267
-21907
-60172
46117
59952
72343
-73410
-99419
39418
42688
-3784
-42531
29732
-18498
-38281
-19119
-24951
6573
-20848
-86030
-87761
23820
31380
6809
87312
-47804
-14806
-82673
-69945
54089
-76281
60617
25044
43289
-39412
2161
30988
-1758
82491
-5345
-81952
54400
13783
79910
-76537
-63708
12376
77195
31883
9424
-72760
-87343
-52179
75390
-59587
94512
88374
-44319
50483
64036
12764
49411
-5819
-45599
69197
93069
32072
1507
-32550
98533
79173
-21980
-49725
-21455
-55728
-23385
34971
14971
92361
-31886
56280
-33875
71407
-47208
10297
17595
-51620
68404
-25964
-97761
47201
18482
3963
-4032
81918
27719
-73142
63724
-99202
-37375
53264
452
43181
92280
-91816
-11721
26935
-12572
6227
33894
-4577
71752
95459
17639
-31784
-74419
61510
-25306
38404
32105
26653
-62043
-2170
-75458
46872
42851
-77818
-75393
9409
13595
1217
-73523
-79711
-82013
57481
18144
-91629
-38603
-77152
64224
-96669
18123
-47571
98068
-31327
22115
17305
-42767
-9144
79202
-7479
-55404
79814
99861
-54600
-84596
82344
7634
-94545
41422
-60380
-72771
-54556
-27253
-66238
63207
91693
-69153
-30809
-73520
-36513
52896
-40641
29133
89863
3479
-44090
-86331
-19580
-5493
34548
12117
50112
26616
-20797
21523
21897
-66465
3166
-23824
36432
53943
-76505
-4937
99836
48513
-11931
-67406
82348
64057
-47479
-30933
-52920
-11352
74011
52048
66562
74967
-53498
69232
-39889
-22626
41532
19874
19964
-53542
95111
-77564
-64626
-44996
39854
-69023
25786
-28098
1984
-60628
73886
83889
71040
24681
21338
-32525
24300
1323
-8146
48316
-75540
33272
-67598
59671
3924
47304
77996
53229
-72106
19052
42513
-76804
79367
-2804
-66085
-11097
90188
66249
23875
-35352
40737
48449
-16612
-59743
87621
-83664
-16308
-76145
19718
75379
6247
68831
10980
61289
-53015
-45221
-93147
51122
96336
7165
14389
-54887
-77932
-27164
26743
-46130
90180
99364
-39892
18956
21823
16120
-18498
89753
73099
59923
33834
86700
-54699
-89324
-58359
80296
48709
-62825
-49735
-51193
-96067
-55193
22764
-87214
-9873
86610
-84019
-94772
43800
39190
-90294
-62289
-2595
17143
-47870
55758
25344
81778
-33843
14937
99199
64715
66594
-16577
-12855
70275
-21847
-86482
-81058
48358
38110
-9226
-64702
82816
-74914
-30901
-21155
-92561
-52782
-75799
9778
-30444
3189
-97838
-32262
-73373
-89597
-13389
-53092
-55974
6016
-5212
71244
-74801
87329
18318
-88515
73698
-73701
-15000
24260
-99695
88711
40090
83211
35369
-24401
25666
-91282
-12838
17976
-3628
-42123
-75804
-50005
-67492
-41617
-8530
35297
-45601
-78425
-99595
21899
60511
66502
-41311
39708
-74562
-10171
94899
61971
97722
77388
-75941
63464
42839
-62804
69543
83090
78106
43702
-3947
-27917
79665
3510
77769
-2014
-81296
18319
-13542
-49134
34870
6580
1222
98659
27758
76736
-16570
55749
95729
6515
-4995
1541
28169
32906
-65462
60022
91217
-59398
-92548
-70851
-78472
-58424
-84763
85496
10084
95048
-23417
-71157
28018
11888
6379
-39927
-54692
71895
21841
92220
-74892
39952
-14782
-36782
23181
5149
-17663
-4828
14009
-6510
31072
54371
-96724
-92024
69998
-48031
-97345
-28550
-87282
43834
64017
-7937
-66909
-41379
-40440
95652
59111
-14406
-87435
-41819
-19365
-65270
54357
-95416
-78055
92342
-68684
-40425
-66555
8101
76333
85624
-45022
-76699
-81524
33578
-46464
-68107
-76268
30
97427
57452
-31972
75504
-54624
-37430
-95724
90368
55824
47450
-66523
-57934
28071
8576
-91914
31486
58830
-54299
74700
-1356
22604
-97221
-34551
-47728
-4973
1647
89237
41653
83191
-50581
90970
-29750
85562
8709
-90711
29742
53890
39047
-69766
71641
85420
-53669
-19824
83280
81465
-97837
-48261
-26364
23334
-50797
-44617
39176
81498
-74660
10418
37037
889
-47371
-13589
42301
-35498
-36809
-50634
-71472
-85883
-95946
-20964
21965
-78707
81351
-24737
22977
-34052
-36365
-38693
-66155
-89259
85495
-89849
-17041
-41947
-68364
14363
-92696
45364
41977
21068
-67547
-41066
56619
84403
-16172
-8415
-54001
-9013
64517
68601
-59916
-5351
55330
-81274
70400
-47706
56589
51335
18133
97320
-23723
-26368
-18017
-95873
40148
44239
-78212
-12965
49767
-48675
-85751
46586
-14837
-3857
31238
11151
6928
73756
-13979
37054
50429
-62183
-74636
60420
19457
-84944
-39133
72756
-85167
13200
-77004
-17508
5602
-98115
-87104
-90298
95237
-76696
37664
68250
49946
4953
-61250
70241
34418
-39160
-32008
10468
13573
-48628
15277
-22861
3532
-31637
65256
19521
96445
27280
-97369
2797
-11551
-89318
-16889
79259
-90413
-66864
34253
-52671
-30441
52467
-37549
57726
68436
13484
45837
-75804
-76177
64229
-65161
85590
-62266
-2572
70621
11085
-11514
-4751
37126
-53451
82474
37416
-93378
-46092
48144
-15574
-41857
1162
-7239
30270
1083
62931
60893
-37835
-72951
-19542
4713
7387
93545
-37528
-39145
-32055
77045
-44918
12583
-77160
98279
19120
22719
39536
-22399
14914
-69668
3262
-19427
71789
27572
-90364
35089
24331
-68630
62794
-96002
-95711
81069
-36046
13942
-94271
66990
24809
53255
48336
-64836
63226
85864
-91806
-56707
18428
-43649
16449
87051
-85204
-39795
-64371
58472
4821
-58121
-54851
-80352
85867
-37198
38531
53882
-7944
-34167
56590
98650
-76306
-46834
92073
-38730
-79142
59739
-96383
1011
-69318
-85436
36100
-11109
-30235
-71845
-31260
10429
35176
-80354
7418
-2654
-68238
63873
-23736
22375
18597
-236
-4073
-45700
85772
-1966
6015
-40649
-45588
-33339
-40251
74134
-92941
34712
37854
-16112
75341
-72325
82706
662
-78698
813
-24260
72491
-69590
80937
-29074
-81379
93975
86639
24305
-97
-40460
38317
13865
-34364
16267
13322
-35625
-86566
25393
-22320
-72455
-92575
-22729
58420
72076
20454
-8647
-14974
2162
38785
98899
87401
66734
47527
46068
-11999
5067
-14675
18442
93940
59484
60378
82141
-57872
91743
46055
-73608
-99992
85307
6357
-94591
-33311
7913
-60629
-81494
63776
-22993
51595
18304
20622
-45818
-58256
-34719
65285
47773
68167
3595
-83015
80310
68518
54735
85510
39023
79853
-29468
-5295
67419
27064
77271
34334
76111
39934
-61472
55854
15481
-95095
40912
64083
-28695
70802
29095
-58158
-77580
77752
-33405
56114
40621
46813
-58190
-41753
-29548
-31459
-47640
-97130
12171
-22420
-25524
26565
-81469
-74677
-5459
-27295
4918
-19609
-93102
12970
-95027
-13938
74414
1407
-80223
-10802
-25166
-41918
-47586
-20244
-71747
-59737
77252
80318
-30865
17630
-15161
-33690
24731
28507
-36585
4651
-20326
71678
70650
30965
83836
-85340
95956
-59291
56922
-72631
49545
36047
68167
-71464
71481
-78699
93989
-72174
30826
-4831
92819
29270
-13948
-16514
50116
-84654
-18891
-98796
74283
-90361
66484
84030
25810
-50254
-15069
45066
-91702
-70628
-39602
-44852
96061
-7296
52305
-82849
-92385
29844
17941
-25159
-86845
69750
-48454
55658
-11062
-78220
-70191
-63375
82550
-10312
-40000
7931
49501
-11954
-39799
-37959
56312
-18476
36260
91740
-13733
69245
-21176
95344
87615
-21951
32841
3154
-81989
41125
38427
-7856
-55214
41314
-27852
76123
-72155
70325
-44464
-21717
92553
-81534
60814
-69072
-35021
18022
-77448
-86864
-14960
26200
34400
-53311
-14415
-3910
68325
-50331
-83868
-63294
61397
-22659
-16354
-58945
-32788
60972
9236
97739
-44677
-9911
-54616
11468
79716
-86080
-26944
55974
37057
17862
-28365
-3967
-39067
23414
-90851
88306
-95174
74957
-96494
79944
-45943
-61506
-18385
39798
82521
-66637
-79156
27160
15214
78818
-77043
-79645
-11917
97927
-93800
-9554
32562
51523
-96223
-59497
-67265
-82287
53472
-61741
18869
74593
-77468
28438
-52840
34195
-40446
-91429
7194
-87151
82597
-21615
8377
33353
68553
45154
-90171
21254
7235
-92896
-34177
37034
-95624
85646
-44067
36810
-99858
-13431
57067
-87322
60031
91858
-64629
-91389
24489
-40136
-34147
-98393
-42365
-46746
-96327
72625
80843
-40441
-51303
54418
-52838
-31791
-39788
27244
-84104
-67595
-43963
61061
-93876
58402
11210
-984
-58196
92976
-25688
71000
-85549
-56848
652
-72718
-83600
32589
14957
-46178
95707
63518
-66995
-86543
16546
34572
-91491
-56669
-65086
-50277
55232
6760
83569
-96234
-7704
10284
-23656
-13733
-44707
-87376
48351
53824
-55140
31740
8160
-93279
-84580
-47552
38909
37896
98795
-15093
59149
-67401
11511
17063
-9295
-26220
-57367
74063
-34619
-59534
-13140
-50995
23730
-81416
-17524
74676
-38303
-62032
-71559
-46665
-32694
70894
-87766
61413
-14358
15194
30174
57666
64403
65757
-98819
-89981
-52771
-73564
-21666
-35419
-32838
-93676
-40286
80810
-77592
28298
40829
69297
127
-29491
79957
-86479
73898
-877
93890
-46382
-41614
-98323
57718
91623
35958
-30193
71734
25804
33783
48128
-78522
-90919
-51312
-83878
-18589
27968
3459
37439
-16982
-20599
-60243
60504
-72810
5606
13404
-27637
-49177
33141
96823
-9415
52829
1555
-89829
-94992
53731
32343
72455
-55500
66121
10866
28397
42533
-77142
-13087
32169
-42483
-57555
-62772
88781
-98424
93478
-88641
-81637
39632
-3620
-77054
-89844
92133
-41242
41302
-4275
35669
31278
-60721
-68983
9773
-17065
-39479
99105
99836
-69573
-72376
2617
-53184
-78003
26224
7788
-91088
97374
-61731
-40225
89381
47739
-23648
-55501
49126
-37517
-1769
-7276
60239
56629
-25816
62830
-96356
-8616
-60710
-7488
97559
-94859
20815
-76471
-484
13871
27234
20766
56070
-29165
-44839
-36707
26680
99482
79431
21564
-38582
76555
7425
-23493
21645
61053
45690
-15880
-64835
32251
-99970
17889
-63294
96384
-70585
-18237
39203
42785
-63744
-1855
71304
-26742
33363
69153
-80087
65312
58673
-73919
33561
-1978
-29602
-537
21289
27387
63541
17973
-64710
12257
-73472
24507
-6813
-4583
46316
-20313
18619
52809
12012
2455
98115
61375
-89107
-71857
35955
63023
-33807
-25658
38175
-84648
-97461
-67493
48582
-71483
20725
26725
6327
-14544
-98607
-77016
-96543
-10367
-86405
-57053
-21643
-50060
-98297
21446
61434
86232
-49956
-46080
-30739
70387
-21140
-55945
31506
-87485
-40369
-38063
-59429
85215
37691
53871
-43084
-88708
34402
-2438
-45975
-11956
-53720
-93931
-5515
74049
54784
58802
-29080
57904
77986
-82688
82931
30736
61866
-91966
-66029
-15455
-72816
-82757
-43496
30441
82752
70662
24913
-48295
15318
33474
55830
-1841
98488
7146
55218
-80843
42255
-83070
6571
-54010
11554
-57939
-96593
21617
59409
72732
34844
-82666
33836
98721
86891
5549
-18642
12961
39418
-32378
-12839
-40216
59190
79915
-68689
76567
75170
-76447
64266
38648
97478
64717
-80423
-61902
-89162
-82252
-38409
-45736
11517
59675
50345
27675
72743
-25779
-40140
91040
-74072
-66629
-743
-66516
45228
-94979
-23185
-64644
-23236
-1417
-49317
87858
92170
-77929
-95763
-62743
29849
-53766
-27750
-19927
31435
-50770
-23406
-88138
16328
15186
55614
60099
-55991
64346
29592
-37116
14334
-5777
-23130
-99295
-40862
-1805
52820
-77370
51801
-3230
8493
-39977
-15678
-47660
43382
63937
34143
15007
-94297
-37076
-8098
-29031
13254
-47796
4804
-40006
77410
-1257
-33483
29152
-21846
-31855
-41374
83629
-53976
-91325
70991
99851
-70243
39050
51456
83664
43577
-57525
-5185
-32836
2743
39940
15693
10335
25363
-49922
67747
-23720
-35095
-49121
-38237
-54472
46764
99675
9056
-61180
-99137
26955
73094
9817
-16077
35734
-59416
-12118
12510
-53877
19236
20646
-93100
-51439
86965
59189
64453
-65419
88085
90848
13619
50339
54349
53328
57165
-25616
-83494
-15762
2413
-67820
11518
66922
80427
82933
58272
50327
-68964
-57058
94496
-28492
10027
20110
82300
83782
2705
37357
11224
-81760
85556
41882
-42771
51845
-19622
2911
-26223
-82844
38856
-10170
-44642
46849
-93893
30277
74114
18741
-39102
-65324
-62941
-21876
-44618
61024
-28884
-80756
58647
-98408
-73607
98581
-93819
70372
-42597
-68508
-70504
-12107
-49656
-37071
-81636
34423
64226
-14599
-64852
-95709
67106
-99114
-47511
-13710
71905
85897
68696
3436
-64381
99034
39638
-61538
-35520
97686
-48456
-88982
76496
70584
-38909
-6215
-25805
28002
-84412
-24053
-55718
22474
-33394
46126
59317
1138
-7794
-4211
54362
-12977
86476
-6304
-49073
85451
-86912
40449
21940
-8602
-67121
19615
98064
-65993
-75103
-69429
-5834
88209
72159
-89936
-44333
-99327
86158
-22945
-10281
3443
-55933
7688
-35522
50356
-63102
-24186
-5830
-81518
95095
-37167
-13889
80031
-49904
54103
-10838
9877
-91211
-77660
-17073
-61677
