8900
-83909
-15075
-95850
75807
-97687
90479
-83244
-82048
17422
83002
-80411
-39764
-65925
-28670
-95411
32893
80451
-24295
-27748
73187
-99557
74777
8867
74671
-35045
-18946
33091
21886
-92255
95326
64736
-6144
25173
25669
-54603
24996
-31098
-463
41090
-59486
-39117
9831
-58656
23908
-51162
-51856
-41228
8466
36667
-75213
-68542
58296
35519
22064
61401
-76521
19700
-88426
69100
20037
-72464
73858
-127
7105
17060
-34858
-50558
-8169
46458
-90191
14897
69804
20632
-40304
-13063
36519
-65406
-64511
56287
-59204
88668
-1089
99224
-40298
-3572
10223
77235
51105
-98242
-67274
-92489
-32143
-86271
93557
22727
-4334
34767
44770
11074
78381
93802
48516
86824
12819
-64991
59402
98357
76841
-52046
12297
-51310
4656
-36535
-81391
-57375
-3472
29031
-71446
-59018
48257
-95650
-62864
-29082
2422
-72
42248
21239
-67354
9016
78782
81910
88344
83768
52221
5416
-88566
-10255
5802
-87784
75678
-18919
61149
-44401
90850
-91353
-12740
16866
17019
-38030
27126
-74203
-74259
-56969
55513
66366
54664
47993
-89135
61844
29299
-47421
82238
53541
62030
51145
66992
94263
72391
-56467
-56894
59686
-77893
73437
-25776
72156
6982
72665
56342
-60065
-59671
34962
-1690
-21819
-56937
94062
-29499
29122
13020
-71384
-97885
-14046
79338
-54379
-53002
-20718
89666
82049
3058
-87272
35323
-54536
41511
27939
-72782
-14048
-74378
-40836
-6449
-22140
-12495
67996
-95825
15531
83727
26584
-23181
-91865
6536
-79112
50085
-30166
-72621
-65115
-43198
80913
-30918
85824
-33112
-17211
-92202
80591
4317
51575
24621
43154
9209
-28088
-60700
52724
-88334
-59381
-61150
-23139
-59966
-28190
-76732
-93404
90807
-71292
-62474
84002
-44010
20321
55668
-91422
89133
-85476
38430
-21772
85172
2743
-19343
-93472
17503
-88755
67368
568
-65917
-28104
72430
25735
-68382
-95597
35454
58661
85013
-33511
-21415
8044
-84907
69356
35939
48197
-48859
-21262
77851
-81828
-65248
-54438
-36299
63730
58779
-43140
-79146
-41520
-39946
70943
-8213
99737
26756
-25388
79911
99705
-92460
-31041
93015
-24454
-44132
-44107
98659
77045
-9663
93825
-25693
-4763
-28922
21505
-89637
-42089
86798
-16850
92181
70781
-60529
16633
47834
27170
86293
33360
-83060
6713
76144
-30913
10659
93966
-12484
12276
60354
-87778
-40309
-36965
92533
-63806
22961
57000
-31863
57861
-49173
12979
81480
-65577
79468
-24836
50256
52315
33158
-66608
-74417
-4965
-83982
-18939
21150
41563
-27716
44511
-2378
23307
95309
81685
-15789
-49067
83094
-31635
76836
43351
21911
-20604
-79701
78507
93961
83242
-30345
66273
-77586
-72022
-90180
-97522
71603
68455
57804
47357
90878
22817
96756
9156
72026
-67625
-63819
306
-58116
22983
89118
45285
-49230
78289
16003
-13192
62631
68089
57755
-1447
10325
68171
44539
-6280
86791
537
42539
-42405
-79350
98976
-47646
76238
88624
-44599
-88476
37048
64064
63563
-47500
53386
-69443
-88595
-67594
-47024
-2863
-57815
-97306
84457
99926
-28819
-48465
45716
-45182
-31941
-23575
38624
52076
89455
-65358
8710
-43905
50785
74791
-78894
28218
64416
-84608
74875
13473
-85089
58374
82260
-59004
-57364
-60303
-87333
-92631
98139
14562
53935
-42920
44097
-69063
31839
-83388
-29604
-18924
25502
6417
-40496
-77723
-99758
-1914
57868
87535
-92277
20241
40587
-27875
48017
-79951
-92809
-32897
45462
54020
-96344
-17182
32586
-46739
-14583
25674
66637
-68831
16732
-2674
48832
-70449
-10668
-68912
-63627
89514
10399
-79912
-27068
76692
12359
61773
19967
-79256
494
-51121
-72515
-9244
-91081
-6029
-63789
-26511
-45436
36316
-9439
16721
-34471
81715
-54328
90980
-94881
81218
-4871
-54441
20229
-9934
-22295
-94614
-76415
19423
-41696
72347
-73292
40405
-62607
-82188
8300
-32854
-66044
-6738
22403
99512
23055
90881
26724
-87116
-23389
57161
-4434
60656
-92573
-41578
25841
31657
45583
31120
-7339
60494
-20738
-87739
-69159
-83762
-13398
71121
-13639
24668
91109
34153
83690
60674
-76566
54404
-38849
86559
46158
-54938
95405
-57217
81558
-82550
77419
29909
18146
-84757
-46925
-14633
21062
-54993
24038
-96522
55993
82353
42764
-9607
78950
64041
81913
46389
65312
-35718
27147
94763
-38221
-23784
-6833
70910
60117
-93484
-80317
-20657
30076
6470
57398
-92809
77769
-39466
-21620
-992
-98527
-81050
4382
-7680
85469
-95840
19198
80051
151
8407
60696
-56203
86309
-70372
627
8889
-71966
29600
90071
-57752
17959
-55807
56841
-80455
-44007
69299
-96398
-82135
-35940
8012
47710
42968
89446
56043
-3809
-63936
48366
-94394
-53294
74770
32194
33167
47161
-56913
89912
-84605
38151
87999
88381
-54577
-56005
29490
-67511
63967
60388
-67567
-92429
-64124
64515
37760
26016
54208
33869
-3374
97303
-86159
-63473
-32311
17200
36057
-74708
-61720
57451
-91834
-70142
-74697
-40034
41698
-789
40787
-31930
37977
73951
-43601
15293
62434
87159
-99285
96908
73645
-58164
-241
-47976
-48153
35262
-16860
21177
-94803
15825
-92049
-42840
20106
-85007
-17333
-70122
-44434
66262
48034
-72999
-14354
-82494
4743
-89663
-59662
-69208
-29197
40265
21504
-46553
-11557
24618
-99550
-90061
-44950
-29047
-47755
-4395
-90528
38416
51089
-37304
-60857
95321
-15280
36996
-46003
21319
10685
-27559
23491
39919
-62309
-43983
92785
-33996
21135
44472
-23341
-31567
-99925
215
72820
68750
35991
13083
94374
26101
71134
-35595
-72293
73887
-16110
19930
-94556
14536
-39971
71115
89475
4865
-44186
30575
60206
-85852
-78500
95771
-31453
70049
-1246
-81036
43490
1079
-17129
-25364
18444
65343
29889
-85080
58518
-48734
74453
12994
50666
5931
-13723
95658
-74918
68535
20774
-75865
98625
17097
-45603
14012
68664
-98118
-13530
-89179
-40526
-83826
-64927
67584
-32267
-29727
77305
-46583
-20810
69568
-88046
89278
-40241
-96684
-14321
24033
-42017
26744
-35779
85596
27198
38060
64927
43582
68827
-11805
-7210
95587
-54987
55159
10925
-72141
-15886
-16259
44863
32449
60511
81586
51141
17043
62661
6612
19072
95937
-91100
-39603
-19585
-96138
87311
40522
55630
72340
-15837
-44629
-46917
-30348
11237
-67309
-95866
77258
-85065
-19810
61604
-26073
68151
30002
-49872
-73895
52725
-42258
16303
-52435
-10418
23296
26046
64981
69610
-70509
53466
68324
-14834
66981
-45172
81269
-64098
57206
15855
-148
-21773
95516
67103
-68076
-22379
15348
14784
-62296
-45483
-47053
-49880
73645
30346
16218
71722
-6340
-88026
-56120
56832
84382
-65293
35945
-61420
49552
-9936
-33716
-58133
91493
9666
36947
-8785
6283
-73127
54915
19479
86693
-59296
-48645
82741
-77352
-10336
17538
-12773
-55710
-14862
67897
59627
95716
62751
-57041
-54982
-22080
-19306
87763
84320
12701
-90104
-99836
-41505
58119
-86428
-91131
-55698
-81548
48298
15244
-35167
-83551
-95634
-8519
-30858
-37221
85676
-31068
-87810
-34790
93698
-70449
11686
-58296
29518
-59205
43873
-64609
-41308
-78122
-66444
40816
17132
1873
-58211
87679
45719
-10160
82593
-26804
-87748
42171
-24207
-21139
89235
53938
-37512
13974
5708
76381
-23997
-55045
-2547
-22495
77774
83084
92487
30190
-79769
85983
-32588
-89291
40833
-1172
67183
-54153
-64744
-91471
-77649
-27015
-24453
81078
44833
83988
-25925
-89365
76961
-67480
-57874
-26707
-20010
82353
90336
-57369
-21721
45937
10008
-16619
23070
-54067
-38526
-61596
-73961
81524
27966
-52554
38372
9850
57604
94401
-41919
38915
-17807
76247
19567
4506
90739
97920
-70801
79329
-77682
-26173
-56740
64099
-1720
81284
-83163
66373
-70601
-73209
-57178
45660
19173
15122
80099
-2024
-22499
-82063
-6816
-28579
85461
99283
99744
-24718
97655
17362
-32840
-48878
-80434
7952
-95218
-66848
76169
93116
33587
65848
60783
-43916
11931
-79007
-17632
-9723
-73291
-15778
-19708
18766
23595
-14748
-88430
-75774
28408
64101
-77313
-38197
-42400
-18934
80577
-13556
45777
-65536
-63810
-54209
-32108
-50198
79382
-81154
-83600
28980
22602
37661
86363
-83001
10695
10291
-13154
-82280
76947
94522
88708
70236
-18413
66700
30206
-35818
-28938
39181
-71466
32016
-4286
73384
50126
45096
-95303
54066
14549
47297
3047
-90134
2597
9179
59339
88482
68284
-56003
96864
-34185
47732
-17201
-10874
-26245
833
-18364
-13294
-61260
-67449
-75340
67439
76094
12822
-3769
51887
-90677
-88125
78029
90226
21451
20900
18411
89777
-65370
-28249
7921
22248
-47642
8079
1478
6494
68594
51021
-10748
-30382
-4619
-713
-55007
72323
-5858
-99289
88770
-8548
-96896
-75213
-38156
-39237
32857
55236
63477
87965
19695
11733
23468
13480
70358
76810
-10951
-54125
29967
-78294
9319
36982
-79349
-28101
-63042
-38102
-20467
45369
-40331
-57124
17261
-142
-34811
-78541
-13640
-52031
96601
19931
-74763
80356
23650
58158
-87102
-49219
-62074
58943
-56867
-97054
-2888
-64766
58304
-12191
39331
65115
-2781
-71469
98943
56577
-75739
-60517
-67641
83599
1221
-62212
-47999
28327
-58550
47700
-29508
51395
41923
14457
64728
64922
-86423
14767
92799
-4245
99808
38723
-59342
54184
-93028
-97914
-72066
-31806
-86687
54057
26893
9997
-27230
-19662
96344
-48688
81675
9113
-28614
35692
-17830
-35327
28512
-1050
-17688
43606
98653
31763
-56314
43967
37146
-73249
-97406
37888
-39062
-10438
-34167
-47248
-39172
-25057
30182
-69167
20906
79361
54633
82257
-98258
3093
-88669
33692
-14220
30647
-70323
64028
-77302
-55494
4872
12238
-34509
55631
-55681
-92670
78940
96208
55464
42543
51110
-50774
-36054
6064
40674
-57243
-34471
-2081
9114
58386
-2468
81741
42444
14096
-44560
60059
-40654
-71686
-21435
-34569
-52868
-63888
29510
83191
51040
35777
-44234
-90485
-2937
54322
67702
45986
-41048
-78611
96227
23644
39346
-53495
39836
77415
55075
-21454
11105
40505
-13258
-68619
46294
-20568
-99079
-82325
-64089
-2135
-16836
-30465
36295
71139
-58523
93853
77073
98031
62497
50616
36687
-15761
23733
51512
-360
-4472
36979
59071
62931
70269
-74041
90711
26842
-33303
95601
-66758
-43205
6616
50381
30460
2776
-84733
27470
-40487
-81298
81831
-30519
-21993
83378
95937
34413
81751
98647
99944
96593
27646
69805
-78650
-21722
14522
89379
-61772
23115
-65612
75501
67186
-6336
28305
-46848
-12160
-35278
54819
61370
55131
15860
35634
-52321
-40681
99279
-94621
20863
49110
-69136
-97149
-85005
87778
46016
52531
92550
-65683
11857
-75345
44912
-10142
-95757
-51012
-79428
-47385
-72089
-63762
-37108
-75470
31211
73939
86451
41605
-53708
-88448
10368
24519
-27654
-44106
59482
66368
-11155
74992
44871
-58831
-71419
56843
-16825
-35506
36151
96402
41821
16217
-13821
92837
-52499
6237
80938
-51514
-27072
7683
29309
33089
33445
-35756
64913
58677
-60493
17995
70031
6338
90601
-91242
-80920
-5551
51382
-33943
-4251
48250
-6508
-7937
-75428
55447
-20146
18031
-77058
36899
-94813
-29081
-99186
85069
-4221
-48185
36012
29727
61494
3164
-15984
-10298
35740
-29449
22354
30205
47823
-61015
30053
74458
46884
48798
49572
3509
-60847
-80236
-93692
66929
-29336
29686
80746
-19288
-42047
-49127
58518
45879
11126
-44142
81852
-47837
-28408
-73935
95731
44710
-68448
59807
37511
72410
-59985
-83760
50537
57793
51830
18148
67142
-5522
94754
-59040
-86220
-68460
-86833
36611
37321
-87766
4269
49800
83590
-72777
-88000
14584
-67919
-13441
-89535
-66455
1280
21706
11618
78230
55537
-10227
-25169
87644
-47817
-99912
-21808
32463
90318
-8229
-36053
39479
-34385
9526
-56602
3946
61856
-77413
-28662
-45433
-5341
-34430
77251
6028
51214
-91031
-77756
45461
35962
26086
62215
-61902
-75435
-2806
45362
92387
19667
-1548
-57195
-4430
35137
51375
29904
3310
-83718
-10743
35282
-34113
4786
-35279
-5317
-44693
77360
13835
-87837
27556
-56296
96660
-30348
82763
46182
-2771
91506
-81275
3127
34310
-96484
42360
-42623
-23640
-78358
-24157
82851
95262
-19211
-29928
45015
-83583
-91402
62806
-68284
48735
24550
96583
71601
92040
-50043
46290
-52845
-28364
31927
23070
-10745
-29612
44296
-96539
64923
-14989
82064
-64400
58118
46537
-98702
-91340
-93000
27805
-66178
86345
-10612
-83181
4214
17027
-65509
-16999
-2834
81327
8106
41578
-27635
-56532
-20349
98046
6832
86307
39969
84878
40493
-41052
15172
-35385
56244
-4706
-24347
-55413
69522
18427
-1532
9694
50703
15126
-78051
-52877
35704
-72550
39225
2900
-79753
-97928
-65824
-33560
-25250
58692
-23893
60836
-92350
-20371
-47368
91089
89796
16727
44024
-99851
-17045
-43945
-8030
95329
-60563
36554
-38838
-81386
-81075
-10158
20556
-44459
-28258
33646
87714
-58430
54181
46965
92502
-36428
30172
-71889
-19375
-48868
-19373
-65968
-55663
-94321
-37199
68178
-44935
72625
14105
-55058
55682
-21184
76328
-89930
-61617
122
-28390
-97966
98143
88684
78540
-66603
-98660
8409
91100
47547
-61744
-76157
-30932
53313
40439
-36328
15494
-12319
37487
-18052
-10727
10857
98188
87023
-77854
-39305
82440
-20005
92710
-61101
-8425
58109
-90277
-49943
-73831
-95379
-86809
53345
-65303
-57717
47872
-67875
-59950
87560
-60366
2511
-25886
84622
-56257
93620
36118
-57139
31072
-75472
81332
22500
-67542
60295
59192
-9112
31500
-65419
78950
-84653
28213
37804
-49794
3148
-26734
-12440
-71922
-96690
-14091
-58960
-60703
37880
30993
4074
-40427
91442
15522
55963
63371
-65098
29417
96699
-19081
-40638
-66667
-19791
75863
41689
46397
25904
-13504
-19088
60874
87277
52051
11324
97330
42044
-33969
-56875
85151
-19770
-41152
-85817
-84562
-91159
-54570
10422
-88558
57772
-49008
-28373
-40487
63390
18583
35327
45639
32266
95463
88162
23198
20568
55080
7817
63743
-701
16539
-17550
-74518
94322
18416
28181
6498
85750
-48204
-67479
33324
-57121
-19737
-81009
18549
-15301
37163
67231
46931
17644
2009
-70514
-99100
-2267
18926
-88391
14675
-4479
-85341
51856
-1031
26176
-2278
70433
-9313
-20898
22132
-42112
41122
-57071
17791
-8559
80688
-87328
67085
23922
-27986
-8741
67296
-21945
89468
11259
97473
-40797
-55536
-85738
88368
36751
67327
25086
-87307
75387
-75494
-36424
38805
-47809
19189
-47468
59808
-29620
2947
67438
-73177
17587
-58595
-13697
-46004
15121
30177
-57248
70449
-18729
-28425
-21027
2962
4722
-47249
-69774
-465
35163
-7482
-7515
47777
50429
84296
34239
-41266
5309
83727
17128
13752
43115
-63063
8286
-24081
-54267
52888
57874
-70105
-53726
-51982
-63713
-93980
14338
-79255
-11417
-67118
79407
37221
-35508
87281
10127
-19571
-64632
1261
-60599
55205
41834
74315
51986
-56174
-74706
-83136
95571
-62152
-89161
-79396
9657
-49084
87915
40035
9304
98437
-69845
-32196
15165
21877
11630
-94781
-90545
95126
-31815
38457
-67552
-23368
-92547
70299
-90218
8919
-16052
-9136
90928
89825
-7431
44219
-76745
-95084
36364
-62607
45444
98950
45279
-38652
50152
-53313
85017
74686
92219
-42752
-29052
73002
13956
1703
93772
-24052
77826
50538
94294
-48272
26389
-16575
634
-55265
64716
94112
-6753
-29201
15564
3234
41586
64818
-57895
-5311
-58621
-8050
-87036
66946
-19268
53293
-21007
88110
76094
-23542
-92988
-70982
15193
37420
78696
-8120
92328
-23568
-40645
-32442
-83321
-3842
95001
11380
76403
-81058
86724
-55292
80188
39011
-95379
-20646
80361
35013
41953
-51469
10408
-41779
-85357
-89054
-98960
-80663
32898
-77388
2485
-9377
63175
-82699
-56057
-23714
38909
60556
35784
-7824
4109
-26495
84424
-48179
-72940
77599
-99201
58761
78772
-94027
-78234
49644
-55628
-37514
17394
-34014
-19947
55360
51630
69705
78002
-75078
-81485
-20120
-9774
-95018
33927
-78272
89358
-35210
-71536
-71046
24601
-3030
26547
78655
49
95640
-87794
-87577
-26079
12277
57230
77897
13040
-2321
-54035
4657
-41814
-8787
-10229
66671
-38904
-81874
-98968
-94644
39230
-62514
-90756
71768
-37278
51623
20915
18783
-45004
-80492
2056
-30534
39566
2897
48829
-67583
80297
34366
-83980
36894
-91895
-8126
-21650
28285
-66490
-6260
14685
-66657
-97735
1205
50471
-30002
79423
58178
62074
-87125
-32083
-90491
61254
-61789
60048
-83422
-19620
-83840
-36001
-32593
-80223
64411
84224
59573
-15378
-11025
-68941
99604
74760
-74870
-35233
-317
-13577
-67811
21111
51828
21317
-9934
44681
35861
-33004
-22404
-4189
50739
-27748
-886
-84702
-52935
45313
68566
-27688
-85801
88973
-54150
-5799
-81794
6095
-55742
-38238
-12281
-69425
34204
96807
55987
-30036
90156
-4616
-44851
48149
58876
-99249
57452
81440
-49839
12792
-1451
28618
-33703
43357
76925
16268
84096
-28563
21547
24406
-35423
13993
-67268
93482
-77031
49355
-97664
-30760
-31432
-34093
-89534
39826
-13679
81583
68390
64555
-44111
-27450
-1942
-63248
-78996
79137
-67121
-95581
-1966
47286
-17007
13520
-96703
-10605
-57839
94799
-54956
79395
56788
-27947
-82503
-62752
-38428
-94858
24929
-77866
60436
-45701
-27184
-18480
-16863
85659
-58284
12961
49908
21466
-24558
19536
18372
81531
444
19361
87577
-13981
4446
17852
-6997
-48244
-50792
-76227
-97559
-97118
-2138
89175
-96683
-28866
-16357
-18331
41420
59388
58285
38159
-87260
69051
-46807
-88427
-85778
75312
-83193
-14277
-76262
22567
-44264
61393
18490
99544
67676
-10530
-97249
-40670
-47824
21737
91871
-64730
-50396
16611
77049
36163
84331
-52876
28559
-57751
61099
-60960
53521
-95268
93173
-84010
-48069
91783
40078
89493
70516
94138
78764
-17669
-30953
-47166
67196
35628
-86577
9060
50784
-18277
97308
-10442
22391
-41800
72434
-45159
17044
-78666
41600
-16490
6864
54648
91214
83476
76986
-92457
-55489
44019
54445
25938
44278
50825
31099
23763
67157
-94985
93189
64474
72353
15143
63276
-34232
56321
3364
-72606
9610
-73435
3349
9178
58336
95300
-75497
10142
47881
34045
47030
-11906
-10419
-98913
-7800
-56218
-83865
-17596
36775
83529
60812
77080
-1719
81658
48284
41848
96958
-54439
23588
38901
-40827
61738
-60018
66103
16458
-68287
89574
-28354
-99328
18714
-63287
-49212
-5289
-60539
97452
39167
-56806
88638
60166
-75710
49897
30426
-16229
-89725
24590
23006
16679
70263
-92867
-52374
-11549
-55398
4268
65363
-94026
46283
29133
-55410
-10821
53843
6245
-88761
-22997
-91578
59274
-21295
-46233
95298
-57347
-4679
73125
-76332
87201
-27341
20532
-98373
85720
49654
-22611
62532
28729
88419
36408
47700
41327
-27744
88888
-40572
48177
-67516
-3756
65766
41433
-62677
-19741
-54426
-93532
98984
-20045
-5108
53957
-48102
98742
3230
21926
-78441
72458
-54301
68412
-99514
-42652
26562
70789
-14647
-25384
88776
40289
-73193
-21561
69256
81290
-54873
41573
-94116
92786
-38072
-10075
78282
-16264
75406
51204
33731
-15930
-57754
-59409
75141
-5495
-1525
74706
16607
-41842
-23087
54975
22868
33014
20511
-39690
-47335
-95466
76282
77719
2105
-85587
93436
-97503
-13351
92290
52195
-29402
76117
-72806
76357
-25011
-32312
32723
87009
-96381
-81685
-64672
91857
-95424
-74091
-11806
99677
31026
20896
48671
-73111
-36664
19884
-54239
32206
-25060
-86979
-90003
-29691
-41603
-15296
-19297
3199
74008
-96661
86943
31187
-52413
-51263
84738
-42929
-97689
-45707
99455
95471
96071
53414
-23797
2540
-42191
-25079
65812
-70421
-20545
-59099
7511
38678
-118
-74889
37215
72520
-42067
31157
45851
-12126
70769
97712
-25830
-92613
-33126
52818
-88795
-65932
-69875
65415
-95815
-65047
-13860
14137
-56609
43075
-7504
-40525
-75030
5098
-16558
-65177
-82483
7704
65366
92811
-7722
1993
37924
61725
-65653
-54130
-12188
-3897
-6113
-37631
88517
21279
-35247
-58477
46507
26053
-76126
-24511
-81933
94383
-24015
-80475
-23900
-79422
55028
81193
-32461
41750
72341
32534
-73870
-77924
81511
31690
37591
6940
38275
-34232
31717
83286
84995
-15382
56697
-93238
98138
-27919
55987
78036
-26865
-65795
-25345
96943
99924
-46184
3711
39322
-16185
-30740
39831
34135
-85628
66133
73684
-32688
45477
50897
64442
-39531
-81193
-48492
48552
-63424
-41446
11321
-72726
-45318
27861
-29102
39451
68182
30931
-8096
5045
-48357
-85666
-70306
5943
27615
85110
88184
-14031
49102
28526
92121
81263
14154
-70492
60642
86336
16428
75867
53238
87842
75433
-69193
35378
65483
-80047
-78892
96890
-87914
46384
-30590
42222
61193
-32297
5473
31612
-14721
-32907
-96106
55376
-7306
-87522
94823
13670
50167
-24530
-72007
-53377
62622
-93177
-81757
15089
37637
76085
-12882
-76519
-45679
33779
11371
-92563
-17448
25799
7281
56492
62574
-46648
-47822
-28554
-38261
320
19897
56
-63398
16492
-55677
34879
26336
-77728
-73993
-95826
-51385
89735
97986
50891
-91001
-27128
36883
-29261
75568
-55931
-62608
4590
4246
-61827
-68556
-46691
-27559
-88175
97318
15952
57103
-53084
-26954
12916
67409
89179
74710
58217
63583
9604
-87182
-63054
39153
1170
27022
-94010
-70053
-57146
-80517
-31741
-82149
69418
92534
-13502
78722
67640
65181
-85371
-34179
66263
74255
34765
-75072
-78971
-40098
-2103
19982
-13360
-87373
-25560
60838
24766
-5377
95055
87373
-5876
27226
97958
-96715
-75693
-64198
56333
10183
-40569
-33327
78573
69458
43162
-64574
-22359
-21745
-84290
-82430
-48974
97104
91975
-7992
82362
-91707
56878
-42320
5056
78763
92146
79154
-63990
60690
-75048
-6471
41521
-58807
-95980
-72989
-91178
46056
35904
-36076
-46478
-1415
47817
50103
36683
-55613
-96343
-52974
45251
98229
-4722
57925
-25333
-37396
-55270
-10465
-99212
-71519
36868
-58723
23206
-77070
8731
57792
-47639
78155
-43285
97162
52193
-83343
-74120
78292
96535
4907
-82457
80207
37298
-48115
95676
-51627
-91004
72738
37822
-1877
-68928
-67787
-97033
-98026
-91062
25212
-76712
-72234
98151
-29982
5561
34884
2451
-51920
-68739
-82365
13874
5719
-9964
30694
42974
19484
5786
82782
16799
-31136
91612
14814
55544
30795
18811
67213
-28066
49685
-59286
-94297
33220
12144
95698
61297
-7855
-40875
75860
14807
-94797
-64022
27374
-42845
-74611
-79475
-8009
96604
-6068
16960
-95100
59449
82263
68401
-71379
-16576
45797
-7516
44842
9024
5352
-94081
-99946
-27417
76967
67442
-82218
-85567
-57495
56769
-33389
-59186
-33395
12079
51810
-6338
52919
-46264
-84219
-88565
89829
-80948
35339
-40397
57055
-38861
51474
-35055
-12467
-53023
-70035
66199
-98014
10600
82528
-2326
-72138
97844
-54904
-98918
48242
31319
-82472
-33731
-15579
91442
44926
69991
15347
-33092
55076
-51705
94572
41074
-93934
51873
60987
57691
41008
21347
98933
-20809
69737
22759
-75503
41476
87468
2692
-21129
-2836
10764
-11119
83121
64462
47239
-53448
97022
6823
-9500
96818
-84731
51997
-47563
9956
17639
5096
-40900
-96234
-8275
6429
-92054
-66996
31008
95064
-97853
64835
10040
-71930
-65187
42825
-78484
60557
-70266
-91079
-71960
7064
26693
-24878
-21603
-40126
77689
32116
88306
32798
-73313
25910
-49512
-51039
5423
67942
-38149
-38931
-51355
-68130
-80300
-3910
9821
-13057
-58021
-19165
-65641
20365
42650
45451
50843
22887
-53667
3050
47030
-7007
51974
83704
-70110
-90240
16317
-73868
-18877
-23791
-75452
-16303
73934
5606
-86744
-61890
13380
58862
-54061
-47536
-27364
20208
54527
-69169
3007
99812
-37243
-95398
-92691
36590
-21613
92279
78461
53048
-18564
83771
18433
-24534
-90134
61202
-63672
26057
30702
-71444
-13635
-65239
-74440
-8507
-30740
87248
94562
11022
32677
-44823
-53274
18621
-53319
33569
55728
-99602
49633
-61790
9999
97780
-96514
10602
-1403
41089
-40452
24711
54589
75053
27471
34353
-21412
14566
-18273
-33468
-14480
40629
95808
33752
68357
32617
-75942
35647
-23466
-6302
-42456
85338
-67807
-59653
-19300
81048
-19821
-75307
-89697
36108
-91741
61053
32629
-2966
-75077
31609
-44865
-10657
-82608
-36172
-53414
-84598
-87918
-701
-44955
21210
-13505
-1133
13217
48965
33427
-22414
57649
-66719
18778
-22538
33024
76515
44453
27213
9601
-96845
46491
-68253
-21998
-96856
-54617
35050
22650
69157
63759
-46327
94865
-2481
80805
-23837
77887
-1878
70806
64706
40540
-49137
72863
-9696
-23881
54540
99040
-84526
53874
13400
43017
87249
9674
98609
-51408
64359
15989
12180
55685
50419
6820
-21480
89309
-76136
39016
35624
-63382
41544
-71183
71387
98188
-36056
37873
-76750
-38016
71329
-27234
-63315
-78602
-71997
14295
54666
93569
-4331
2334
89819
54120
90237
32900
37187
-80359
-50616
-33886
-20467
-33795
1367
92483
21224
-97817
14887
64863
-85821
-6298
-90309
47362
-767
-76359
16744
26060
-11239
-35038
-99203
-43183
44173
3475
-56627
36064
68677
-60155
-56166
68193
27912
72488
65119
-83176
-88810
74229
-80902
-36474
-20380
-37985
-28684
-74322
41716
87911
66030
-34763
19217
36943
-92885
87650
64804
-76698
69684
38150
-76362
-91518
47660
3765
-1981
-79412
-1488
33970
-83465
13877
23274
10217
-60536
-37881
-47757
14933
28655
-41450
-49374
87106
-78076
-52395
63606
56109
-27531
23556
37083
32071
83170
-86585
97948
-9576
10456
-54765
92198
32192
-14167
-87423
-28107
-93287
17893
-48123
96542
65081
96119
57848
30327
-19500
-26979
-72495
-83802
-10754
-9531
23602
-80827
6669
-79295
39582
-11473
91229
-39769
2633
18602
95661
-99768
19528
82161
-81306
-19957
-84376
-28516
-1476
98981
-19942
86254
81133
-88394
-54261
-98565
47399
74051
98002
-10700
66374
35276
2755
-66351
-33733
-78390
51297
65177
49480
90823
60720
-85807
-72153
66649
-60825
29311
-61173
-59844
55940
87833
-99394
-95157
3706
43919
-22999
40475
-54650
6770
46258
-77644
48351
9407
35008
99885
-73908
59532
28762
50723
34703
-56242
90797
-42474
78975
-22139
-57172
-99488
28147
39684
83026
-19566
15066
-68256
73539
35500
-68184
54389
-43760
-70087
24491
-29104
72537
71493
-8004
-91716
30989
58172
98576
65068
-33331
-89311
-41042
17410
57455
-11417
14523
-37126
-15137
-70225
-61967
60150
-52193
4383
37678
49830
-90194
79259
87401
8019
50759
95267
-22465
-95799
-82496
-94711
-13588
75487
-77037
-44915
95829
484
57530
67799
-6399
-95320
91635
42768
54440
46116
73699
46045
-12060
94855
-45865
45369
-27324
-13987
-91483
-84691
-36544
-49186
92273
24239
39750
55633
61324
-17451
90418
-80613
-92426
55220
-23075
42728
27972
-89511
16013
87285
-42275
44771
-82358
-69001
-55202
-87941
7376
683
-92259
-83214
-4960
-94981
-8437
54453
66417
-27382
57395
-79249
17860
-75172
-22369
956
91605
37861
-35303
-77179
-34771
27821
57295
-62980
59028
91420
45648
47541
-88796
-86617
-68301
41056
20153
-83881
-66218
-68129
44613
25331
48324
-83576
-62016
-6582
-71824
77496
71100
26399
83870
-12590
406
68145
45345
-74029
-17527
-89243
98751
28627
58780
5394
-24976
-24037
-88132
-96727
5317
-91939
63972
18175
-13850
2260
-21640
-65735
-32908
-21959
64434
-97837
75341
55455
-89613
62669
17581
23916
-2053
95410
17714
88564
18164
-86970
60344
-62605
-6360
-15797
-76254
33959
-21932
-55888
-77318
67656
87508
151
-83344
6181
-95043
-73023
84351
25244
80649
-75495
22381
-42506
-86611
-33191
60337
-18339
15943
-26787
-35858
17402
35891
30402
-13026
-40401
7037
57722
81290
7406
-90832
-28496
-38475
-81868
-2355
-9966
-66663
-17434
-65256
-70528
18889
-22138
-22004
-85873
15989
25298
-58642
52538
-79668
-5575
-11394
-11803
68924
-22917
-85046
97487
18453
5532
52190
-84843
22667
-34940
67926
33053
-64614
39414
35156
-24731
55108
31275
-87988
27304
21878
79882
25148
-94294
-88055
-33145
90105
-82143
-53725
38293
-30683
51136
-26626
-10935
45245
-23904
-18431
40333
22607
69197
72522
4349
-2680
67755
-23667
-55327
16875
-15484
35414
-95353
-22882
29231
64618
-50115
-41825
-95971
-16309
3496
22612
73603
-67365
65156
68351
-33184
5400
13113
22864
67690
92614
-31530
-60908
-83431
44586
46124
-95604
95567
-52750
38410
-28264
8482
-66830
-11184
31058
18312
38473
-3022
-72
22174
-22814
-50613
39553
56853
39830
-37349
55376
-20679
76335
18335
2758
51487
-73336
42060
69682
-54421
65616
74279
-65308
-51717
-43667
6467
-36577
12340
87293
92696
-57556
-76505
-85513
-4995
32331
-60513
92208
94211
94981
-10743
40378
49645
-96867
98048
-96793
-63409
64676
12085
46379
-54462
73388
-61832
-3297
-44863
33812
-69275
-15198
-23965
19458
18029
22170
8501
93424
-88640
44120
-10445
-34723
-95148
-91943
-67229
-97245
-99883
94441
30863
-58840
29929
-36317
-76259
54382
-7266
-33261
18636
-21242
-81037
-32004
72781
64994
84864
-85067
-55940
-51193
81922
87534
51001
68001
-70841
-63984
-69465
-90640
12594
-98877
-65727
86241
94380
-32311
-94700
-81992
-89368
9159
-64035
56424
54480
26468
57599
-97403
84369
12682
-92320
77328
-44672
-77750
73762
-64910
-94105
-3428
80889
10116
6385
-4093
-46098
57803
23661
59663
23919
-32191
-59902
33276
-66224
-71794
74672
-38536
-55262
-94314
-71746
13634
21998
83371
27718
32622
-85105
-97053
-93095
-62779
-56791
28997
-56240
18569
41482
26013
52912
69590
21659
-56721
8505
-11421
2306
89032
-4853
43176
40152
-39697
75446
36890
-45694
-325
-78116
97938
-47506
-90498
-41083
26763
-3476
-66209
-42113
16394
-3418
71046
61232
-17640
-20482
-27280
33914
69163
-21694
-47006
-97463
-88605
-20978
-390
-93764
3760
-73601
-24928
93229
31824
-76785
-17700
-78049
-50122
92306
-90494
5699
-46906
22796
92744
-81753
-96835
12909
-86472
36540
17966
-20694
-25536
-24062
35047
49208
-17817
-51310
96818
78631
-88422
-69177
71671
-80550
73957
-90550
-76865
927
-6211
-391
-33389
88815
-62983
76660
53379
-1661
-77279
58116
-36606
10192
-80033
18343
-54481
-84447
-74798
-68484
30318
-95535
-83070
-45561
-35723
-75615
91437
-37854
-82525
30012
-67712
-80127
95562
25092
61281
42080
-97075
-1128
19561
-95989
-39515
-39259
66351
48393
77950
-98394
32960
89702
49534
-33287
-66454
58588
-27291
15647
-46473
68638
-18673
12560
-2568
97280
95127
95993
-62793
-2298
-83434
46483
-97266
75527
-60279
-11295
16661
15421
3088
87814
-52746
-99156
26451
5312
50334
-47123
67775
16197
-9716
25751
-2962
10744
12555
-78136
90981
-888
-77956
-77227
-4426
-29402
-60595
61004
91014
-85408
89734
79010
8553
88479
-72766
-63490
-74327
-91783
27450
-74400
42406
-32012
-42883
44080
-67241
14104
94652
15967
-26449
5616
-75903
2940
-87334
-75875
-67520
92373
38886
-55914
11462
-77241
-91393
-7233
41870
-95707
55571
26981
-30157
-95807
-12332
18900
62591
8282
48859
-36010
-72543
12450
-90390
-42360
-33283
19626
54794
17306
-8674
-48212
91347
68706
-36473
26101
17802
75614
-96345
81709
-59676
-572
-74710
-44092
8681
-31864
-340
28923
-1996
-28694
53448
20876
-91177
-11912
-13873
47223
39387
-66073
54996
-19221
-3356
84682
92516
-46131
2035
-54099
92052
97639
-3834
-70191
55410
93936
13146
95171
37533
-41164
-46703
11291
61809
33184
59630
-1010
-88422
50348
25404
-74255
89034
-78043
-90417
32459
79237
-69162
75170
9301
8601
79890
2463
-6768
47532
77665
42430
-63997
53294
-16635
-35387
30544
-5331
71975
7533
-72078
-34938
38883
16741
-53291
-47943
-53459
-57745
-83054
-38570
-482
13737
18054
68436
-61025
24806
32526
-92607
-65360
-89669
50208
38803
32790
-16554
-29559
-53476
-97825
90120
88767
4700
-63597
60707
-21534
93808
65593
-38978
-6252
2281
-46782
-26411
61105
-41096
74263
-59891
40749
17669
-11654
74262
-16183
6174
-3621
-73174
-33614
-1396
29498
-53838
-38858
9026
-2573
-7929
5475
26927
4011
76693
-34434
22130
61333
58844
40349
-94867
-25246
-30896
37538
31347
-10557
-87007
73492
-61733
-83812
-61675
67163
52598
-18298
82832
49112
-22947
-88063
50422
-18849
89827
-57931
-49305
68946
-84311
-64477
89513
32859
82513
7725
-46172
92165
-96373
-88514
94022
63223
80779
91799
-84090
52175
-36709
79735
5510
-34153
53132
53798
-64814
-60057
-43320
15519
-12218
33623
-4477
-11496
82252
-6434
-62512
-73937
-46911
34764
-45104
59571
39417
24160
85317
-5749
-59751
82503
36612
-18489
-83485
-56526
60809
20609
-52977
-61806
-78300
-13009
83732
-36557
-5614
-60087
-41018
23410
-87961
39377
-13799
93916
-47642
-63421
30403
-64539
43059
-88357
-74944
-93950
-88033
89470
-96401
-36765
-42525
-89978
-10278
35152
2472
87725
-74669
-37537
88451
76565
-28871
39248
-11266
6897
-44710
-12219
54673
-10028
-24014
97505
-31376
-16364
-79534
-72069
53118
61530
-96804
-70785
23455
-29303
-20437
-93343
-14933
-72055
58895
99455
74494
40431
-77835
90963
14252
-13365
70758
-35375
39570
10317
53222
11747
-71481
-32300
-81092
-76481
-85262
36949
-42606
65825
61237
-63836
-4558
40426
57735
91554
-80528
-52651
8224
29892
69863
29906
76621
46651
-3045
53313
-93
26949
-24386
13132
-83376
3728
53134
-26399
64333
97926
-89445
-30581
82608
-42950
30950
99052
67101
30765
83173
-88359
-228
-38404
-9244
99602
11719
31146
48389
-95972
-20134
-73338
-80600
-98371
82861
-64967
6117
-81772
55037
-23634
-87050
87634
81126
-51362
70898
-54695
-81171
-75657
81076
87599
18361
93224
31770
-81506
-71710
70731
32169
95788
84322
26800
41422
-98766
-11415
-44606
96000
-95140
-22324
-61799
2561
56636
5149
-98597
-23294
-39286
-55659
83215
44134
48828
76718
-73472
44703
4606
69902
-93558
66613
36623
-61347
2116
-86875
-98056
78903
29898
90854
-87959
46845
-67611
-45625
1393
-77754
84441
-94349
67609
82164
-25588
30935
82526
96033
-89714
-45222
-93878
-5769
-80823
-72501
-49618
-63906
65158
11865
95742
-99951
-8295
-32133
43593
970
28523
-25296
86099
-54628
90146
72480
-48239
51423
5999
1570
-29952
15365
-77773
6807
-90462
-99253
-74673
-85325
85974
1868
77382
44252
2834
-78737
16145
-88150
-30208
-11199
94528
-13425
25139
78173
3656
82704
-91963
-7096
37421
-85327
-15794
58137
68173
75247
35651
33685
69318
-57177
51816
28825
31109
-79148
-19981
72816
-93908
35126
-84673
-4027
27487
64269
-75159
-45902
-86036
-33148
75851
27446
31380
55531
41043
-46458
75514
98205
85631
83834
81639
-59263
-11145
48936
56312
25963
68038
39054
17189
-95710
-78409
52136
-93074
32317
18248
-30238
-44188
-43866
-64243
10792
-80495
128
-25052
-29607
65989
-88731
145
-51495
-3330
-20856
-43530
27205
87411
50874
-33424
24450
-80195
27976
46992
-68562
-96222
20481
-92940
-86280
52736
-11883
-68478
7820
73427
-24936
-39360
31910
-86941
38566
-18733
-71928
-29044
84577
44179
-27065
8299
37910
94599
-48577
-47518
14846
19202
45158
20553
-96224
-49895
-49730
40882
-43693
-80641
8868
4182
-97566
99072
76806
28000
41544
67670
66354
32790
80538
-85013
-68663
63520
-28668
-69844
60754
-27977
-62933
88454
58731
-45525
-55886
87745
-30694
-67056
-551
-45067
22721
90054
-4929
21292
48304
64868
58888
-14826
-79852
-54207
-99815
-47581
76430
-10850
128
-27135
26911
-38157
-50511
2674
-48001
-82411
-61525
-22456
28941
-88448
-57286
-41280
-160
-78777
73301
57785
65979
63317
32423
69263
-95265
-85025
15083
41817
60603
-34456
30064
42171
-86849
52912
-33732
81064
-50034
58362
90957
11127
-82990
38905
-17990
36641
-5527
-80426
73081
7765
37436
-95968
-55239
-86216
-37391
91857
-16849
29500
-51146
-36679
48623
3356
15934
-80310
-400
-27535
13257
-37185
-46926
-18508
74203
12073
-50309
47505
-76658
-2345
72700
60068
61059
63457
-31853
-9838
-46796
-92399
-43670
52423
-13787
-46225
-28420
96455
-73991
-52888
40952
-94989
-39903
-41190
22270
-98405
35887
-83969
-94778
19258
-69687
52531
-42848
11986
39417
-72733
-74346
87909
97696
-60460
17069
20109
-73333
94669
92299
61369
48158
-2973
14706
-51708
13484
99167
-81174
43123
12009
25293
40509
15563
-66441
-23644
-34404
-30707
-48996
-97203
10335
64527
-84523
9873
-76822
-18632
6851
-98780
-68181
11352
1540
-74552
-34753
65890
-23651
-11296
70708
-60857
-14253
-4462
46185
-89809
71705
88471
28690
99926
-733
-96414
-13096
-90622
17112
-20502
48925
69661
-98713
69974
46045
-76301
96625
97348
-61648
26696
92324
-50953
-57044
23703
-35865
-73189
45607
-91677
-39695
-62091
61082
20732
14901
-25749
-77600
22225
31544
29549
91102
15980
30274
44543
-69314
-52594
-28046
-58907
-17645
-80665
-48596
-45974
-69599
-63950
-24018
43276
88372
82731
69505
-39865
52718
-18962
84235
-81732
-38881
46509
-44927
61886
-84148
-35058
71865
57210
80082
-73377
-11427
-80512
-27932
82807
28860
34674
-22159
4138
84346
78087
-54047
-49368
47016
81149
11069
-60174
51695
88857
-57170
98618
37797
-34468
33949
42583
-5246
-28540
73018
-49182
-85268
-93573
24985
72240
-45842
33313
-9162
88747
-78713
-19919
-70823
35599
92127
-43182
-4332
-83329
28692
-15876
-2838
25921
-11085
-77691
-10934
23901
56707
23495
21816
80845
44346
20400
-64179
2337
69971
31846
8661
-74894
72887
149
-84202
-52480
94104
81302
-79376
59563
-77667
46653
75616
-49334
-86921
81919
-83874
59436
51731
17470
-73881
79913
26216
65459
-90859
-7389
-84304
1527
-52055
-57378
-84045
71086
14059
20537
-63106
-53232
-7128
22025
-11149
-16875
87323
93393
10426
72573
80998
-63969
-44651
-57287
-92033
-21050
57554
-41735
-74072
76275
-8039
-63597
-33834
-30354
-36955
-66099
-22413
66991
-44016
66951
63871
-25958
-66234
-13624
-52398
-88871
-92644
84835
85436
-67179
-52423
32837
93517
92113
-1230
62750
-3664
91299
-84620
-49814
29618
-96497
91674
82779
15649
88705
-81121
-17627
-31601
-96921
61805
67110
-10250
-76823
-14188
93103
23861
40070
24982
-22157
9080
77132
97951
18187
-52297
55539
53969
73507
82005
31639
-35778
35589
64936
-66735
5551
-73792
-66408
-21839
-57439
-50060
-41440
-74727
-92273
32381
71026
15801
61482
-44486
11703
15138
84646
-49031
12212
-56567
-82066
-16448
54536
-64165
-74760
40954
11346
-24585
5554
-55555
52655
17357
60188
59380
-4959
77329
-88977
91630
78987
-74981
-91781
6146
-31592
-11554
76878
-85540
38844
11523
40464
-47639
60946
-66143
-62612
65051
75109
65115
40169
-48423
10698
76759
-86889
-52474
98474
59926
228
67629
-15266
34101
-4786
-69882
-33165
-64577
-57677
-91289
10829
92972
-99772
-3702
63847
74491
-50536
-17417
74488
-26393
28380
-77554
-54095
-30775
60905
6835
28451
-41206
-67090
-54954
94014
24898
64524
-60003
-28939
99058
5633
80305
-56323
11738
-14661
-7198
42675
44152
-82482
-20488
-99747
-44385
78337
-33641
-87160
-47120
19587
88526
-9391
22263
15099
2492
-58880
-85980
-35587
-24033
-2353
94628
97304
-43078
26632
-62245
92812
-26270
8972
82497
43673
40358
60656
-33514
13682
-57767
95233
95043
90960
84414
87720
90575
63588
78542
1769
-81222
-42460
40
34437
40249
80967
42646
11840
-99761
-72628
65527
-71491
-91323
-81229
57359
12677
-92538
-90481
-95896
90918
63833
-34125
43170
19064
4219
22026
-48738
51067
-34600
-82877
92099
-45732
62054
53353
-80533
-47786
21214
78544
-7378
89397
-27624
87979
66121
74230
24771
63291
95978
-87669
69758
26274
74074
-42309
84501
-45802
12359
-56283
-38053
-57872
-77715
-58652
-43808
-76700
-63263
8782
39247
-59061
-63302
14551
38951
34845
-84260
-82029
23380
15418
53602
-8039
31593
53991
-22105
41987
-70468
49878
72561
-24175
80223
-50083
97339
-49491
31030
-38199
61214
-41591
47738
8652
16923
63397
27081
-18095
-63033
-43348
50983
78448
96532
69950
-44459
-58883
-31816
1033
-49204
78395
-22917
14672
-90090
73710
4834
65678
-43190
53838
-48141
41331
31650
61591
-46747
-3891
-23366
65790
57318
-55742
-97369
-41986
-41592
4282
64690
15503
81929
-89511
-15568
-2952
84669
-86230
42111
-11012
2266
36695
-8353
84016
-25248
-37036
-63062
-4180
41635
-37412
90034
-40800
-35850
-82028
-86283
-71106
-75850
-88309
1023
91605
-61264
-48413
60125
-29762
6128
23753
66297
61807
-68825
-24865
96087
73901
98680
73723
92907
93342
5215
-87415
32852
-48260
65598
-32692
27513
-30042
43014
25217
-48065
-24944
-48066
5348
-72732
-25317
-13261
77452
-6341
-51584
-52867
44465
95236
89189
-42903
76366
-54681
51410
-73912
61409
75981
6397
88915
61200
27419
88897
6777
-77338
-78900
20717
3783
69690
10666
16569
-53709
-29776
-17687
90644
-10427
-88615
97248
-69032
5859
11446
55397
24607
-31113
-48294
8323
-86289
67455
-50451
35354
94737
-37840
31884
68884
43327
-99448
-95282
-8128
24379
-13073
-60958
204
47996
-20471
7252
43235
-53437
-36901
23470
-3103
39629
-34025
-77317
69999
40481
-19514
38439
80832
30985
-67888
-74622
30951
7645
41707
-67869
-95214
-23494
-162
-43159
-87961
40530
79665
-94947
-99207
22557
76787
-29837
24935
59758
36135
63855
90257
69216
-87220
-53019
78328
-26065
78728
-32807
65393
35555
-73936
4996
88262
-11930
-82633
9336
64170
65847
-29776
731
7126
-3273
69249
13391
50884
-351
62246
-13070
28679
-23081
-22241
26305
92485
88151
-50824
-10025
-41389
18060
-9165
-51756
28267
64449
78419
18393
21644
42992
58567
-60369
-4690
-61895
71346
-70649
62369
46830
85587
65436
-82751
85195
63190
-39820
-62440
-5309
27702
92102
-56880
-59787
15949
-21642
-92205
-35458
-2311
89980
-89023
-79577
-79507
13538
-86195
-30209
-6959
66092
68085
89412
29847
99665
20444
39035
-55780
-40216
8901
-38625
-76810
-56866
-32018
29174
84256
-32797
48519
51006
-52481
-65051
38285
99847
51088
-88523
-12600
-45094
90225
-29563
65629
2455
66760
33810
-17200
95389
-32236
76447
3547
-29983
47822
11351
-29021
-56222
73147
96404
49821
-78541
27985
17981
-67523
-86345
-701
88329
64278
38315
299
56419
8211
51165
-65452
17894
-16048
-53509
57761
-54585
-90922
-39290
-10212
26834
-42383
68902
-48417
-39027
73392
-23018
-4903
98297
78969
92095
-95171
45494
58886
-84317
-62451
-59386
37760
37744
-24577
81002
58166
82229
40841
-21528
-40198
86512
-94194
58734
-1512
7813
-43227
27600
-44492
30860
-61950
-70098
46719
73921
-5181
-9295
-15915
-19361
-5927
-21516
-39305
12422
-42543
-99393
39520
22936
-3586
79662
82502
36324
64453
12400
-68242
62394
-71355
-93205
-89108
3166
-30944
-20227
56886
-54057
-60501
64798
-72668
-40921
65326
45793
-87097
-82220
-13352
4889
89955
-76635
-72766
-55720
87114
22569
4318
-66157
28054
64240
52604
-57503
41666
19997
88696
-54494
63589
8211
-94780
97596
-27635
-435
-46578
-21439
2612
-40758
-6259
78957
-83614
-50139
95469
-79797
61598
7746
-55915
-10314
-82030
-67739
-30895
45757
-81094
77853
64353
-5600
24520
97757
44445
19895
-87592
-48470
-16765
-60558
-9973
97136
89183
-52933
30786
94320
-73642
-28104
-43783
45012
-3762
81644
-36419
48612
-49219
48253
-32565
-43632
19725
848
-20537
74349
-47639
-65840
-76586
35005
19559
27214
-29928
56487
-37422
-34109
87941
-55995
-45038
-65552
-24669
-82404
24250
-8986
-44575
69927
-16081
-2590
46292
-51188
-5072
-73008
-25205
-74960
-187
27824
44880
-10394
77192
53846
-92162
-29118
-41398
-85045
-41606
-57076
-13020
17745
-11057
67792
79644
94404
-14934
-43949
-70096
28508
23279
79072
-62334
-12849
78325
-17345
-65633
-96684
67877
-73529
96557
-96255
-50262
30091
-20367
89110
13269
-57040
-52357
24786
97745
-33889
-19281
-56765
-78467
96021
89456
96284
19627
-34473
8042
-22850
-72907
-39933
-43844
-89767
-67529
97858
17985
-81940
-26260
-3814
-53830
-41432
4072
-47840
-61607
50162
20591
96587
-27604
-28600
-55183
-21213
89316
-40389
-26013
74263
86850
94490
-97605
-79442
-71715
-23185
-83704
24214
-64046
48867
85227
-30631
-36408
61244
-55562
-64019
92382
8391
98591
67050
-48780
35665
89504
-57002
-40493
52815
4143
-33060
88250
-21603
99861
-25828
67782
75491
22574
-64613
72957
-60012
-2820
18587
81911
77264
15719
70790
-41623
88618
88725
-89980
92623
53571
13602
-90388
-49547
43669
29884
11798
86179
-40884
18718
72207
-29341
17870
-61273
-23386
6640
77084
60950
3299
-29635
54672
25317
-80233
-2914
-65274
67199
-51377
25623
-99881
-13858
-47646
57088
-29055
-24635
-14422
-5167
12642
-36393
-15089
-8816
-52765
-81965
-10113
-64236
30130
51821
-40838
-85836
-43673
84937
-34743
22418
-84664
30422
29006
39293
31912
7941
63159
-86009
63594
-56475
84300
53733
91043
-71267
47976
-89796
30621
-12155
-91451
-11186
67000
-52895
-64656
-43712
62572
5626
42331
-4281
76905
-1893
-66671
-47953
78431
13605
-67324
2440
34010
-94321
-33214
18477
85957
-18946
-71226
-2894
-99761
60989
1131
-28119
-62038
47065
-29700
13137
63920
-81700
-28442
62940
66656
23204
74767
796
28807
9951
-9409
-51255
-52166
-95899
18876
-29839
20479
-51407
-85643
74876
45964
42493
14356
82971
-55769
9274
17462
90637
-50836
-58903
-13065
-63730
-12051
25945
35878
-24804
63092
32509
93528
36391
2019
-23511
47704
-47852
-82435
43113
19068
-25874
25469
1854
10962
67690
-94748
73334
12794
-5803
92944
-70105
49165
-14372
68296
-10937
57339
82359
78996
20203
-53837
-16269
-2295
96922
-11269
73500
-25693
77454
92319
-20989
29962
8902
25990
57329
-77897
-13173
-73632
97064
68400
68413
98939
66898
-47953
-24872
36341
-4471
-76511
80329
-22900
-51710
5578
-9113
-75631
91735
41157
-55344
-5765
19375
87593
-82847
-74024
75659
54664
1681
5790
-21456
32721
-47574
95904
26477
-15211
-27035
-57764
27848
-76697
46370
59057
-21495
-4964
-65855
-65426
36450
31153
-20256
77509
-21063
-20660
-17743
33630
-88172
-77925
23542
-18744
-71712
-98727
-12004
48074
-63778
-76753
16306
-46568
67435
-33225
-79548
-77471
-56918
-6693
-99944
-46843
64848
95260
7940
1316
61515
35503
17130
-65582
-77360
-72511
-98670
-9626
-84224
6108
7458
40881
98742
52833
-96964
62988
17199
50549
12660
54539
17878
-99399
3693
61070
35884
36465
2895
51765
-83311
92934
69030
20339
-28815
96486
-45542
-60100
-25842
22409
9607
84184
60069
27599
21944
-46566
70976
82053
-20283
16233
-18792
63111
31878
28029
-64284
39039
4787
-9690
68802
82827
88922
-89338
54849
-59587
94843
56031
-30135
6716
22915
903
-89497
-12537
16868
-61128
-96391
-20710
-89331
18308
35570
-26135
4875
-39835
-11573
23881
12092
-47757
62279
21358
87275
24430
60448
96399
43853
39227
-38061
25190
22103
60140
-7227
38035
16890
-57096
-60399
90144
-3844
-29110
-18001
-45409
-92620
83636
-13182
-22096
-68830
-62588
-6338
31711
-75543
-40337
-29773
-24982
14377
17706
64443
-12512
47869
-17448
-81988
60644
24526
62942
-49701
91857
-7022
-65326
82622
56056
36325
-94191
63355
62852
79170
80751
92450
85567
1630
62346
-79965
34157
10337
84599
73950
-57194
82305
39966
-47674
19169
9213
78306
63408
-98788
-47948
-66696
69950
-8359
-61025
88665
-57438
62898
47857
-53678
50065
60588
47818
-12039
-93241
55225
15442
42362
95536
-26537
12216
-97329
66298
9943
-89529
-25522
7669
-86792
-78366
95580
-75037
60274
-10212
-5249
-38622
-34994
42102
98962
-17357
3442
-34314
86417
-88282
51195
-24928
30868
-74460
-25405
51668
-21095
-10792
87426
5572
-84742
15931
40272
95823
63741
7804
48200
-83585
-18806
38600
72584
70940
28663
-39237
53526
-69013
-14337
-92701
28509
-33082
58834
-59924
53461
-24935
93766
-33810
-43200
21622
4523
-8048
-71024
42710
-5061
9239
61478
-39443
65136
-83249
-20811
1768
40816
-30124
-7867
-86778
-99228
30973
57428
-54192
-39514
54886
-55530
-77961
79641
24537
53021
-42040
4050
-44967
42773
-73650
-14797
13322
-26650
30276
-64359
71104
26684
29365
67051
-36126
-37917
31410
9299
41594
32651
-74385
-10743
-7971
-6485
-64965
49739
74737
39810
-55333
77033
13152
-95623
-99262
9468
59928
33573
-20754
-39369
90236
-88728
-83167
53077
91882
90487
-36422
49458
-62487
64950
25905
-11466
99631
78143
-46932
-11028
-74419
55297
62080
89456
99576
31621
21959
15367
-54923
54220
80026
-6199
95520
12693
29995
-37703
-71976
-37574
-82110
57205
-28405
14202
-69486
6856
-88487
-93870
25079
9117
-83353
70660
62607
-35569
-75837
-48263
-61454
-74917
53231
-89662
12751
38007
-31412
-55750
-13212
19964
-79068
67464
-77159
38718
-95660
-59647
98170
-14340
-47916
81770
-6769
30131
-64219
40858
42266
-42355
30230
-84738
-3667
-86473
14450
-84489
3877
-31152
-99127
86174
-59193
-29188
46874
2599
31989
-21159
62938
-34141
-76532
25802
-96477
-25889
74974
-52434
97212
-69590
-50041
34421
47169
-72460
-83090
-35703
8239
80466
84058
-52697
-91058
-26465
9582
-5615
-45317
-17156
59586
-86372
83985
-16073
-29408
-1756
66164
-18551
43736
55136
-84295
-55110
-70272
44688
-35211
77471
15948
64147
7905
-75709
-32890
-29483
-69657
17764
73770
13157
-17397
3348
69984
-78236
38393
-81471
-75306
39577
85735
-54706
80057
-93342
-18650
-9889
20561
76613
-35509
48564
-10313
-49883
-24396
89069
-16077
-25136
-2951
-51220
-41226
-10315
-74319
-94441
-61904
66803
-38434
84476
-15153
-25652
-12874
15888
-27562
-99400
93583
21648
10005
-8298
-99226
-48631
43595
-66563
-47797
87666
68756
-33807
72301
-82121
77904
-5838
98686
19281
-74349
-33874
-18558
99600
13058
5910
313
-48006
-24304
-57587
75303
-66099
91605
89853
-13827
88033
-46328
-70268
46181
-91350
-48487
69708
-2769
-59751
-72466
74553
-41005
-70111
71159
59387
8546
-24617
-46864
76163
-25138
5938
-17997
-82095
-41646
65202
79543
-32340
-85569
43230
64873
28588
2917
86821
-15131
-73487
5786
57830
-88303
41334
-9174
92747
-40234
-87425
67227
-99696
28348
-16528
-62629
-87390
49441
-70600
5064
9442
-73578
38506
-87460
7432
-43690
67180
-22924
-56475
-29276
91656
-64773
8961
-43008
-3680
72823
-14366
84869
23038
-4944
80558
98018
-39798
-17480
-17944
79091
-2412
49052
29398
-88645
8273
50213
28611
-64
-55453
36171
35552
-64572
33041
74359
20486
-75813
24790
25331
5655
98350
1173
49521
41730
-77814
20586
78453
-21852
-54235
-95909
-35425
76172
-16976
-27155
62809
57175
61010
11603
-6311
-96070
56582
21057
-17069
62495
43410
-52576
-74945
46758
-7454
16858
-71038
74188
-99646
79444
36284
15273
-83531
-37252
7277
-54061
-89548
-24329
-86396
11232
42630
51517
73798
66313
30072
18177
73687
16299
87802
78984
48297
3943
-78442
62683
-52610
-42840
-1075
-52456
22107
70404
-28784
67298
35339
28796
83992
-68808
25420
-56930
83106
37603
-6181
-13686
-43381
73673
-80489
8017
-88829
19743
32660
22649
57137
-32708
-7617
-56419
40995
-55864
-6615
-34127
53680
24595
55282
11683
-50195
25858
-56621
67358
-66872
4708
75463
-19416
-84860
-10589
-78697
-24149
6609
31573
-17151
13841
58631
-89486
-22396
36104
-85313
-17120
-28917
-57627
-10418
61419
32947
7013
-95521
25424
-51909
12238
-98644
63096
20295
-89420
-69159
88514
53649
-92201
-56403
41657
-72723
-67414
-1171
-33371
90038
31150
72791
-23107
-78054
-43971
27512
23930
-75136
-46173
9002
93510
53457
-46361
-83922
-31469
84138
-15001
-30430
75913
81500
34529
8863
-56553
-57506
88142
-68175
76587
-50736
-408
-42636
-36676
96172
-16499
49991
43716
-45365
79100
84144
-22452
-32942
-53189
-32756
-52257
25463
58267
-98511
-32
80819
30547
16226
70584
-29882
29066
-86994
51175
-88094
59121
54821
-28356
-84107
-61364
-45832
69343
81942
16016
68972
-28340
39883
-23384
-46598
-83750
-10443
-14702
50439
59769
-54503
37222
-2693
76923
-42421
-25609
-2944
-62007
-51015
-62126
94041
-40842
28753
63523
52828
49712
26896
83959
57934
-91118
19752
284
69977
94807
29645
49061
-33620
-5846
-30115
-66102
39151
-25191
-278
-19732
-5790
4711
77157
-59659
-74863
39936
88872
-2402
-89098
98119
-32353
66634
-72277
55756
75796
-3952
5258
76889
-47081
40598
-40413
42091
-60538
16088
-32807
2942
48510
18440
-30567
75265
-46242
49360
93368
-67479
5429
76019
7016
82914
78408
48721
-28329
-4385
-639
26441
-72219
74642
-32202
40825
-13121
-75400
95189
21472
6365
-68404
-97558
-98011
5140
-37861
-96243
-71311
47512
-43081
-71253
57399
99794
35269
-23057
8787
-88358
21234
-2484
10960
-45806
9282
-19543
-15548
-95842
81033
47658
-33066
58115
89522
6872
25696
-72357
83324
70252
54703
-37070
16325
-1155
27047
-68991
2431
21827
65028
27141
76223
-22841
-91461
48506
-21580
-72983
-16770
-31751
27252
-15923
9503
-58709
-42510
-60892
-71412
-51991
89676
58578
-24584
52658
-62463
-22207
-23333
40776
-15104
42882
84943
31079
83291
10971
93915
4835
-48038
-67727
95373
94941
16172
38099
40832
-24671
825
1120
60286
-73697
-84269
59671
88254
-23676
-25142
-24647
-56242
56693
91550
-65251
-10804
96680
-79345
-76016
70478
-37153
-35247
71526
90786
14913
16220
-51550
54127
-67370
-60129
38077
53434
-46242
62548
17174
86405
57743
-64849
83511
28433
34666
74864
97344
89477
-90055
-57896
-49997
10599
-26585
51768
23643
-34362
2299
-99164
-37351
-93958
11059
-75577
40396
95684
47737
-84848
-5860
54991
70468
29386
72420
-53736
-23026
69898
94138
-67415
-8211
22977
22748
29440
-90031
78897
82936
33231
96153
-2051
-98665
71261
40530
-49447
72616
-7670
71116
-63008
-54171
-44049
93083
-93436
-39452
67172
45287
-98017
17404
-37
38896
-26775
99602
87721
64931
11011
50943
-31259
45201
-47121
-25249
45097
46098
6499
-21383
-62218
-22859
69746
-47738
-49612
-35486
-5718
11040
41622
-35121
-90947
-96056
38236
-5157
-28969
-82796
31602
56266
75918
59571
72502
48030
-33224
-28578
97559
-19570
91926
61406
-43944
998
29869
44404
-48972
-54406
-46923
89064
92956
-32376
-33365
60465
17372
52201
19777
-579
-95397
79668
-33099
-81249
32129
-34896
-36225
-12525
19827
87731
32292
9518
-83271
-48677
27752
28198
81153
-66584
84704
-25797
27453
-73227
-93658
-12414
92455
-55023
-40283
-91572
-47580
-9666
-31853
39159
-32122
49157
-16321
31953
78892
-69004
-9088
15460
-53308
50870
-72051
-71390
95473
48205
-48021
-50258
-55096
79662
-9215
-96764
-17357
-89159
65159
90567
-73416
13011
45917
-50778
92180
-96798
20792
44521
-89087
58916
64695
-91426
-26153
-56212
63188
-47334
74895
57979
21173
56430
-76766
96311
-222
-63000
-55408
-51766
89554
68227
23740
-50790
-54114
-44564
60532
-46688
14551
95025
25743
94951
93811
8968
78383
-83229
42338
83962
-68698
85868
35454
86187
-31947
-28202
62817
-95674
-88080
-45779
-68142
-64887
50877
64338
-75689
48362
49723
52909
77486
-77595
-40193
37325
-48106
-11613
41977
-31004
-11000
62664
47349
-49768
-73213
67481
-63106
88839
49989
46408
63261
-97254
-73835
8734
-58689
-56636
-76099
46532
-32588
-44200
-96234
74926
24659
13765
-89093
52453
-62212
-42833
72735
97135
48758
43370
-42501
47772
95030
-9963
-54752
-71504
-91071
47441
70506
-56024
-68376
22237
82837
81963
-77837
-2416
-27415
88591
25881
24113
-25583
27524
-73878
-91530
-84918
-6623
-29617
-54120
-22025
83849
-17302
-39153
-67311
50041
91159
-28625
-709
-68942
-18092
54559
88179
-25091
-48323
21873
-2331
50592
-48465
-9053
59993
25435
9231
56881
-7347
-21153
17507
-60075
-2402
-51572
8925
-10659
-32481
-25883
-3527
97254
10636
-73389
87548
-65158
56345
-84910
39579
44420
-54749
46396
-37378
-50324
93192
57904
4057
3859
-83630
99807
26682
-58260
72974
76979
59042
-56779
61051
-63460
45706
78546
-53474
-66056
52999
77124
-83853
-97315
-20601
81546
-44483
-26554
-95237
73236
-24066
-49383
28559
26784
98499
66513
13524
-32588
43159
-7987
15039
7222
72408
41652
97419
32683
36902
-41085
26809
-82934
34103
-74188
-99016
91324
98119
908
49375
-59469
53229
46530
-53994
73444
-503
-69689
-31915
70114
36890
6774
-91324
-37607
65196
27802
77314
44963
-54610
1814
-93310
11658
18529
-77387
-82417
-43685
81709
79567
-81040
71075
94158
-93100
-82010
59529
28459
9016
57362
-52728
-83833
-58565
-41613
-82489
-53040
31060
-44339
96534
77781
27897
62118
28039
-45035
59726
-24917
72423
57330
52263
66351
82200
-18555
-80068
-73773
78412
-57269
12776
-92416
-24672
-53956
-23971
4049
-66094
-64900
89321
24846
55073
42475
-39011
69140
-47232
-26153
42911
82256
-23946
38097
80014
63210
-57515
-25635
11597
69822
15124
-68797
10735
47813
73163
-70014
2493
-85486
-12661
14180
17766
24889
79512
-74707
-19836
37834
-69371
20141
-79609
-82501
66666
31413
28032
41379
-32701
9062
-23668
86179
22888
-48604
43931
2143
45029
20522
74012
77162
-38219
67768
29639
-6976
-36384
-18265
42630
-97492
68270
27484
-23167
-92406
-94138
9947
-49468
-72473
-76056
-67917
54031
96068
14020
84247
-82693
-61830
5621
-29811
8004
-17865
94237
78975
-59721
74598
-46499
55344
-83079
98285
84657
-86584
23409
-11568
21671
94672
90131
-40718
-76486
55161
-25398
32252
-78257
86998
90753
-70250
33803
-71318
-17073
22675
46543
-1508
47229
-81367
-99119
41479
-91724
99997
-48808
23278
-11640
10301
48596
88396
-91685
-38649
-10345
-61110
90735
51368
49716
16650
93516
20126
97139
99488
-7670
78398
-97683
56673
-8836
-9390
72138
75219
88889
44954
-88107
-56572
52232
32179
-66823
-20746
-98841
27670
17947
76791
-41288
60407
13779
-58801
85513
-23923
80456
-7597
-16194
-56271
55910
-54121
58653
-52064
-16065
-45823
-10506
-30373
5307
40440
-23251
-70418
31165
58
-79642
-15859
35157
-435
77579
-52135
-23205
-27699
-13827
-17534
96686
-62876
1941
86855
55881
-5928
-42347
78874
68542
-70529
-37904
54495
-70765
-26483
306
-16942
8630
-68146
66317
28807
77277
64687
-99006
-23923
-27842
-26506
-77976
50092
11304
-62702
52700
-94642
92669
-22131
71494
-10374
6028
-28579
26883
45115
79055
3610
50484
21791
-2434
80651
-66910
-56293
32206
-39335
-11891
-18996
-5495
-94235
-89200
69656
62475
-4747
-12814
-57357
69846
-30519
-64309
58750
-91693
-47476
-880
-37047
-28314
10150
10878
91129
19436
13230
-50080
-2427
-51628
76669
15932
-28134
-90217
19358
-61024
-59041
-41067
-71775
-49404
-58157
-59315
90575
-41892
85777
28217
-51721
37821
-48203
20420
-63001
-13591
-59879
5737
63158
99385
-58503
18665
-54274
27494
-99851
-26072
-11800
8243
37236
-40539
-31136
25083
-56732
-45803
80935
34194
-76256
-43686
23558
-65637
44523
-81883
51872
-18202
68569
-77659
36641
-93757
5645
82346
36947
91944
-38819
-2789
-89009
51962
29266
33552
-86192
71163
-60469
-81779
-91421
49297
69312
56796
-24262
50287
75236
-87482
89120
82978
96868
9773
39496
-37382
-30707
36553
-48194
61971
-48182
4861
25919
59519
44938
-21867
-50972
-67439
-74688
-36193
-91528
-68215
-99580
-69917
40235
84823
75991
60224
-25632
-49842
-75388
-29724
-79711
-28762
41057
43367
-30222
53870
41141
-58811
77379
36428
-83020
-29386
-76162
-66318
42661
-85524
86849
55775
-39836
22888
73126
-44017
24964
-33798
-48899
75009
64524
92307
-94821
-18973
98722
63688
11915
19291
-56186
-19995
31523
38836
-10571
77356
-13134
70755
-83475
-47319
-71530
81526
-6704
15027
-31766
49304
-9182
-7231
-19620
-33981
-91027
51430
72796
-46014
25476
-65110
13168
-1950
-87516
95239
-57116
-32779
-50698
-65795
-161
-22590
11057
-62382
17746
2252
-42468
-97942
41609
77309
76465
-28098
67364
-88721
32093
-98948
58143
-51497
-69660
-62725
-58804
-6513
-41566
56857
23459
21951
-81940
-92428
-48784
-3481
-18155
25921
-50006
46859
-40692
18956
26916
-86214
78819
-14964
80540
-56515
-92758
21090
28145
-615
-62598
16942
-25166
92673
71822
-84082
-15214
84956
-1269
80309
-27337
-59282
64352
71715
-79759
-21403
11272
83270
80264
38531
-92756
-26771
94574
44130
-61850
26533
-2541
-29783
-51359
17394
67288
3466
-32228
-16724
15195
-66508
-88563
47923
30449
668
-11998
-21680
-97231
-59420
63330
-50071
-96787
97829
40947
-88032
-87364
91934
51508
89418
-48973
-41096
-71350
-80569
48690
55221
16313
-72125
-45990
76149
-63768
88072
-58660
-40347
-92153
-21827
-33363
22852
-13620
-61441
71957
81043
-29544
7706
58983
-31079
29497
15459
-1269
-64304
65672
38774
82743
-68497
9651
21640
35388
54805
-48107
41576
-11907
-85745
54913
-76905
29946
75462
57118
1984
-35766
49928
6508
-41515
-55705
50161
19109
84040
75171
-24010
47806
-16349
-61831
-66803
77644
53637
12287
86524
-20668
57530
-38665
22525
-44133
44917
19972
-67189
-56948
51116
41849
-86835
26232
68497
-32627
-27365
-88793
-42648
-48917
12913
-98196
-52663
-30298
-94033
38887
-67660
36746
-15862
-37979
49036
-7923
83987
47330
-80334
-88731
91746
-63762
64319
3763
87967
35820
5469
-83172
-70036
-76617
-67645
40057
-72718
-52576
66955
41764
-76537
58259
-96079
63475
-76167
63960
58410
91521
49018
-92555
-83682
86503
2535
-99920
-25084
-17206
64055
69553
39897
39502
43453
-27706
-32515
-28119
-95463
-69439
28202
4754
51585
43836
42961
24728
-36761
42941
-53101
-35890
-27000
-1420
-1447
-49692
93073
47969
-44208
86097
-87507
15186
74628
-81300
-60305
-22262
-46184
17498
18649
-15746
-5536
-44510
-76089
71033
-22885
-66979
33979
61087
69456
-14903
93830
