900
24113
-14683
63797
-98649
-89572
-74584
-22940
5518
50827
-24824
42781
91344
2048
86855
-24544
80782
66336
-13267
-15697
-46390
-40270
33638
80409
68815
-45434
80826
29812
-77441
79602
-47004
63784
18679
-13320
2706
35368
-44576
-11964
16441
-42436
44565
45456
-56239
-35462
14636
21994
8436
99668
-1693
2830
95183
63434
43241
40045
66306
81664
-954
54415
75034
-41110
-34393
98196
-8024
-50909
-35382
56086
-99842
23262
-46910
-64534
-5947
26099
-83160
326
-76610
95579
22366
-68676
38291
-76169
59905
97892
5593
-3958
-12822
-52072
74789
-33464
56481
-24359
-21240
17222
-15776
48144
36712
-59120
89279
-33298
23676
74265
-55296
-99916
44003
56781
-63431
-78769
31458
33475
-29862
78171
-35592
-84466
15258
-56312
-38432
91763
39043
-95270
-33821
-67468
63446
-20150
-5673
32395
-96228
45642
45816
19762
-55926
-64602
-73888
-36001
-28912
85382
-27674
-11954
-68482
4880
-8879
11638
63443
-58518
-72904
97053
-69724
-96995
83319
93447
10150
40405
-69361
68746
-43944
-70268
31259
-77059
-12721
76711
-89749
79503
-6625
79009
-45057
34355
-93405
-52029
39458
17593
-17558
40301
-22304
48952
-75650
80846
90085
-64856
-7086
88838
89651
89676
-54201
-33171
-69697
63820
-88101
26605
40937
-91936
12975
-15222
-81193
78377
-4365
-92158
-34387
16538
-21392
84560
-53398
-57517
18161
-16630
47778
-46834
-12017
-53654
-5997
25906
-55016
-47447
-52761
-32571
61467
97543
-72314
-51777
-71853
-40728
37588
92985
52526
-98216
42254
45828
-93448
-3217
-46788
-32938
14057
-67504
36308
-97440
15623
31819
82219
7291
25337
-80798
-552
3968
37738
-75671
25511
48630
-90346
-49913
35703
-23834
35316
-77607
85809
73611
-55360
-80651
-18203
64230
68132
45003
-77693
-61586
89410
-3224
-34574
-43549
-75231
-75692
42640
-90237
-73295
96092
-2041
-47594
27900
-86870
-72120
-82204
-40532
-5232
-25497
11015
92275
97123
-58285
-17765
20314
-11004
-83920
22289
-80214
84346
9683
-84509
-4879
86843
57689
9954
-56335
-31094
43684
-35093
29675
89785
-89292
-83144
32067
-10224
46814
-68334
39568
-63034
-88469
-66012
-44734
-31444
-55729
-10965
7088
-43223
-52925
-5494
-41154
7136
12546
-80582
5415
-36498
-89571
-8545
56813
-49649
-61188
-40139
-74022
-44768
36850
-97879
54257
-19521
46203
54532
41014
-72370
-85931
-43646
-91945
18007
11192
8129
83062
-34679
95474
6741
26900
93601
-30365
24312
-75813
32100
-17197
-16481
87240
32136
19947
22632
-41805
-53581
77015
-23250
41020
94427
-19851
-24449
-94508
25548
-84166
-30619
-82971
74120
99490
-89631
77215
-27960
-23279
97014
-56352
-6687
13195
61537
-43649
9346
-96435
48678
-39178
-80870
-49210
-95035
-84567
86102
2677
-92724
-12329
-54520
-6240
68102
-13988
-30429
-38546
16017
31072
20579
72482
-73779
88672
-48887
77492
78768
48343
-64828
-42483
-97673
-28344
-79957
62239
11383
-60885
-17689
-73440
75282
69810
-84626
-64735
-30396
-56842
-61270
23887
-52515
92995
-11848
-49468
69513
71804
9803
31435
67979
-35155
-72015
-54481
-69816
-56532
97070
78462
60608
-42518
20292
-98401
-47593
9691
-21356
-96115
-10735
59072
52318
56687
-62755
-50291
-14235
-1770
-78392
98364
16942
59602
-37294
-29522
69734
-99151
-21474
-66887
64931
-1899
-77566
91282
83971
-43407
41471
20696
-36815
-8352
92106
63227
-34234
38882
68617
-6329
68875
-74189
-18727
-71727
-62371
5450
72716
25020
37354
-70933
-8464
27944
49303
49449
-18806
95161
-86268
58428
-44254
-52801
82023
-1286
93496
-61753
43797
77878
-13868
28093
-90081
-37326
24763
-4484
-41447
95553
-1922
-50316
-75530
-58370
-18836
-25801
-9521
-71966
-10649
3040
22402
95622
25364
20128
-713
-38474
34412
98854
73918
-9682
-27856
-74005
35732
-12876
-24583
-73705
59781
65105
-7379
26579
85867
1325
-85747
-97428
16660
-86714
65772
58336
-38974
35085
89915
58633
-67573
-36963
62079
84067
90465
-28327
-32157
3644
61100
-91808
8873
25463
-93037
60528
17788
-80388
-8486
48596
70946
65536
97702
-31669
-13427
-53012
-72805
51319
-52016
55469
-45146
-21314
-89745
-45673
-6570
-89983
-48113
-88010
-16347
-46921
-76852
-96973
30869
62053
89450
-94944
61814
47868
-95325
73312
56196
-58865
-54306
6966
14509
71983
-88191
-20760
78959
-20379
32605
65359
-39008
-86325
73160
-88706
15495
38023
20936
-37555
-77400
68389
58475
705
97630
-16240
-11084
-51623
58464
88749
44976
66680
-50586
-38828
32550
94122
-51164
33516
66220
86228
88117
61922
46934
-25411
-39917
-13690
-50486
72819
-44093
72002
-72721
-83429
83790
-71433
-43068
-51623
7273
-89034
66701
87831
74614
-73769
-35161
17334
-36893
-5510
37053
56015
40176
-45736
-81581
-25499
-42353
-96700
10944
-29463
64484
-95420
-8776
73448
-41940
92806
-53497
-8555
-3783
-60223
-62502
-33553
77339
14569
-34440
45454
-71461
7310
-72562
-82224
79713
86482
99303
43482
-52043
-49467
-38790
-94835
36066
-2785
35037
-33785
88439
80729
98456
69267
-16537
3112
83924
-72914
-75184
18007
-95117
-80521
89624
42624
-92871
-99214
81012
-2394
-33241
-61448
-36989
-35342
25448
-10305
-90090
92552
60197
-76350
-58989
41670
-69389
-93299
53679
77145
-69716
91239
-17576
47291
-30373
-36837
42997
49741
39889
92005
65733
-77492
-26924
-54154
61796
-49805
74103
-23644
42220
-23442
85509
-15887
78712
-21386
41495
-41161
76932
-28019
-35451
-97235
-96912
42712
96825
-52904
-91229
97492
-48865
-63472
-34932
87670
28728
-77139
60484
44963
-17138
-59889
77008
-78647
-30334
17799
41858
-58472
79745
-12762
5758
-1183
30805
-48353
-31398
40649
-71592
-4837
-97377
-31127
29379
42522
69485
-89978
99748
-93183
67770
8808
52974
21636
-59845
40985
73450
16112
37275
-57668
51980
-51883
55784
-33017
-57568
-73905
-98675
95646
-23133
85681
57914
50317
49646
-68339
-14112
-96542
99341
52769
-77864
-99227
28975
-82655
59107
56693
-19915
-9188
-21428
91521
10221
83150
21482
19807
-41768
26499
52546
11212
43111
-4061
-88951
-33023
64645
14622
80006
52078
-98802
58356
99542
-84970
-35811
80865
90889
68934
48642
98532
-53014
31539
-16237
-98901
38045
-88209
-167
34461
