9000
27504
53690
97039
-2715
-75801
-34735
-10912
55447
-61280
-41620
-7815
-33767
61546
38127
-78454
36458
70027
-48499
5238
-42034
-6783
-63139
16742
1269
-17116
-44136
-24965
64972
70119
14125
-37157
-84001
91453
3329
65069
-93271
-8232
52422
11935
-38918
48396
63671
-29660
71747
9234
-54803
-35396
-41983
75177
-45087
66731
38148
-809
-22913
34891
70491
-60018
-33821
-60163
75614
38313
46962
69179
57368
53013
-33704
-67191
42703
-51187
87577
46026
-34768
99133
-54314
-9041
-23844
33928
58719
-70582
-40247
26981
-19409
10689
78998
81124
46216
59357
28208
-11121
28204
32322
26074
51691
-40075
-86343
40156
82654
-43118
47593
-30454
97066
-54114
66277
-39185
-67817
50782
-50145
-49001
-22736
-31529
-84935
-98186
-91101
-98166
-72772
-67592
-36212
-74739
55330
72294
-7349
-88696
14221
-16719
92689
-19000
32091
-37025
-73862
-40381
-45615
50191
-14508
13865
-96844
-66518
-72449
41379
-73098
47016
57068
-95318
6733
-90180
-13305
-28857
-22496
-51234
-86543
44323
73243
50675
70694
35914
-85981
99930
-41730
-31936
51235
-9963
13199
-41280
-38973
76178
2479
-66803
21242
-55978
22679
90999
-37638
-43515
-3357
-81427
-93814
18192
15030
-2183
-66318
46907
-88582
15260
3535
-4727
9477
23622
-4282
-99961
50199
-82126
-68587
92851
-16960
12188
4741
-30713
-1186
15904
-59652
74789
16132
66672
2607
59040
-26889
49906
-61644
-30748
-31726
-6028
-14603
-40700
-1655
59469
-53247
-94626
94602
89169
-3140
47853
51519
49328
-96649
-83285
-82448
-73109
37786
-15967
-62010
25524
-97346
78220
79850
-92190
-32233
-7187
43020
1358
-75058
91694
44288
23245
9261
49004
-86846
-80247
-66700
89509
-61286
-67458
-87799
-36096
2139
31759
-2357
-16973
-12411
-39934
-38457
-36460
-88118
-82913
66051
87488
40046
-60384
-94856
27298
-12985
98005
-49506
-14239
-25820
-16681
72159
69160
4618
-30810
73005
-61485
-65510
-79838
-98641
-2637
-51954
-30750
-66154
-16322
-54686
74613
-14577
12630
30927
-9741
27153
-36172
84914
70398
97237
26929
-19188
-93542
28198
-61263
27042
-74265
-57138
6828
88389
-61321
21616
-91942
34284
-30064
-98124
41787
4093
97279
-85220
-39680
58538
2583
-4170
60761
83448
1285
19562
-10340
37211
3281
88243
-1842
52542
37235
-7254
77970
33247
7631
-9730
58667
56662
5007
-71936
-34960
-96075
74460
35419
-74613
-60533
35385
86113
-38739
-90621
44220
-82752
71122
298
-28247
-41837
31084
6478
33708
-14699
12783
50049
57715
-74384
90680
-79043
-66394
-40845
87195
69729
-84156
15011
43463
72346
91611
39528
59160
-19491
-47836
97384
-85959
-30512
46264
3505
92404
-78648
90739
60560
-37480
89773
-22300
-9217
-52538
27258
86445
-76230
-20584
-63391
76670
77810
74285
-34420
-22872
87323
15125
88061
-55648
-45856
12374
-34858
53587
-71689
26585
86773
61088
33742
-10572
38391
11895
96292
-6571
-49826
67660
-23371
-505
-92211
50871
-64627
49700
-86800
-8789
-87618
-90024
51384
73617
63149
-32115
-63100
-64896
-97146
-21384
67483
81755
20304
54976
-14826
-29368
-92262
16454
17819
-54200
13205
-22699
-21629
48120
-73796
84200
349
-75485
-97555
-30190
73484
-45886
4059
91086
-36021
-11695
10909
67939
33873
36622
-89314
-16333
74064
89809
-65097
48865
90391
42115
11354
3933
50711
78076
42533
51662
15682
20797
65366
77722
-92273
27590
25246
11797
-39142
14230
-67186
89731
61289
20413
92526
-55860
-40054
64735
20397
20411
-89896
-41913
-46094
47154
-64036
63013
-18671
16878
53775
51942
-69799
-70477
74621
-59474
-22582
-76780
73094
-23755
13475
11809
57983
55547
-64934
-1043
31797
-32343
-49051
23610
56593
27590
-42123
89092
-93289
70098
57347
-50585
95305
26050
25731
48685
-73432
-23463
97780
-78152
6426
-41376
76441
-68472
83431
73218
26498
-51862
-66915
-67770
60483
-86338
20500
94505
-69050
91299
-34740
-94185
-20291
1089
96114
-1082
21167
57714
28674
58864
-76364
1037
-73082
-71381
78716
25937
-99268
-80986
-4663
98027
28501
52802
51325
5860
-9638
86538
2829
90539
-45335
42705
64341
29754
39070
-74457
73606
-97498
66061
65975
49338
26888
19627
89216
82344
-68028
-79156
-12434
84211
32243
61126
-98220
-67747
10225
-48459
81673
-48615
88132
-4776
20380
765
57767
4313
80628
88470
-46093
52266
47881
2646
-38743
60491
-2311
5544
30494
-53464
-30648
41124
-42685
-34850
39863
62622
42384
65694
68543
-871
-24691
86314
-71510
54937
-14851
-25283
-66609
12694
38311
56968
-86872
-72756
-41214
-36330
-66991
22511
75900
72080
68960
-71620
-24537
41693
-64101
97899
85696
993
4314
70273
-74274
-29273
-77446
22978
-79820
87769
76795
79683
-93885
74540
-50761
-34660
-26081
94425
77376
74620
25755
-3899
-46572
75224
-37613
-37182
-73729
-17412
-5929
1838
-20146
66114
-89297
-72711
-5973
1183
52560
-84219
52378
-97894
42265
-85530
21135
47961
14154
-27000
-26135
-29292
58946
-63376
99215
-61270
-21838
67931
16422
4946
80804
92802
68716
-91734
53794
-44545
3060
-78165
32836
68745
44414
-84354
82202
2715
43122
-17625
-61519
71924
55545
-47392
80838
-13833
58296
-95807
96901
32818
71978
4826
-55428
56955
2969
50275
56417
-84553
4857
-93877
-90116
10420
-82527
-69908
-61390
9270
-50969
91232
-88656
45263
85718
-29843
62960
42279
96207
49883
56235
-70052
-72007
16487
-69669
-60030
-91610
60752
-95892
52875
95748
-23154
38782
7938
2108
-62942
-24167
-3214
10794
61449
45934
67171
-22214
-10998
44614
-40124
-78949
-32785
48458
-45212
98339
1168
74926
-75686
82175
-27958
75194
30213
-32235
41231
-9674
89262
-21704
-48169
-8335
53642
79239
-22091
89390
-46565
76898
-93948
-29844
37621
-31606
-72320
-41903
-93026
49429
38513
-76174
-69937
38090
-41919
97665
52567
-89377
41455
65044
-96225
72652
14556
-6450
64136
86795
7811
-97236
45296
-26833
36806
7150
-8364
-23842
59683
7327
9615
-1683
-61563
-82237
44545
23958
-76041
93277
28619
-78632
-85389
-98406
-69962
-19540
32985
-32995
12723
82527
-91781
-61912
41917
-99696
85013
73315
-29029
50760
26586
-99635
-24575
95153
7273
23676
82902
1013
76702
9106
-87983
9268
79301
48190
91452
77793
-66518
91628
-72165
5818
47180
36490
22886
75170
-23056
57912
42097
-32740
-57199
-54260
55405
60326
-16652
-71617
-61369
68976
-70630
-92425
-55058
93495
16463
-80207
-38926
24131
60960
69642
68552
-71239
-73046
-88661
40618
-26978
86988
63823
55771
-82199
75070
-18189
60232
86786
-15877
-72487
14922
28125
4698
9528
-44792
35630
-44869
82435
-88646
-2744
-65700
-48236
84040
34966
25547
67253
53904
7924
-59210
89483
74823
-4181
-43618
59616
-33225
13191
-63254
47819
-24346
77207
-32552
18494
38807
-5439
-44850
-42964
-68246
87615
-10801
47509
-71714
-43974
-7735
69999
-45385
96769
-44917
74163
-71430
55782
10899
86017
80918
-88331
32709
-37136
-45667
-33646
-70344
-70986
-24849
81134
-37525
-96336
31415
80933
-94315
45136
64015
88312
-14886
-24160
-27137
12322
26841
-4809
17123
28569
47842
-56265
-9878
17634
-91323
42943
-61190
59025
43910
91572
-45583
80924
49260
39527
12423
75995
11576
12835
-37489
75743
-45069
-45354
-46052
20140
-76575
45786
-20927
-19180
69457
-48674
4464
-27215
-66986
87925
92035
-18946
22544
-50885
-59879
24594
-47837
95968
49625
-27653
-64374
15442
-16494
-97101
-81340
31307
-66941
35202
20972
50612
74422
-55313
7398
76852
96327
-52188
76853
57178
-95422
52637
-79830
-861
-30550
-66932
-53577
-39192
36182
59021
-8542
72487
-1801
-40191
-50987
-71252
-11084
-80823
74578
93851
61814
90721
98435
-11491
7040
80150
-40337
99109
58997
-16154
-78071
-27298
88317
-2894
-29341
-18957
-92413
-73950
-46528
-81990
3030
11605
48070
96702
24815
29699
-84782
-74777
60818
-48974
-69914
62344
-61683
34129
-33923
70725
13149
90741
-12608
-56737
-31504
-35795
-38255
-94306
71366
82180
71108
-53479
-36176
-89518
-37715
85669
21179
49791
-74220
664
-64922
-58666
82501
-55559
-37554
55361
-47484
-62330
-85077
-42969
-54818
-86624
-87437
9758
84891
47959
4572
6351
69776
22414
-82561
-94939
-52911
6347
-34856
-56271
-15421
-76643
19562
-69602
-46001
-30806
-28353
-30388
64626
-85356
48781
-87413
-68111
-62968
-20300
-59147
93994
-20253
44516
-43608
-68218
-43072
18332
62366
-93045
-79646
-87987
9259
-24882
-89477
59229
-32429
-47227
43415
-60089
22918
-68421
13288
95967
26425
93596
-2962
68659
-4126
87088
-76221
53902
-35440
30949
-74048
-49194
-44636
34244
62288
-18475
-6224
-73850
-95025
-24556
-93846
-45056
62110
91875
-23796
94457
-31418
-89418
84556
13532
-86587
-21078
66163
-39608
-95046
-88219
-75811
-96763
51690
84762
-6132
-34990
27693
-87764
99368
-40038
55928
74154
5143
66373
-56953
81209
2165
-54422
67367
-47473
-46992
-671
-56483
-59173
38275
49782
-94665
13315
-93555
14459
3245
78917
20749
-12619
96370
97471
26493
20214
4765
87113
-69304
81547
63535
-8128
-25496
-5109
70912
-37410
-81376
-5680
76619
33541
66963
-43070
-7022
44635
704
-67762
-29585
-59058
63771
-97866
-99207
64312
73480
55363
99215
-73890
-1226
-32683
-91580
52115
31062
31899
82919
73466
-24713
24605
64877
-26456
51840
82358
-25986
-29848
-31351
81184
-45991
34072
29398
-53272
-15196
-69584
37104
-21696
8788
-36829
-62622
-30285
65781
-63522
15629
82355
39190
-65491
-16535
-15602
-95019
-64451
29656
-6209
79106
-41860
-55896
24993
12723
-22180
62246
-76034
-96156
-28873
91033
-52282
-61496
-79475
42850
-73829
39280
-96088
51438
57801
-88681
-55776
92821
12307
-68664
-93509
-25070
-38616
-75476
-25492
53343
-95243
-83276
4988
7469
75860
48095
-42298
-86403
28322
-89112
-5284
43294
21550
-1136
83528
95875
82956
-79549
-58003
-2496
-31606
-22935
8523
-28383
-14086
-21556
23713
83879
51118
33697
26604
64608
77698
-84427
-91634
29538
85779
12469
-22518
-2205
-18610
32346
-62996
23224
-60253
-90641
66566
-76311
39127
33920
-54188
61101
19193
8161
-44351
45767
-70292
-85032
-72190
-67716
-30621
-63896
44385
-15313
26988
16251
-81900
46491
-70877
-59221
40459
-17171
-87353
-16019
-85111
2108
17193
-18150
-94166
95846
-38208
-11109
24003
30408
53850
4209
-91098
11801
31085
51487
56644
65827
-37748
-70924
-68755
-13984
52661
15864
-87500
-85523
-78713
-9357
-53650
-43475
-10032
-92523
-38247
-75203
-39611
93317
67928
-46193
-59317
16457
97692
-2779
-28303
98766
50335
64364
-62591
16853
-30518
51699
39084
-27974
61495
82886
-92830
32994
56272
33771
85443
74881
54806
-65160
-24529
60870
-85762
-13361
69625
6883
-68746
35896
58299
31548
14149
32537
50627
-23125
-11184
14868
71339
6894
49080
6269
-89849
-42450
-26975
33399
-91849
92972
1614
18474
94043
-60534
9832
66274
99302
-29900
95902
-7033
-99572
64617
78245
-28107
82645
-30230
-12896
-88712
-90029
-78467
-7396
20581
80304
-31074
31282
-14313
-58079
68611
-21808
3973
42807
-57397
-58415
-62787
59604
-25982
-84025
99391
7674
5523
-49765
88888
-73921
73803
-41524
-10918
-13987
6342
94867
78996
-86298
81848
-22681
-93773
53140
27418
-70244
10133
45950
-98002
30951
-54843
71143
83313
-80772
48440
51185
63965
-91880
-35293
-69265
-78568
-78501
8119
-71400
-6084
64461
4282
82582
-51964
-7487
67587
17406
-62577
93014
12370
-27237
-85356
57434
67338
-29085
-67421
-51318
42571
-48373
84692
-7243
92272
-9034
-39218
-92353
-63966
88201
-15947
70464
37399
-45670
53553
12940
94635
28550
60056
59854
-79591
37345
17143
-31475
-83818
63048
75202
39313
80586
95571
74645
-29858
50219
65703
-83546
5535
91384
-54296
-73398
-78754
87952
16715
-53792
36080
20077
-49207
68062
-79378
52480
41071
-17738
-18275
99113
79634
-87708
-16145
-66286
-53407
-79209
-8861
8810
6611
-66887
49863
-35655
-17025
26205
-6114
75749
81930
-4988
9756
34624
87802
79628
15693
-92021
84521
1590
-81898
-95476
-56746
-21550
532
50695
24214
82441
69025
-25572
41960
31815
-96075
27517
46629
-95357
45288
-5879
-25706
-62484
3477
32778
95904
26354
-84005
62856
-74470
35693
-57859
-98488
89215
-84626
9193
-1244
-51905
9569
-68074
38152
-96464
17307
-50810
79110
-46430
72774
-52821
-78313
-91377
-67866
-65306
-90641
-18127
59207
-45782
97659
27438
44613
-37377
15674
303
29240
-87901
39925
43918
-90502
68427
84573
-66131
-92714
34503
-1409
-63964
-74034
-87549
-57242
6738
87177
-40279
14221
73557
94679
-39452
1407
-95404
65891
19392
-27123
13881
-49420
-56403
-15381
-59396
69023
-90589
59688
-32933
-32755
67615
905
7526
-79451
-55477
32257
-62026
-97835
-23237
69902
-13955
-57278
8275
4466
90681
83594
-90681
-99059
-92349
6066
-48581
31316
-55676
83889
34697
3504
-62778
78552
-16544
-93195
40552
43868
-94007
-31747
28716
-37502
82885
-80991
-46421
-88667
-71405
-99565
73576
-47769
35534
7707
49985
-86094
62002
96364
61825
-87702
-96385
-96734
72211
95921
-36938
34523
28946
45334
20608
98991
-19525
-25701
-28690
-42099
-98300
-53279
-25701
14771
34630
90162
-72018
-83063
37653
63083
-9540
39323
35760
-78076
-35254
-76430
58068
-89987
16816
-52979
-24661
38887
-69607
-62399
-50079
-55859
-47514
-76438
56151
7037
2610
-371
64369
-74250
6000
-24564
52811
53423
-65615
-63036
21448
40642
-31806
16263
-67958
-85388
-27917
23601
-79106
93793
18354
-33111
-23858
-38008
-70251
-82378
44026
-27663
-57162
-27397
23105
26167
-65096
79184
-40391
-66634
33256
-37377
-22146
91345
-17408
23320
51271
34656
-4283
-62223
-85164
5045
-73393
-77378
-39421
-17847
-79511
-65079
43970
76616
81422
-63346
-81121
-73482
43924
91829
71612
32252
-70811
-87380
-45282
29139
57127
91361
-44252
61644
-4226
-71655
-59052
55993
27111
81584
77969
-33028
-90619
-40339
-24855
59946
94713
7233
88459
46811
-55830
4060
86998
-76080
-84828
-78548
-81844
-23231
-66596
73908
10469
83267
14417
43269
52736
4819
-49521
-94757
40130
-29874
95638
-7099
-40900
28663
-8622
40178
15606
-85306
45926
-32405
77748
-52598
17142
-2463
14196
76746
-51147
50805
-28230
-87614
-84229
-52718
76217
25419
-60097
-33322
68571
25944
20721
70379
82605
-12260
-58185
56885
-17046
79369
-24575
-98716
66019
7796
86539
57960
-34041
49685
75887
51396
-45803
-40022
51364
-17092
38619
-56646
-87017
-55320
40553
-64393
-36636
-32277
-91688
-76419
34673
91645
-69584
-85321
47783
-28701
63290
-61024
-3762
-31167
74339
93479
23684
19526
-52470
-34644
-66214
-72955
-94169
-23640
-45364
-73884
-84393
78505
-70310
-96723
-31480
82426
-79289
-87998
-54147
-61919
-84243
88301
-20034
97985
-85445
77525
-56160
19680
5901
64397
57324
59203
-37658
71687
-26513
-29706
-8051
89702
13278
-34840
-88063
-62863
33571
40434
-39847
76515
92616
-11272
-77059
-86433
85951
-19544
87547
-67264
61771
-47456
63047
37455
54671
89708
-61742
89614
-48975
77933
-96315
-99663
-16853
90261
39962
7468
70574
-56754
-17321
-61465
-78542
-64390
95400
12111
1119
-67755
40473
-45242
-90735
-80009
-20243
91450
66316
93494
-47331
-61165
31356
99945
-94608
-40698
67878
-22393
-70733
90631
88305
2989
27478
70939
68555
51774
-17181
-74165
-38342
98788
75867
-4044
-40705
41717
40495
60476
57768
45426
26392
-28705
73011
-52887
-8237
14439
-47078
63354
-98051
93498
44864
-31434
-47546
92685
-59082
39203
789
52471
13930
37788
16249
15968
58924
24661
22790
-23208
47326
-32835
82580
7108
60088
-38596
-63728
-21837
87606
22236
-65475
-17714
-68386
-42044
-26421
-77202
-37071
-75170
-97198
76488
-75794
46426
48107
-47421
-19459
-85556
-70997
-48790
-57281
12209
-77123
-10435
89455
-54001
81691
60770
83893
69562
57641
-49927
31751
-88910
-30226
-14771
6972
-19286
60527
-65626
95855
70500
26730
39867
-87220
-95433
-19092
51396
-87366
-25614
-4593
22446
30309
45339
22548
-42328
-69337
-7664
-21479
3035
30098
-13233
695
822
-8036
1617
28922
67943
-26520
24977
-61954
84133
12141
56490
-11550
-96214
-92859
-99490
-26964
-20034
-52268
98099
-7559
55471
-54701
-79177
-39009
66845
-58952
31205
26273
18673
-64124
97056
88782
50606
69800
-66340
-94090
2336
28885
10716
-758
-35984
4447
5909
3535
93401
-64691
-59982
66687
84021
-28609
66353
22396
-23631
58556
-52886
78193
30496
49496
-76752
35719
-12758
-33346
-75632
-1663
-25243
-24929
50295
-40139
35900
90679
-63568
-79704
-97269
90297
18954
89092
26573
-69289
36887
7224
-98067
91568
47505
-25300
-39944
-97195
72216
29088
-91532
-64135
-31081
-28704
-14262
73525
-95612
-88858
17438
-45130
29509
-21236
-80705
-1340
-48848
-21204
-94726
-59665
-4501
-86122
66121
8024
17395
-7955
-93783
32281
-23688
52382
-74807
-37550
-35804
5374
21022
-25519
52220
68992
46036
-98723
13663
-10097
-92898
-87201
56300
29646
-59474
-47058
-84607
-39894
42241
94198
862
48664
-49391
49859
91303
97328
-8082
-40528
-59704
-29595
8487
49638
73587
30752
81634
-2221
-5243
90809
-76597
78186
-56890
-1134
-10263
-66800
77007
-50353
-8820
5354
-36026
-50443
45219
-96064
14661
81950
70634
76942
-31015
-28329
24768
-57497
53862
-79466
-43562
-9850
-35224
-85221
6788
15027
-79596
-98975
3446
-7089
-16483
15041
78339
46524
30546
92772
2782
-64661
-23964
-58397
17381
-34941
-9850
-64067
23639
9003
-24083
-94284
74595
84340
-38025
-93820
-89061
-53530
94696
-90943
13767
-34330
95695
62668
-96234
18560
-13753
-17423
-79824
-22313
-92839
99296
-17497
11942
79615
40455
-82549
-73934
82179
33352
-18468
60110
-64698
52316
-77030
36426
27805
76484
-4039
17978
60502
62311
42609
9502
-22952
86605
61233
-27085
-98648
-24010
-52429
92181
2312
69912
-13717
42191
30714
-9740
93465
-83583
32802
79060
-99650
-6100
-72055
-93661
5162
80350
-50050
-49496
-69196
41845
94551
55777
-32060
-42863
-76971
86392
83146
25818
78309
-42524
-69871
-78614
-67325
49951
58606
87321
-74951
-34049
37074
-10524
-41786
-23884
-67969
9465
-30695
18653
-39080
45154
67388
36871
11728
-8821
64846
-11581
36868
-68366
58729
-12382
-46811
28266
-8670
6607
92238
34699
79982
30922
58740
-7
-30175
-8259
-59525
31055
-19246
40252
-92827
21737
65691
-81186
19557
-73973
6589
-38222
-28910
-11662
-99232
-55648
23799
-44044
-92937
-79010
-38969
19478
76354
-35765
52142
29226
-3027
-21525
-80958
-21597
53590
-45120
-93416
-47881
58476
-32895
85299
-41937
89523
71930
-89768
-28658
-49053
76095
-13379
-33572
77104
8206
51552
-61106
-93211
-26304
76019
6611
-72790
79596
87924
-39363
-27996
32409
-57445
90442
59771
-69283
9005
12495
27063
94038
-85522
63744
11715
-21180
39219
-30818
-96684
54466
51861
-54019
-91101
48223
60226
-31439
93654
8157
-6419
6101
72637
-26490
28838
-90185
10487
45669
30788
-97821
29237
-82520
59966
10507
-7850
-65136
54681
-8944
-24846
59410
-22085
-77649
-47373
71630
64031
-91125
-33763
27177
-94110
-93742
72046
-95543
54650
-9649
-58593
19244
-10106
-89204
-94197
44453
34431
-80222
-2649
67893
-92082
91039
79279
41858
-54920
78994
56098
-36938
14068
35445
-48157
-43721
-94242
-43401
38209
-49794
-70973
-97626
-50224
19222
-38308
30646
-6154
-58636
-86440
43440
-7550
49325
-82094
-74950
-50762
14168
94050
-67905
-29275
71488
-99505
52987
48439
94854
-66142
-54876
10
-12462
95190
94712
45747
-26829
-50965
30880
24994
-62629
-21543
-7426
-74909
32240
-77982
21976
90561
-88240
-69503
73504
-66811
20644
5758
51679
-32740
-51489
53667
46142
56022
-63916
67209
7729
-49909
18034
95371
-43648
-59880
49821
-53284
-70477
-90809
54761
60917
-1254
67469
84661
76518
-66186
81708
64546
-26930
31304
88505
48047
87142
9523
-65096
-53645
59383
91408
56867
-19275
-39828
99279
-60854
76075
42946
-84540
-17004
-31602
89179
-92330
-99549
21014
-7950
-76097
-19050
-21417
49194
5056
10663
54904
-94017
13093
35253
-52725
-49763
-19920
60253
-83186
-6513
-97435
89921
-17538
-85680
58353
-4758
-7470
52478
40952
77578
14491
-8212
-74758
-61926
-52170
-6890
-77279
-22686
-70742
-85457
-51031
18455
71333
-96489
58732
94814
-89906
-27799
34825
39855
72518
31984
24240
31957
-15039
-97735
52045
48465
37626
89155
22351
15902
88728
-8301
75796
65936
-24421
-75740
95667
14166
95170
57148
93989
-86050
-92099
-36070
39824
3159
-95926
95116
65010
49234
31279
88541
-78297
98882
11794
-17110
39510
-46750
37176
2645
-96322
-41035
-51176
-94381
6105
69673
-60004
63585
16490
6293
76275
-51884
43752
-1246
2133
717
-7417
91397
95253
46347
-88161
-76054
64156
-29542
-25733
82476
23239
60009
-8703
45633
80479
-88903
39737
36787
26609
-66254
-29317
-89975
-21110
-95600
30457
92420
-42415
-31430
65702
-36667
-6015
89395
-19517
-77428
55041
-89431
-11964
54875
23649
56555
-42461
-33735
-99981
89784
-44672
31954
20228
-53710
-41229
-40709
-67082
47922
-57040
-4588
75451
83765
83414
82823
-7888
-43405
-39212
65388
-88749
95504
28536
-84145
89443
20460
23190
-17015
-40749
75285
11025
7626
93930
-1124
-37687
-5767
4346
-51067
-83295
67250
-26054
9623
-56853
50670
-94909
63892
5235
-86719
29155
-53501
14565
-16772
-95007
90921
27611
23218
-98417
68246
-66809
86296
92997
-42405
-68934
49990
-80129
-97703
94158
-91238
28757
92404
-46026
44987
35347
72167
40992
75963
-13836
-8079
87620
14486
83840
-15634
62092
-48617
47871
85888
55648
-53670
27481
19564
82637
68204
2507
-42687
-54639
-66034
67592
97394
-8187
34201
71146
56645
-17689
-14277
96019
10852
-28540
32671
68837
-3759
-47234
-28565
80921
-64073
-2241
-79709
17088
80219
17979
89579
52308
-71951
-48805
72617
-54214
9803
-16117
87625
38487
-9747
93409
-5350
-66932
-36805
3048
-44842
-39409
-93485
-21879
-60418
60519
46711
-18219
-21852
45508
50595
2674
-52734
-65416
-49666
93855
-34104
54614
-76693
-21531
33139
-39194
9086
27612
19481
-1663
-16244
79127
81281
77519
-55973
-26387
-8658
54299
-26632
-28635
26877
-94192
-83160
15741
18852
-52077
74422
49687
-86566
-2500
37227
-87231
44374
-89102
63132
-38113
30831
-9503
43357
-28105
-13150
-8421
79827
28121
-30926
-10680
20584
-27159
-66390
-98037
-45289
26890
35006
-80652
91623
-12439
-39152
-55461
-37388
56803
53710
47647
-98904
71572
46904
-55493
10057
381
-44801
-3006
-73043
-65071
-33079
4215
76040
47580
48337
18379
-30554
-69167
73324
-28749
-51532
49966
36774
91429
46520
88142
90187
-90768
93793
20107
-52671
-21578
-52040
17869
2962
20423
-60554
-41612
-44472
86810
43568
11678
72369
71914
29230
-47787
-61374
-39765
61721
57624
33688
-50905
84242
-67196
55258
28282
21151
48863
24441
-24730
-65216
-19390
-78567
-97260
4704
-13216
-10102
17064
-62681
-26250
28143
76223
-12244
-72367
-64897
69448
-6648
-38857
53930
-47812
-76346
-65485
-81453
-35845
-89930
-75135
-27780
97796
47776
-56111
86528
18769
-94762
64955
96953
-63603
13283
56832
-37823
-23309
-68385
53241
-71402
31108
-53340
65055
50903
94372
42587
12534
95531
92242
70959
-59306
61313
97155
52708
96279
-18575
46425
88960
54104
55617
-47419
27367
98412
14853
62582
-39227
-75421
33438
65532
-72349
46576
38050
-51138
65565
94716
59484
84884
19627
48454
50858
-95550
48027
-24779
-44539
-17454
49247
50684
-2146
-47667
66498
-29016
-39133
-23787
-75402
73481
6560
-6430
-89654
-1606
47491
-52905
-88393
57103
-16520
-68864
-60839
27291
-32781
-88213
1915
80987
-83765
28960
40843
-38525
87043
98046
-78547
76450
-68059
-1229
64939
-37900
37768
-25449
23561
-60156
42864
-2778
82550
-54404
2132
16152
-25441
-52661
-67782
65951
-738
-97039
-25537
57468
74832
-69526
27507
-41537
76549
-83852
50656
83865
56016
16511
-84052
20191
59069
74673
-90924
50589
68514
68179
76056
-28395
8590
-77797
-38090
-23277
39135
-35178
40334
33326
-69904
-30158
27300
1693
-42577
43109
-85436
46515
-85044
-32002
80000
44152
-59891
45766
-51819
-602
66942
-48302
-71636
25213
42886
-66584
46076
98883
-18923
-89204
-59956
-2916
53882
30118
-61162
85697
-34415
-1263
90247
92512
-46695
17154
-21788
-99376
-22364
71955
-68922
-52688
6631
28715
-45242
-44325
-24079
37068
31795
-8887
-14983
24697
-20096
-99835
-41456
53570
54843
63494
-24203
-22163
-55176
-11667
-40505
-29629
-38388
-6822
1301
55668
-87051
-91157
67090
58536
96343
59475
51108
53859
18273
-85230
-71141
-59565
3470
11734
76415
-28999
20360
84078
22146
-4622
-32153
-27417
20564
8865
73942
-18299
57685
66235
24278
28640
69478
11503
-88164
-63336
-43816
44016
-28522
-75978
38150
82912
-55860
40928
-34945
-88806
-1951
-5511
-73893
-70052
97208
-36397
-1297
54672
-17997
-59311
50011
81141
-87594
71134
26880
-19025
-75318
60868
-34737
-22937
-95298
-57046
-46787
26848
-46872
-72915
-302
-8744
-28183
-36647
39585
-11434
76943
58052
-90734
57687
29556
-82425
86875
88079
90755
-13542
-5427
9758
72091
73035
-50934
22032
-63733
-5413
88981
-68271
80317
-88523
53570
26604
-27088
74507
57420
6846
45726
64719
-4475
89723
-49156
-9717
87464
9244
-78496
34910
67914
1124
32444
-55148
-37969
40206
57992
53792
8889
32725
32894
77241
3452
17695
85311
21582
-67539
78343
-23149
-45210
31224
42245
-5426
-64808
34672
28733
-78642
-32476
-85983
-98271
-80096
-10963
17665
14211
-35198
-43692
50437
-36358
-15805
8882
79377
47856
50503
-64975
30663
22535
-19993
83528
-43071
-66970
77557
62545
-56999
-76764
-13284
-15288
86437
-10097
-21978
48162
88256
-73768
65368
95047
-94973
47711
28408
-12690
-40109
54359
-50641
18324
-68524
78422
38601
-18855
-19140
-40644
-63592
12983
-40958
49853
-31816
-22881
73780
59596
97710
86194
28072
-20891
94442
25689
64074
-93769
90924
95169
-61163
-57811
79299
-43082
-55011
51160
-84561
24091
-5240
-7621
67304
-72572
25053
-48206
5688
86512
-91724
76351
-78269
-83802
79629
99890
48231
-19222
-11395
-52235
10622
74268
-63677
2801
-53376
-22098
-45959
30433
45126
98496
-33882
77297
-55959
-79654
25584
-10094
9737
20997
16303
49309
-66518
3526
79644
34913
41400
79160
79208
57355
-91093
-53307
-52503
62065
-14523
-46207
-47441
68219
86264
9123
-71947
-18898
97638
7264
-69517
-97578
66816
-3546
24529
29456
-56497
-1230
-60043
-1743
91857
45582
88317
70038
-74757
-52822
73
88970
73630
77334
6319
44877
-15388
91098
82514
77191
-50759
80499
-96307
74057
-31162
24938
-2616
-71365
920
-23535
10349
58984
-86945
-32995
-89227
-5789
73555
-8805
-81892
61716
-50831
-8687
63923
94690
-83869
41202
20564
-38977
-16450
86076
31151
93899
4517
-97422
-74045
-34458
-51125
-38863
75113
67605
80277
-21326
79690
-30961
27485
-66725
-35599
-60891
-7789
-86462
85627
-47603
51646
-62657
-87637
2570
-34016
36588
86234
-22919
62840
-73349
-72309
80185
-46751
31541
50781
-31304
-74280
-51893
-50599
90839
-88229
-12006
39660
-48967
68268
45248
32238
28717
55541
31765
-70880
-74379
12869
-63287
6197
26867
-83080
-59304
-46137
-86353
98485
32428
87146
39559
31889
24271
-97762
-8780
59410
3274
-98402
-8844
-28850
48415
6037
-26406
-271
49184
8752
-20498
-86308
96171
-97842
-21886
-91413
97987
32533
91922
38223
89995
-19042
-93290
-57638
-80223
18896
20584
19226
78036
83466
35533
-36516
-60412
-92550
-4702
-65454
51925
-40117
-99419
-94193
-42865
53115
-97828
98798
8725
57418
27173
21907
18752
-18354
47260
-46967
87704
95524
43234
19979
-2514
89537
-45808
-70562
-52455
-27482
-91080
-79013
-67253
-19662
-41196
33355
80207
55313
43534
47786
46433
-85870
-18069
3214
-37014
-82921
15317
64353
-16298
-62683
-67901
34186
56980
47067
-94137
14443
-99799
65472
19572
-56317
-20687
84533
-71127
-43277
-61900
40393
-89857
83101
26465
49195
72139
79144
-44694
9594
-45552
-65504
-96965
-81159
95492
-61445
-73320
16798
63805
-14794
-74990
3273
-6280
-50466
-14875
26130
-57914
-59733
-92943
55291
20180
45959
-35565
-20987
-88299
62700
-62688
-1634
24526
-406
92541
78007
-62403
90824
14366
99508
-84569
-26302
58905
6013
26685
38833
83622
-67726
34090
13705
-47946
58811
-63876
1724
-82772
56509
-39956
12091
62844
2088
-31860
87836
-16161
-84755
-87924
-17385
-9552
-51763
-71896
31402
-95130
34061
-82830
-42659
-69649
-33594
15543
71520
-86491
-232
-29807
-35056
73839
-43138
81865
344
-95497
-18435
11174
-6540
-60221
30263
18902
-14319
-47246
21788
-63368
91216
44821
-96448
3012
-16342
83176
30535
33816
87150
69868
-52292
83359
-9819
70498
82561
39840
-10858
-64282
-2399
-38559
-72091
-67995
66753
-42379
-874
-49412
50870
-36375
-56401
-98706
-38160
-28601
20028
59842
-91117
18757
-5524
-40201
-34074
-63922
-15591
-54107
76132
74538
-52507
-15502
82480
64780
44991
-84115
25446
30904
38469
85258
9997
-42481
1092
70074
-95128
-32072
-22566
-53337
-86293
21549
5501
12681
-14709
80479
-81772
-21656
-58578
-25849
82179
69422
-574
-72309
-35964
-46808
54826
96328
-6800
44121
98450
-32062
-82914
-7493
-1949
-66843
-84510
25299
76434
-45065
-57033
4783
42899
-69731
-52041
-71297
-3284
-3641
67078
4110
-86748
-94152
-95857
-29605
-81958
2357
-53722
-67944
-11855
71690
-6003
-31042
-94551
-30157
96210
-93941
-88951
65390
-98026
-96486
4920
-73765
-36824
63581
-28564
-19124
50831
-12936
16634
-68881
79846
93693
-57141
18197
34466
14464
-19281
-46754
-4944
53719
82187
77507
-23623
48176
-86098
63744
-20217
21071
35522
-65828
-44159
93410
-22498
-80490
-99438
-30910
38264
78958
-95576
-77560
41592
30093
-95911
-63542
-93657
-66606
352
-92367
95110
46649
-42940
-58248
-57412
-26838
88217
53507
-46233
-18468
67808
-15718
-59693
-47260
-69047
-36864
-70264
42782
77978
-50124
-56451
-2122
7015
-73661
66411
-22956
62145
-6648
-60419
44706
-27348
81538
84579
-73733
19655
-78896
26566
-29647
87312
78539
1238
-18373
-31488
91136
24447
15225
-60974
24456
44985
-18202
11810
-47610
-34178
18777
-91536
-93827
59095
35128
-67709
27724
58960
4025
15658
9991
-66998
53910
83294
-42446
34287
27149
95043
-88228
-52416
-80879
12877
40150
64458
15888
67136
-64433
76279
16738
-39025
-34419
46656
84875
78566
80394
60928
-90963
-20733
13353
-82204
-15347
89535
24403
70079
-36865
38891
-59022
-44998
-41935
58261
12874
98664
26258
-8662
59311
99000
-14435
-15819
51687
34308
10182
51782
-61796
-17210
33919
-53010
-50370
-79127
-11609
-51034
1779
-94339
50448
-85489
78716
-4411
24235
-6124
-14939
-43029
13331
75691
37736
12372
-87630
-78213
-93920
11021
-16620
65560
-14619
-85788
6278
-93975
-63672
-99756
79530
17003
-83540
-12136
12314
-34674
36031
-16608
-1673
-92163
13204
13345
-75955
-47749
-16609
-16889
-25820
28777
-564
-82298
-78682
-70940
-95172
-83506
71080
10571
-70884
39453
1175
59422
79076
72366
-65792
34433
-49623
22927
-66501
89504
-96480
-22640
88885
98861
65904
-48745
-15847
57798
83890
-60527
-86437
29873
61640
35267
42977
-48055
-7529
-65730
-41011
90610
71202
-39183
73707
-51321
8900
99737
83124
81366
-98614
-32685
83325
-69695
-46421
42129
21439
98629
-33436
-23381
99587
-21289
70580
-75955
43946
91242
51569
-36913
47638
-23859
-63866
93346
-14471
-8014
57610
5221
3704
-23670
45757
-96809
-82181
74123
-75807
-36824
-27052
18771
37811
66024
-57527
-68762
31045
-20703
97664
-32044
-70919
-2560
12294
25846
-78244
83949
25403
-65002
6172
39485
1054
-26834
30823
-53059
-47567
-26871
24866
-55889
16904
-97658
-63421
-67887
79092
-49604
-84916
63320
51334
-62025
-49179
82812
-68222
-33057
-15148
-89747
63906
5433
47707
66979
-573
30535
-44178
46547
-47439
-52533
-85425
-38659
-71222
7402
-36344
25122
39505
-42133
68228
-62893
80273
40542
-71605
91109
-95253
8601
-96935
10753
15487
-80482
61657
-60392
71667
15832
-41981
-5453
74979
89540
74447
-23768
-27291
-65107
24660
-48024
1207
-8048
52546
-49226
16648
68254
31160
73394
-5921
-85217
-35389
50899
-81428
1779
-80652
42740
38697
-41805
27229
-33979
1453
34935
-99608
-85790
-35763
92785
-56365
-75712
67823
35639
-41653
-90748
-53588
52382
-63452
-64082
33377
38337
44147
-28366
34067
12449
-66743
-79449
37564
59943
-72244
-72424
-6666
-42684
-40845
-24199
57411
93433
91037
99636
79607
-97165
-78385
18912
30339
-78194
-70007
93395
-39906
45818
4355
41358
-50927
80059
-37623
-53609
84064
-91254
48304
-67420
-52336
-86695
86324
4211
11930
52788
-51088
-79882
-67414
-10941
14456
-45204
53716
66860
-73258
-79925
-86252
21845
-18528
-85607
-79232
22791
-93390
-46565
-62580
-98706
-35122
62564
-28039
15484
-21940
15502
92764
45614
4351
61639
-49721
63335
9766
-84029
-46122
69112
24844
41615
9688
50753
51197
52806
15639
-96912
57061
-29156
-51578
-76824
41414
63831
64582
-37186
-25771
-58530
-17068
34973
-5710
87210
-64109
96201
91523
-77031
33970
-1536
37292
54753
-16710
15549
-2132
-63583
-58249
-51754
22807
61523
-89344
-85691
-28628
18462
-32860
15299
-94510
-77751
-76494
30736
5108
-31479
66469
76176
-21258
-76037
-80790
-21489
9362
-31571
-20208
-70427
-24364
36374
31755
65653
-83218
24294
64357
-95025
-51976
-70856
34946
-39051
70664
97509
46222
-30917
-34581
22002
-46395
-70201
-71235
95273
-62434
22136
-7574
-20475
6805
-52508
-65855
51718
82900
-99399
87346
-90907
-7235
-99323
-72860
24162
-62954
-66096
-64267
84537
58898
-77849
41935
-93774
94328
-11276
-27485
78616
-16142
-26104
-37435
72001
-30156
-22085
51364
-49012
-91961
34411
56740
35178
-86543
-30880
-91174
-63214
-60477
-62640
89379
51736
74175
-37954
34914
-57960
76771
-32260
-53804
67788
-67882
-53294
66961
88510
-73298
66615
-20767
74647
-35428
-30212
-33032
76501
98165
48776
-40688
52891
91613
-65858
29473
70050
11090
-61637
-14464
-23283
-69613
-80517
5969
62043
-84565
667
-65878
-7690
52509
93689
27462
-17432
-49939
-88265
90211
31469
31753
41311
-7111
-38557
-58477
-70560
79895
94494
75724
-52809
21851
64856
-72546
7337
74765
88965
-94459
-74900
67544
59973
82012
-84250
359
65075
24832
53389
-75368
-42086
94499
89965
-85856
93128
-5713
-83000
67323
89338
22676
-86249
-80755
80438
94320
93743
60954
-82376
57114
-78849
84767
-10300
-41909
-67146
15371
70938
8618
-16127
5725
-35576
-64333
26034
-98341
22809
37699
34940
86764
-48469
-12158
-71718
-18093
-58914
82029
4944
-64440
76201
-43265
3210
-87243
-1210
-17221
61216
-98934
-8306
-13031
23803
-68931
-55457
-78454
-31151
-94623
54905
-38998
-90484
-4830
19752
-77694
-44663
55899
-14244
-81610
-5509
11476
-48236
46801
24880
-65701
-67463
-39701
-32340
62781
-93433
-27595
-48847
45025
-37274
40161
-92256
95682
-37353
91184
-95687
-75257
77385
36697
14655
-255
76172
76371
88951
-63872
42269
82752
-54002
84882
-91553
77174
48666
25754
-4501
-76630
38137
-22520
-86466
60923
58966
-19462
-74799
-10088
-27510
60463
-94458
73680
-14946
61540
-34626
45813
-36433
70733
2503
-13525
55722
-71567
-12493
-73326
-64905
-63198
51012
27917
-26317
45016
93443
49519
44181
-25174
-95505
37314
5554
60392
-13549
-96205
91803
-59369
-79055
-19491
-81628
-49974
38170
57072
98496
21657
1503
76030
73544
3265
65825
35106
-7206
98712
-507
-9395
-45858
-23830
12036
1198
60132
93109
70687
-4803
37737
68606
-29521
13221
-19015
-2801
61530
92620
59054
69581
40354
90880
73750
-72775
55767
19903
7603
14019
29805
-38109
-97701
-96442
-52056
18600
53696
16869
-22924
37275
92746
-96448
48081
35938
-59680
67858
-15829
-87582
-88890
-41878
90695
-64816
608
31875
41754
56600
-41899
86338
-57164
-66589
31567
-13491
-62439
-46711
22174
-52157
88624
99923
14524
18203
-72811
-72661
-49813
37468
-38903
88098
-1797
93814
-16951
-45154
-29080
-1412
-28676
-37665
-13408
77759
12677
86572
22177
57992
34169
-22498
-26751
13681
28074
-85304
-43001
51040
-82846
43713
-57417
-2335
-56596
78929
81388
-44641
-93365
10228
62941
38207
-77554
-36275
-28991
-77734
77499
88042
43599
-96300
-2008
19376
-161
-91875
-34902
-92509
-11540
86084
45284
-77868
61371
3251
-50239
51048
-90668
74571
-98692
41536
47727
-67555
-48932
93642
32875
-39423
24574
89060
12023
-45481
85450
23208
-237
14296
-70008
-40
20081
-5224
-93109
-78361
-29707
-54182
-28981
5858
-55780
28431
-74735
-69831
-61192
-1299
83851
9070
-85863
53417
-54465
1369
-5688
72400
-70884
-72171
11501
34695
-63508
80907
-22256
22557
-58010
-21927
45628
80522
-53727
16798
50112
-3641
-73182
64292
68111
86793
33622
65259
-92601
83163
60123
-53746
7118
38103
-80392
19669
-45735
19072
-36498
-38250
-54330
-61377
-98778
16776
71337
7097
69769
39909
98404
-82167
81519
-35973
70448
-18849
99055
2896
3576
-41804
-54443
76784
36
-4119
30449
80789
-26061
94587
-52020
-36047
1537
-34907
-5194
-80166
49896
34771
28283
72146
-70717
35326
2804
-27342
42638
78056
-8583
-26957
553
19958
32948
83225
-58053
48357
86992
2685
75315
24490
19217
88629
-23958
3243
-22722
99170
-20507
93459
15801
44053
-51466
99542
-91153
70558
-8127
92609
8874
-72333
20252
2364
-44605
92986
-98160
-51424
51765
-70349
-85827
41455
45390
91269
88921
-51084
-84226
41251
85529
9976
89426
96347
16104
42846
32762
79803
-71020
-80932
98630
80544
-34424
-4330
6576
156
11188
30936
81106
36611
-58359
-34640
-56968
99091
-29984
-4314
-26288
-23427
58682
20058
-51394
-52076
44770
52280
-71092
-47343
-30545
9945
-79873
85825
-87578
19321
-64508
-64437
-82244
93713
62153
89314
-70344
-80495
32233
-77437
4023
-69828
-62785
-26197
-5943
-34913
75356
18265
-79367
29807
-94317
-5445
-83478
-5506
-51663
-85064
43101
-79590
56778
19865
99599
44354
-87314
85
-56001
37446
1531
13303
-71026
68730
-5428
-24338
32574
-62570
4367
-15503
82077
-19347
17525
-8692
-36805
-47416
89986
-58932
13526
-22369
-98428
-98685
4311
-461
34848
92857
98805
81099
519
61999
4600
-96887
93832
82641
-59560
73639
-86592
28919
-11516
-58413
90412
87320
56126
12453
47583
20044
64931
-67079
-80689
19131
-1528
11118
-44855
-40985
70273
-53830
-53627
-3052
-5701
-47577
7316
-63408
82697
-99219
-62475
63074
-44612
69549
99976
30739
-95894
-74104
24218
91283
-78255
69018
48543
33098
12310
-28394
-4163
-15363
34534
-66177
47236
-30696
-86467
69825
91516
-43234
-19387
52970
19608
29546
97110
-46008
97926
98720
-7780
63455
-58072
-42378
-62633
-98425
15260
-62312
-1541
-85792
-15049
-6467
-62601
-38348
19985
-60284
-13869
-5017
97658
-44086
-64590
-48803
68427
-65589
-30025
18664
99863
-2959
-48700
-19988
-34433
90110
39326
-36206
84772
-86189
56236
54053
-83592
62683
-25826
-96884
36974
-1129
86507
55524
72144
-6842
-27854
-60998
65390
40624
-6782
80354
99124
90383
-48843
44662
-1963
63003
-44745
26991
-99485
-18447
97444
-22567
-17279
-98145
-28784
86902
1200
97358
51104
-48206
-93371
-7156
25109
-68739
-24837
86581
-63319
30282
42661
-30402
-88174
-14428
35132
34718
-13149
33192
84182
730
16210
-8413
26488
88939
-81964
39624
-28542
81997
-18460
43662
84232
-83609
80995
-53852
-34942
45138
71834
59026
90137
48327
-64229
10862
11041
68650
12549
23543
-62490
-51475
9637
37009
-86881
88034
35001
-53667
-67072
2273
-93487
-72460
-56981
84242
-61425
61953
25222
5976
-40819
-86408
-64536
-59045
70621
62775
91052
74736
-38229
99959
66792
71142
48383
9262
-1736
-20625
-88801
-27003
-4301
-22295
-26862
80177
74048
77704
-64065
-44176
8001
-37918
21043
70882
-23828
-66857
-57471
52098
86267
-57637
-8061
-15745
-9030
-26270
98175
-73669
-73539
-76122
87397
-74465
21684
56152
11893
60313
-1641
-76767
56318
-20429
-7813
-77485
45697
39377
61767
-55823
60148
-59129
59392
83415
-28510
-92459
-91009
41224
72176
-56000
30725
-95022
-86022
18893
-80027
98336
-34021
-29731
65311
14236
70732
-38624
83853
54462
34211
61111
-27274
69622
-51203
72746
-43775
31474
94775
89346
10628
-2036
39958
-78971
55417
-34348
-36153
-48180
70097
-5067
2944
48386
92899
47174
-87740
17979
37053
20015
-36858
32942
-50533
92150
-41563
-26351
-11274
-89563
-92266
-6896
-46413
43226
-90720
8041
-52612
99243
-52800
-39001
-54996
63603
-41428
-34760
88676
-31426
97012
-9171
98107
-66612
37509
-13618
88402
7622
-53688
-87272
-81019
94203
-81305
2901
62653
-99116
18992
39701
-75934
86428
-82286
27918
22510
-20378
-18749
57998
46045
56346
71812
64728
-76224
-78560
91900
-88797
84017
-95256
-38783
31659
-21727
47699
94198
16113
84941
-24575
60622
63766
-67697
-39624
15215
53520
-76335
45229
-2063
-59706
86556
13107
53573
73294
-5618
-32835
-17869
-75968
-30998
57425
-55045
-14729
-68022
88012
42525
-16604
-14225
95692
-47179
-82546
21049
91645
81918
-39446
-782
92996
61495
-15918
-18684
28353
53922
-60762
31691
-19003
-53079
-95236
-28603
-94512
-84132
70276
26214
50501
-45611
-76611
-22327
15916
-58435
-24498
8064
-29724
96039
92418
-73396
80995
-8039
-81437
86952
1643
-65236
22001
69888
98124
48073
34624
31807
-81264
98131
41067
-51515
-57402
19043
-33800
67192
-74962
-9362
-14710
-67406
71998
56323
-83203
39832
64143
-76367
-87774
-73398
-30425
-68538
-67369
-23818
-42909
30002
40577
64519
-56959
-42039
-27992
45884
60360
10471
-26768
-5421
-26412
-23443
49456
-83997
39938
29226
-6927
85769
33588
71190
-60667
-60230
33985
-94856
13377
-97992
68860
-24281
-27432
-83040
-5409
-83155
-75243
-60449
68437
-62329
-27788
50309
40609
905
85342
82866
9262
-81378
-67584
41069
-59597
68461
55303
58387
69186
-69928
2746
95020
-97298
-83042
72115
-73383
-66281
96032
20027
5226
-85548
39361
82113
18188
94203
54502
28663
36319
56271
-55780
-81014
91366
32263
-61991
-95685
-99368
-64457
-4197
5663
71379
-2531
-42323
80111
-78352
97419
10696
-31155
-49551
-84052
-29866
96852
49047
-55244
-15534
-46246
-59376
-14936
62987
71621
-49138
38023
-15226
18695
22835
-14956
-36285
77559
99816
56193
75544
65293
16845
84345
-96518
30650
95819
-38646
-59749
40930
89733
11118
85357
-42441
33708
40757
-92028
-92749
-42127
9936
70617
-22415
2582
-260
-20310
16553
286
74888
-70913
54598
-797
-28731
50568
-74650
5958
21770
-33437
-98899
24768
-82143
50937
-56314
65303
-84590
-90936
-59400
-7123
93577
-19781
-84960
5683
-35354
8181
60049
-52294
27233
73196
-18555
30890
39704
78130
-77378
84043
37175
-83632
-66883
73537
-75517
-5941
52318
-6251
-4285
98376
14222
-7123
44939
49931
-50837
64158
30310
-43365
-3402
-44904
54559
-59134
70839
-11776
-68116
-77455
-76178
-87205
51000
35456
-49423
-11227
87500
7250
-18009
10050
-58791
93206
12639
-61684
53796
43947
61710
92811
-85874
68251
92643
-53054
-27521
-17656
46089
61350
11631
-48731
35640
31722
9105
55067
-67592
-71435
-26148
94283
64948
-70667
72119
-77901
39607
-53491
87552
-48406
54597
59882
83320
-38267
93208
-80973
-7089
48156
6710
-69793
-1528
9127
-92565
-94240
85833
81409
14569
-98115
-7486
22095
66424
-53059
-81225
2682
27867
23487
-28821
-52137
-38399
-64025
-59477
-29016
18533
-67981
-55948
-41476
-83133
34475
39362
15089
48502
24439
51766
-8294
53107
1354
71010
-8069
-52132
-42180
-83275
40625
28802
92982
-85890
37039
59386
88134
-92450
53411
12698
55251
-12529
-94410
-27887
17322
-72822
-12942
95136
13302
13018
49791
-91207
92495
53115
-34426
-93454
91497
37806
-97673
-89690
-88787
-24164
93477
-88728
12068
70308
20942
96677
55440
17795
-18887
-46699
1301
73119
-64072
-79458
-8620
86704
-94963
-90043
34841
-5556
98473
-20847
-46230
38413
-77617
88446
14144
2912
-86248
83419
-42030
-47827
19087
73281
-46772
-674
-85060
-84368
-64865
-45681
94334
-64697
-24846
31824
61585
-65569
-71754
95641
78320
-52858
22551
-96245
10324
-82157
-29106
-12065
-87846
55722
40851
87149
9090
85454
-96080
-53605
78035
-92770
42545
42272
-80995
-30738
93752
-86668
86167
97987
-55828
-98410
-55962
-38934
-92527
56249
29887
38005
25716
-90996
-8669
90835
60733
-53339
-34935
46091
97766
9865
-44262
88405
-27701
-74982
-94570
-80683
12375
35806
80468
23093
-36322
61287
-35802
-12386
-73590
90597
-11493
-95726
35500
-15868
65693
89385
25972
15299
48955
11557
16828
32211
68994
51828
79614
57703
20228
-41853
-60122
20254
9210
-15878
-13949
-66037
10885
-74409
69142
36189
-89008
77098
-15859
-41808
-91438
20394
-96950
28143
-35472
38195
-42341
-5277
-44993
-64355
-89137
90461
35815
62650
78366
69564
32739
47019
2055
47260
72548
-5345
85687
23451
28501
-42646
-99739
80073
-30342
11262
72187
-84309
-23054
1096
24174
-17620
8283
-40215
-83474
96993
-51564
-25457
-12679
16759
-9250
-43984
86667
81468
-71141
60515
21296
-95482
-52551
20763
95481
41540
60584
-1024
-48819
-51745
-74746
-47829
-66217
-25652
28317
84862
45917
-47759
-87294
2719
84144
-48143
7262
-54129
-64705
-5994
-86007
56554
34183
-12390
63250
-89027
-33818
-69998
-60133
-53377
-70131
3768
-50655
77678
-91822
-84845
58458
46279
-68891
-1339
31863
-71710
-78629
76081
-68727
22631
-93914
33991
-74176
8049
-59098
47277
-9074
91965
33304
10379
-86871
78094
-80660
20339
18736
-67039
-89995
-14804
-60251
99912
-63558
-94054
11416
79078
3241
68491
81253
51334
2411
-64480
41300
31832
-97837
68694
-71522
-80888
62127
-23056
-18097
36284
-27775
37507
51783
3627
-22136
-61539
98266
74709
8631
11475
-65577
28130
62087
44902
78694
51547
82664
1233
-27317
-92225
99603
72306
-13177
-4861
-84037
3858
-27747
-7638
-11935
48595
33330
-68612
99143
-31819
35789
47590
86140
35204
11455
-32978
88790
19810
83292
-72816
74878
42157
-58777
56698
-80923
-17204
29196
-30111
-25643
91931
-76154
23230
10914
2609
69601
94441
18687
-76918
39129
-69552
-56852
24406
-77982
74900
12109
-55075
-43135
-49600
27286
46093
-12521
-75930
24291
15393
25342
16280
-74716
71216
-97588
-85568
-48906
-57008
-99659
-355
56588
-63195
-34483
23898
-54644
-38391
-69078
-47668
-46730
89561
-83416
-10935
-60417
-6822
54854
96863
-51652
-99833
-78419
-17416
-65606
51832
-58671
81096
19690
-70800
-81360
92016
27065
81411
7800
-16717
77886
35810
-81595
81233
-62579
-94459
-99640
23365
-89303
-85900
57347
45336
22229
-7119
-8464
-41119
58379
-34619
-93310
-37606
-36986
-64026
-75005
-24865
36154
-87039
82268
-33019
83940
-73238
87667
33876
-72837
-84002
-30098
-13277
60358
94769
-35369
66511
26439
-55336
-77288
27287
789
72661
55845
92055
23623
-30085
-20232
-92513
16204
50333
-70152
54256
50584
-46505
27315
-79470
-64583
87096
-65526
-41772
72072
34699
-67092
-42974
83642
-84480
16954
-58564
92054
38588
61386
-95271
-50751
-40902
49863
9751
-65547
-66660
19446
-31907
-80432
13010
-77677
-58609
-77943
63333
58970
-8339
87293
28705
28705
-69623
18919
-89571
21410
78626
73007
-35288
20247
1186
-80423
-63598
81150
67633
-13858
-25196
-44228
-92300
-71080
-82339
48030
72102
95830
-50118
56506
-21807
34319
-80608
-74956
-84056
-62668
-89383
-4708
-47356
4574
61898
96629
-43591
-80409
-3427
67537
30549
99924
-31217
-10600
63412
63856
90391
10663
71491
-84492
37234
-26412
-6513
17506
89159
73936
82121
4656
-30596
-53402
18457
69346
-52331
-40864
-31397
-76111
84355
-12344
-89990
35239
4049
18252
-80728
-436
19622
-54469
-9929
21178
23096
39852
25111
-22835
-10482
59197
-95188
-52425
8815
30073
23755
-76048
32684
9299
-79086
-45622
-25209
44495
-95647
-27166
-6209
46656
78009
-76942
-70343
70444
-64785
42948
76365
65099
76364
66689
-39638
45230
89412
56296
44710
97661
24849
-10150
35301
-88743
-90452
-3183
6245
-2400
-64344
80689
19749
51278
-23829
-36361
90224
-21440
-79159
44942
-5238
-58411
-89666
-83136
3765
-33363
1480
23497
-22752
-13293
-81889
-31800
-11091
-17417
5010
9103
-82850
33044
99264
14809
-65573
42480
92079
-80229
-21022
97218
93772
-44365
-41973
-80211
13312
11517
-7113
83435
99563
93253
82901
-44219
-30977
-60586
-37552
-64962
94652
-68047
-4647
-84272
-43837
-4519
-70260
74318
-52903
62411
-52607
91880
-51973
-89524
-65422
14925
31833
88922
-32892
27947
54064
-76220
1460
40017
-83961
-24170
-69793
-98890
87813
-25172
89069
-47661
70125
-53913
-70949
43435
65208
15038
-61403
-23573
-73458
56108
32332
29291
84576
-91897
-25591
-15980
9700
-98959
60174
-46755
-53586
84327
39349
90670
-60760
-5897
-54712
-85403
-13138
-13170
59436
42102
82184
30767
-67670
-66900
70277
88192
93851
49167
-86480
-83777
-93776
82334
-46926
18898
-95717
52732
75844
-33413
-6306
49831
-1970
-88790
12014
-65693
-543
26860
-46781
40117
-59058
-70590
94655
-5813
29473
31116
25528
42233
42045
36068
-47580
54366
85973
37256
-96928
12197
5572
-96721
-71331
-25561
-15862
81468
-4249
25454
57380
21392
-84973
-39403
51527
52922
-86011
11979
95736
-21175
83740
-82442
-72949
21635
21306
-56077
5430
-76050
78515
45372
79825
-56181
31889
76707
-8020
-8478
-60158
-29829
38413
39289
-38753
43605
1732
-17762
96281
60520
-5907
-3228
22658
-58358
-80062
-23062
59253
-1189
19226
53526
6948
14081
85634
54369
-95428
-77491
-67530
-24116
30903
-76676
42493
22897
-6211
-12198
-83746
3316
-66824
-52350
-52542
-98216
-23437
74752
-23768
-60178
-72403
-45673
-10370
-32984
79680
32094
4195
-78645
71081
-59516
43639
-9981
74291
-59339
78875
-73072
76165
-9643
-65014
-37345
27268
21802
-59053
85043
84774
90262
59058
-98494
-44139
-319
-52278
-95460
-93253
-46187
-14846
11014
-88720
94947
17977
-76443
-1602
-40989
70631
28182
42317
-1768
51537
-4966
-80912
-78254
-74328
-41169
-5686
60493
-16385
71162
71390
-20809
-83032
-55777
-98061
-88881
-34134
73395
-5344
89961
-48928
-13239
-21703
24462
-37135
-96087
-5674
-70080
69991
3103
57916
-34342
-46802
86895
-19733
-95466
88620
-72154
-72444
46697
-969
69707
-98540
84937
14903
-19019
-77247
-85170
80538
-84746
67535
-96522
19565
-67979
47248
57603
27870
-7462
24870
57663
49163
-41886
5302
60704
-68474
2066
-29653
-45498
29224
-89273
-46428
-68704
38798
-58900
-55492
60975
-67659
49286
84659
47459
55662
77418
-69955
-63071
-68483
48334
30503
6438
-28076
9596
88290
18053
-99033
62050
-73938
-56820
41004
68231
67172
-57275
-75215
-72680
47520
-27112
-50855
-68000
72713
-92338
7604
-40489
-65410
-28432
87162
-98543
-58146
26766
35492
-42601
73012
-20709
13544
15699
-14402
-89291
91023
-22812
85656
60227
-89420
-8686
-78134
-15240
-57189
84763
-58198
-460
-2965
-91476
55855
-62007
-70519
81707
-82924
2842
73683
-58831
13221
28896
37238
46165
-74390
-28602
-47571
-71196
-13587
-64780
3799
-26644
67304
-88982
-52429
91191
-29744
54402
29818
-1579
28728
94616
-88296
43219
-8284
-69563
-32183
69640
-55701
-17658
-47027
2445
-8697
-80389
-60345
-66356
-49475
15948
28344
-97743
99299
12710
-5230
-73730
28179
27427
-89156
-84229
20395
-72632
16225
1674
93309
-64089
-25355
-47655
40794
-79899
-11962
5360
-55370
99158
-96390
17962
48184
-80636
-30229
91840
64417
-42545
-2532
-63359
80854
94638
-33386
-21602
-96885
-27757
-59613
77153
142
-83155
73510
-15490
11118
34951
23125
-47678
-39994
-4786
2773
58984
-50263
-45648
30640
43786
8683
-26337
30773
21109
29962
-12
-72211
-96299
20344
-66639
-97547
84047
32262
89823
-43843
80622
46254
-46570
3804
-44428
10877
66075
-32435
82834
75291
-71837
-56118
-59916
40057
11766
-97917
43635
47189
20335
-80965
-67538
-64083
-20384
-53440
18547
-2306
-74542
90437
67926
-12809
8873
95069
-56988
66111
-73882
16342
80178
-68960
-86073
-24720
-81714
-63154
-35319
18745
96983
-36584
90125
-67130
-92375
-57494
-15015
-28145
31472
-10756
-6539
88552
7582
-6885
49525
36184
84279
-91630
24727
66328
22153
62965
33090
-49174
78266
-38775
39663
-17454
-6919
-84845
-87005
-94795
38487
-35140
56474
-78451
-39442
-51107
-55424
11015
-7233
99501
-14312
-85382
95770
12228
58496
-96957
87606
-46325
-60597
-51327
-66207
-765
-57394
89514
80081
-7890
-12425
-43320
15256
-58723
-41578
-69228
-94602
-48745
11840
16173
90248
-22045
33672
-17547
87071
-75661
93870
-19895
-66964
91757
-98988
-61670
89494
90966
13867
-97811
-54994
19549
65581
-2005
-9158
3010
72067
71973
97710
93601
-73018
-76823
66361
70879
12834
-65159
-5702
43888
-44713
-39058
33427
70786
-69735
-42775
60118
-32119
-68072
60081
27037
89128
-7462
89326
58870
66553
70979
-8831
-50374
21433
74230
-84482
-76929
8723
-23658
-5753
25123
9543
85478
-68218
83401
-78537
-16562
-83706
16544
-20338
78207
90927
48159
65421
82669
-68324
-84531
-48716
-25413
30619
41020
-78135
-3467
24128
-73834
22215
20662
-91226
-55601
55142
-82454
-84733
39546
-47357
54830
32551
52152
34669
-98860
-71791
84042
-88948
54210
57774
-58744
62253
20730
-35729
-2069
-90003
-60748
-1467
-99004
-29374
-34201
59196
99279
82273
84455
9969
-43998
-65137
29480
-10830
-64320
-70840
-45728
51248
-93621
88901
84811
-37341
-44011
-85202
85192
92923
41943
-43684
-10848
36030
44858
-47927
5351
96963
-80749
-88681
89852
-72951
-45012
-77894
-13333
-36940
78077
76738
24241
63270
29818
72520
32351
-75978
25286
-80651
-28713
78672
47045
-79702
-81293
-14487
-18609
60687
82310
-89764
50496
-43717
-58950
98982
-56596
-80003
-79400
-23429
64368
-93307
21863
13059
64291
-7694
87019
42612
-34260
-52935
55630
10125
61869
64687
2077
33132
-29923
-25165
99241
-90548
67124
-98758
34382
2911
-37313
-28616
40528
-828
99347
-21976
-78559
73509
17566
-36040
-34113
33328
-42215
92564
-85958
92912
-41959
89486
9107
58311
45445
26151
23168
97738
1442
-13251
-24371
-77383
13578
-59504
95068
96473
-73860
-70926
-10739
-24848
-97588
-29429
78840
-99555
-97029
-19130
73111
-29807
51873
-1956
-69311
-26962
52551
-64005
27217
57146
-41071
15442
-59931
-78848
27736
49852
-58174
-80317
19350
73222
3541
-76960
9915
79007
23253
-67137
16092
14043
7364
-27147
-75701
98852
57811
15866
64577
91581
-63387
-69950
-58120
26100
20524
34298
12566
-77404
46640
76256
-65917
-10972
59758
82303
92699
28112
13149
-8122
81087
58737
47947
42820
98246
-27508
50342
-39741
-33391
-62204
15959
-35906
87037
-46292
-36279
36351
-71119
14125
-16056
-60262
28886
-9071
78340
63295
-2202
-29270
-19084
-13312
-10850
94049
14359
-62560
-88307
2078
32853
9172
-43505
35665
-60603
-14887
45523
-80612
43720
-54927
-72489
477
-16814
23995
16310
4507
-64759
96174
-57641
42764
-82747
-49038
-14777
18304
-15368
-56869
99233
-80274
61287
42370
-84502
-33959
-34154
46082
78521
-81249
64066
95948
25491
68062
83784
95912
-3435
91331
3299
12041
-92086
43888
98578
-37686
6493
63177
-7400
73355
68392
-91428
-70435
-29085
-51670
-49557
10930
52160
38167
-87465
50482
-92958
-30326
-7062
5956
1904
-62378
96832
-15236
-62602
71482
88467
85537
10940
37618
38882
-77879
-30972
-47894
-14530
49377
-86049
85134
89585
41993
92588
-87940
-57973
49628
44654
-28389
8650
-38899
68681
-69115
33893
-40915
46937
13728
-98443
17353
-91665
16330
-13759
-66769
-25303
-24462
-2076
20561
97261
-81532
34653
77891
96386
-68420
63283
64479
63627
-88932
79235
15880
74848
-41799
-67353
28363
-83446
-35985
-80699
-14175
-52709
7348
41969
-90799
38888
-14966
-40640
16690
-39131
62094
-3094
-62770
-20197
1006
-47461
-39517
-5048
-87432
-43370
-42301
-80429
-78643
-83450
-73253
60074
53748
-36061
93264
-45382
81034
-19203
-22715
48522
78167
-70743
34681
94069
-89091
28293
70926
-45310
-46454
-98391
31140
32225
92012
-80789
-69916
84612
-88124
55759
-871
60440
13075
-72758
-15752
-28705
92945
13361
-86400
49388
-41124
-701
-89092
33210
-36594
18639
-29466
78248
28263
14531
-37466
1045
93737
-33261
81720
-99884
-65853
-29438
15147
-71028
36709
-85872
-34299
-209
-75022
93056
-14652
-84267
51924
-64443
-95681
46836
30825
-25143
81707
-37314
-18214
-7847
42874
-59369
65997
-39760
-5410
-97550
-848
89886
4012
8455
1526
43028
92635
-92237
-5409
89103
-21269
87531
28975
29215
95586
92894
25856
83539
26545
23975
39923
-92797
99894
2156
-61054
44538
91035
-92842
40561
-45891
82587
72045
-64413
76668
30629
-74609
-53559
20052
29273
80396
50165
-96513
-79761
-69919
-16819
-93351
-75593
-41712
54618
94415
32507
-35880
14464
-67418
91072
-50986
-36472
-22426
-31957
-1096
33497
39841
-64319
-10919
59078
-75677
69575
93566
-64703
16439
-52792
39980
-56660
17236
-73995
-84892
76944
-43293
33318
-74051
32679
942
73599
-49508
-14637
-63322
-35282
8082
34034
30225
-54640
93265
23049
47182
-76557
-59764
46557
3910
-34698
-5909
-96992
68209
43341
-96600
-78071
75074
-19167
-46263
-41284
-12431
-54252
-19462
-20375
-91166
13410
48902
-88847
-6985
-96541
71922
14338
84527
-62099
37046
31171
-28999
-52074
-36583
-89109
-73639
-17194
59816
82156
9398
85899
-6254
37517
47933
-71081
25443
45206
-94858
69604
93659
82340
28833
20232
-58518
-4196
12044
-64893
-17333
-85444
72692
-86811
69626
-42675
91157
-13235
30227
-14475
70673
-5044
90441
-55063
70713
-69913
-61313
3007
-66054
99003
-26874
76897
-9050
41659
33396
61342
12894
17365
2333
94042
26394
9140
62449
-4826
10901
-93666
65330
-3158
73111
-42051
-5552
-22849
50656
-70662
-1310
-41767
32430
-74555
14019
15265
-97684
-37135
-80889
38497
-80905
-15363
29017
43353
-89459
-5330
-61326
-3089
76116
-76777
76280
45570
-82043
70075
2225
-39457
-41613
19145
-53534
-8244
-58052
-52731
-43576
49602
-2741
95112
1266
88505
-21498
-56802
-35975
-90597
32091
-83059
94302
74394
-39838
76021
73918
-82595
28207
37843
-67276
73109
-90312
28767
-33525
29871
-45987
-91178
35614
90338
62040
-81198
-8049
-80921
70274
39508
90464
-79927
-56642
51044
-9743
11794
86599
-23025
71446
-42651
-79406
84495
-69164
60138
-54817
-9975
-52167
-51613
-87198
16496
-67819
-70370
-4536
-12665
80216
-29181
30696
-86461
52681
80141
40583
77326
17121
-67627
53448
-21720
13698
-58422
-7378
104
21015
-88195
-82481
77921
-77943
56473
-44776
46112
-69478
-37072
-31049
57489
62306
-63760
72105
-80191
-89052
-53068
-67552
-99971
-99251
-6345
-62640
-70822
73288
-83613
-90090
-53298
-58048
-74104
-61051
59260
95987
-27160
-17009
397
24303
47214
20429
-48263
31213
59391
-56213
-91354
17799
-45463
-37389
-57369
54742
-15879
6644
-84315
-89556
69353
-81586
38555
-79893
-50571
13917
99579
11648
-50994
-36992
9134
-5440
34088
26117
-30407
10909
20078
-73229
57339
62852
72342
26227
62610
-81385
-20850
-67109
37150
68354
-65707
43352
-89315
11196
-61721
-79432
-33738
-5412
-20080
5266
-66543
-47659
-44318
37778
-24221
17168
-90366
-5019
-3641
-66524
-27300
1085
-11960
-98443
-5641
-36479
80251
358
38882
58453
72521
-24004
-23346
-60479
-90421
19792
-21706
-59328
7694
-2256
-77128
71208
-80394
43988
55688
39601
-81026
65784
-10758
87971
-23395
12763
83260
35296
40004
57746
-81882
-76981
-49020
86345
-85014
43860
-46131
-57833
-91674
8162
-98415
-67395
45144
92891
-47224
-55748
87793
-96173
-48756
-880
71170
-17906
5412
80140
32531
-10957
60765
-72237
55699
-62320
55764
47024
-65367
-95804
15185
6227
-79575
66637
23246
-82263
73762
84271
-6123
-43882
-45292
-15939
28487
28050
-68225
-37753
-5128
-6691
52438
-21856
-79944
-45408
36370
-47606
-2579
-2334
39844
-59584
73180
-53981
45826
-55328
-38330
48281
-63325
85556
495
-17148
60293
-34468
46394
50288
-94613
79769
-26640
-85113
32421
65144
87519
83856
-12409
-11879
39263
69896
26747
12955
58288
-19749
-41165
3365
6207
-70273
-3210
94740
92871
-45522
-84708
-77572
-41324
-67714
83413
17053
-63069
-8034
-82909
21220
-72730
-98257
-50520
-10022
-47453
-74180
-3111
-20179
43964
-76136
-76142
-73831
64393
93971
-72188
86707
15649
81240
-77623
33042
-22344
-47002
536
-42662
-26014
-75095
-29100
-56410
-45066
-99787
10367
-99886
82126
-31394
-93684
-15710
26794
80054
-46319
-45486
-74572
27876
-21157
-31814
81054
56477
14492
-60066
75239
30146
-53825
-98288
88253
-1066
-50532
33858
-8003
59226
-79673
-23252
94742
16263
-12349
-64746
-30133
-984
29268
83715
-57257
-17903
22770
-29766
63786
18623
54809
-14543
79442
-82098
-43586
57817
64181
-85743
-53348
897
61242
-31215
-23125
-91481
-13368
60261
-46478
-21278
-57050
-87317
20084
56229
-74174
-41632
-95034
94896
-47155
52130
10880
-34215
-97085
86655
10322
-909
66952
37625
38318
3672
-10386
-48232
-58909
-97256
-42860
12204
93898
92030
19112
-5666
-51815
-38981
-18420
-28366
-65452
-27534
22102
22748
11876
-69601
92530
87803
16320
-54491
-22045
-34570
-58361
95090
-48538
26866
57008
-16751
80823
-45011
217
-62644
93101
-40582
-44869
-59589
-79552
80729
-19073
-62035
19947
77874
91818
65714
9004
69294
37107
12292
-12759
8819
7093
33936
73772
44730
-50561
-79708
-60209
-16178
-51767
-65034
49843
-10909
2626
69262
-89302
85904
-80444
-84143
59445
-90710
29225
42348
-74009
13567
-35081
84249
46632
15212
-81610
60433
-20075
4507
-50845
7566
85125
87965
-72195
-4997
-28057
25440
-15300
19835
74759
-96755
-83871
29523
-52369
63552
99817
64821
50602
9573
53979
12330
17124
