9100
-68617
-4034
67689
-99840
-49434
4457
32976
99872
-58734
-69121
51884
86862
-28028
34922
-82296
91923
-55319
-77989
-45013
-35048
-62191
32102
18222
-98031
57428
-11527
-38865
-68153
-94321
-47366
2078
20416
18380
-85187
71605
-26804
40576
-96993
1412
-1361
70445
-96383
67690
-32730
-2712
33444
57376
-99752
-61259
2846
-65425
98651
-9714
29815
-70334
59551
-95614
90275
83478
23035
-20485
8795
61901
16146
-30504
49050
53346
-60063
49592
-97551
70519
20264
89048
58887
10827
-45645
89748
-79695
-83641
68932
60554
20522
92471
14303
98012
-43985
18454
-69326
16531
34105
-67646
45726
51489
-98728
69326
-8986
-33345
-24535
64374
-34125
13109
23092
-46931
89857
26808
89508
96659
-79958
-98899
42915
-27581
39373
-6580
70290
-76920
-81893
-11617
-16670
82799
65854
-63190
-7918
33207
35942
-67291
-60667
76645
-7184
-8155
-7233
-35788
-45323
-42855
-32836
-95254
-65427
-10321
45293
28358
-79553
-34026
88656
57366
-82202
46047
-3222
-19548
-38015
87101
-29724
-76336
-52617
6315
-73024
8825
16516
-12116
-95562
-75051
53157
-48274
57455
-15007
-91620
-92280
20829
-99406
78241
64610
7413
-64727
92261
-1228
-74230
32132
-41725
2791
60295
81426
-28410
-59561
3593
-31169
55825
-13062
34711
-54899
73519
-64614
-49090
46179
-41672
74494
-27699
77823
11164
41255
43050
25800
29967
99318
-21808
-78337
-99055
65067
10278
-63213
-1255
-82936
-87812
1747
-6051
45587
47396
-50498
37888
33723
-72085
-45578
-50279
-7278
78131
-14125
76828
-32007
-37650
-75052
-10776
-49575
3257
-28303
-27924
-17459
66515
-72628
-92298
-96098
-52104
-96763
24602
73382
-36770
21485
-33029
34645
59211
32914
44537
49298
-83183
-12679
-66569
76537
61352
53865
-80057
-97085
74598
53860
45173
28931
56797
-90383
74733
-4467
-23919
60500
-93494
40945
40212
63008
-12804
-92955
57280
-73053
-24108
-31424
34833
25727
83055
-62941
12956
5272
31677
31666
4976
-57175
-88211
40896
-75064
31665
86775
-89911
-1879
-28149
-86331
-34088
-34
-70564
96254
-82039
36814
46630
-82831
77993
-62025
80121
-84773
-84359
-14519
47880
41238
-10734
95649
-78119
-77602
-52574
89056
42070
-27712
-65132
90792
59521
10081
57038
22835
-56827
78120
-74540
89103
-87705
-46199
82314
2490
-20005
5295
65814
-8234
46515
-44091
-7388
-10935
30066
92834
68227
-45901
21567
41935
37548
50829
-44299
-6731
-40157
-50853
-97961
-86616
86647
16525
-73247
-99894
2979
92472
-25222
-68579
25495
26859
-76731
83817
-44592
-38031
86742
-69498
72227
13987
-85631
7815
-55590
8615
44751
-50365
-43595
-20407
-22390
-54271
-16750
11188
96632
30975
-34841
-84020
-30300
6623
-77013
-63381
-39977
47599
-71148
12599
-76890
38803
92860
-75299
-40667
-39919
37085
78700
9337
-39751
-23301
70992
-49461
-55889
-88415
-18775
-76327
-3433
-19837
455
-69466
-85925
-80702
-13500
-53358
-6820
-78769
-37569
92292
-43022
29415
-24720
-78077
-78878
-2628
3117
-96348
31899
-67532
-30664
-31650
8301
-54198
-95870
47801
-57849
-85357
-98687
4453
89195
22683
-37783
-98457
-35728
4654
33226
-62482
87539
98738
15685
54532
48220
23729
-29140
-83104
10440
-38347
27189
32152
69656
83852
60379
-12173
-62763
84523
86226
36445
-92609
93615
-45595
87796
-33679
14206
50925
-24641
50610
-65204
-38737
77886
218
-21766
80403
-54820
82654
40857
189
-93119
-76869
90123
-53750
-79036
85371
11466
5993
43198
76455
-7997
-93101
49785
-72822
92762
62824
-81720
42141
-85807
-87576
97712
75412
-93949
-24502
-78332
16132
48138
80445
74254
64623
6208
43064
23657
-75858
94755
38016
60780
-8839
-39534
-76298
64833
79510
28468
-64806
-76525
86364
54200
-18528
-40731
-68829
-8522
97069
15680
41995
13812
41774
-58171
7589
7045
-74219
-8480
-81983
-61939
-47054
-14371
68309
59551
88618
-79467
96390
79111
12246
-66496
74390
44899
-13190
110
-76117
-84308
1376
61009
-6216
-31917
82064
88370
5706
64518
53167
96324
-31695
32273
-7566
-64298
-70903
71393
12029
-67871
11044
46309
-81828
-44991
10005
27021
43548
-2431
-84836
25908
-4089
-6897
53545
75866
90171
82126
-43377
-92086
44838
-40373
57670
30107
-73184
11847
54300
-69359
98021
32114
9978
-20189
-67474
16633
-20721
-29097
-24534
-21898
-88101
16970
-92898
-19258
51034
81996
35222
18937
-32373
26535
91206
-62814
-86757
-87680
-9086
16333
-22605
-36457
56791
-83504
47707
29673
-23612
78650
30281
-60747
-49000
-52119
-17142
18971
31017
-7432
-83124
-98785
97646
-10412
64070
9741
-24710
-93072
70084
-65801
-3946
66831
-47534
95130
36601
43326
-67451
26015
28326
26724
40033
-16259
-68509
-54415
85802
75323
34321
-30220
33354
99411
37357
54601
87515
-72142
-64862
-51921
-92014
-35108
92040
91832
8905
39597
57405
32089
-344
29946
-55714
-52447
84079
-79530
88099
14023
91169
-42895
59540
-32484
-33840
-62054
98796
91103
3330
37285
22280
27631
88701
21607
11660
-17189
-2636
52446
29843
85845
-74482
-11794
-24624
80326
-99825
-39418
12550
13435
2021
26145
61408
9532
56913
1769
-69714
10749
-18512
4917
-30148
55854
45862
88179
32977
-61779
-21530
-98143
21569
-52132
-81953
-17547
-54417
-99252
97670
80669
26083
20888
86844
-65311
88068
74639
37597
1060
90802
-78903
-7771
30473
87490
-81638
-66626
-85327
-41321
94245
32490
24675
25689
86600
-28663
45317
-14123
-95883
16904
-91769
-57167
-70688
-31450
-29473
59850
21460
34852
-1362
-6036
68001
-75767
-45310
-29331
-93520
6671
17205
-56858
99895
-38803
97138
59279
14343
-59262
-23017
79222
93890
36059
-34186
-23780
-61845
49249
-37002
-47572
46038
-45086
30935
45465
-20482
53498
-98861
69267
56693
-83362
-27745
37861
-40970
11908
43793
72622
-39658
-12558
79067
-84679
41625
23586
49461
33852
-30623
-46705
-28647
-36118
99202
54688
62568
-45899
18096
-78675
-31318
-83228
83674
-18254
-43789
-46260
-51888
-41201
-9056
25582
96671
-27655
57665
5485
77565
1921
42193
-25302
17439
26623
-98016
35838
49065
54875
-41518
-27821
61181
90615
24703
11807
-82636
-82948
41787
12478
99179
2368
98545
-65237
-17099
22737
-88599
-28581
34414
-54047
71913
-1033
51695
-73267
19383
-40844
-40163
41868
78268
-88880
-96676
-9744
-68925
52010
70050
77788
34401
-70018
-8282
66499
-42897
87485
-25866
-87272
51059
-42171
-81304
29016
28445
23234
-59928
79152
-50515
23456
84721
-94325
-89103
92716
-67625
-27204
99052
-57274
-84160
25541
-43565
-6523
81715
-31038
-86735
10919
-77048
-67019
4202
1075
-59073
77679
62812
-51858
-80403
36119
-51999
15542
-10159
10138
91313
-18370
-66043
-91025
73253
77862
13648
3333
14806
26421
-99176
-81268
-34076
-88394
-14795
80541
98322
65774
-56032
-43833
-47089
-74314
-98102
24631
-69808
-55112
20233
-6653
-78632
-23542
-21843
73427
-40487
-93150
-55247
93292
26292
-71371
-98163
-38309
-54691
-2639
53161
43898
21850
-97261
-67221
81890
43178
57509
-93903
97453
-78270
97944
26586
69798
21170
-86086
48383
-19184
-17945
-9325
-94592
-17969
90058
27938
-26568
-6601
2053
20655
-59886
69936
-74075
-79475
24245
-24766
-36518
22190
-59173
13059
12252
-67934
-41472
-77478
24360
43118
-13963
-46097
-86360
-8699
56787
-1487
-30863
-43482
23693
8963
71334
-5039
7711
-10748
-75591
96231
-4701
-58759
38866
82973
-36542
-29030
21192
-16484
12167
7350
28172
99705
-54833
-57213
5349
72652
31389
-58234
-10347
19823
24202
-77669
51291
917
74905
46370
-85934
-43068
-75479
966
85239
35376
19011
-55381
-10488
98934
-49261
-17421
75143
-2702
12788
-84755
48733
2685
-88284
-71396
-29796
-43002
-61545
-35937
-90851
-32757
73191
92802
-95352
39413
70504
-83168
-63822
-50418
-69158
26482
-50527
-97952
440
50041
-3349
-79509
-70611
98436
-85188
80578
37286
-21538
-70283
-99582
46530
-53224
20978
-63056
18598
-75154
-76764
-97106
18798
-60007
-59619
-75110
-67202
9457
20779
-64956
76534
78204
-12517
-29175
81476
91991
29663
8272
-71917
10879
26698
-94175
-5855
-78275
64439
24605
33582
53484
-46390
26590
28304
83944
16014
-23765
84900
-28075
37054
-7720
-42210
-82807
-58081
-81096
13698
38423
7434
28736
81708
-53895
-40376
7738
19593
52313
33813
-64990
-152
65724
-70713
-66399
-11733
-70261
-73848
-75997
24919
-13120
20543
-50089
-63029
17385
57294
-73405
23182
-29988
30772
35521
28033
52088
-5167
90265
87667
58835
-77238
-47236
99539
72965
96067
96987
-29184
35792
-61303
22306
70717
-31509
-76654
93397
-9728
87913
-69349
-97915
-70295
64971
65457
-24018
-29232
-1761
-28788
92464
4151
-45294
37589
89385
29919
39257
67017
-90581
67254
83896
-4875
-17313
-4755
62830
-63071
-52363
-81560
24381
-7927
-43129
-32241
-46695
-49594
3401
38338
72877
-66612
4463
83049
93636
-9460
-14884
-24536
84762
-27270
-33471
62770
36608
-92823
-71206
-67659
-72794
63826
63489
84531
-72888
-47885
-8722
-80015
47864
-94124
-91380
-50937
92292
92260
41208
23064
91267
28931
56984
-18596
51585
-71335
21334
-24679
18692
-44893
67192
29937
63611
-82162
-43618
50388
-70270
-98053
63895
53653
-72940
19811
-61985
75227
-36274
33044
85881
-9298
-17252
80154
-10523
-57423
24578
92537
-54081
-79633
90889
-32171
-36556
-90803
-80700
-88715
84513
-34465
-76226
47516
-98550
-46441
31105
-99945
-42637
83033
-87099
-33067
11487
49514
52212
-31632
-84830
-50618
-57194
-35190
24101
-15664
-13730
29330
-97290
56292
76688
8102
-1463
-42935
75917
82707
-53808
66562
66237
-78473
95666
-38717
-21033
51592
98219
42049
72336
68973
70783
-72990
90909
-64246
-35684
-21996
80807
-21415
49291
-6983
79051
-8845
-50926
-26240
-33718
-96593
58794
15055
76244
90529
63640
64220
-71764
2500
46315
18523
-15944
-26958
-88687
-7854
32039
96527
-66347
59784
-51713
85318
-99399
91420
-61630
88043
-94164
-66063
252
-44160
-66648
55559
-74644
-5741
4714
20133
82508
67716
41807
-96782
5119
-98715
-72184
-53148
-92137
-38598
-16838
-28273
-66817
-95713
-39436
67039
39883
-53111
-55986
9185
-49829
84197
72218
54651
-10970
-36260
53706
12284
-45464
82808
-41634
59342
-75158
-65184
67591
99784
40683
81983
-83107
72160
91944
77955
-19974
-75842
781
-56062
-34639
-4501
-65736
10678
-46354
-48280
-25178
3177
29356
-54949
-66692
84204
-55411
84453
-35660
-11775
-20583
-34161
866
-28072
57046
11426
46946
-31690
84287
-98347
-11039
-32526
47333
-74207
-80252
83034
-96865
-21007
-62024
-70222
-5265
-35595
-37417
84572
-12621
-82346
33011
72019
-62523
-42940
29635
-4655
-54097
-35094
-11288
87185
52238
50819
-90342
-43345
46466
75590
17140
-12629
54287
-75587
-73192
-84916
-49901
-20684
66752
-80991
-75612
93196
-73118
-70621
57797
31663
8575
-42442
-35259
81246
59785
-65394
75893
-62427
68143
-69522
-77820
-25040
88646
-82100
-77063
33720
-48939
-58543
-94645
-58794
21693
44796
-86496
22520
42883
73702
39712
-28175
-81924
10080
-77706
22762
-68844
39480
-78557
-95370
81018
-66789
68350
72580
6060
-96300
-50100
89517
24026
-12301
-44552
-58002
-82375
54472
-74129
-78481
43239
13583
-86566
-65279
78838
-31514
-8199
78759
35608
-70600
95961
-90613
-34587
94782
37554
-22062
-117
-78500
55967
99465
99154
99879
39930
-89794
66186
-38138
79955
83052
95636
49334
1933
-89202
-80501
-3545
-1578
-92076
-62003
26948
-66815
71155
-92183
-81392
-47422
-11625
83047
60587
42693
-11468
-35538
-76875
57067
-24582
-69994
4233
-57246
-27929
64459
63850
-86689
23286
-44838
-61892
8891
32117
95323
44841
80103
-38412
-51077
-14236
80206
-11431
-37019
62474
64454
74385
-9203
31396
72113
-68127
-95207
16777
-44170
73370
63980
26017
-63848
12139
14160
66436
-9168
-21680
65918
-73600
-5877
39849
-66035
31610
-63710
56229
78518
-1108
39666
17309
-68480
51212
67832
26813
-39988
44429
99787
13661
38335
-16386
69013
-45330
-87609
57681
-94737
85519
-41460
-61705
69528
-30465
-89163
-33946
99346
-12499
-67372
-43524
-1510
15340
42351
-14723
-31358
8194
-60564
40824
-87956
-93984
5272
-34039
14629
-91861
89236
-24713
69915
93944
49052
-84227
-36803
-65257
18293
-24410
-34130
-35514
-62157
25041
-97371
-8185
42852
73749
-57564
-17012
59421
-67011
466
71310
-14242
40436
30455
-84868
-17180
-19780
85460
8721
3468
67672
733
72190
78623
-9078
-64236
-20025
-7682
91191
40963
-42518
-99541
-16346
-30890
-5319
88497
13159
-2350
-8375
-43342
46864
-16266
73219
-7029
8035
-17427
-61481
1573
95627
58412
-45103
97883
-15739
-74194
52868
-41661
81436
-93110
9634
-48549
-25588
-45139
66734
-18094
51656
68602
68488
55856
21144
56251
-18073
5282
-31078
-10622
-54234
23206
73192
-32992
-32331
-60529
-26278
-44351
67824
-33226
25378
55010
-51764
-95747
50454
-59279
40941
72641
8395
68288
40854
80988
-57444
1893
72120
-85933
97098
53616
30955
37731
-23107
-18295
97338
20259
86441
52774
87256
72406
-79284
-42521
11249
44367
-87661
93582
79388
1793
-64099
-33698
-64404
47842
-94825
-86513
10854
-38660
-45626
-69590
13901
-8688
-51805
64647
-65768
-19929
88224
21025
68421
99126
-24503
34259
83270
-60691
-45434
-79630
95706
88348
-93380
94790
-37001
48002
340
-59163
79715
-52172
51219
-22098
-61086
60583
-76120
-38241
52618
-35046
-91643
-44460
28850
83234
25829
1309
24201
-89581
-51733
88186
-54141
7240
52907
43765
22509
86608
62210
-13796
75426
36469
-86497
37146
22678
-918
87013
-24783
61711
-15152
-65495
-45033
19956
-76187
-58794
-34390
-80450
-99446
20144
64720
-28661
-94865
-82827
-80337
59665
-96547
-61857
89158
23855
52319
65543
2598
-74721
-97138
78500
48081
12936
11832
95216
-87123
-38672
59436
68779
-14619
-55473
-39259
72569
-53475
-52289
-83055
76710
71311
66511
5116
21194
91975
37942
-87138
-69176
49847
57188
-8707
45104
-7560
-78412
-35904
-76604
-86754
23550
-78830
-75240
94134
-81846
48495
-89326
7263
21215
37326
92497
15234
-3975
-28437
-54549
10991
96280
-58832
-63474
81941
-3019
78975
56519
20126
13904
-75041
-64095
59941
48548
-80000
85542
-20971
-70596
48492
-76479
-79649
-28769
-69171
-5629
96151
-90841
-86507
-15036
64300
-14864
-82355
53602
-96638
-2197
47806
-16923
-48274
5138
-98954
-80893
67981
47734
1975
-73794
19073
37748
46722
-6037
13641
35782
6843
54095
75004
-88459
-20679
-29790
-27422
-23059
14636
78005
-66897
-94039
24875
42223
-90979
89229
-92582
-78541
44325
-60526
20213
-37858
88985
-49829
65467
30188
30305
96039
-80071
-69958
-26288
-55840
28465
40166
75234
84624
-19864
-68462
-47276
29235
-87287
-60216
40224
-37785
-64711
33655
8596
-99329
36600
11228
62798
84280
-83664
63932
63702
82051
-40162
73677
-16104
47233
-37542
35316
9532
-26867
1668
-42391
23332
56946
35405
-6664
-99455
-92291
97695
-8672
-57902
-85970
-70998
-82978
-88517
-81336
-14580
-40380
-8578
-30072
44764
18818
-52776
-654
42260
89478
14970
-3258
-92712
-20672
-98270
-25582
-37401
-92866
23894
58913
25821
-84617
-29635
46353
61090
-98333
-32678
99074
27123
99271
99622
-50581
-51957
719
584
37254
-48915
3091
60339
2411
15505
-56004
81500
60987
81193
-7168
-8681
-88461
81870
-64568
-31795
-6496
-59636
-55501
-63524
82801
-13817
48692
-18997
36520
-46456
-9385
-99032
75435
69928
-73247
-10175
-57737
7575
-54636
32955
95796
52873
71569
-56750
-49437
40191
-71656
-11667
66291
-61203
-67796
-15715
-98573
-54195
-84206
-54094
-12381
1280
-55817
-11718
61347
50268
-26255
47063
-67187
-35498
71838
-81604
2718
-86835
-71255
78084
6095
-42959
7403
50798
-47230
-90674
67821
22905
69528
-11399
-53236
-62184
-4321
76181
56629
-76398
35113
39682
95632
-30214
72312
-46492
38266
60293
-18091
-73589
-21334
-58739
85055
29572
32053
-29087
43073
-68869
-88148
53766
-64804
70475
41315
95055
98084
-31836
62285
-52204
32487
94744
86083
-46382
26695
-71934
10211
-94689
-38807
5075
-17451
-74744
47750
56123
-51543
12489
-32225
-17168
21084
-74264
-32115
-20067
9658
33582
32310
41898
-88995
97731
-56804
80292
-44973
54949
-79153
-24118
96989
-40124
-44221
67123
-11628
-86914
6652
-8162
-50009
8050
53797
81112
30463
-87677
75969
-84540
9731
-58517
-77191
-7478
-63113
-73479
-97837
87583
13375
38569
-2108
-36308
47682
86622
-98852
-40482
-15574
-37058
-13153
38729
26887
60906
-3468
53177
-52845
8728
-72649
84631
-94576
-40112
45161
73205
-61554
81599
-82873
-43082
-29879
-16133
-3080
93
3246
-30508
-36961
-74896
27582
23507
-4911
90888
-8628
-76206
32672
-78280
-74016
-74441
-48746
152
96318
-23857
47357
-14227
59520
-35965
-96549
56886
-42848
-28423
7228
34134
46994
-94007
76455
-66663
-13234
96794
-94926
-57308
-55445
32025
24690
1982
15271
57941
-23478
87029
7811
56826
41060
-30034
-46453
43369
-88962
25229
88756
27120
35804
27069
-25442
-71061
-65252
732
-98312
-33610
-86234
56006
-9150
-66355
3457
-53955
-93650
31235
69891
-7182
17312
-59685
23329
-18702
-44651
-24697
71652
41200
-53281
-10949
-2371
-48597
24654
70572
-51601
57467
-88085
-19926
40682
-30978
-59170
-92265
94392
-61415
-45713
84035
-70320
-16211
-13591
-60122
62537
88984
58010
-3144
-16728
91749
77112
-92495
-72806
35281
-59298
-80680
14461
-20485
-60557
-19318
47832
37415
6827
-57782
4843
57518
19879
9663
76834
-53434
-10120
-50994
-83997
-62998
-1599
-72876
66118
31718
35514
-16896
15140
-49535
96081
18316
36424
27782
93547
63062
74755
69297
-74616
-91105
-77732
-87629
54212
-7713
-22364
-46494
7097
-67646
-5850
79809
33666
17155
-27907
-98009
-87973
92516
-20671
76942
17508
-26617
69401
-32902
11588
-48212
94260
13251
-76502
98440
90451
-93503
-13713
-76866
-64450
18772
97303
-1028
20822
95053
-64585
95349
51146
72829
-85776
-38922
78820
-15720
23001
-83096
5243
-3964
-91461
13089
-8949
35588
52725
83750
-62687
28924
95936
-87103
-70544
-62432
66701
-48005
-25790
91517
74059
-21833
56968
-87580
54469
-84181
95442
-44306
-70809
48891
-8422
31153
95137
-75660
78906
16382
-89052
-81950
89470
-45165
-77047
-882
-37676
-66140
-91439
-87337
-59232
75457
-2937
-72853
-8916
67683
-20990
42467
-72131
37977
88774
-97799
-81280
6666
38090
-85466
-44637
-42842
42133
82268
-4863
-36370
55810
6173
-17483
-13092
-67550
99255
62032
-87633
-5376
-56292
91173
-76009
-41729
84002
-98175
10042
-19488
-75053
96248
-42719
47008
-65678
48218
20163
31550
-58741
65861
91819
-36774
30901
25556
45640
-90759
19560
-55883
-87151
-39963
-35147
5849
14611
58994
-15770
-13820
73368
-54117
46130
59780
-38602
35210
15261
70910
-69455
51894
-11798
82851
97294
14951
-79746
-79742
36661
-16043
83603
54072
-63743
-83986
-31787
-8510
29800
15415
85340
21619
-91070
-18678
-20601
-28287
16120
-13571
67953
-97991
53322
-54685
-33773
93395
-44740
-75028
-21834
21472
-99234
-62360
-8365
-63905
-37321
3625
-96375
-31120
2637
67589
80569
-26016
23700
49210
-41727
-14302
-99727
-98899
-68716
-47265
-51351
37003
-40717
57316
-7125
-7024
49226
13498
64630
-30042
-7319
-78701
-14808
-83547
-92259
-76640
-1115
-35783
-11669
-96256
14176
-90655
-62744
-12910
52489
46996
38904
-65749
-3181
55358
14689
56163
-39456
22504
19083
39882
72908
-47947
80086
-71815
52691
-34296
-50600
10114
-77408
-75069
80690
8265
-73293
-43157
-86579
-27732
-88659
-44121
50038
-95586
6779
3815
-56620
-68079
-91875
-52702
13570
-50927
44050
-65865
36621
41390
-6942
-6667
-91765
-41582
66055
55862
-7018
-67599
-13063
58598
17636
10269
85589
67873
-84540
505
-42007
-41926
89399
-81530
-22754
66329
-97879
43481
91459
-16068
52555
-2579
-61518
3934
98062
39573
69729
-83788
43645
54794
22343
-86444
28471
31010
-31512
64049
-92408
72674
-1089
80833
-63708
32426
-64632
-50689
-28225
13902
-64025
39116
1420
15686
-37640
-38991
63503
80059
-1420
-26753
78689
-27455
42300
-89704
83520
42980
-68283
39238
48400
97371
30817
98824
79602
-6374
-21594
30574
71168
55747
86845
41562
31906
35068
71689
-75994
71440
25627
87985
-48476
-52828
14334
-55028
768
-41190
80504
31848
-25726
-94296
-36634
59575
-19280
28148
-61025
-55209
-99632
77879
-87415
-85699
-48437
97004
31433
-11971
622
-28812
20626
-57288
41801
17161
8479
-4382
-93062
55453
-35973
-77778
-99004
-43890
-72323
67161
13784
80072
-98542
57744
53686
98680
-49997
-81921
-28691
44777
-19147
62199
41982
69756
41663
65723
-94177
3720
-5867
-36312
-63909
75596
787
-7106
61974
99533
29942
-26417
4015
67217
-88235
75842
47486
32182
28845
-44924
2620
36591
48281
67021
-58878
98716
-48928
-67958
54634
1926
-3799
-4948
86994
65780
76361
26381
59455
83244
95869
57914
37661
29577
88243
-27615
-3355
40181
-99197
10008
12247
21124
83963
-65209
-23321
-33874
99031
84020
-74124
-92634
-78128
6506
5555
60123
35211
94532
-3158
-42422
86322
76251
9049
73598
65696
-26230
27827
-8730
-39498
-62566
17609
7121
-9781
91791
54536
22472
48960
-32562
64217
62151
-76816
49193
-51994
74010
15942
-71223
-90563
-91823
-22102
13751
-39412
-73568
78484
99207
93644
-39019
27585
-70815
36667
35638
-15678
70445
-65919
16950
-41615
18586
90100
-25516
29887
-16565
58615
79569
-11287
33760
37821
78924
78665
3420
65452
-95109
-66999
88184
-55332
69640
-96718
35203
35582
-56251
28322
83700
65177
40334
-55396
-87922
-44112
57210
-96006
44718
17152
78461
2173
-98764
80869
-98083
-26043
33228
45980
41487
95708
-51624
35299
47342
-30420
-97028
68093
44183
-12527
69317
33106
-57117
-94199
49910
-18637
49602
92808
-12687
63802
77873
168
4607
-71345
-68457
75774
93180
-79096
83714
28424
-5790
54056
-50119
63874
-39952
-42808
15997
37079
40182
34772
47073
21429
45888
12332
-76541
17145
52829
8490
-7002
24970
-34358
-57213
-44819
66882
-5888
-18106
11766
-25338
41559
31874
-38959
72886
18197
-24059
27868
-70016
600
68414
20092
-90801
-15909
-91516
51578
48033
96616
54064
-28361
95287
10074
93348
41038
-35931
99918
-52433
-58876
5385
-72026
-85687
-22674
-29416
65081
10488
72224
29652
-24677
-20650
5645
84890
-74620
94633
-91648
27991
-22753
5042
-71434
76763
-59215
-73407
3605
-9722
-96348
12677
-96883
-47906
8944
-81566
-16246
-47165
-62811
-67013
89171
-70726
21079
-497
30402
92133
-68443
28991
-25056
56339
-47320
51565
29021
-60940
52789
14529
96680
48421
83088
44293
95409
-64726
-43795
-7696
-52103
-37191
4131
448
-15918
819
-37392
-80448
44025
-21778
-74717
23401
-10164
-6227
65770
-84763
-51799
-24783
24568
-72145
42661
92392
32018
73429
68326
92356
-83721
48543
63006
68327
84394
-55670
65956
-75782
-83491
-87123
25712
81245
-48004
23229
65331
72440
-52653
46252
-35887
-54800
-97892
22700
-96132
58870
-61015
-37935
80494
-31111
65514
99540
-75517
83388
70492
47155
44976
-8574
36623
-44618
-96028
94437
-5166
-65395
-77191
-16570
20604
-96106
88279
47198
-6887
-84422
-61914
-76429
32240
-48393
52141
96743
-37778
88312
-93556
37931
55857
25824
41938
25808
-12494
-72923
70012
54526
-90225
7385
41163
-34499
-12300
-5499
24449
-75920
-50202
28654
-48201
48611
-71957
10169
-19234
-35271
-47078
28138
34000
40520
-42053
-93176
75666
58880
-74214
64349
58153
-62906
-11155
-74407
45333
76831
-82401
47510
20910
-97657
-81224
-42377
2714
95650
63659
-14231
-13463
-43126
20093
-62581
86541
-79865
-24819
49322
-88263
-54372
14852
55845
96788
-4610
-50279
-28944
8666
-26848
34241
56563
-41200
91177
36210
-40174
59233
26055
-92333
-30776
82714
-14179
61890
70316
24255
-16424
56449
40278
-99000
20383
-81986
37019
5371
-51928
74493
-40589
88743
-42712
28836
-63172
4026
6115
-55006
31640
3840
-88799
3133
-30223
-93448
-14847
248
-74596
38101
-59225
-34723
-65637
-62194
-3760
-51092
893
-61406
-82041
4512
-10016
73388
-3599
-58598
-5289
-56802
24450
84205
50470
-91811
-58222
-86075
65450
-78151
-12982
26164
-35178
-46393
-32648
99355
-63849
-36899
85123
13681
10777
-81110
-15752
-37837
35619
-60368
38466
44392
-85794
4766
-50184
42448
-1165
-18418
-72815
-10264
67857
43863
-59469
98461
95886
12688
-65368
-56117
-17499
7010
-47822
50224
-1314
-91831
16437
-35982
-49397
35431
-17198
-38455
-60434
82629
58261
51658
-50568
-61018
-33980
-82479
13356
99466
26840
74123
87586
-53508
94280
-34275
55656
79000
1024
16117
-18045
-40099
-46863
11819
-20461
77674
74689
71571
-31340
79577
-90653
87457
20609
52341
43394
65017
90323
-69991
36952
30547
-64409
23782
73051
-70136
49149
79776
6870
22651
-44836
9702
-25963
64167
-86316
-67764
-33863
15616
-11301
-76074
69932
-95992
-99175
58836
36015
12786
-15169
32341
31311
-29269
72978
-59831
-201
-77495
-75962
-26249
24734
-26925
-11451
18071
-85855
98091
-81457
28109
42411
-9964
76539
87938
-56048
-55132
15323
83105
83001
-41145
-44931
28779
11002
63469
42254
-32264
37376
-6383
-78502
-91189
77670
4903
-56786
-16304
94886
63202
32799
19252
56556
-26529
16547
-6303
-33978
-19983
-96228
-27371
-43208
-84214
20917
47774
59053
-6462
72293
70772
-65785
-30777
-50479
54322
-41129
-23966
74382
-81869
-71768
29857
-71932
-3131
48438
-28377
82670
68237
75068
1932
48829
4983
14507
-29070
36316
30103
-2825
-69851
-7793
59297
41418
93486
-19083
58433
-54628
44725
21932
-22248
-67238
55824
-76205
-13355
-25149
-86804
-57494
-11541
-61614
-75370
89046
27316
45142
25063
-40446
56034
-67555
-82934
-91233
68317
21838
-84629
55243
20479
30998
-96258
-18608
20072
-17285
-97175
31491
66558
-5300
-82225
-98035
-11260
9209
-45702
51846
-24042
-90561
-99035
64701
38911
97532
12707
-99500
-56841
72928
-47506
-10104
-8452
52420
-18736
29071
-70005
35029
13095
-81190
-59205
7016
-38247
-56518
-23049
6258
-57835
93022
-77994
61967
-9279
-57798
40473
-25472
-18299
-95868
-30272
-6478
-36108
43864
39689
92281
37714
-31428
-85242
15068
86278
26173
20697
-7671
-29091
5560
-39409
-54743
37176
69877
73239
32462
-54956
79405
-52194
93961
33204
-95252
-11768
-6567
-43411
77201
-27252
-91010
-50930
28083
8364
93035
-65623
-71202
-92336
38809
65730
41531
-82178
-28424
-12716
50317
77496
-35008
77306
79512
60147
-59610
-35327
11804
48815
-95509
-29945
14079
70199
-8434
-64433
-22008
25207
16290
82661
51463
-3723
-35462
-66456
979
92078
23680
-94023
21164
17422
-37595
-64897
49662
14026
68403
99220
-25849
-60322
29822
39695
-2673
59806
-37960
31790
-8426
43771
-6556
27424
45581
-15595
27811
33133
-33862
83767
88170
-73533
20542
48820
-95915
96926
-62477
-78821
-27756
-99182
87919
54105
53507
-66376
88614
-59988
84952
84403
-5140
78912
84790
96222
-24553
92584
-50850
-88940
45698
-31430
-44411
-34725
52526
-82233
-61696
10669
-86268
-3851
-36324
77669
-55626
54971
-65782
18883
-65789
47033
-92361
90972
-26855
-81998
58170
21153
-55020
-27737
-72793
33673
-71387
-13487
-89920
-24226
-32306
-60806
-36597
20001
96009
78968
-82945
9627
-11128
-38585
-70888
80578
-97960
-70654
-32054
91396
13151
-54530
-97326
-33166
99844
-33597
58535
9868
-43859
-75480
-36400
-5467
55139
-31030
-4209
-35149
86163
92072
-30469
-75531
23982
-79138
99243
91265
-77905
40572
-84658
68521
-79492
63619
87896
-10487
-94554
8572
24407
-49616
51339
29300
-78620
87529
-5413
64535
-34828
53285
-18441
-17496
-73522
-40762
-27531
-66534
-25321
27146
16192
-42930
-54263
-99950
99485
-22
-17534
-16881
-98168
6610
13689
7368
-10563
44806
1803
43209
-99182
-63272
17203
-33620
-38655
-59320
39449
-23363
-31228
72638
-2495
31820
67161
30370
-92124
-24236
22629
36891
-40292
6147
86389
-1245
-88584
89894
-81377
2756
-73937
63155
-85561
-83854
37682
79346
-60291
-83325
92634
13192
-76092
-48817
61313
-48095
88814
-37280
-31380
70713
-95838
64150
30245
-77880
52800
69146
-37784
49928
34907
-91843
42163
1764
93733
-99860
26688
70974
11241
-52654
55631
51869
-68687
-8310
-85796
-30990
-97721
-8577
-31695
-98875
-22503
57955
64404
-39423
-20490
56392
-92320
-81192
-21772
36126
92465
-10924
87732
-70518
-87495
-88004
-87746
78751
10928
-40161
36294
-83269
81064
-86336
-55216
-81727
-88514
-84643
75119
-92818
-87060
75550
57577
-30502
52924
82007
-11786
83661
90455
61050
-97433
-11460
45628
-79076
69220
59935
43020
-58014
38478
31344
-73791
77896
38595
-98879
40383
-35379
64127
-68998
-89533
-66241
42143
48495
64824
3166
-98687
-48614
86568
-82000
-10680
80826
78095
85857
-89668
94087
35340
-39788
-59890
9872
38961
98506
-71303
99123
-23943
80301
40131
-83272
-72999
94778
63074
-39733
11567
-24758
-46212
-21483
-32105
-87173
-52793
-26122
39325
94847
-28208
-70495
93068
32641
-63913
-45549
-75419
92079
-97002
66097
-59797
-21528
18146
-38083
62555
67716
89963
-83916
83578
-47750
-12322
-79864
-23866
59634
82665
82997
96526
-52120
-43874
11522
-62946
-84359
-51407
-59241
37842
30350
-38692
-42315
-82293
62242
-41118
-11691
-46464
-84111
85551
46689
5292
55615
99166
-84471
-47003
-54911
-80747
-10044
-75123
81068
94987
51108
-80415
56409
72554
-68845
-46609
-24622
51600
-13585
60772
-75972
98991
-68288
53571
-73952
-20141
-28270
47474
-90984
24516
-22028
66031
32594
67649
42251
29215
-28284
63277
-19437
10183
-52948
-17978
-92172
61460
1794
-58417
12861
80404
-94850
5648
-59009
7239
68159
-12300
-32184
74256
85663
-68976
57339
-15866
-57456
28995
59209
84456
-3342
4408
-37170
-57747
83381
-28536
94218
-97736
-10842
4093
-31366
54698
-29992
45489
56402
48530
45104
-80234
-93158
61375
-11636
-42993
-22046
-86857
-97520
-5958
-42653
9856
39055
-83567
-69388
-65893
13203
76134
-15835
59408
-59382
-99508
20092
-1756
-78259
14740
58314
-94040
-22899
-49227
14952
-46036
-18916
39301
66259
-94256
75286
36964
3810
60474
30378
-76424
-35232
66531
-47351
14034
94410
-76020
-14423
-1681
15782
-77489
-59914
74971
-27458
59536
-40298
-35280
-42248
-95470
58967
-79939
-29101
69926
93688
770
33152
89854
1553
-61033
-20198
-55521
7839
-14741
-74620
98165
-22608
51882
-38114
-28736
14631
-94344
55459
-49556
-2963
87067
-478
-24065
29556
-17611
27415
44140
-55063
52718
35174
49028
69110
29360
-84685
268
-14607
62412
62304
-57175
-61788
13946
-4316
74360
-16519
84605
69701
-98502
52610
-69659
70834
-73235
49123
-36114
-68097
56118
-89379
37702
91517
-14535
-71881
8556
54069
40331
-57462
90100
25345
54015
-59158
72743
-5432
75037
61549
-81081
77716
76337
80793
-12817
36242
-47425
95086
8729
-97563
36244
-82292
7994
53863
-38793
322
-86584
-79107
17471
-78539
-74341
94293
66686
-49494
98033
4031
-4517
96624
58124
8933
-42051
-36371
-76170
25384
20003
44739
-38939
18073
-41007
5598
-83975
97297
-77019
-11363
87457
83374
48392
9626
61790
-96406
-7872
26904
-13280
-2855
33121
-568
-85236
-58561
-34332
-18504
-95329
77323
-88688
29400
90092
-39628
-13164
-44949
-51007
-24401
-45578
56327
9192
-68726
24486
36040
-50039
-31896
-42388
-99177
66605
1626
-76607
6610
-85923
-85290
9977
-5927
-94103
92246
-41443
45556
-33340
-31793
57239
-19228
73100
-7732
-22650
44037
-37912
-81305
-29134
-98532
-16565
60068
-83367
29123
84565
-70230
77480
53550
8920
77151
-54907
-16359
66103
13279
99913
14864
48363
57944
-66485
-17382
-91873
99012
71703
-90237
-70789
-68092
90622
26949
93567
-34666
41671
55954
2309
42611
-50941
-48831
44008
-10680
-18690
58706
-78204
-29746
82130
44704
-94317
-92152
-71275
-77534
35126
61401
31154
-13347
-62443
-84865
-22955
79658
-11747
92592
-26432
-45601
-49624
45583
99259
50269
41403
78667
-94104
-49418
78184
-44972
48052
20472
28628
891
-88598
90587
8403
-99674
69090
43906
-4817
73836
-71146
11185
-69688
97107
22996
21516
45973
-31837
63568
-63800
-14008
-17882
-6959
-91151
23888
65983
95308
-44906
-69960
-72091
53326
6356
41517
-50566
90770
-62274
10140
-36724
88114
-81370
-40006
48615
-34821
9931
27805
90580
-42215
-84962
83656
46131
2737
48882
98244
-78224
-96050
75649
67753
57189
-41294
32469
91708
84492
57934
-45606
-40398
32479
-91442
-85379
6931
-90866
-2997
-88320
-69254
7452
22180
-48547
-24648
-80809
53159
-18860
78745
3314
27304
-67117
33982
23489
28212
-9663
-75095
18000
-87456
-83736
74008
-55777
-97030
-71619
-94584
73598
-84447
-68596
47066
43329
-28303
-66044
55571
-31967
9302
-72355
2174
-65297
21378
9826
26284
14517
-38663
-92002
55004
79019
6793
-19161
1141
36115
26136
-38270
-31120
-67534
-15851
-71631
50514
-18069
32272
40480
24535
64505
-40730
66088
-72277
7688
-11179
-29187
-25327
50033
-99410
16123
80294
-21679
-79832
76616
10816
-6140
-92272
10277
98801
-52221
62878
-35114
90599
75288
18276
-99860
44533
98681
69536
37612
82924
-16759
57200
-30754
-24541
1190
51941
66483
40919
76848
17711
64019
-57557
8728
18168
14403
39952
-82720
-9394
16368
89343
47732
77624
80922
-86301
-42843
-45655
-63584
97045
-3266
-93934
5028
67839
-75643
-39854
68762
-45342
-7280
87369
38322
13810
11456
-98550
-32480
-43810
72863
69871
-89596
12718
61458
52870
-72773
-36666
-48581
-91736
-30718
-81401
-36755
-76054
40577
-66091
82764
-18707
44028
-41037
92993
63249
91985
53257
-5224
-15802
14319
-34424
10806
91074
14420
58916
-50758
-57393
51200
-15744
57198
-41732
-97669
71976
-59414
-92877
56320
3127
-51835
74667
-52475
86297
70713
-52940
552
99691
-22894
65647
40567
-21697
53971
58080
-85860
59067
98533
-6564
-22109
10593
-71684
-10083
67050
72681
49673
-30860
-19292
-68406
-73451
68445
61129
1751
72961
-59090
27166
-94842
-11433
30762
45660
71821
-2612
48754
40896
73061
9173
82779
52334
-27855
-89822
86683
-63677
-68617
33595
-16356
38454
-85172
76022
-77517
23465
-96689
45906
-40790
-34030
-47541
-62284
61241
8577
42944
-92549
8340
99917
87932
-24638
87454
-58465
-48670
51121
24891
60826
-22900
-78720
55874
-98906
61069
-11190
10450
-82472
45199
70409
9852
-71041
-98917
-38668
-33826
-62706
-26760
-70414
-95793
-9439
93482
-28679
41526
29037
25051
-67448
1461
-29431
-23720
7101
16643
94547
31410
-38188
-92008
96000
-52475
69180
-96511
56964
88981
-67305
4819
-90406
-39533
-74353
-6596
25969
-48384
-49904
73397
36403
-35479
83557
4819
18034
-5744
-8525
90557
60081
-8917
-56564
-80712
90957
-29306
-84623
37086
-82425
-26621
15079
49198
-11601
92738
-91788
90492
73965
-741
81782
-73015
-87569
11080
-89311
-99155
4074
26656
90387
-72335
80143
-48450
58646
-88135
-20403
75840
27633
-79202
-21892
-36053
-95253
65050
92333
-4628
98973
-48740
-7989
69177
63859
-47172
-45715
-91946
13439
-31543
71292
23284
36473
-11139
48060
27636
-44201
60946
-70216
62921
42117
-46418
-81586
76411
-58942
-24903
52948
38279
-7018
87247
67750
-63644
18291
-48559
31886
-36768
-73752
8598
22798
65385
-68356
-17409
42508
97128
-58003
42088
3803
15752
4357
91387
-75102
74197
-18155
70878
-21205
-11521
16657
-73460
-73590
-17731
91016
-59070
-32536
24590
61694
-45233
82603
83162
16167
-53682
-79229
15479
-26366
15793
-59756
66441
64272
95155
11067
-36799
82544
96623
71423
86021
52953
-32689
67094
66352
-54541
-7715
-12207
2480
-4718
-5131
9124
87566
-51568
-99109
3350
18379
-73147
-63575
-43647
86949
-73050
28833
86535
-34759
82295
12321
85330
-1470
-8210
29940
46213
-80833
27110
-63484
-53308
-78413
59068
78958
-65956
-59642
-84534
63662
24849
23945
-58882
-65863
7043
-10409
-32234
-27350
53372
10583
-3334
65620
13464
7261
-37003
-78922
80913
88112
-61871
33100
67623
66726
75983
-30462
-63960
40684
-22848
-91836
22113
-55838
-16765
-7696
91489
13667
35356
54317
40486
2018
82988
-19243
-34777
-9361
63251
-29106
-42563
51161
26399
-67786
-99729
-91538
-44561
-41284
-99111
-14306
32808
20556
-27721
49214
-48941
41698
51603
17640
146
-34560
-85559
-10177
765
19066
24948
-85424
-46626
91183
74295
-24748
-30908
-56046
-27094
-48238
37192
73702
-72290
22305
-21990
-79288
9295
-24565
-22202
-63642
-98267
-41458
5129
-47922
-82329
-27204
82890
-47711
-78723
-49406
69943
-58586
29792
-55163
6013
82810
74720
-81304
-6237
23077
-10863
98858
64580
82121
43859
-74643
50215
90804
25661
82961
16253
31636
1382
-59265
6838
21706
-69297
-89662
-66752
-54569
57968
96463
42333
-28429
-64547
-59099
-25249
84988
-46763
-44657
27139
-92149
82663
42055
-13208
-75741
64578
-54091
-57878
-80701
2327
-26924
-52193
91547
-87251
57142
-65363
-92517
-61055
-30370
52551
84326
-3177
25739
-29374
-75099
-86879
89044
51672
-94599
24459
63598
-21576
28552
96545
-64117
29255
74360
-6690
51613
29239
71098
97810
-40071
26498
71038
21230
-55914
-59964
-16892
-65745
24564
97203
38099
-22171
39001
-68740
45058
11999
-29962
36794
-34765
-37642
-52823
-66027
51552
-26574
-63652
63797
5197
65180
90826
47394
-32227
23713
-76446
62906
-11263
-82977
-45884
94797
77643
60815
81640
-82919
-43295
47248
50910
-44579
-72244
-4020
-46865
31580
-92624
35209
-81053
52912
-15402
2702
54236
10695
-81563
-46417
90208
-37313
63088
15735
16756
-48294
99369
-51342
-11037
-38690
-86222
88724
23966
29324
-49452
45961
-54467
47930
-85688
-79398
-79516
-18417
-67981
71353
85760
26011
-67408
65129
-76623
-34735
-27515
-64180
5122
-18015
-9994
-38837
93459
-95178
46264
94620
2520
33609
-63298
94323
90170
-72160
-98000
-74105
-79205
-33369
64058
10367
31095
-73559
-12927
-87943
-78618
21419
20527
38711
94845
12837
-83089
21223
93589
27550
41141
17742
58211
-86237
74164
-76208
46470
-82077
13747
19870
66528
9962
56314
-12740
94683
-44936
-39962
76334
-86643
-50050
53276
27902
20278
-2572
68826
74989
60582
66394
57065
89268
55612
-94967
-28369
-58123
-44599
81076
22113
-5885
-14062
49280
88149
87114
14004
-42946
-4619
-43555
82338
68353
28176
99483
-51958
88417
33162
4028
10582
65610
64756
-3651
-29745
10817
-76618
4646
18075
33717
51817
-95563
81511
50174
-23359
5481
74144
67764
70887
-4116
-40550
-67730
-60059
-62435
53140
37910
24315
88954
63507
-9946
18382
-7321
-39510
-44415
40960
-83427
63067
4400
56411
-90382
-35112
-31753
75046
34112
-35870
35092
39642
56245
48019
-7533
90415
56439
-31113
-36911
-30769
-97231
-92268
45707
-99860
22399
-80502
-52895
44525
81778
-70635
79213
80899
-64768
72688
-51398
-52518
46155
-52716
20963
15276
-67956
87903
50506
-94417
39516
31887
58865
-92497
23199
-62227
-4296
99894
-60147
-64954
-82764
69671
93918
-76716
-55576
-92054
63506
-71364
-52638
47745
33306
-67343
53428
-57735
67942
-60618
71950
58045
81292
83456
-58315
69765
-75182
45753
-78814
-75541
-35880
-87583
-87815
67870
-26779
-94385
27812
40175
-54004
-53034
-97204
70089
-44614
92803
69748
25726
79135
54914
87409
85500
67703
-28001
28746
95710
92980
95978
80104
45919
-85878
-45643
63482
-87703
96854
-38921
5032
85899
-41492
30419
-5135
-90934
-27461
80882
84003
-78066
1247
96716
-10890
15741
-29820
90566
-47866
26725
10737
31862
44844
46995
-36360
53250
-57353
-50559
-69575
71782
-53236
-38805
-23090
78100
-32681
53058
-34986
3189
-87507
-76678
42401
-97330
-58432
88766
93877
11902
16702
-38333
-2309
82019
28806
-30918
-65271
20829
-99577
-24609
-30771
-6806
-25289
-44625
35410
-25871
-2450
-18378
-12814
-82406
-30819
-9146
985
-59046
92141
-58620
-7887
-35828
-48520
25884
-6096
-19781
51166
-52716
-49030
97340
-67003
-37250
2931
11320
-39887
13640
90469
43720
67708
89325
92235
-68743
30578
-98290
63160
80302
68107
15003
93991
30053
29190
-93397
-60896
-16686
-13282
-76180
68483
39143
66027
-43404
26292
70453
88600
-45962
76451
-34452
-56067
36112
-63498
-90754
22361
74880
-75306
-82334
-36115
-57673
82963
11765
91127
-84474
-24203
48379
-77174
88629
-50336
13570
89990
2611
-39198
871
-86726
88423
-8227
-39950
-39085
84772
-27380
-16355
6078
6460
-98253
46002
-89950
66796
-74713
5970
-97357
-77004
-19465
20945
47029
-43830
62582
-39617
7374
-45468
7270
71234
-27963
-19021
30339
-609
-37155
68976
40553
12439
-72824
59918
-92126
95470
-20278
-10481
-58800
-41529
67115
22451
3059
23146
97112
-34357
-29160
-57112
-87656
67691
35871
-7914
69606
-10371
88487
9460
42735
-43405
72984
-28750
90921
468
34508
26760
-95667
67384
12251
-47613
-23181
-30705
-61311
-15392
-92663
24475
2350
7633
-14288
58110
-18197
-45476
81972
-41427
-99420
-43165
-4251
-33660
4630
-4610
84118
-11724
44630
-90044
-12238
91351
18043
7785
32502
49700
75561
-39167
74062
382
-773
-12253
98192
78119
-55028
-56343
97743
84689
67490
52755
-75619
-31339
-36104
64843
68001
-37315
67367
-45821
56209
-74245
-84432
-646
97995
55293
-95832
-29858
-18922
-24936
-49280
32204
84656
-85471
83376
-99213
-91885
56027
70336
-34410
88393
32778
24243
85679
-13016
-90586
-10608
67121
-25619
-40341
54670
16103
-55247
25037
-38949
-61128
-3190
77321
19977
-51637
-24063
96727
-94890
90887
-2005
76988
-19818
-37389
62822
37883
-60737
21309
18930
99243
-91823
27862
87849
61540
6560
-36934
-9892
-58925
33407
43149
-76468
76718
33611
-1311
82242
-85887
16849
-59884
71307
-71898
94493
16855
76244
-110
-43296
72201
-88994
95564
1149
-78079
-30819
-27078
2800
-23957
-91469
-22508
-39013
-4727
-51580
88633
-52305
97051
78709
-29152
71539
-35110
85126
-24089
-54284
-93794
-13878
-12025
3209
-20897
33279
1641
-86590
-95848
-86450
73169
2797
17799
-90336
-15879
22596
-43823
22298
41337
85366
-75645
-13321
-22431
16720
-31436
-21439
-76183
36296
83718
-2964
30016
27878
-96245
21519
61440
6928
69060
19583
-72893
16176
-61884
23882
12559
17220
28275
40589
-86100
-98687
-32722
-9229
-86633
-85083
23692
-67126
85775
29144
-86404
70659
-7284
57150
26634
66822
16719
-60068
76160
-71632
49172
-83868
59433
-26838
95589
-35042
67889
-4377
-7991
95861
46696
8762
-64231
-20260
-79771
-85807
88690
5403
-13113
63634
-12858
46970
50583
-20848
781
51912
-10935
44074
3162
81672
-74719
-82432
48776
-55943
-20621
-38061
-90413
-89855
77250
10296
75778
53365
15498
89465
-99198
65607
-4838
-37304
67599
-24563
-59304
40993
-43509
-8470
-17048
91131
84913
-12389
-73688
-86806
-81181
-12960
7699
-59500
-26465
55364
-17595
-60659
7696
1803
40733
36114
91265
46840
27582
-70113
6124
89208
79344
-67731
-90895
73390
-14875
-1332
-39390
-95652
-33515
-87720
86971
-62613
6794
-13029
-91217
52631
80504
-55041
35933
22905
-53052
-57682
-70751
70258
9381
-60472
-60921
4017
65000
-26112
39515
82082
5389
-54764
98140
83060
6287
43558
60879
-44476
65281
27964
-51089
24491
2452
-7343
3265
27489
-12491
1237
37766
46988
-99501
4424
39434
59689
-58434
-75922
75994
93078
94763
-68048
7379
-95751
4564
-39025
24852
-31599
-16260
41349
-67179
-22057
5456
-82758
-11823
-4784
12841
-31520
8671
85874
-55953
-79957
-9569
50032
-52521
23920
64271
-94364
-19572
93081
65405
-89448
-96148
-81981
87895
90737
-57815
-19788
-51362
9849
-29424
97212
-82631
-98168
-66202
5031
-8602
-51891
-40914
-165
-41717
-22338
-70520
24213
-76437
-98982
2420
1659
89844
-16233
-38093
23261
2548
-89106
58638
60428
-79636
-51457
19056
74007
-94915
47009
-50258
-93857
87167
93130
-9497
-83754
-11663
-9768
-86585
-99496
71946
12666
12901
-5979
9390
-84674
-93236
-2501
18556
-30153
-28713
-76148
87108
52234
-98378
-16479
-16746
5589
-10419
95627
14006
-56259
14075
63809
-6357
-87661
-31368
4571
95094
67939
-19689
2730
42656
-12008
1003
-13582
-8212
719
-27002
56517
-26708
-96330
75612
-22276
-92944
18401
7175
94165
75737
77417
-41500
-23132
-84085
-91327
59034
-18377
65601
93526
24123
-36917
70266
22818
13250
-27804
79313
83918
19132
-8627
-87190
27778
-7740
6572
-74104
-52150
-73369
-15679
69884
-59226
56358
40827
73464
53166
-83687
-56265
-41342
60128
-41104
-70378
-82492
92872
36053
11385
-41408
-43254
50349
-68132
61920
-13553
-98050
-54196
78507
-18934
36587
21894
73556
99622
-64166
-33618
-26003
45454
-25482
93929
2297
-53544
67792
69399
-73058
75407
-38688
-36560
47673
-73445
2986
80954
43788
73039
-47108
47204
-48942
-7153
-72044
-78910
-26828
18396
-6178
76262
-11436
-35202
-29030
-70569
33158
-65139
33244
-35855
-46434
-65253
-20947
40857
-41500
-82815
48975
99226
-74012
72517
-77730
9697
-23710
55653
60882
-81647
11691
-70589
83745
-37500
-56313
-23764
75137
-84961
17867
-64314
10187
-33199
-28085
60054
-32069
25640
-82708
63596
-27564
99344
-47786
80747
13985
89000
20617
18169
-29163
36610
-91705
-35265
-13932
99127
58543
-82403
-25973
-92123
-14870
66862
26298
-54265
-45890
-19789
62930
-46097
-44160
-88866
92408
-88158
5990
-27907
-27351
12688
-55365
67393
-78663
91118
-98325
35499
38132
36466
36414
80914
-94363
41195
-4318
86995
-11596
-43654
60000
-43755
78826
-68944
40113
-15945
70481
35206
-3478
-34343
29175
-83853
32914
-444
-17519
50350
-36012
-6857
-82181
28608
14671
-99761
58653
54596
20811
-32175
-24854
-67650
-4089
-81577
-13118
96150
-12114
-35498
-82505
-28432
30375
-77752
69485
35049
-96053
71482
-46949
95983
-39246
29748
42478
-5827
-82010
-56256
-39156
-77518
-69063
-23207
-70667
-14515
8179
-80143
-5050
-25529
-72797
-15201
56600
-95475
36054
-92
-59451
87065
14950
-16232
-13942
-22484
-49878
-30602
-65912
-65366
-11573
83649
-77915
-15471
93750
-87855
-5424
-36137
49581
-7491
95713
-52320
18617
-44826
43038
24729
-17542
5790
1754
21172
25758
-2764
85303
-79744
-12240
-92643
-5235
46500
61832
3009
44835
88184
61153
67999
11098
49343
-28665
49565
78698
62981
63855
-87696
21059
86162
99873
-67676
-38635
-25400
72656
-34360
-7829
8222
-20278
6010
-35278
75641
9994
-27765
-95592
22116
91947
-31602
97680
-91540
65783
-80446
91634
39579
20510
-50023
15422
-15857
60802
4516
91585
-27083
-70865
-38818
-5872
-24217
41576
-4270
24945
-28768
-71268
-82327
67482
78808
48760
65428
-87535
40961
85270
12690
-67918
-69028
16723
-43938
12303
94776
76542
15481
-5455
-89592
-18453
39823
37309
16736
-97688
-80759
-36814
-28788
94855
3950
-69745
46541
30490
-91914
-14638
3633
-3651
87661
-64614
65421
8461
-21951
80942
-6438
-21961
-42456
-77226
-84950
-53653
-14096
85799
41413
20526
-38748
-10979
-77852
16143
47768
24352
-43383
14129
68818
88361
-48455
-36089
-30123
56958
21784
81119
35851
-45287
7647
23573
27278
-27609
50876
8872
-47597
-36628
-36858
-35223
243
-79677
71834
-18417
-58025
-79933
-9705
-93016
16832
15550
45300
-28950
-5135
-90973
84985
64616
-39879
-81405
85536
-57376
24161
-24464
-80823
-43535
-5266
5057
-82348
45033
-47917
-1293
25759
10172
-75786
48362
88540
-92398
95965
-79531
-98355
-1225
23029
-32401
48991
-73610
-98049
22113
-95392
92479
3287
-59260
-34401
80133
65315
84421
45919
-69147
-79276
-990
-4745
36608
-9444
71761
-98807
73833
-26836
-30273
-4451
85242
23592
74101
9817
7681
-43926
21335
-72673
-21928
92208
-71289
-43261
-81646
-55901
-79322
40487
99985
-42235
-33158
-83915
-24779
45814
32747
57849
-43665
75874
-32600
13529
37811
4874
-90329
-75023
-15156
32110
-97207
-35569
-44087
-20140
45723
4360
-87467
-49096
83577
99573
-4315
-44335
9741
-75442
-63670
-52421
25973
46305
-51802
72261
55875
21806
-19653
68569
49182
-10398
2847
-96060
-67067
-89618
99340
20002
78900
96004
58580
-17625
7583
-80914
68529
-60596
-16613
-72566
-16006
30228
49628
94758
38002
63481
44633
-86604
-46853
-53000
-42996
-57942
5096
68342
-12651
42425
13936
21581
35902
95143
-38275
54456
2905
-51893
3364
91031
-74042
59365
-75600
-25122
90065
-58409
-93673
-58464
-60488
25220
-24050
95796
-86007
-8508
71224
-98943
3562
-8319
38521
43948
43763
51953
-16790
-60262
60597
68656
65317
-38236
-44834
18745
19583
-59497
65524
-960
-85867
83876
43583
34608
-39553
-8277
-34940
-46724
-95774
-53346
-10901
40356
16354
-7723
-8446
68422
-7180
7854
48026
52318
24913
6943
70415
90396
78918
-36326
39718
-16415
-92632
-44965
27215
213
46758
-22767
55113
23143
-88841
44263
74596
36962
37746
-26835
13026
-39063
-58628
-48344
-3849
68111
-48549
-2382
79600
-67243
-41239
-15985
-52304
23553
95589
57486
-28588
30295
88932
34201
-20232
-48585
74661
80601
62611
28882
-27135
25096
47998
60298
52801
69140
-84974
-87194
86218
53101
17774
-530
-78605
-63380
-24296
-87703
-94729
57759
20347
-43471
63750
23861
-75698
89200
19958
-16061
86614
-29063
-69354
53616
95681
89669
-61341
95363
67443
28168
20692
-41977
60959
6383
-77424
-98727
-87349
-81351
77888
36110
-87499
-88209
-99586
-82685
8404
-575
-2836
65794
-31369
-75905
23074
-45171
59210
-84752
48511
66571
-29832
-46637
-18592
55820
-41110
-3600
-88721
89787
14188
2329
93395
-55265
-83023
-94846
6981
-76211
-6163
-34886
-12221
63918
-65760
37573
-10723
-59287
5555
72216
-67604
7405
40315
-51215
83170
27356
-22438
-50928
86909
8407
-44476
-45035
18966
-18270
-4065
83831
-67498
-78348
92036
-95330
44359
15582
-21341
-39585
42632
34261
-47293
60050
-99237
-61794
6822
26128
-39847
99157
-8310
88014
-67451
-44775
-48692
-38767
-40963
-34153
15592
-2675
1996
14194
37851
76318
77213
81740
-8151
31522
11978
-18764
-45637
57009
26323
89964
-4128
-74887
55211
1813
17588
64763
-62101
67769
15518
6876
-22742
-80715
80755
-86231
-28572
-48895
58424
-24406
-2986
70174
-60284
-81951
-4372
9947
-60796
90848
-69166
34883
-73192
46788
-27417
20646
68507
-62895
91664
-1662
82433
93675
99945
54286
82137
81903
50965
3684
-18127
-79380
93046
-6071
9560
9154
48824
-21094
-69954
94485
6920
4372
-43080
54765
51683
-80577
58144
56685
36873
13112
-23590
60269
21520
-3366
-83727
-137
8660
-15864
-79585
-50341
-372
59546
-80597
-49873
60280
2786
94893
-19033
-86474
21594
51949
43660
-67340
26987
20074
-37988
10944
50460
-44106
-84225
26684
-82219
-76290
-41503
97005
42959
33064
34032
-98126
91867
16341
52916
-46831
-69237
16582
-11515
21037
-15167
60250
32622
-41388
-9838
84597
-27491
73845
41302
-14531
55235
2671
37711
75262
-56690
-70524
97587
88301
-26112
47532
-3241
19402
-27156
84038
-12614
-91170
1037
-64919
66540
16292
80579
-54503
35609
-76348
50859
-94379
24502
88058
62425
4493
-30009
-59818
39861
-87823
13130
-60004
-13073
37925
-9532
-60789
98528
43985
30309
-35973
-40449
55828
-70566
-75425
-33732
-48232
-57616
98987
-75396
72384
-17568
-45105
69170
-97537
-80901
87520
-81513
-29182
94195
9112
-52091
-68851
-77949
58228
49077
-43548
72572
77372
-35053
-16289
86893
-98593
8251
-10591
-6609
-69764
-69293
-78302
82314
-35395
56645
5543
62919
34974
-73705
-78061
26388
60748
7912
27096
-65587
32552
7049
-51130
-44371
-41238
-40139
88708
65872
18338
-82769
52508
72036
-39718
66423
-94353
46316
36248
16360
-35830
9648
-24960
-25423
64273
38981
-55275
7086
-11944
-3212
-84128
-25118
42513
-23158
-78999
81875
28703
-6532
38690
41858
-30135
-67980
-97820
31622
87178
17724
-91952
-36924
15237
-52858
-63784
-32243
62485
-4779
-90346
-97132
83971
-86772
98714
-43382
30417
-22895
-92991
-4456
8243
-20578
-21888
-65096
-92131
-77852
-86784
86769
-98121
-56676
-7516
-14931
-13842
30635
-79770
-70344
-38236
-60368
1695
34007
-76793
-14866
-55131
9283
84991
80849
26574
-39679
-66303
-81441
21971
-56033
55745
6972
-48176
-38323
-50236
47577
45992
40405
62483
5371
-64762
-75784
-46581
-70300
-90690
-29913
-87662
-96800
-27695
68827
-12188
97005
-14833
66257
-73589
69447
48663
80997
-21267
-60592
91450
78154
-97665
-19367
-48258
29220
54168
48656
-20225
17730
-64608
-41338
25071
-3205
-78745
2266
-37699
-25372
99218
-36217
55956
48235
11504
55496
32634
80531
-70102
-89436
80921
-5428
31513
48153
-27813
-77458
26226
3561
14830
-62318
52700
61243
-68761
-10227
-18462
-35408
49602
69002
-59068
-52284
6856
-51709
27240
27996
24393
-44708
41582
-83534
6025
156
52001
1049
-78537
-49976
-76215
-27729
47832
-78498
21661
-78945
68163
-98325
-39723
-67632
-46587
-64823
96926
52206
35492
54329
-29529
23315
65985
-35175
-20583
44625
82391
-15615
13923
32286
-67040
-79424
44786
47069
95318
26158
46976
-38011
91222
-63506
-36604
71408
56353
-28861
64647
-9726
11325
67403
46103
69428
45561
-87973
-71596
-4228
-22195
53497
-58841
73051
19679
25136
-98157
-97982
-22814
-60844
81251
79714
17369
-67310
3139
52431
91514
-49293
2219
-63408
51565
-58899
-29962
-29755
-7437
71846
64017
-8715
-75228
6086
-55345
44084
-81647
11447
-60968
28077
16392
-14020
10114
-35374
-95627
6891
-63624
-79459
44261
-44664
-43370
97025
-73626
31808
-95593
-45262
59019
-68225
13478
-31154
81996
-32338
51728
50854
46345
-15220
-20709
-99219
-43281
65192
12592
-99140
-50508
-2631
-40269
-39296
95548
-40614
65651
-48575
-53603
-71132
-77315
-2353
-15424
-97814
54923
79627
-42082
24843
35226
-27825
-30486
-31176
56857
12731
-7730
-95613
85565
60829
31501
-76897
-46415
-31172
36359
36410
-65813
69954
39323
-32972
-77094
36227
-47450
-60294
-43268
51310
48106
-47164
-97333
32783
-65909
53735
-81897
-52866
21938
82455
-19409
14504
-67948
-93827
26361
98103
-44211
-21071
41761
-81823
-38874
-85228
-1746
-15542
694
26061
-75344
-38761
79972
-30946
-82922
-69936
-75318
60962
-94052
-42703
-64523
82789
4833
-60594
-75575
55456
34838
-45472
70465
-29745
-65069
31279
14549
-93711
35460
-95586
-76300
55324
27328
23118
52273
-61958
-11654
-5264
-97478
3940
8208
-91733
-92926
-10407
18113
29670
66497
25946
94972
83506
-1391
-39706
-86637
-35945
-90119
-42675
-56498
-71878
-45945
-64972
71388
9128
-79402
32036
-21531
-18111
-16017
-69810
-82886
99907
73484
-82273
-84306
-91406
-82568
-96516
40702
87841
-27438
-49445
-29205
19552
8496
-19971
76585
40131
-18401
76299
41712
13898
-18039
-44980
4719
-48846
-69776
47681
88352
-21993
-93994
62238
56566
-35004
-95361
87717
38068
-88231
-23474
-16608
-17833
35480
65357
-10118
-60749
40332
61320
-69382
48476
-51626
24472
-25571
-46149
-83691
75773
-32752
58368
-56975
-51803
25735
27382
77189
83017
-5699
34546
21414
-56585
14920
-6043
83156
74346
-72296
18705
62461
83541
24396
15448
-89496
94271
15152
16432
-15356
83463
-81257
74867
10766
-32631
-88623
28947
-12647
-54631
72778
-66453
31165
25196
21119
20080
-88226
79255
-53667
58886
48600
-48849
-18632
78895
8900
-32817
4453
-8610
-49302
-60169
68212
-11478
-7869
-46383
-50995
28958
-90263
-11248
-24794
-81747
-99747
39409
89694
49603
-16267
-36636
34617
-74
-3168
-53821
70457
11931
68887
94336
-45931
59381
10786
-19810
56216
-2807
-42748
27926
-69735
86413
70021
31386
-41517
-29442
-20518
-9931
29664
-13167
-25294
-43631
18775
-58111
36191
97235
22014
-25721
94111
3617
-8594
61096
-51001
64003
-34302
68136
38219
-20825
-32645
-23524
-93012
81150
28532
50397
68414
-92411
-72004
71449
-64555
89950
47573
-79485
-61748
91356
-94968
-77526
-69647
-59618
-9629
-80856
73680
48018
-34415
-39695
42203
-49317
13780
-68533
2675
83149
1249
-58340
13973
-84011
-28457
25375
44004
438
-14114
-96911
-65778
94318
-21224
15240
16030
-42697
80839
52930
41886
-88727
-24261
-30245
34663
-66436
-33995
8889
-39993
-56468
35486
-89630
36749
-77643
58269
27085
-97869
-46530
-31591
-88234
-79767
-98734
90443
-45878
-74054
-52471
92670
-41502
8285
-50811
-6298
-66803
91227
-15464
-37605
-47578
22551
-54333
-94608
6213
56831
99866
-92044
47921
8334
-13949
-30651
-81741
-51909
-66083
-40117
62790
20801
40188
87320
-91478
-31348
-93293
13594
-69033
51197
-85397
26555
39375
-35174
-48177
-76843
-11636
-40043
-89398
-7403
23385
-44873
39624
59563
27901
-21655
346
-67157
-942
-41889
75733
90499
95731
25890
-19174
-10599
-20973
-29640
-73617
-96511
86507
79601
39756
-71528
-565
53969
-49549
-66688
-23214
52757
-5578
-6920
46457
-52892
59420
70422
46217
-59949
-93090
36
-26835
62421
-78068
45333
-30302
-96386
53197
-1054
30154
29618
68227
-62586
-29408
56686
-10995
66834
46790
-30670
-38618
38317
4667
93322
-60117
8236
-79640
-50504
87865
83850
8025
18304
2548
56772
-29239
78224
30693
-75948
24534
78665
66619
-98745
-57965
65390
4722
79165
-35716
83560
-54639
46525
-2684
74995
76877
-52045
32011
2665
-62069
-73913
-2964
87721
42243
-29414
25074
-64092
-4032
-29921
-19606
90116
-64572
81492
-48365
-5576
58888
604
65714
-34464
-1120
-35781
19458
-33006
6397
12205
-61175
-1785
57613
-68573
-63482
-61146
-59011
-45669
-64761
-83222
-71650
42331
-95849
70706
61925
-5559
64211
99173
18061
91050
13341
75775
-92777
78645
-84502
6397
-40335
-33581
-64073
-89567
77365
84918
91161
-26910
-27960
59027
55729
62580
-7453
28541
-46403
20591
25326
-67489
33868
63454
27016
44950
-83382
-92313
-17373
-96471
-42247
-92590
-86131
11430
-10751
-74441
38857
-28006
-55714
-67639
21596
-49044
-35721
94585
41571
40982
48335
-51128
-66847
-31871
35348
-2900
-55529
-10115
80789
-63458
-98100
-68006
71697
-14850
-56020
-85659
65770
41764
-1267
74306
-10759
98436
-92596
-11741
-67461
44413
24470
-33182
-47640
24702
88131
-85247
24036
23253
20828
5563
88206
72790
42237
28678
83895
-91228
-69290
-39064
-94995
90015
-50485
77107
-37259
22442
84924
7327
7446
66135
71326
41410
-54254
-50702
65608
49134
76848
-9241
20234
96807
-91084
80528
11512
-67457
-96911
-78817
56260
20497
-8907
-93467
85001
75094
84130
-10947
-18588
74663
42204
-42601
-6787
-82417
60446
54564
-34780
43596
-56089
55067
-13610
80675
81875
-98777
-49634
-19043
93828
-8467
-93224
33889
-30145
8893
11921
-6289
45011
21972
27722
83830
46323
-2101
-87973
52819
-11163
-45215
9269
58408
54163
8352
38144
32724
83839
74606
32995
3220
-23276
-28110
56545
54006
71127
8864
-9504
-41483
-75396
94691
-48058
9206
-72811
-1626
-82052
81118
-24155
-97152
52372
-39410
48083
75833
-87353
-19908
-50822
15997
-1129
-87633
-38883
72284
-37933
-75370
-14600
55164
-44935
-96762
-82062
-37540
20213
-25649
86702
-9275
-96184
41721
16960
-17329
20228
18400
-93507
-77939
-95309
5993
60395
-49578
-23336
-60768
-76841
-80975
-11891
880
55942
-34980
54603
-36290
88515
-25991
-47991
-36766
87895
-94890
70971
-39678
12887
29591
4859
39437
59671
-65918
-41531
31441
-90628
-21145
28253
-16262
-41488
-90326
15563
79592
-722
-7761
59142
-21269
-75396
52256
59759
-58018
-60423
64669
89588
52637
96588
11329
68437
37028
-77124
-28467
10371
70917
542
-96332
-98524
23365
-45079
-83709
-10892
16597
98534
32170
-33915
-59224
71746
44458
-32793
-20363
78469
51293
94050
-19445
61021
87581
53024
97419
-33580
-73838
-7256
79751
72865
86684
97797
-98762
-23078
35417
29509
-12784
60167
89235
-27875
-13108
-33391
-78327
-98134
18292
-17127
88473
-77998
61665
-42331
45191
-23863
-23399
-91019
63404
90479
47873
99764
-94275
-64873
-46207
-93814
-20681
-80605
-60877
-7474
-12700
-31029
13638
-57063
65037
80764
83573
-11403
-48708
-83171
4256
-6539
-84883
-56724
-94204
-58658
1425
11335
35868
21571
81022
-90105
80211
-74002
-97994
-72825
-15004
31738
67025
81730
-4976
-49922
92106
-48486
89019
-53148
-80092
-86411
-80732
-33705
53623
-78718
-55105
-40549
87515
-16678
-36367
89078
-80529
-35455
-729
68620
8647
-94773
-73516
-88568
57648
-93477
50693
-38666
-12576
77447
28450
-15825
87295
-87657
-17469
69483
40140
-55123
-69780
-52550
-22674
41598
-55897
-69170
-95144
-31106
61501
-1232
-14377
-33446
-70704
-33325
-19333
24991
19928
26758
14176
4216
-61448
-37758
-56552
91028
55292
-83933
-99018
29286
87154
65076
39161
65606
66337
-92125
-41132
-30923
-63382
-8620
-46378
-59138
-58886
13905
-79749
23223
53994
-2658
53006
6695
-27597
-73558
-89927
-64191
27729
32162
-93013
56847
11699
12448
90596
-49878
-35941
-511
44832
95845
-6952
-34539
-59426
90378
-94626
-10129
-55285
66108
38399
-52709
-67696
10875
-96504
-60049
1525
68038
30778
-47046
-22160
-20453
-96668
-43302
62990
60378
61594
-35734
6845
-55672
-53356
-40424
-64717
-58833
52452
-26412
-43329
-29086
84821
75620
21674
96221
64285
-78508
51785
-78261
-41152
-25141
-45662
-35998
65409
-63431
63609
43818
42244
-8851
46518
57115
-8443
34947
-95308
-24221
95087
4090
-87704
18566
85338
-732
-3540
19808
-89692
-88970
-77913
-68858
-41749
-41601
-65125
97483
-12316
66486
-98229
67998
57691
34476
-72505
-12911
-98553
-77088
34710
-50892
-63223
46897
1662
67168
-25919
14318
-9486
28303
12493
-8631
-11687
20392
-64801
-31637
75511
29594
-72518
16353
79738
-87202
12361
-32077
72931
670
-84068
85589
37583
8884
-5952
56311
-51934
15691
41529
71991
13967
-80030
-80546
-28233
-59451
-55697
95122
39240
42553
82528
43098
-74491
-12724
-57284
26080
-1603
82266
-36568
-2365
-11064
-10082
86534
-42407
-97222
89925
97016
80386
83702
-75122
-62
18026
-76134
-76390
-43058
-39334
84632
78741
-16824
1723
68580
-35775
-12503
-84759
58569
46236
-40110
67056
87959
69806
-81266
36198
-65417
72305
38138
21733
-86497
73116
25729
-31134
24288
-95026
-32449
-94801
56092
-42092
71111
-22519
57686
-34473
28288
-60385
-72286
-73371
-27030
-29024
-99269
-54566
59518
59903
-46221
-76118
49716
-11642
-25467
-80754
-99234
-3116
-11194
95369
-88014
46325
49210
2966
86885
45980
-86909
-36496
15538
-65473
-87179
-2371
61369
-7089
96645
-87144
-85691
83539
-161
-51270
-56922
-19040
-95722
-68156
-98499
70519
17590
58219
-4266
11835
-62923
68736
20783
-115
94472
88923
-69545
-88314
17747
-36125
30386
-68208
-65224
-76675
-81639
55969
-17263
-12721
7582
-31083
-94216
35760
86701
-47000
74691
-74386
92238
28621
-70515
87739
-14138
-74515
4399
75956
