9200
-53250
67099
21464
2267
69168
93611
81062
77339
44021
38283
-23486
71352
-78534
-41585
49947
80188
63391
46293
975
81143
-8193
-14303
26690
-45913
-12595
38933
-49582
13635
63961
7630
-75295
-72156
-46862
95133
29201
3089
54630
-13088
30606
45093
66853
10173
53828
-61089
-86588
-37830
38642
-73914
-94115
53244
18774
34359
29779
-80805
-22200
43789
-19981
55390
-60509
71787
78326
71320
-21731
-75032
85923
-79202
83576
20824
-19567
29603
-15919
-37133
-88950
61107
-88682
46565
30220
15880
12245
-13519
-48279
-47284
-31889
-95486
-86066
-74964
-89237
70544
10720
-73131
57063
-64405
-24446
58638
6825
-77272
54771
-18190
94355
-93339
-4843
17224
-15755
33978
-96760
-96511
98109
-51267
-8587
85133
98441
-44238
83303
36250
3165
-41266
-7341
-4438
-40656
-34522
51832
38287
-78239
9849
78817
-94330
48647
918
65544
31086
74725
77291
-875
-51037
-93443
36140
71555
12028
87035
-76260
68516
90013
48018
99195
-81861
-73415
-76316
-4723
-94137
47079
-14309
94338
-95201
-22816
-43563
-38905
79992
-46829
97724
78824
-32700
74917
69491
50912
83893
27528
-70228
-61057
-22817
-63369
39382
-79562
90876
-51061
80948
-24958
2825
67773
-74935
86771
89421
57657
59823
-2408
-8903
50715
76168
-32631
33515
35208
27403
1105
-85747
6764
-4800
-75979
6298
-22453
78023
19941
63617
51718
-32047
-97217
-82270
74925
-76942
-91334
-3339
94395
-17777
-83083
36042
30834
-81998
-9380
11626
-71788
-70852
-97804
-39651
-6981
-38918
32133
19077
42005
21456
79905
-95704
17408
45393
-84460
79883
18366
40305
68778
89401
15125
11602
-13737
-86237
7238
-70790
19783
36129
-50905
-11034
93507
5719
-67105
-392
-99652
98226
31998
46219
86136
55762
-90057
-33945
-31274
-87230
-64837
-6128
-80449
-7454
-15246
-50503
5739
-55258
-60968
40470
47757
52919
64563
-45617
96221
53047
18668
31760
-26240
96866
-89903
96317
61653
23632
-96090
75395
-34210
-31722
-29340
-56118
53897
-62516
-51313
-82554
81946
69802
-53385
-91347
-47368
-64052
4555
8899
32017
73365
94292
24016
51114
31215
-30506
10612
-87034
70768
93694
-60399
81842
-41576
-67769
-71066
20267
-36617
85360
-50244
-68051
12652
-46446
26744
-12006
68807
-52128
29393
45891
9616
-92672
-88292
-42283
38177
89088
-9341
-12381
-94098
64758
61269
-24309
-94491
14457
32055
-58424
-88272
62710
-19081
62676
41944
-6673
44097
-50504
-67005
6102
-96406
-58639
-19362
41282
73130
-25792
-18602
-44916
-88985
52751
-29121
-94007
44396
75067
9368
31011
47224
82178
-80410
24854
27763
71562
24700
8004
-40516
70476
16284
-19274
21597
44635
87672
-38480
6944
-59819
-19631
-96272
-46469
-48603
31617
-70973
36902
-76942
81555
-52925
81549
57511
33424
-32976
7393
50592
-29803
-50582
-47479
-9682
-16737
-18936
-80457
14471
45929
66713
-99051
85453
15852
-5707
-84003
42617
-36283
80702
11848
-54620
-23755
-82568
20510
33522
36994
64770
-30868
32155
49978
53105
-42796
26711
87575
-66680
53374
-61851
-82626
10005
88045
89017
-71454
-63894
-37012
-17984
-83002
-6217
-75290
-41903
74335
-30911
61653
-72847
40599
-31039
1363
-37117
2222
62683
-91508
90442
91771
57401
17621
-33188
-58607
67460
4821
16486
84604
23487
-43743
-67562
43883
-28864
-22810
-35351
-51801
89355
24447
60753
-47743
25356
53607
-24126
-89717
5617
-10872
-29287
-41220
53794
43762
57961
23799
93598
46631
-59292
-5851
95411
-44973
-29405
-10690
-67943
40793
-96622
81831
95148
-23416
50171
-91082
36165
-96596
14061
71121
-33228
-90367
36617
-49740
17051
-4157
-10648
-56559
32362
53153
-1108
87505
8306
49615
-79326
-62471
45928
-85766
-20463
38952
121
77207
12770
-56388
-66364
53717
-9237
-3563
-87751
83249
-51494
80177
-71156
-51801
-65734
-80586
-49003
89862
-90331
65551
1351
-62115
70215
-24082
-31094
-60655
-56630
62959
-1736
-31280
-8605
83165
-55311
16928
-73800
27085
19932
-94959
-3667
50600
-91014
-7343
-98614
86023
81192
-26658
-10870
-48649
52337
-10538
8131
-57061
33677
73834
-96019
10481
48379
93105
-46128
-15699
5750
-17767
-54386
-8127
-57001
-12424
-25270
-49410
1862
14592
-46028
-32620
-79714
25233
9651
4533
87069
74921
8813
81624
-21820
-25610
53238
18330
52497
-22836
-56878
-34818
10583
95922
-75415
43797
35831
61335
-73850
-36679
50557
-8798
17867
60915
9433
-64857
-95435
16189
3128
-65675
15816
19809
82942
59916
-71017
59456
-52894
57196
-64974
-91218
10727
-96248
-80212
-73029
27123
58906
-92793
-27955
-98930
-77296
-49218
-74136
40632
82276
49583
96144
-9242
-9591
-30684
-84666
73307
-20479
-91331
47917
-76256
-59765
-71493
51152
-992
86970
57579
53885
95266
-41183
3565
54409
92771
-90773
-91360
92855
-58801
71495
25836
65908
-72868
18176
-78101
-98183
-92861
60266
-70348
-43501
-94756
-4424
-39290
71167
9814
73579
-35442
-66321
70864
-87131
-29035
-35735
-91562
-10596
-56823
-78321
5179
40746
81702
-79495
45199
-96320
-64831
-1346
-94851
3899
-72143
-50862
-67132
19727
57050
21961
-33008
-74401
34967
80954
48692
-57425
-68860
10750
-35130
14641
-66523
99672
-23976
-9157
-70986
-24721
-69426
16154
-74673
18230
-91935
-49728
-21772
87020
91247
43864
-79689
73791
-38660
93627
-65398
-116
42953
94906
70309
87361
16847
34139
-82544
-66460
-31016
76578
-21298
-67092
32507
45124
96294
63501
79026
-68351
-433
45329
-23335
59978
78839
97698
16005
-12067
6448
35044
-449
-51278
55543
77887
73564
51021
54371
6522
85178
-71820
9831
-68669
2521
-40709
-17917
-7605
-50733
2171
-14451
93070
-16071
-50527
-84520
-14352
48524
-39774
-95298
9155
-50987
68172
76240
26277
-94622
-80264
50006
67399
-31779
-73892
-43260
65672
31882
-33603
91580
61247
-22308
-83199
46778
57880
25525
82338
-25439
74901
-39751
92991
7135
-53578
76046
72973
-38593
3956
-38350
-37462
59467
-8666
9464
-30958
-9381
-62905
-99424
-1750
66110
-1457
-31854
-84038
-60732
84285
-26377
-21256
5351
-32522
67508
3583
2196
-19321
-36796
9631
-56103
-10553
89073
-58419
-37460
-85096
-65105
14715
31125
-42292
79893
67715
-95687
97251
-22919
-57540
91461
13171
82022
-4945
80435
44065
8060
76004
26300
61515
85093
58773
-52646
-95096
-39696
-54588
-22343
16263
90187
-73048
7033
-60844
-58591
68291
12706
-57159
91598
91983
-65947
24001
-44805
-35818
-71157
-53737
-68389
-23071
64061
90126
86977
-83000
34542
-45958
23835
-93016
48873
74235
56655
-43469
-87886
-67174
2928
85794
50844
20619
-78307
-81275
72807
-6382
69366
71866
55827
-63613
-32452
-93828
94085
91873
-10876
-74989
-71019
-97944
-46248
54569
4018
57511
49067
-70595
31475
-59708
-4746
-20303
-27590
-95325
58163
-34691
-65081
-30494
-32779
99782
-61929
82619
51938
-22775
45558
78733
63055
-13071
57576
67572
65078
68169
-16848
74516
-18346
5388
-19397
-12043
65383
-86313
3500
-11064
47033
41407
47749
-75704
15144
45439
89262
-51716
83198
-79542
-92763
86617
31589
84927
15747
-27836
-64249
-3845
22951
34804
70788
78088
-51839
-78666
-99505
10930
-88259
-98678
20902
55738
82697
69483
10476
24100
85317
18028
75428
-15061
29767
29374
38156
-65515
-62841
40078
-54380
-32927
5806
-26677
23417
5404
-39306
11461
24515
-80494
-87299
-75855
-35305
32738
-11860
-67703
79609
-77333
4478
51088
29922
-43230
24496
81523
-23238
-70522
-3452
-15349
46003
13162
-47951
-63680
-87486
96817
-10710
-66937
-75270
52121
-63415
-83381
79558
-50258
-46824
14570
24706
54622
-40516
-72170
-35977
82221
-21633
86492
-21839
-21185
-37768
-92415
-52865
-45614
-33191
-67768
51271
65231
-24363
36369
-65533
-77579
-97876
-84837
69852
-28427
-39532
13162
-18463
-56099
-69435
68228
87012
-27988
-5086
-491
31345
60676
75967
-80718
-62420
75517
-39405
-44870
9862
-26795
-88901
62233
61275
-72634
82792
-38042
-86228
-8400
-94041
-21460
95092
71350
-88373
-88506
-37911
2085
52537
-98524
-4272
20942
19408
25322
-98307
-98188
-49229
96631
-52506
-25823
-12620
96067
-40477
-19117
-59554
70753
-82043
3604
-73121
-23900
-49968
-52121
68752
-78626
-49130
-50018
20963
-61565
10801
14985
11816
-40147
21020
92296
-23300
46393
23598
50562
89486
-72562
-33611
26350
-86641
5182
-74581
42638
96886
-57980
-68905
-95684
-48019
-17619
-48765
89821
18843
-93036
-17066
-89038
95183
70982
-45363
62413
42630
94788
-34662
54880
793
-15834
20505
92465
-23034
95004
49387
-83863
93528
-43120
-59535
-29684
-34314
34983
67559
-78460
31814
-4505
27546
71446
63420
47731
30535
88182
-4093
96881
28178
-48011
-83066
97420
45664
10904
48603
-96491
11025
-51387
-3572
-35836
75229
-8937
19460
-98595
10186
-55600
-47021
19950
71111
-96146
-90146
14132
-51991
-52714
94950
5534
28671
-4307
97267
9257
-65005
-7354
-24932
-61078
-22784
29493
8502
-72918
26539
-91838
-11433
-20565
4831
-82887
-91514
-19383
74569
5279
-69632
3324
-79988
80191
15209
30522
78082
9570
16718
70265
-70831
-40036
96531
28050
-80027
57347
-16386
-50303
65871
12603
51742
-20727
67962
3757
98777
-27915
5701
-10922
-68719
-25800
834
-26181
-4109
18742
-3061
54267
97948
42332
49276
71933
54439
-83607
93136
9159
-80425
88208
-5605
29680
-92450
-94922
-32543
-30226
-23864
-84010
59858
-44663
17863
-27324
89699
-16719
88859
-51057
3658
-56918
71134
-28289
-17770
-37595
-10775
70397
-72152
39595
1446
23314
49426
26674
-86028
5640
-24246
-42094
58672
-15507
-60598
-72815
29094
65781
94664
38618
-92908
-96385
-95923
65613
-35561
23984
96309
97456
10933
85244
-89598
85634
13574
-6717
-40996
31728
-97217
-40809
-39063
78049
20572
58972
-54267
43820
45738
-46519
46686
-70807
-48146
-57653
-58449
9381
-65035
42568
-33321
-27217
8378
-42624
34645
70223
69357
17232
29859
76119
60582
53073
-65941
55697
-61722
73885
5994
-95977
79877
49073
-77088
18946
64382
51886
-45519
74170
-27757
99194
-23780
32301
51166
-70589
-98411
-81957
-54858
95780
59328
-22387
-74566
-92256
-72244
-64027
76029
14475
-37974
-2991
79118
91847
49321
-45734
-79326
25324
37296
90137
-94880
21249
93335
-26360
-14071
90279
44514
182
84803
-68522
-59046
-11628
33472
80062
-18166
9517
-32945
-14513
76307
-4045
59583
-23084
49708
15860
74220
48698
-37318
-16532
-85721
-12241
68616
-91021
-29690
5670
-36125
-85097
2565
23734
-20331
-7676
98071
34082
-23684
-6816
63053
-85964
17734
96691
18274
53250
91403
-55356
-16160
-10990
-81082
-28033
79283
-43302
86065
57297
27401
41504
-62595
-42218
74594
42816
-22421
97898
27577
3340
35146
86812
-52145
-45235
86797
44737
37072
54504
-68920
-50908
-28060
-2084
-1785
-91557
-45483
-14808
46667
41525
-2600
-15031
36642
-93745
9786
10721
-40158
57478
3368
93812
-61055
22726
45339
79435
72980
64769
-46306
-98949
-8350
-46404
27773
49984
75109
72579
-97780
-20542
-60068
-50627
22801
22842
-2801
46106
-3057
99438
-90783
-16280
62256
-15272
-60981
12229
22030
-71323
-38149
-81297
-45667
-94183
-15928
17591
20857
51919
8592
-95147
-34936
734
-23248
40404
31500
-53608
46303
28142
-26552
-93012
5927
-95502
6411
17515
-91903
93921
-95075
-90841
67149
59609
77829
-45577
-38101
58665
69109
-10280
13049
-37501
55316
-84498
-30807
51279
81766
-36312
21245
92124
-41063
11969
94370
-94863
-2258
-48030
40743
258
70209
-75612
-29544
-28738
-5001
11188
35259
-95355
83332
62224
-82458
49399
25174
-72339
82363
95656
-82526
10491
-7102
19951
59209
-17536
25825
19998
12582
7777
-5574
51980
-39561
47040
-52063
68429
99621
34878
86520
80515
-22543
-50335
-64406
-40562
45309
-66415
-45632
68958
-267
89085
-44445
68074
49560
74715
-51089
-64199
80423
29580
66351
-82594
-38744
47133
2747
72065
-33961
-28502
-40853
67159
15530
37021
11255
-31629
-34816
-47852
-32275
-29578
56997
-81567
16397
51171
-46396
-66966
-4028
66381
9066
44593
45891
-92303
-1870
2671
-90628
-17952
-99053
-17767
-40455
-68331
-95422
-15164
-743
1189
-95419
42852
-7001
-66028
41302
91312
-73320
47427
1200
37602
11489
-99321
87097
88986
-64269
-47146
-7797
16482
-10604
67931
28576
-79668
-88421
28329
-99046
-27016
86408
-89269
-56083
66418
38973
79290
32490
-40712
6173
-10840
70824
-51752
58304
14969
36881
4408
-92720
84113
51654
5296
21891
-77112
48944
-24879
19957
52218
-72540
-78967
-20575
91004
6322
-68642
-74692
-28247
-78325
-24552
-35282
-41830
23628
46076
-31763
-18893
-85
-64718
45688
-67366
-39875
25352
-11346
-9853
-24543
-38193
-96312
-10969
-32051
-96029
-81095
55123
-61133
-7543
6817
3421
69199
44721
73576
-39055
-18224
66138
-74115
69385
-55072
-36972
-70101
-24261
50002
-49055
-683
86764
-473
34357
-3442
80162
-38851
-33571
68055
-32008
38613
99132
25654
89514
11839
-41361
-88657
81488
-30812
-25326
-45214
-56152
8752
-62372
-15040
-98100
72410
18790
-52309
3522
-33199
98249
90858
34866
53252
4260
-22586
73202
-53426
48573
-71228
43262
32061
-87681
-24450
-94909
-75458
-57183
46688
36954
-6554
295
-43332
-23022
45023
2626
-24181
61990
-1491
-40173
78849
-21363
62300
-50418
-38261
4977
-90424
-20743
-66008
56119
-60471
3858
67681
96125
77497
97424
-34458
-52574
-11358
-42750
-55609
76286
74953
87828
-78708
24626
-32431
80113
-527
78107
-98098
-20798
-6847
53472
-55641
-59693
22541
-19541
10983
13527
-82295
-37387
80928
52034
93060
63225
88316
88020
20291
70410
-51295
-63946
-29831
28864
-42176
-58756
16740
17358
49467
-97013
95302
81199
27313
10836
-23746
8127
-40601
47358
76227
-92954
48916
34594
-95874
42863
-34359
-35600
-99007
29815
-47237
-88849
-42841
-23360
43566
-57823
-94200
-37339
-81088
22660
-20711
-13528
-944
82485
-35809
-39193
-6775
83824
-72050
-73810
86223
-7246
3266
68965
36676
27327
80985
51114
-40969
35264
-27861
14970
-27543
79236
49767
43912
-39170
-62489
-52533
-72656
-67203
41040
20735
38277
98436
-59629
-63665
-83258
58635
-27080
21123
-25296
-6126
-2477
-483
1773
-1494
-90030
50223
-92502
-14371
6549
-81322
59782
32764
-59721
-9577
-3994
-75581
7020
11412
3109
94954
-87357
-28374
-57303
-13109
-20342
89066
-15343
21482
94608
24819
33930
-49370
13381
10601
94401
-34245
-69186
-8428
63346
99058
-10731
-96873
-25185
71974
35118
-16182
-40419
20531
98836
-60297
25992
-78980
-97663
56942
23319
-56359
-78788
60293
91786
21404
1245
-32144
49536
64318
-95188
53625
58725
-90645
-10392
42076
-26552
91367
36259
70849
55946
-19557
80266
74198
81714
42176
-32573
-1144
51614
53287
87599
-92321
-69035
-49886
66319
-20748
-66249
43347
66050
-82481
-81771
39183
39724
84449
88349
44781
-18509
-64742
-15634
98097
75299
39976
-89590
-15920
26993
-28914
-33751
-9632
14493
9372
-35414
10590
-62032
88529
-81307
-17637
-76763
-9015
68955
92803
-95452
-17564
44879
31371
-16663
-98634
19502
40631
-87164
92708
-15575
-40891
-33543
5025
-83356
-11399
76807
-11643
-60026
24710
-63290
-31865
-10127
-87274
35433
61463
33035
-98762
-25820
-83621
-35141
2721
1319
30531
84016
-44440
33351
-20149
97499
-326
-40258
87885
-46595
95254
-83959
-36672
-52838
77322
-92241
-81647
-47923
-13018
-16222
54556
-64651
80962
88254
14471
6669
-9047
-89938
-28677
10906
-51487
54958
-85184
-65411
-11688
54571
92788
-21976
-92947
-72634
-1176
51885
-62953
80183
-44841
-78542
35126
-77426
-97020
-63871
-73036
-42091
-41489
85372
-5160
-92270
93491
-99986
-75673
85545
6975
3452
-74441
48477
14255
53690
6225
27767
-7418
-98727
-76094
22975
-34230
-84033
-61634
45159
-38723
7471
58674
-41464
54323
-41817
-67931
41859
79445
-90807
12490
92874
-16848
-2895
-52508
78327
23610
-39131
18454
85081
96931
74474
53510
10576
49812
-99085
-73875
-39346
-31480
-10251
7551
79101
-69501
-95978
-56271
-13505
-44110
-74493
93803
1105
-54623
53088
43468
-23863
-76589
46619
73044
50494
-78079
-22054
-32653
326
51122
-75182
-84565
12634
-31757
-32327
-60508
63382
-20236
-38701
72588
-74147
-69889
18985
-57624
20698
-17451
-85863
-72900
-87327
-64217
81926
-47597
-17293
42286
-57297
41708
-87776
80743
-22242
9665
-60345
-94033
-777
-35403
-80775
38134
33264
-78183
-52292
18019
72863
-16165
-44245
11844
81262
-69941
-65925
-51728
-91988
93771
-62696
-73732
20798
17043
10606
-75498
34611
-23906
-57725
-13311
-78923
33397
-36735
-51027
-66662
-83178
-9198
-97614
76250
74177
-96092
-88855
-18276
30686
-76020
47847
-20695
75214
18950
56215
7874
-86580
-83622
-64781
60556
98880
28123
45279
-25751
-95136
39754
90210
-90525
89411
-1897
20545
49986
-5500
-50617
-40902
-90115
-35441
11569
-91494
-2803
-69621
-81502
-15877
-31972
-79388
67680
-5154
797
58355
-53236
-56799
-16459
68173
-89696
7325
-72874
-90203
-65448
29918
47853
-31841
49902
54400
36721
79410
-79299
-6686
-67876
31544
81479
-10742
-15369
-52907
-15214
-1451
4173
-18238
-81171
20057
-18751
-11211
96784
-34727
84028
-58449
5345
10275
4862
-38495
29075
68874
-97450
66236
49769
60412
-3219
7572
65113
63423
-97092
-15953
16587
84684
-38114
17776
-96320
72584
13567
-24741
86800
-20453
-81676
55684
-34484
-56785
-56539
-24103
-74430
72391
61093
10760
64030
-35463
-1246
-49970
-10259
55242
84408
71838
-19395
-1500
83616
79210
17505
43830
-55419
-42672
-84847
71336
35895
-3100
57005
-22086
74488
-74346
-63966
-72840
-66892
38336
-48027
-82596
57998
1167
-64355
-51200
66326
78411
-23459
-33794
-57514
-68092
92687
-31450
-76084
16475
-43860
18843
-28751
-31382
-23001
-31862
-25672
13393
35562
-52472
-47726
-93794
-80841
-57465
-61202
-49256
96049
50101
28927
90280
82228
10866
-9675
55205
-21922
-80597
-89907
-2502
-96207
80152
41604
73334
26577
73486
-26521
-80720
85799
-55231
66054
-63467
91560
-88934
-89274
62224
-41552
44529
-5162
-71404
26120
9640
80826
-95351
7687
90211
-24637
4241
-64684
-51737
83295
-60939
-25143
-53106
15244
-8143
47731
-6876
25960
54168
85622
-61918
26853
-21723
-42355
773
26136
98208
27568
-54711
92848
-74838
-69170
-86521
58179
-43867
43577
-45848
18436
-71102
-51358
-11771
43985
-15768
-48071
-63843
-93719
-93122
61494
-27406
12603
-27307
-13834
58496
83865
-95371
-60483
34779
37004
97154
-12966
-58780
-53055
-79029
36456
80935
-4192
-75152
-57552
69140
75453
-9555
66092
40920
41959
11015
-89497
19608
-24290
57681
29824
50826
83235
96539
-31347
-57681
31463
54072
91
50161
86117
10731
-84908
49493
-98869
-48658
-44294
59932
-32237
52446
15375
91260
85297
40070
95127
57142
-20379
26694
-26187
71124
-4368
43231
-19854
-23807
46499
-66914
-29667
23108
-90094
22115
68940
76699
-53144
-95794
-96384
91824
-54124
97413
-73177
53498
-9502
20259
64314
15859
25956
-97600
48967
25841
-66418
76185
1673
1124
-40862
24412
31475
-97749
-28416
-39981
-47028
20499
-13025
73898
42739
1964
-55271
54558
-44796
-59702
-61472
-68412
-83117
14869
24014
54132
-25003
-2675
-91941
-72816
-48929
94495
60648
85172
-46714
69148
-69640
55356
50597
-5924
20478
-39636
37372
-99090
-99248
26688
29237
7930
46779
68753
65411
92214
-96015
-91743
80803
7745
-23650
12227
-26172
-22945
65881
12586
37699
-53614
7989
-81780
-14001
18385
78390
12722
43692
-80280
-88928
-6817
-30957
-49941
68907
-23206
-70602
-31912
-19180
36954
-77472
72392
-79027
92558
4667
-12014
-95851
1414
-72916
-18435
-61406
78401
6041
-70561
24058
37076
-4662
-11562
69600
17587
6957
-35166
43500
-3553
49907
73950
91828
-23764
-49511
-53095
38886
44270
90625
981
70328
52672
-84546
-51429
-63306
92976
85871
79737
98042
43594
42178
-45478
-91718
72063
90970
-84544
25595
8114
14539
-98400
53540
-21600
4930
-43046
58733
73961
53570
45331
-24074
-71873
-69751
3185
-78284
90154
-51951
86002
-22202
-33099
-90126
-73431
32166
2809
-7260
-36457
94202
48387
-86045
-5854
-95030
-13403
30891
-86476
-50611
22870
41827
99315
11164
-60474
99222
64984
43656
-85693
82268
68142
-52217
80961
25815
-70039
-54391
22793
34969
-66655
-72215
45569
-98077
-32983
36799
-78252
-26424
45392
68946
-15427
-54031
74548
-8150
-33291
-99591
31870
-6908
65783
47800
49213
-29409
65900
-59682
-82974
-25164
91001
-52491
61718
77698
-17119
86920
-12172
-60153
85143
59490
84134
-15797
52516
-90897
43871
-78251
18673
32960
65778
74241
91186
44074
-30066
94890
41455
-80435
97559
-24639
-25552
-11726
69345
-35265
-15867
55054
-4213
-11465
-34577
71652
-78986
-74556
-84369
28614
54177
-44510
-43480
18299
-48734
65689
-68173
-3844
83011
-56172
34559
73625
1015
14736
31651
45817
2360
93488
-34110
24446
2110
15085
4698
-23161
-611
24938
50217
11599
7548
2661
64252
-98958
48557
66378
-71019
-85360
95022
162
57912
41354
-3653
-7832
-44910
83242
9806
-88004
-86201
-3745
60661
39345
-33065
-65563
41805
-29503
-29269
64451
93408
24864
-56574
60526
8921
54061
68083
-13173
37856
-55355
10462
83986
99862
66162
88115
-30898
16942
3329
-88546
-77567
-99482
-18191
-11186
62756
42849
94151
-66591
-49269
-36317
74175
5230
-58585
56552
90525
-10770
27942
21409
36769
15175
7477
8524
46296
7735
17125
66735
-47025
62617
76011
-82256
52771
-22761
-32575
-39724
-12940
96749
88555
-81646
-99784
-10027
-22700
-6957
12331
-1771
-72873
-39927
15780
29857
51161
-20631
40963
-57170
-54317
-61626
10503
-74156
-56339
-30068
-98692
-72482
-8506
-24171
-68591
60274
13008
-80149
60616
-59625
82777
21723
-71610
15464
19172
77362
-70262
-94956
89141
-25129
76922
59599
-90324
-252
-30567
-16103
-34231
17955
-55786
55081
-39986
87169
-33283
-81034
60930
54257
-94128
1313
59345
35328
-84111
31490
35089
41168
19062
-93107
-90273
-3117
-60001
91681
7144
25510
77731
-36307
68932
98311
-34458
-80705
85052
30709
-97848
18218
56876
95011
-20521
98068
60484
70936
-83484
14042
19240
19942
25779
26912
-69833
18564
-18100
38136
-9879
-72182
-58450
18285
59602
80137
74275
238
-80765
-5755
-86801
45842
-29360
15505
92706
54412
6187
48197
99341
58284
58351
39709
31761
-32049
69433
-35855
97363
21797
78641
-50099
14411
-53667
90215
-6932
59196
16943
-72233
40150
-78722
83333
-41457
-77037
-31113
-33337
3496
84170
79208
48898
16751
-73797
15779
52788
95080
65750
56539
-34634
71400
-14282
-5164
65350
-17567
15421
66681
82160
-22021
-97972
-74036
76697
-14115
351
-50825
-74392
-95030
-30012
-19838
31506
-66648
41526
8990
-33344
-66979
-5478
-38626
28894
-11694
15061
-90363
44994
-61927
71880
-9094
66551
-36245
46697
57624
53222
-42422
-25857
-74910
6560
-40315
21434
77204
-50742
-65062
45740
-96492
-2266
885
-25112
84999
97274
-1257
-15882
68800
13279
76690
-98193
-55532
26791
-46288
33211
70217
-8532
99572
19621
19181
80369
-45832
4376
68546
-81672
20149
-57863
-8233
56480
69281
-4128
-87566
75831
-32909
-4877
-14679
1892
-97854
85601
90000
22506
37323
-32007
-30452
-14758
54162
-85020
-42554
46808
17823
-81083
-24325
-1913
-67095
-22164
6769
25748
-36207
71025
-39164
19356
84997
-58189
-33441
-4421
-4539
-81747
23366
-8526
14914
96177
30031
73396
-41310
-35387
59569
96653
27553
22167
99316
-8464
-37359
-4131
53000
-48549
-82750
-24627
38450
94313
-22724
66998
-86367
-74636
40361
-32454
-78113
71204
88528
76584
70435
56217
-18116
61178
88387
53297
54395
74216
37254
-34186
-55422
85542
22231
-16217
-74898
95681
-95274
-13791
94309
81170
37065
-76246
37595
81180
-43664
97050
92976
-94200
-10506
-58073
79095
-93126
73667
24395
-95470
39439
-48530
-77100
97849
-81418
43920
-40632
-94567
88616
90996
53938
-22439
98181
33450
37325
35831
63052
42875
-67892
16721
-75977
69430
-34556
98496
5041
-86615
-26889
59487
-48331
67180
-93058
56937
-73212
6999
44370
-33088
58754
46227
-65097
85514
72110
94094
-83195
-32138
-8324
-83512
-25836
20701
-47087
-46581
56131
-189
42843
73783
-603
51324
8458
-34053
1993
-70997
84846
-6944
89701
97446
54318
44159
-23393
-43339
12898
-15533
60407
-69510
-18930
-49815
-26541
-11798
60156
55732
-86680
-72199
-98251
-65795
-97661
46228
4443
47543
90546
-94008
-64218
-2832
-5039
15872
-13191
-46108
-74124
-23701
12064
-40660
46766
85756
-51735
-12141
29436
-33525
89500
19145
-13231
54809
-27176
-33551
71743
41072
3979
-94123
79807
-21399
93837
91641
-5795
-90296
-10342
-51379
45635
-47999
-90710
-44932
-74784
-71714
-54417
13025
-62028
-25288
76522
82329
-645
-73118
2218
-80141
62963
-59738
85091
43076
51020
-87641
-58329
71704
-78036
-87195
14275
15299
25883
-73761
99449
-76907
22866
211
71573
-88725
30811
4769
30766
-89502
-48604
95758
6843
16231
78118
76132
-2225
-10966
23213
89590
-74446
-39823
-50621
-30848
48990
37897
33533
70701
19731
-29865
28193
78579
40535
68044
72114
-78310
-49906
44662
56155
-40102
36017
80884
-78988
-52575
82222
76674
-87885
2867
3292
24754
15858
34284
10777
1340
35672
96481
-32381
-94932
30247
-37275
-47537
18745
-86494
-39129
56457
-50698
-47719
-85832
-4312
81826
-73838
-54613
-86387
34714
-99178
-31978
44632
-8914
-39083
-91852
-93401
23888
-15946
-91668
13357
-91224
-83521
-54547
16746
21701
5598
38768
-58036
-78929
73234
-96289
-59806
-28712
7673
17364
-72135
38640
-19658
72058
-88875
-51240
-44290
39248
97869
-78738
22144
-87796
-48764
-79417
25007
47708
-91264
-91973
3565
1479
-60440
-7591
1045
57970
-89122
-13957
-66075
27007
-65353
-14411
-89977
94800
-88557
-10521
-54662
49129
28382
13042
41121
45044
-35358
73479
-44184
23453
-47610
-30437
-97265
4445
38822
-44745
-63915
-53547
-50160
46315
25281
61392
44185
28450
-56497
76971
26843
66193
53878
31953
37260
-92086
-63086
57566
63675
-56531
84467
-63067
-22167
84733
80834
46221
46657
-87728
5258
-35690
-92811
-91296
-13206
93177
-81417
-56128
58710
-70994
10641
-30936
-62971
-80121
61346
87537
-99973
41594
38070
8156
-68685
13756
-30976
-67252
42792
-25272
45878
-40364
36352
95998
11785
-44885
-13866
-90135
-76224
-44548
-89566
-31527
-22928
94746
-11257
-27729
85850
60113
52730
-30985
94561
-14440
-38390
-29009
-40538
-9310
98767
89254
-70718
-61997
-74317
-46400
88799
-49264
-4840
-95658
-65292
-36753
35941
38074
-35173
-52146
23280
-67944
31056
-69505
-84151
-85192
42056
-78687
56481
-801
37419
-76534
50838
32661
15024
-11360
90012
-15614
1236
57607
78089
39218
46455
-46988
-54275
-83144
-63021
-82592
52587
-7506
-19559
-22951
22985
78682
-46998
-60750
-93232
2988
-45969
-2533
-45072
32867
22613
-77749
37588
53328
-54424
-47079
-15027
6963
91019
-42709
-4323
58433
-75247
27333
-8349
78919
-53380
-79101
92510
62568
35600
-27486
43359
-89342
-45358
86008
49296
75695
-89950
81348
-70374
42664
-74382
-4064
-98696
-20861
13602
-80109
78102
-7715
44346
21955
83749
30738
-69565
89031
-80194
-50903
43714
-17829
55280
-2483
-66606
-43092
31208
-26506
-78755
-54124
74364
62119
-15753
-29280
-72876
-88880
28503
-81140
-90763
-82669
-47310
-31280
-74133
24483
38581
22163
97747
71625
-39841
-27394
69506
82049
-31238
67692
63573
-23359
-48396
-25859
-92842
14745
56990
8458
-22200
-26699
-16768
-23822
-44400
-76800
-82602
-18669
8128
-67741
50284
-87787
-20032
50091
-75887
40928
94619
53065
29115
98029
-31516
-9934
55735
-36870
-21565
70311
81610
-90793
-16865
-61297
-53206
-6690
9385
-96512
-29550
-69568
51907
97692
75590
-73607
-43316
-3880
36387
-42779
-99062
92952
82018
-19411
370
-47754
-62423
-72358
-9962
57762
44237
4810
24364
93859
-4887
97599
-3466
84284
-92780
1941
-87469
8873
-86143
62860
-26590
-28407
95800
93187
-77553
-22315
-94419
-14074
39227
30542
63738
46334
-82612
92021
-24898
57351
-59506
-15564
-83631
84895
-97468
-29606
-3165
-93639
-64368
-68540
-27920
1009
-86982
-85609
-37727
-57189
91040
19561
-33917
21300
-31493
-83457
28636
21178
47625
33265
34479
-55593
69980
-97686
29966
-65095
-30273
-2164
-52713
61437
-4416
82736
-76724
75785
96159
98187
54547
-61703
27537
79660
45062
-93584
-72719
79201
-39560
-50863
-60796
37242
-20794
-54586
93863
-63771
27541
-26691
-12200
-26760
5421
26931
11997
-22642
9393
42152
-74028
-61944
9210
79922
96408
-66827
89232
-57298
-31539
25676
-34108
-15151
77129
58582
-44115
71388
-66209
-67416
86589
-76242
55497
23054
-30337
95091
90993
61892
4719
-70597
80668
64990
79541
54821
75060
36103
-67072
15034
-90960
13606
-16516
-93930
19362
-10148
-78289
46912
-95203
2410
-49547
6875
-68096
3184
67094
-57674
31332
-94320
-46207
1534
-64738
41777
-60696
94163
46065
87583
-87561
-4809
-78829
-33520
-68879
41443
33178
56962
3370
-69196
8643
23551
32155
46850
78111
-10494
-25051
-39919
21467
-68428
-51227
-29151
16874
-45425
-37264
-39584
-61487
5924
-57749
98880
-16434
15927
51658
-60509
-61594
11400
92515
-97615
-69622
-43987
-16658
-69620
-98907
67034
-58661
-48101
9477
21635
-92464
-59773
11107
-85544
-74306
7796
49168
-11537
7519
20191
-32577
61696
-46066
-15995
70249
-15799
-25854
21867
30752
42898
-31704
10730
-9804
-92213
50461
22691
-10564
-31215
-49787
-94129
-51006
27279
-1589
-71244
-2163
-55999
-43467
-86669
-69877
-85548
-46878
31230
-92517
-69782
-7197
-1432
-97291
48121
70452
-7211
61559
-41773
-2218
-16240
-95092
51264
-89334
14651
-63493
-52345
21291
-91039
6154
-26868
-55511
16936
-33588
83731
23518
92066
-97138
-88669
-95794
-7230
74714
70213
20416
-70677
28838
85228
-88717
22244
-16292
-88402
-32769
-39704
-58873
-84624
-1334
-87653
50135
50337
-38877
-66410
-31023
-58531
-56642
-24477
96790
-43023
-64308
51076
-75187
-18498
-52617
-70994
94512
-26250
36855
-77613
-80976
-49788
-86700
-77731
97862
65864
14712
63990
-59305
-75200
-46608
-81340
-5821
84354
42431
3634
37259
-84763
64543
81962
66780
48192
-3691
36639
-59012
-88502
-95569
-54394
-10544
-97248
6877
22820
-48697
8870
76778
10498
31527
-8507
53653
-81858
29170
-14766
-57392
-88836
-71500
-53618
-75884
95225
69612
27146
98143
-9664
-86251
-66845
-72885
29877
-9520
99243
89228
62542
-65745
-53528
-34490
6690
-15008
39670
6153
43993
75124
-32761
-24854
-42364
42891
-26357
47679
-43450
88862
-24853
-25546
-31761
10025
-65298
4434
62633
-72013
-77953
-8636
39371
43963
-6330
-87902
-56309
34113
-62030
-12922
-21744
97326
-35112
49606
12326
-59232
-86347
-80117
-44085
-89194
-8369
-37104
17894
61173
52474
41209
33815
13749
-38857
-24563
26409
-65941
82359
-91694
-80028
9011
99197
-14012
-44416
6713
-24799
-15375
77876
94116
36784
-92940
-35541
96289
-22671
26956
32728
-63353
25667
53080
-14112
-38932
27042
94129
-29194
-98236
56648
-69852
24581
54768
38192
-51830
-96954
33707
7029
-54522
2801
36684
15577
-12773
24208
99768
-19614
91816
98670
-63576
13407
-45824
80687
72339
-80503
78570
37497
-41224
-15612
30706
-39984
30922
-85243
3498
28096
-16777
87757
51328
20211
76183
-70317
55037
45346
31790
75135
-97576
97960
-13282
78739
75061
49778
96556
-11996
57021
-47533
-42836
-97530
27546
-19788
-7028
43399
19727
-96151
74427
-76463
54515
-46690
-33548
-73805
15368
56752
-60245
-25095
42684
-76520
88082
-11401
-65477
-25598
584
98405
-50577
90364
36319
93348
22741
-16822
31816
80991
99389
-39786
-2787
-19187
59038
-89084
-10933
2770
84563
62372
82650
21189
-32010
-70655
-7781
6477
-91560
-66282
69357
86628
40858
-64224
-22421
-13635
95531
82127
-81418
-49854
64990
26198
-50982
-30474
93478
90721
-70177
-68742
20146
-84890
-78289
46955
23839
-15339
29983
12136
-41250
-86423
16155
-2767
-9116
-22304
-33357
-49685
-21497
-20345
37500
80128
316
68271
70884
-26397
-95574
-44996
62806
17457
-65430
7771
50950
82611
41630
14355
4441
68800
-88405
35701
74420
-23425
-25004
-75282
41504
48843
-42444
-21445
70103
86639
-65768
56251
-29138
67216
41847
-27360
-72226
-24278
44430
-37889
47088
-24526
-29092
-86520
-62331
79579
-41545
89103
56255
13941
44618
-90040
94672
-61585
36396
1106
-36131
-27011
57245
-13462
19086
-71659
-33057
-45504
68917
94355
-53969
52454
90200
80316
65502
-6811
72732
57823
5137
66858
-39280
59095
-68975
75102
-44844
-21970
86736
1939
613
-7524
-49863
-24614
-25978
-78931
23154
-29647
68363
-96192
80497
-68455
-21371
-24917
24312
-91258
29317
27132
-50642
-25488
1359
-55909
-14628
74695
66589
-93493
91905
17795
-32244
95055
-20718
68441
-16601
38121
-37039
-22711
-41329
-6467
59976
-69548
61444
35157
-58270
-8948
37010
-71170
68775
35907
60186
-80497
3474
-38875
-15172
-55863
43537
-86366
-76898
45466
-73127
79107
-50724
-22916
45283
21022
88140
45562
4678
-71963
-22164
28563
63602
-36520
-41558
86199
14406
39451
-38768
22190
-73649
-42078
57995
95704
66270
-5304
-16682
86223
77509
72447
50248
81320
40941
42210
-66250
-91111
29207
74087
-47162
47604
28525
33584
-68271
-76782
73796
-49472
-16396
-77749
87409
-25334
-14604
-29407
14085
-92571
11467
-90756
29094
16669
-27245
15440
47819
21731
67342
29146
-10477
70564
-70768
-6006
97731
-9545
18953
31355
95835
-68881
86003
-33379
-22253
-54384
94676
23604
51575
16351
-79632
-70407
80796
-43118
-62961
-83490
38846
-29017
-82010
-64529
50871
-61615
9061
46228
47390
-53300
-64099
22899
-93126
49874
75531
71730
37410
5478
-78907
69146
-73550
-62963
-7937
-94825
70764
-60388
-5126
42780
-24792
-23763
-89909
93475
-48007
-1429
53572
-90286
23070
-24243
-45951
94457
-59102
16224
-16368
-41864
-2543
-52292
56702
-35074
-89833
-73896
-94662
58348
-8714
10810
-88535
-73705
-63837
30151
48581
48492
46014
-91912
93426
-45905
-50899
-62227
-545
52892
39700
86684
93461
-70802
85298
-90334
-36448
-7555
93403
-34374
-41706
-12670
34254
-49845
10440
34423
78706
3355
58181
-91431
-36110
-38878
77509
43151
13809
-46983
-51783
83301
88172
47345
13229
-63247
-89877
-58752
-73450
-170
-47388
89687
-41090
23782
-75412
-58353
-75831
70755
17882
-51967
-16605
-22050
85114
-29260
-54968
38209
43115
-8591
-3153
-82136
24022
-7501
-41452
8169
-83381
-77189
30112
-99276
-83206
33919
-71112
58518
93642
23298
-62753
-96552
36185
-22401
33417
-31484
2897
13311
7933
64327
62691
99978
33573
49394
9251
-81670
-62155
-11877
55360
16363
-10634
-87392
3806
31630
39470
-8885
36114
-49187
16814
-68399
90553
12137
-72584
82805
42677
-72306
57290
-42038
-87482
9545
28107
-34923
-43775
-64992
-19183
-28016
-97745
-80961
-85043
-56053
-21564
-92061
-9260
75758
-96711
92655
-20086
41753
84873
-75556
98989
-33492
79942
-32114
37755
-14046
64597
-73599
18881
-18984
-33012
17826
57602
-74964
20070
62970
-76160
-90687
-82719
-71867
-93078
95006
-99275
84705
-64479
70262
-19088
-89118
58345
-67774
50418
83202
-59479
73994
-40701
92918
-55330
-4540
-22772
97435
-77470
-97069
-92935
-9585
-99755
-61008
53288
-52131
-15643
49510
73166
-92272
-4480
1591
-5593
9192
52371
-50340
90839
34475
-67139
-96086
-90078
-26158
99733
45904
-39803
-42972
55060
98621
-5137
51105
16801
31070
96095
86868
-23624
-26619
-34149
-11956
80374
-93083
38666
49956
-52797
570
-3921
42813
-71332
-51514
-97022
70861
7035
-95435
51628
58577
42918
35554
72160
-4258
-9903
12210
63249
97365
-70927
-51874
-66285
-34699
-25121
-79857
-18734
-6005
37668
11490
-21591
-95356
88871
-13621
-61600
68067
72304
-14059
-41787
-7603
-30184
-45817
54373
-63871
-35568
95395
37031
88358
-75382
51400
5830
-54659
82759
-45577
-51863
-25610
43774
-88014
-47967
2590
63078
-4416
-10690
-22219
-89824
-33138
-46386
-62690
-89340
82287
11507
-37265
-87801
77828
14368
-77080
-80634
62839
-27984
-93375
15153
62689
63715
-30500
-61033
93836
-69131
-15846
24713
-95598
27869
60682
30190
81572
22111
443
-11101
8743
-58290
89906
99404
62456
33634
58423
75068
55952
-82319
-27318
-73027
1475
83342
-71309
18172
-19101
-97989
96887
-50284
21505
-64437
-68058
26037
66259
87705
14290
-73167
79409
-21089
3098
-84189
92538
12340
28644
-66116
-93037
68068
-23383
-44437
-58353
7149
72553
-46040
-42261
-42348
-78208
11422
-47952
28130
-40879
70195
55163
-15297
-90914
39733
8217
-24599
67194
-30302
3276
-71471
45909
-28460
55211
71250
99127
-60473
88165
48399
-82104
-71736
-84442
-70425
61259
3132
7570
-55976
90219
40075
47598
-54355
-32658
-46361
17310
-24987
-4538
-55875
-67703
-53598
43206
91446
-99944
-4022
-16654
-29782
60510
67902
44783
-71646
-27950
85365
8025
-7800
20279
11956
43891
96365
65692
-86292
-24327
-17673
-73665
-32720
-68206
-84059
28301
39761
85666
-13055
-97083
-96360
-14853
98721
-55942
-95649
88563
73369
-61193
-30644
46608
34496
19836
-52885
-86944
-35
50663
81511
6758
-69777
-94994
-89499
41134
74390
87625
79806
-24574
84769
57581
77078
-6091
-94923
93810
77085
43036
-48298
-38186
-23646
-55203
35989
-43494
75215
7711
-13098
40650
96517
73249
-23811
25498
83925
47078
-39499
-14228
62487
54286
-14243
-58514
53611
6593
-96049
7585
586
70660
-79091
83444
59847
95213
63626
-93234
-15512
94643
-93485
36715
99099
-95649
-10024
62238
-16681
32223
-12709
94964
-5552
-77127
57524
-21447
49814
-27299
23038
-82796
69579
-48813
4130
-58675
6975
28819
44542
-69904
-46678
-72141
23729
-21495
-69947
-58117
-8315
93134
85509
-69164
-74950
12508
-37451
-33313
2475
47706
61807
-18781
92255
-33862
-64266
46814
-17809
72414
-60301
13052
94095
-59241
-99509
30693
-81990
44488
-47463
63793
-78082
77417
-63795
43895
93537
-17497
27808
63747
-87377
26665
86003
31525
51297
-44434
75779
-95194
-41428
70034
19083
86294
-19741
-73744
-2185
-40767
69321
76128
-2112
6528
-49097
74785
58792
-50325
-19482
71186
37140
-45268
-6950
-80677
-9215
-81873
75308
63273
32548
-14667
41650
65110
69474
-24760
9996
39590
-66327
-15543
-31794
40173
-52375
805
-73275
89743
-73229
-6426
96104
91040
46956
57894
20445
43881
-2323
95262
-59484
11020
-36741
-27940
14372
58495
82590
31315
92560
-38604
-71072
-49140
48950
-50663
85476
-99589
8804
-75333
82720
-86996
-23497
23430
-13832
-89508
15041
-3545
61944
16036
38230
7826
79918
72080
-25676
-13793
69986
3342
36044
-39665
60275
26050
7281
11245
-64496
79543
97756
-39152
-45041
1135
-871
-22659
63853
-45285
78418
44073
33187
-29466
72374
-27301
673
98219
28166
34544
-94294
-27448
64700
-72967
-39221
39818
-10472
-66241
39993
-85689
14024
13350
84806
42379
5811
-10961
68032
-36822
41762
-38633
82726
-60171
-6581
96477
-49848
-41017
47228
-15263
43322
78591
68129
-89880
98868
-87608
2226
-85252
-8375
9235
-57797
27568
-12094
-13530
-36663
-90367
-98089
97742
52974
-32424
-567
30512
64370
49837
-13217
-4610
-11370
-78395
-78534
18565
26693
87003
17239
-18718
-29350
-70243
59745
21013
93064
24653
19505
84525
-20886
63112
-54237
-5341
40296
-78300
-46762
-90941
-7102
-93838
81215
-47867
572
-54877
-45974
35130
-71257
-50682
54479
33698
-49529
-94545
44749
90650
8358
-34188
83014
83186
68148
19793
-14570
77661
90585
68395
-28240
55042
53465
13937
69207
20143
88803
41247
5303
-26067
70134
-21412
-20194
3438
53489
-90684
46554
-30109
-65995
37312
-60049
57962
-9800
-41328
91445
-65179
97193
12266
64012
63526
-12101
32124
56381
-5626
20433
-50994
-20113
32469
7428
-35837
-65085
-6037
-95916
70846
-35444
-96099
-78616
-50718
79790
-2485
-69821
-6031
38482
-29737
48518
-53482
65795
-88720
-16036
-13186
-82392
-63988
-65851
39648
42462
-15436
97411
69982
46962
62713
40027
-22717
-24520
-60732
71048
3180
27978
-38197
-22078
-12412
74528
68832
67621
-22040
63689
97443
38530
85225
54148
-44520
-49985
-6097
98749
-56813
-42133
26938
54823
68688
38114
23940
55858
-46817
-4007
-8893
-96534
22460
12039
-32245
93356
-43267
35313
89551
-58427
97636
-90672
86727
-98136
34196
85152
76334
-89908
-57951
-51256
70499
-42848
-96256
-85471
65519
-80340
7709
29412
30438
-26619
-55732
-9163
-12250
91180
-31081
-5306
-3715
47365
70902
96809
-70809
-57745
-40548
24374
48564
54148
73006
25877
-69560
32366
-40626
-13847
66812
-35804
38998
94362
50979
-59328
-10271
74492
40487
-1793
67075
41377
86993
-48876
-25320
-91336
49255
-80919
42170
74336
56303
-87373
-58484
-54643
21842
-38992
51891
-35499
-57572
44032
11493
70040
29664
91038
49689
-67254
-12168
-51399
-45730
-47201
-75926
-41357
-67320
71633
-86681
-52619
2245
66001
34541
85421
32781
83400
99980
-22747
-1160
-95672
-8187
68801
-97623
-75308
16589
58645
-38488
-15864
77362
-32288
-6130
63142
-89323
60329
66521
25599
97237
86901
23327
5819
-81651
-91678
72480
38917
-48013
95780
-15436
-15851
-37023
32793
9123
38107
96112
56330
-62381
28869
-10880
20544
-10788
-43923
16725
16001
24056
90850
19932
23974
39318
-47086
79563
28058
63885
61329
84134
-93647
94445
-60984
-28835
72162
-91918
95933
-18541
-68125
51986
8570
31481
-51233
8054
-23075
31321
46615
79493
-82372
29615
-36718
27355
-7054
53873
-24574
-31400
-9334
-94288
36213
95253
-74937
-32618
38964
-6798
82958
13071
30396
58251
27185
-22523
73238
68809
4889
-25277
-37355
-86444
-98801
68411
-5012
-76890
-39385
-43677
-4439
73915
53513
89721
-33582
-77723
79069
-63448
-9125
78971
-88493
22659
42241
-93647
-2292
-33106
-74107
-90685
27880
-53988
-24184
-20404
11693
32050
-16512
-525
-78704
-37302
82388
30020
-69596
-86123
40538
-13411
28828
82904
16618
-95809
-84994
-28521
4319
-79868
-57497
84751
9450
-37776
66933
98140
85906
67231
-8108
81915
55308
-34018
12008
-95446
29234
-23530
56916
10476
-71581
7843
-64795
-74328
-40968
49732
-54049
35377
39134
-61205
-53534
94945
-23787
-80397
21367
13662
3716
79601
11325
-13826
49974
-18590
-3606
-9529
57653
-6972
-31296
-34289
77121
40578
26063
72450
-82323
-67193
43872
89794
-68137
6516
-21563
51177
75586
-98004
1915
-73942
26642
62796
63289
-3115
95907
-87368
-69800
-44999
33350
-6127
-57890
23395
22040
-19198
93544
67589
-58239
-15622
66676
-51278
-62138
5940
-2360
89478
-30452
13617
10179
71971
66218
83400
-23682
-34090
-58199
72340
-96289
65239
-52453
-48117
-22982
-64657
78485
-95890
-221
16692
-11766
98396
43796
-656
4101
-42558
-7305
56480
17474
32557
92114
42264
39466
-82880
7181
-67452
35242
98497
31968
49865
65391
79053
-20643
-83063
80575
3244
94295
-49211
-54153
-95937
-97234
66526
15197
-92266
90104
-31244
-63135
17886
-57266
-84241
-42251
-27465
26032
58588
-55226
85796
-38890
63599
40149
-67748
8788
-69721
2679
5885
-96408
-12081
-20443
-42400
676
53472
12929
14343
82354
41540
-55962
11571
77321
-13003
84650
49555
28587
-58300
13235
-71658
-28776
55414
-62862
96418
-42861
96200
-12799
45213
-50546
-68524
17429
72040
81716
44876
15328
54699
37395
32866
-40250
21387
-67163
-81270
-76807
71416
25785
-87081
-61389
23140
90819
-24318
-98801
-79794
70972
-18806
1349
96572
-51849
-68171
98304
-65081
99394
33268
30814
75472
-63051
-4380
-20925
84945
-34982
90481
62554
-33202
-66247
-13419
92394
93161
56382
-3202
-17840
-13547
8905
-44338
-74913
70115
14290
92092
88209
-64136
2295
-34984
-79832
-80416
-11100
-20437
40229
-69829
-23650
-97988
-23772
-92587
-27604
-43153
-24110
72212
-79838
57289
-18292
-1014
39691
69134
49494
-85014
31026
-70837
-89547
-49064
-12339
-7632
52010
-43623
5959
-64939
6859
-70102
-9879
-35427
-23425
98156
-81628
-22472
-87467
51068
17661
21570
-95358
30817
10069
-39287
-97931
-45601
-78252
61612
36889
44456
-90638
16158
-94106
-70094
84450
-23030
-45468
-15772
-90725
-84079
-22658
57706
-11133
74926
-83969
-25624
-59782
89275
-45589
-65910
-69503
-43379
-19204
36282
-87418
47417
14392
10475
-29875
-26886
-22229
45394
40572
-96085
-89081
11829
-57277
83566
-10028
49563
-9434
18799
-55467
43619
-17752
29507
42873
35505
-74794
8170
-14726
-66301
-51667
36339
99350
76450
-23127
93567
77608
-47821
-85141
-83043
70563
79725
58949
-10155
5290
7461
-42907
68800
74510
-26939
-16547
14676
21220
-92965
74763
56958
-62142
39757
-39254
65448
83287
4907
-37133
16090
38820
-50019
54577
-72516
24347
-68933
60640
-84935
-13358
81147
2049
52544
36132
-12859
-62787
57508
-23068
-2781
-46285
4132
-71681
13204
-68960
38212
-18835
-23873
50794
91930
13331
88133
51465
60453
59129
13167
4882
76310
-53661
2183
42914
89715
-36210
4930
-20061
25553
-93495
41370
71102
50751
44717
-83142
38813
39810
122
-99053
-85541
84794
-68145
79116
-33653
61731
38533
-90858
49698
77239
-63063
-84899
60226
-65679
-23339
59802
-95708
-16019
30698
-18619
-48480
99307
7276
61224
37020
-60493
-45190
7247
-44593
-3822
-60952
12828
-5007
84034
-76229
-90761
-75135
488
98816
55266
-38414
-48010
5385
-16854
20211
2289
98053
-67911
-83238
47053
-99397
38729
-82964
-45260
-51421
91123
52875
-22811
92577
98597
-81412
42873
69279
-46734
-38828
98305
34181
-13564
58687
85452
7128
94893
43693
-44411
-63060
43930
73434
-2440
-68281
38120
-43080
15541
-54956
82513
54138
-20211
67265
-47617
-93121
92409
24630
-35455
12762
-52901
-78351
16411
-13190
-90852
-11006
67255
10491
24564
-38240
53114
-91320
34120
28775
43698
43754
-66707
99375
87467
92402
-56694
4042
40609
19199
32028
-96871
39119
-23315
24084
97931
93478
39642
-53093
1076
-92647
65366
-46219
22470
44117
85030
-56253
-54482
-51122
37301
-26270
-70643
75253
-15400
-76878
-30447
-90554
-60420
-90959
25456
-15107
43119
82309
32897
17640
-86585
67864
81847
21016
3443
-44579
19834
16753
-33636
39218
22563
22945
15351
-46818
22740
73837
-39190
80441
-12302
487
-85928
16619
-92031
-75076
-51189
-42100
-91942
83945
-58563
77483
72971
-18162
-20413
92075
89291
63579
-61417
15815
-53928
56103
-89600
44981
-16401
-13601
45024
-94552
-25880
-71077
-17382
368
90987
79500
14429
-86979
97682
-52206
60946
-31935
-91619
-20438
-81058
-7053
72652
-87931
51924
81327
71645
27571
7290
72762
67234
-4546
49846
-25500
75390
-77100
-4074
-32762
76540
-46436
-95047
73131
-89589
-51863
-13156
-43317
-89510
-21940
73157
20531
65740
99971
4934
-41024
94360
-9968
96302
33289
-72639
39781
-42030
-5347
36012
30971
-33741
-55839
70627
-62526
-97012
-35300
-40923
51
-36037
25678
49831
-67071
-60279
-76614
33644
-24466
-5736
42885
41980
-6919
82984
-88521
17028
17140
-59707
-96738
49737
564
35217
94033
14858
-32477
-40982
-31790
21426
-4305
63415
25997
247
43941
-52204
-51651
86290
-52840
-84073
59438
64155
-58501
11263
-43683
63040
10895
71481
10875
-40799
-60171
66894
-87408
-9716
41893
-98452
18941
3024
16631
48782
-82214
28736
-81377
-26997
-86146
-49530
10678
-22151
76764
-50143
95411
-64645
42442
-43460
-84424
74286
-70691
-41108
54217
-90644
-76239
59910
-23529
-61445
75973
77595
-6277
94422
-28605
62162
60414
-9579
57564
-22752
-91052
-90373
55314
34150
-78102
-28900
-89329
-8474
4501
76393
-37837
-25373
95017
45594
-98133
87061
46507
12726
-94596
10054
-32418
29826
-74720
-1012
-64903
-39612
-1337
73507
79930
33458
91134
-22362
77204
-28868
-36627
-28694
70532
81971
83898
74104
-20734
-76332
73996
-88732
-14446
66997
34666
5454
17081
-95989
-7807
-54667
15053
-31722
15812
25075
-9946
-24534
-2770
44569
82225
73754
-66973
94439
-82589
40258
-95116
-33752
-29687
-91087
-28734
71272
-42306
-94351
52409
-20589
45751
-10571
-7746
79724
51832
93727
31396
20518
-59095
-63125
-32553
95203
-42685
-90053
-14245
-52602
-8219
-94465
-61457
-4297
1027
91392
40203
-53389
-84163
47818
35913
18572
-65714
-5260
6304
-79868
-8165
-26227
53066
-11006
-99541
18405
35336
10671
-15882
53813
84412
76656
-33450
-6100
-7373
-60928
-90150
13719
13061
4648
81978
-59285
31125
-95970
80548
-73486
-28556
-7304
33717
17360
55970
-65141
-54909
-64399
86196
31525
-17961
-85166
-92527
-2526
4408
89896
-71786
-9617
-96990
-3728
-52902
-35303
-65578
-68012
91723
25937
-92597
18039
-32265
85182
-69054
18782
-58905
6207
56503
93818
-11674
63484
-3661
-89770
56863
81575
-14530
-49575
60196
13333
54898
-80007
-65397
-76941
-6676
-80835
-525
-24666
-33701
-91540
36964
-13501
39482
-65129
79892
808
-76006
23104
-90170
-49291
5784
84390
63053
74090
5423
28974
78511
-39329
-922
6255
51685
-62118
94442
-55270
85566
87440
-25866
-59707
77602
44795
-22290
20754
18996
-12524
48396
-74880
-14127
34158
-61007
-95410
-93834
86255
67869
-81977
56766
96683
21562
84911
95496
-56290
-66797
83528
67319
-65978
87074
75201
90771
-41637
72838
-94788
-7476
68652
-34861
-34053
81439
36120
-18236
78246
74706
2021
61835
-47429
-23079
62848
-73271
43602
10907
52177
73306
-93940
97934
-18630
-91577
60824
52862
89197
41119
91681
56749
69607
-61537
-85097
-37803
-88819
-86258
16281
-57271
5153
74406
-2116
25657
-99295
-85588
64891
-11948
22780
-35039
80187
35912
58098
91921
-63687
-3931
86279
-63224
-88750
8543
-22045
-66460
-1938
51058
17225
82758
-2294
47904
-29006
-52126
-19423
-53802
-42362
-32714
-12489
10477
47990
9368
84354
5836
-99528
-19545
22517
66282
29536
-75485
-41622
95985
-58856
48473
-31509
33022
-86596
-40521
33948
-31355
-3308
-26690
-7031
-52910
5295
-74091
51528
45930
-20840
32185
90507
-14384
83000
64466
-89084
32931
3144
40481
45493
-58908
9648
29654
71635
53078
34177
31742
-30890
99326
69004
-67558
64224
-55862
-89955
4171
-95417
29710
45783
-29783
91393
94121
-38931
23794
-55317
-34682
-56198
-61473
-17610
48703
7230
-46638
-66898
82587
91638
44460
48488
88504
81879
-65476
60104
93252
-59802
93330
-57364
-50011
21303
82033
-86599
-3591
53056
77922
-14656
62327
91033
-64347
-94324
-33548
33746
-32765
14538
-32062
17392
73791
-46506
53043
37574
-12949
-7202
21755
-35347
-57194
949
1971
-72672
70115
23926
-26758
-14346
-91851
-5869
49398
95356
-20602
-83143
-54024
-39954
52695
-47903
3390
-30702
-17854
58742
20178
73970
-37781
74846
-24881
-9420
79509
-70360
82563
-82921
-59056
-18160
99696
-94452
-70000
27953
94509
-74961
28634
56520
1514
-46752
44823
-71008
90192
-37693
-10613
-5856
-45369
-68912
96863
-13651
-50671
-7785
10586
63869
-53165
83860
53358
27962
-50380
12778
81327
-18290
-36578
3456
98590
-45743
80162
77493
42148
76557
28792
59329
9562
-94166
-88540
9641
73541
43835
-55117
94558
-5345
-91165
81061
-19213
-30704
4965
-79963
73914
-87940
-78136
-89229
-30662
-47626
-86493
56802
30350
36946
50506
-90563
-23459
-20265
-15339
30405
-30479
92883
-58295
-6570
-28490
17609
-91162
-84760
2193
-16762
90061
-36688
-55141
95250
3915
-59226
88825
59649
-33338
-22942
665
3049
25602
-26976
-84021
-10579
78545
14754
87993
56504
-8939
-588
16581
51846
-54989
-39669
15102
19292
31574
43399
95230
-67240
41501
56344
-86238
-68061
-36830
20476
84391
68162
-42904
85542
22110
71372
-62368
16891
-33781
34678
52568
-77643
-74144
-18998
90177
80746
44241
-33098
15387
73575
-12652
-3199
-2817
68342
52343
97304
47945
14144
58909
-23993
21536
99851
15318
43907
-34141
59747
52058
-85276
34353
-41513
76514
-39697
-41451
-91941
-72476
50897
-52532
25547
-39959
-92055
37237
-22961
27852
-77380
8789
65049
58897
-60276
-76669
95243
-225
-5886
69238
80054
-20325
-65592
-72087
-61250
31715
-21261
-87832
-88423
99620
7902
11195
20598
55257
57298
-34708
-81734
-67680
-67935
79285
27173
9274
91922
46091
-10925
79391
36214
-86591
1375
-85380
44505
-58149
-38942
96651
66900
43248
-19751
-71220
-46464
-52806
1829
-14427
38021
8510
32683
91539
59024
-46766
-38245
-59508
49187
65232
73678
-56781
-12410
89366
89417
-88585
2459
14070
-19873
95881
-54897
89601
-3662
-9736
92908
92715
-14887
-60822
-35252
50587
21406
57721
-96088
-23278
-18338
97191
-85425
71797
-61101
71360
-718
-73480
-73105
93451
98140
-34839
-57826
-22612
15870
83670
49774
37337
-33560
-88931
93131
39095
66260
74190
77667
5392
-11619
-3650
-71896
-84301
41357
-40021
-49548
90409
-14061
-84857
-67770
-35057
-35245
-2717
71978
-76203
48600
68089
32375
-36782
10341
72918
-6222
-48511
-98071
42146
6993
82908
-40112
82637
21913
3923
-85066
1816
-3736
85161
85558
-15939
-60017
-5780
-36383
52733
83607
75535
-72885
-57660
-61019
-64859
-32065
-91910
58488
-5252
48850
-34904
26510
36948
13909
-21435
65574
-39301
65124
45085
99169
-38074
-9829
-17507
-71422
-50835
-63192
34045
-18092
84740
34556
8138
-67989
-34094
-88356
58191
-12990
-44656
34836
-98913
86980
-55233
19530
66562
90278
-60442
58928
-62662
-58575
-25177
-2925
-35088
48669
-6083
-65903
55808
85081
-24619
20519
34910
8232
42437
65640
-70557
56805
-52435
39882
-60232
93351
1897
78299
97694
44031
-38544
-39471
25815
63838
32716
-47682
-17420
99284
-82634
-82910
-26116
-26637
-48691
7643
39350
91282
-62477
-36681
-66476
95789
6084
-47894
-33988
-35478
41588
-78949
91251
87478
-38972
-61672
-40920
39054
-72607
-11798
-99045
-66982
7769
46596
59432
-5709
-93766
-24235
24308
-91323
-73399
55677
81651
98064
72860
27036
-34669
-48695
58645
79621
-81400
-49699
-52869
18577
80629
77461
-91274
66960
70900
-3564
5415
-7525
72066
69054
-50974
16453
74122
10099
34441
-92368
-11060
-80007
1222
-36869
50986
16952
95588
-37479
-28529
-46946
-47669
-85187
-55108
-66333
-65706
39217
-92496
-46041
99155
52934
16948
82615
-66730
48102
-45184
-58002
-30214
-93371
-66931
-66568
29109
-37258
-64392
-82190
66263
-76070
-8688
43629
-86433
-29581
86140
84050
-50758
98774
-43380
87199
61017
-37313
-99814
-817
93101
23167
45596
-42280
-78526
11344
-59254
87118
-67019
37321
60838
84901
-76332
-42772
74989
-85805
-62192
2909
5400
-10476
19169
96238
-78449
-61817
-33417
97941
-95189
6838
-38504
10239
54950
95475
-97126
-50371
12322
59037
49023
32541
69586
91906
-34456
-43884
77129
-17506
-78472
9814
-80419
-68478
-7674
-20280
19576
83408
67134
-82099
-73093
-47517
19221
-74755
7566
-12341
46054
-44364
-77176
-30346
-86290
-50618
9336
-94742
-86751
3152
66638
36078
75622
-72662
54505
-311
91190
-86344
-73474
54370
31244
-81568
73761
17542
90058
-99690
-9740
61384
-94808
36882
80425
-2109
68761
-75869
91381
-97605
-80260
24605
-4781
-65566
93883
38830
24753
82998
-72956
-26417
-68613
87047
52834
63318
-26365
-19113
-97929
872
45962
60058
-29928
93323
50862
24284
82885
-2535
-5201
-63614
-24317
17488
10271
-90136
1880
-22457
75174
-37270
-12381
23995
-97681
95166
36757
-56
-57741
88446
-70960
-19405
68320
-64444
-73318
71204
36645
-2577
82750
27569
56285
48066
27647
-60971
71701
6571
69946
41471
30012
-13408
-75945
67335
46694
-55835
-92181
98107
51388
-86293
78574
-78632
68548
-28270
-29356
-69932
-63095
-2225
38986
44248
-16217
-5911
-90226
-60789
-59275
60893
-19925
21130
-47409
-58846
90128
63156
68158
24391
51212
88929
46791
-34376
-63511
-14798
41677
-68897
-91998
-39869
-42333
-47898
46721
68093
50610
-8165
-52007
39497
-11261
13037
-5091
-40161
2794
66515
-44516
84796
56464
-23988
74650
-82126
37787
57921
-14324
-35047
50172
44742
26927
79587
-48812
-6657
78917
22541
11780
-865
-41235
12338
11792
-39988
71902
29818
-58001
-79201
-51392
-1169
20849
-17465
46951
23920
-2291
42125
-31572
-86722
-45690
33458
-5526
-11404
-198
14004
-75950
62227
32583
78959
30380
-81285
93786
-14431
55466
46646
46037
95174
-29462
1391
74204
-61086
97801
-56320
-17731
42845
36702
-49495
55610
-60600
70234
-98724
37299
-91907
-95942
30388
-62540
36645
66214
-97786
17241
-92524
-2006
25104
39514
-82162
-66674
30095
-29129
-41619
-54957
-91796
-25663
-5670
17037
-65450
52162
84025
-44200
-71701
-93494
44897
36792
26959
25239
-95160
-32239
-83872
86816
63486
-73281
-25536
-41410
-24304
-19053
73745
-16648
-38771
-74709
72191
-31575
-43995
-82323
-76682
-1392
-67412
72096
25973
-94924
-87746
-69850
-34310
54770
-29763
-57958
49181
48804
28982
18882
81273
67312
37922
-16015
13445
-21462
21512
48060
53440
10215
-20544
-92074
-51253
20255
-46
-99125
-82608
-67970
99132
-38698
35360
63431
88786
11295
-4773
79269
4352
31508
87176
-79152
93163
-87134
-3515
-4840
-12874
29520
48536
58834
50145
15864
99299
35420
-309
27428
-17994
11533
-70696
-75583
33983
-42946
30573
18370
-68516
31664
-73256
-22828
94161
44056
87181
11705
18709
83022
69132
-28540
8007
13262
-226
90096
59070
-21080
-12099
69468
-18371
-40054
28499
-52057
94150
64680
-1317
71972
26693
38405
-34972
80250
60717
-46559
-75276
15771
91617
40895
34121
-48993
42632
85458
31867
-388
-91069
10115
-77315
-10396
-58181
-97502
-68926
49787
-82221
24678
-90436
98612
-5763
-57630
-24769
41159
5672
69703
80644
-65263
-57833
-66224
-86390
29703
-48627
-53042
62487
50136
-92572
-25968
-53283
20703
-19970
-32338
-59785
-45950
71122
45170
40594
54634
-89624
-98332
95849
28447
36640
-87311
-61208
-5250
-64724
-83849
51314
63898
-77411
80432
-79938
-59987
57627
-52936
-35044
75065
85935
43388
30678
-80896
-38534
-69183
-40015
-41892
14857
1486
-4653
-61124
81472
53560
-16322
-91013
12914
8
-43910
-9890
2707
69962
46929
18218
80069
-36939
-56780
-54496
25422
-12558
-14980
-42345
1579
-51509
95050
-68108
39358
-12303
-2289
-48697
-87774
-6678
-21337
91973
63903
-86315
77600
-4258
-17543
83547
7194
26811
-25693
52788
36358
-62506
-45231
57043
-97200
-36939
-51349
-5969
26841
58692
84445
80047
7517
-50226
-47477
-91982
-68108
-79912
76578
-58824
52404
85658
-62390
-83920
-35661
19163
-47049
-3874
87850
10855
37279
-20056
373
84208
-20602
37758
78390
-9217
70836
91493
94170
67861
9673
33054
-64396
-16478
-71449
-58761
43141
-50335
5325
71277
-48355
-70194
92356
-68292
4954
-98299
-399
70598
-86833
-81159
-36341
71643
29057
-90803
85799
63339
-94325
52114
79024
15685
-30687
78686
34866
-42549
62385
-76731
-45483
-47243
-25691
5367
18662
-32386
48709
-1546
82577
-81874
-18630
55345
-82197
-95291
-86483
-74110
-72980
-41279
81998
93313
-21446
2189
-1551
95491
-63200
-69370
1042
-95821
-14755
-1878
65337
-20342
95257
-90849
57017
-20818
-80141
-94946
-15022
80357
77813
11834
-84170
5236
-34455
-77295
-51863
-77160
-27771
4557
-17983
-9440
-98943
1815
58381
-23131
-45111
86106
67154
-83481
-29490
-62865
67440
83270
-68169
97706
26276
-27814
-64714
-70720
-22297
-31121
3381
99476
91891
-75424
51822
-44643
12837
58830
-58278
-14988
86142
-87362
-65983
-95681
-22141
-20467
-97232
-51082
96901
90960
18633
-9265
2363
-15860
94708
-6902
83275
93070
76020
17819
23527
-41815
11220
64431
-35308
-67894
36799
49436
-3770
-75911
111
-29910
-6104
33198
22910
-65992
48824
-1458
8792
40205
-68402
-36927
4882
-60612
99068
-39504
-82861
47667
15441
-23776
62832
-12128
27960
-41370
-93610
79551
25598
82630
92448
81157
15601
-23636
70025
-3678
63651
-1082
35963
31671
-35314
-50116
15814
79124
-83823
-31795
50604
-30804
67929
23815
85145
74136
64667
-2333
21808
1604
-84803
75067
5632
58938
-80364
36456
-94251
78921
-49656
-43396
-2901
6289
-33708
25689
-34434
60974
91754
91436
8957
18111
-58509
-87478
-84644
38802
53428
-95835
-94200
68270
16332
-54870
-89354
50940
-1510
571
16981
-95086
51899
-43516
29794
70173
71409
-51716
7961
-68309
14239
-29190
47625
-36589
-80719
52273
-82879
-19263
-29608
-71862
91494
45090
55667
29980
-93274
27752
-61623
-14005
-51705
-7366
-3725
22138
16857
-35012
14039
-50386
-24438
19318
-15346
25984
68440
7075
62375
-76994
-77535
-98279
-35451
57440
52054
62223
-3677
-76638
-71410
-34672
85752
-64702
53879
-58181
43062
5720
-57433
-8204
6956
-56307
33744
-65045
16075
70393
51602
-44857
4805
-52387
65579
45358
-84847
-49798
30025
-51917
1867
10124
4800
-36643
-30663
4454
-8873
27024
-28247
-32917
-66755
93467
96886
-39514
-44327
3101
16873
-62585
-19713
-82732
-47237
18043
-22914
25796
-73032
68582
-12010
-37760
-43456
16064
-37049
-35432
-49624
89417
12420
36127
89213
-62230
-37625
76247
51368
-16470
67198
48763
-32339
51273
-85085
-8727
14094
-36675
-62743
-34197
-37300
-87930
-22638
-93215
-7731
-31184
-803
91340
-11943
39845
72221
-37063
-16130
-49236
-48731
31944
-86828
85314
-83872
2583
-37669
50579
-37955
-37488
7168
-73387
44935
-10739
35391
80706
73362
47523
-79902
-38736
52881
71122
-61529
-18418
-39739
-80697
2175
-78787
96080
85643
66739
-56120
-54168
-22068
34465
17154
-98073
31750
54117
49531
-26114
-83698
-79981
-56738
-67446
81211
-79072
-3030
575
-58511
66464
47755
-87615
63435
-24471
-30252
92561
-6620
-97769
-40676
41508
-31933
79209
2546
-24816
-29727
-60919
26174
79903
-8809
-69911
-779
54726
-59800
-84727
4600
42095
-78743
-99755
42954
-38477
56649
62378
-50260
97700
-47423
97081
-10601
24453
-34663
37572
-42987
-60067
-59821
-16826
13501
-72288
30201
33328
86985
-81842
25086
-54451
-30826
-97576
5203
-19258
-63177
-53060
-55607
-63102
98229
-92878
1438
-20827
64807
5502
-80986
98618
-35606
29030
40535
-82133
64510
88190
-92431
-69843
79229
-15713
44360
53304
37305
59894
-15760
-14732
27440
19832
-57277
-94544
-51474
-2893
-54127
-95605
-20672
67904
6757
-27659
55568
-15659
89904
784
-49822
27511
14293
30128
10154
-3572
6480
24321
56071
-15730
84164
41480
-51232
67548
65375
-86718
30362
32491
4012
24808
-59341
-64231
-14604
-13804
94334
-46046
17106
-32195
-87749
-71381
-7406
44766
73938
67388
-68347
-19850
-27476
-11445
-80028
13160
-46481
-29069
9502
21506
-43308
36676
23425
36762
24998
46323
15809
-86124
-81896
-99150
-52761
-74751
-6909
12059
67800
77090
21244
13253
88512
41866
31311
17145
-36644
-26847
-80550
76927
19042
-86907
-89273
54289
33229
-39734
46567
-80463
84168
23906
-51800
63894
-27850
87064
84339
59202
3164
-18762
-16220
60527
64940
-43833
83303
-89177
-92753
-35657
-5973
-96973
-72754
-97514
-58746
-77717
-16900
-33477
-34971
-52307
-77181
-41019
-71570
20328
-68246
86845
54708
-57448
-75712
45911
37718
25868
-83191
-80872
77813
-80414
514
-84783
-13233
80213
79249
86665
88573
-25043
54798
6457
-83707
-48427
41640
31920
34141
11145
-55435
-35753
6333
65518
43738
-97777
56351
58299
74067
-34058
36374
83221
3680
72713
19336
30137
53901
-31709
-84022
-25773
19676
55460
20374
-47125
21328
71597
3435
26431
15385
