9300
-47963
60183
60180
-70832
6350
-66861
99883
-80835
-59453
-67838
4237
67857
72330
91094
-28907
13516
40192
82960
86368
84458
86197
30527
-98819
72042
-45260
64407
-36031
-12295
-80800
-41366
-30664
51712
-10887
85957
80502
56647
71934
2346
9547
68420
-96915
-14427
-11180
-37820
51110
-75635
22254
30901
-70803
-94567
15686
83342
84430
-16036
-91700
-36901
7003
-29218
51462
-65880
-44527
81113
92865
-72055
-60071
50253
-34974
-93179
45162
2752
67226
83869
-24885
-68842
31096
49724
67894
84104
53720
46204
98329
-28924
3513
15634
-18314
-36319
29357
-33064
-26711
81149
20073
78326
87562
12854
-2692
-11412
31848
-3391
75997
14141
-35850
72106
57756
-87621
86786
87912
-59781
98540
22240
91164
-4586
-6378
-78427
-53594
37757
-30868
-65137
6308
10594
-87787
96066
-77816
-89171
91669
52781
9813
-94482
18458
-1717
-52234
-76246
35365
-90874
19515
27094
-55021
91446
79025
-5534
-38264
-39610
27164
-19348
-63113
92023
40723
82325
71119
-12353
33337
67185
-68731
24585
17107
-95656
12026
82976
93835
-61031
-54582
1318
-43136
-65266
3761
-75522
40392
43723
89689
-70774
41219
-56848
-13500
63630
-23011
-8738
83538
82611
-20449
-61818
12720
21288
-49293
-49827
5597
-69149
242
47980
69786
19525
-68053
38979
8686
51548
96755
-42610
17235
-60606
-87452
-80833
-65792
43426
-94540
-18069
12308
-45669
56754
-29775
-82724
25917
30494
-21356
-5567
-72272
-52378
-54678
-11567
25395
-56967
-19858
75816
-70462
22986
-28368
97914
1553
63203
-35796
-46848
43382
7715
-75593
23933
-81437
47446
-91307
-37588
-54832
-63633
-9176
19144
56759
34020
-11837
-96137
-89607
16294
51357
-84524
87646
18876
-61215
-64744
88954
35259
-19742
-46108
-98005
-18396
26220
68013
-3138
-19558
-69194
-21116
-96079
-92418
71091
24513
-26669
-48663
-73977
-73076
37384
39493
-44777
-85369
87209
38216
24697
-76453
-98232
91983
-83893
61662
52368
-32109
-92833
-74466
51467
13130
98132
89229
31230
-72868
26816
27848
-88401
-4800
29257
-77179
41415
25523
25299
83353
-21870
98965
-78445
-68060
57762
91360
-98302
6426
-63980
96005
-37138
-68562
-12118
-85851
-88022
-11491
88855
11560
-22234
-73644
-36134
87870
32153
28606
98178
-83024
90010
48494
-52913
-16862
-41009
84198
-57415
-90393
-47236
95810
52554
72961
56573
98756
76646
-77772
57103
18493
-17685
-20731
91912
-14444
30387
99668
43431
-92874
6390
14611
-83322
39962
20877
18530
-7252
95919
68497
86153
-48129
55397
80930
-15023
-5802
61781
-51708
-56769
-16019
-6642
27299
-22610
-26510
58493
95095
51208
-17668
12088
-65278
-23840
-19877
231
-64970
20527
33098
16335
60981
3050
-67775
-89796
-63440
30140
-66713
-41013
-84944
-74139
-13403
22930
18099
-46161
17302
88492
24622
-47032
-35814
5924
15218
78721
93834
-41923
-7383
-72286
-14523
-55333
-78465
-89817
90857
97554
-78243
-55140
-1570
36746
-86064
30928
-85108
28107
49992
-16519
30509
94891
23869
-22812
-24644
-64175
37612
64086
58572
4389
85120
-85051
-23242
27926
-2549
4268
-53653
35015
-4621
-60081
-41688
-73129
44586
-69045
-42873
-16117
-4523
20632
-37071
50907
6286
24159
-22223
-26986
133
-77646
-91676
-32590
50433
67180
-90867
-30156
58436
86567
42373
-85256
54797
66707
-53937
-88610
28151
-71751
89737
-86767
81343
46541
-72641
89525
-51933
50857
-34598
96108
-74139
19052
90038
87109
-70865
84526
37521
88771
-87344
-5538
19678
-34939
10212
-86021
93242
21783
-25262
12267
-6730
-12908
3952
10939
96978
1653
1345
6772
-84021
-51973
37342
-63914
-35124
-10635
68018
51700
55104
-55314
-63650
32044
-1849
3831
87422
70912
-76474
-92852
-19005
69654
-91623
-29018
52287
-58488
44964
19293
-89920
29737
-86777
-8393
7379
-53035
1967
-75311
-55254
-73740
96841
-1432
-72040
-47477
-27758
37188
82872
59646
90379
71363
68910
46182
-92472
66302
-63099
73035
57702
-8614
-36744
-13314
54876
-2707
62796
67670
36011
-3766
-66534
77253
75887
-67605
71467
-2474
-51560
-64646
61820
14661
11698
-28804
-9184
-71622
-50273
-8614
-51323
90788
-30297
97614
1934
-74514
18470
-38042
-49888
-5791
65123
-44424
38905
97878
-41407
64035
-97350
-53354
-36273
-89667
-65403
92304
20858
32862
-98495
89590
75810
-22904
83834
-10060
-39607
-24078
14822
27341
-40792
27631
-81150
-5612
-9828
-320
-94949
-25787
-80578
57267
24169
-68162
656
94197
-17130
84125
36690
66747
-20900
42935
-6155
72393
-58549
-3215
-65625
24478
-88406
-53249
69645
98748
85558
56887
-53873
94103
33222
-9903
25868
87578
26702
-50499
41582
-63024
-32446
48417
11033
12533
4754
-12498
74557
5530
34836
26398
-69621
-11793
17088
43980
-38395
2416
20180
14703
47021
-37777
-40744
-12428
75487
-92230
91580
24760
-54341
-86552
6749
40735
-33606
-57019
-80410
85844
15074
-75305
-58989
-96227
-68652
-48563
7633
-93607
65219
-31613
53314
32537
16511
70004
26588
34201
10031
26749
64305
74778
-32546
-52790
42633
-3299
-15188
-69729
92075
-48963
84836
24325
-23429
42
39662
-19057
65981
55358
-80037
91848
44343
70013
49950
52090
57525
53294
70170
-44579
35366
5904
-5354
-91749
58148
-18181
34446
-6020
-45551
74901
38499
31091
-57764
-15059
-72782
-97212
41571
-48713
64641
-83696
95027
94308
50070
49855
-13334
-80931
14626
-42552
-72066
-65187
-70757
94432
44886
21929
-73113
-98180
-86442
50220
-4620
-80955
36600
90803
77668
-41832
78806
-64063
-73946
53302
42244
-73584
31776
55119
34905
-48539
-98680
8486
-53873
74254
6034
85728
77504
-16005
-75389
-86353
63056
3511
2725
95382
-35222
-58495
-9517
-59688
-76446
-53429
-42252
79425
97338
-77170
-50428
85584
-85504
-30776
-99762
5439
-18731
-71981
-82890
82609
520
48419
-12174
76279
54944
-57380
-56551
55103
27129
-78450
40148
-61542
-71675
53966
42289
49705
-49548
65266
16726
-17181
-12434
29288
16850
54340
75645
15603
10575
17813
-5560
-97788
-84572
91029
-2950
32689
-29881
-80511
14018
-10924
-57248
80197
-32461
-96509
86712
959
83659
96487
66256
-37716
71888
-7941
654
34225
-67434
-24157
81682
68808
-16418
53222
-57625
1221
-77671
-39862
38486
-5500
-6710
39115
-15404
71473
-1847
72375
-8165
96692
26787
74025
82902
-41865
-40673
-46304
45813
63829
5787
-50053
11233
-42976
-49259
60499
16329
-38321
-18361
-99595
-86885
3395
-65687
-25606
3087
32052
-46118
-33147
87197
90300
-28519
-61479
79951
-18560
-63187
-15980
-51728
59895
-2779
-95604
91620
-13864
-26886
66629
-37423
7908
-66864
48140
45755
-55219
-54181
62387
-74578
-33470
20511
-76760
4244
-58536
66831
61364
24550
77718
-51177
-74354
-99969
93469
53301
-63207
21517
62770
-26750
-46655
-87584
-55702
7951
-95059
27365
39793
-29270
48673
-50964
73206
72448
6772
804
-56393
-34468
-56920
-62231
-38300
-62450
-981
-90252
9714
-26009
-32151
15793
-17217
81184
4492
94382
13533
94234
-36527
-62609
-98306
-49152
-19192
-55010
-39046
15432
89256
13151
-23937
-70183
79884
12738
91989
-43193
19598
94354
-628
45881
77311
-1654
-33083
-53908
65920
55911
-75877
22480
58176
-55207
-57364
-97840
-14894
-98925
64263
-71121
-47959
-84670
-49548
-23666
-55565
66522
-65958
3082
-55792
75403
-35887
67394
63150
34258
-827
-64394
16003
-13715
43139
-91382
50405
40615
93603
51818
88009
-1583
13074
-28983
18326
47057
35195
-1150
92773
-78188
66002
18847
-88680
35999
70781
-82377
-74092
29891
-46561
6065
55516
6447
-41791
-34969
-19765
26271
927
23015
-68306
-82894
-11443
10515
-95556
42266
-24700
-21720
-60366
92333
-64626
-86309
42511
25624
-39031
-49953
-59223
30770
40091
-91516
28715
-48530
-60622
-58119
-19092
93611
-22986
73714
-50836
-32026
-78386
-96860
-28627
-52465
24844
97517
-5076
62969
12150
85329
79994
10474
78578
-64352
-46596
38290
26509
3123
30011
66073
-52888
-82668
-21975
56209
-76033
-54915
-88015
-80117
-60009
-89735
70073
65733
71556
52456
-8457
3905
-40876
95262
77933
-95632
-40996
41578
65282
44621
48924
-45581
97663
96199
-91759
28158
-10590
-49706
77912
15373
80418
-87697
-52614
-28318
-36223
-13678
65240
-23710
-5497
73601
10036
-39788
74592
13643
-45991
25096
81748
2630
-6167
15764
57182
4698
2241
84794
73196
17274
-50038
-85274
38067
59054
66783
-40558
11499
-180
-23018
-4852
-48338
81670
-32531
15056
32553
-21028
-86637
-15985
-51908
32242
21008
-29679
2292
-77572
37073
-99978
74722
41621
82260
71128
18456
-91344
77292
86220
53439
-10971
-29902
70280
-93416
-75795
64456
49118
51853
-75351
4747
30758
-96333
21660
28052
76922
-21601
-68038
-60949
-85669
-83486
17816
-62262
57458
-65502
-6846
28041
54960
-90858
-79957
8362
76950
53469
-64769
-40381
11281
92284
80085
21828
-48195
31346
12352
-76124
58186
58426
-15739
-81811
31740
-34275
99366
48928
77196
-19471
65245
38534
44396
2354
72164
30804
29352
82362
51825
71738
13672
-85408
-55744
75208
-8686
-93525
1544
-1731
6796
-68686
85711
40558
-77281
94929
-97447
-88944
20791
-19383
18108
25186
-30778
44917
35727
39801
-60343
-54491
-8063
-50711
60131
-26535
-58427
-81331
-85531
-12388
43819
-86668
31535
75514
28106
-53208
36528
-14625
66458
-85604
-96440
-2867
28958
-44815
52879
-30791
-92290
-10651
-57041
40323
71858
-55655
1324
34513
84827
39933
26564
47623
-80212
6106
-42510
-64988
30021
73083
-41844
-20164
-22688
-11975
90252
93197
-7068
-37534
-92565
-48575
52503
-10747
42089
83520
433
-64803
-90646
-19794
-43189
86616
-36742
-23544
57974
78274
-56591
-37674
29544
28755
50674
66126
47250
-43759
-89843
25861
27341
82083
70212
-38318
63858
-17804
72555
-33087
776
94464
-38935
45937
74136
-71938
-43877
82955
-15587
-95574
-10089
-22113
76952
-37522
20621
-9955
-84608
34476
54986
57260
29589
-9749
-96234
-10070
-88107
-53413
-18626
15937
30024
-52602
-62228
-75102
34870
4950
-77518
6049
52153
16189
-4315
13037
-9619
-99324
9254
95594
-66365
-73676
-95556
71789
90613
-93029
24989
6163
94612
-92869
13772
-94978
55933
50069
48411
-69330
-7958
-53683
23762
50296
75364
52602
28648
17189
-86122
-51188
46126
-78615
17341
-56166
81995
-37635
25660
48776
23458
98140
91980
-49967
70224
38743
-12015
-5641
44305
97494
5447
-46588
92738
47724
80603
58235
44801
59413
4950
-97376
47408
34255
72372
-26399
29145
-75054
24659
-8864
-47317
51564
-92473
23966
97763
86589
31114
-81019
15686
-37299
-86831
48850
-16246
-47867
85498
21021
-77931
-36911
-71648
8582
85405
96975
-97903
90814
-23698
-32268
-24745
91759
99146
-98180
-18893
-78391
-32086
-32373
-66840
-88598
36771
-46363
80499
-9879
-98652
-39161
-42792
59520
98204
63712
13911
-79725
-48904
-18193
-30466
60705
-94326
18682
-83240
2502
80197
-24664
-23613
-25750
20133
-59972
53279
-11958
78315
-8274
51874
-71647
-14330
-63961
39753
75506
80781
-86951
7273
36341
41705
-54214
81636
86940
-67184
-86565
51382
-15744
-39444
26537
28079
34989
17178
-8386
-20101
19334
-20595
-14491
-23139
29719
7635
53353
-16774
91638
40368
17496
73042
10324
-92122
23385
77769
-79195
74262
-55769
52259
-39382
-64576
47977
-75761
64023
49703
-48400
-53990
67046
-9264
98956
20420
5816
27048
96587
-10960
53155
-79931
87887
-7564
-292
45701
-24437
-11631
-81726
-60973
-55014
-90052
61125
-88888
75324
-55461
8177
84589
90605
72331
83483
99487
-77788
91166
-84314
70092
63589
-82462
-14286
21401
28483
45660
-73565
72934
42102
62932
31433
65897
-82348
59082
31345
76215
42800
-32378
81415
-69343
17612
-29427
-21146
-1541
44155
59760
-69442
-97352
-4008
-95874
-34591
-77647
-32292
48217
-60054
-32380
24288
13990
-60342
18521
94576
-65122
1520
98048
84424
52674
58645
-61834
1326
-29205
35745
13703
-37077
-14081
-34435
20749
-51481
-48257
-18122
30358
28256
-65154
64586
-54492
-91513
-39251
-24685
-90611
70583
19409
93453
-26941
91347
-91883
-83706
-87442
44154
-16453
71265
-42059
90282
10926
-43834
6748
-80722
15476
65194
81160
36997
98239
-43594
-50915
-81327
-44126
81751
-70392
36600
-42399
48033
50200
24923
417
75616
51207
-50703
-37954
-97539
20247
-45505
7676
-78262
-7784
91638
341
-67222
34822
91177
91312
12384
37519
-68695
25523
96626
91633
-18241
44975
-5575
2434
-50939
-65734
14088
93193
91617
-18918
27447
53194
-63585
-80227
-29173
-37344
-86678
-75130
16003
57026
-35545
-27550
89666
5672
-4562
13432
-89580
-89338
86246
-22434
-93474
-30537
59132
55080
-78489
19701
39808
88892
-77507
-40379
38556
-44415
-48955
-68048
-58191
-48778
83811
-16277
97104
-60705
-71231
40600
76753
83417
27456
-72987
68884
8015
19257
-64366
-76014
12549
97007
-80943
21022
-11758
-46381
90694
830
87914
68082
-23186
23968
6553
55359
31131
-97541
33100
43449
-62755
35523
-56054
62584
77245
36808
-4544
-74726
84323
29804
24953
58884
54679
-47425
98220
-28265
60644
13305
22319
94257
13849
66579
84234
-80099
95721
-31998
82662
-24104
17586
-96623
-19483
-33151
77594
73626
-52981
30172
80086
-57568
-85607
94850
49925
98572
-67142
35241
26552
72194
-52073
38668
3541
-8096
74373
49911
66001
8915
-74018
-5327
-40294
-98475
13805
-81275
53911
-45369
57475
-21649
-95545
72102
-28698
-86816
36742
33453
56041
-38674
-36690
-78904
18775
97819
28570
47408
-28151
43777
-68858
-48217
-44841
-3625
32402
-59246
-33109
38562
-80731
-78610
32689
41658
14510
52464
53354
-5193
3398
76861
48288
-86599
-19790
-92541
-80332
-5679
83012
67762
21843
21712
24032
72795
-49337
15977
36316
-54813
-63574
44933
92289
4835
-63563
-82460
-81
-4128
-65994
-87445
-25572
88354
40160
40142
60605
44979
81532
76570
-62851
73334
4734
65695
-77718
-81119
67890
52153
-43025
-84712
-73707
97787
-85572
27175
80384
66551
-36542
20252
-24897
-96533
-2278
-92609
9217
70219
-91003
-41489
-36953
-63322
22478
19803
-93377
-20232
-77556
53593
-65270
-24179
-92732
9254
72569
-91891
43115
70011
80503
89064
-56760
-27832
-83424
52382
47672
32336
-70577
-65813
29899
92576
33364
62414
-50100
-96915
78917
27637
62111
-15543
71339
87623
5506
89922
93469
71949
-13707
42903
81899
-706
40950
41880
30577
60133
-63194
-96679
-24757
-87823
-77497
-81582
99559
69337
92967
23382
-88843
-64470
84758
45806
-73604
-90898
-7470
-90222
26886
24891
-89724
-71677
82940
20629
92451
-84024
-24308
16705
-82825
22466
-68922
27047
69880
-41682
90118
-23710
-49643
96951
75596
50984
28752
-49034
-57624
-45807
45830
-51129
-88816
58566
83021
98889
24852
16007
-29386
11249
93608
-15208
95665
9803
-4192
-77879
26832
12751
7163
63521
58084
-81060
74070
-27930
-35261
-38316
-6335
-52596
-51093
74259
95599
-96648
60481
-17268
-9913
72943
-41294
60802
90647
8287
-68037
98401
96296
-8630
-46653
-89609
69996
9227
-79515
-11694
28564
-41337
8588
-57546
25790
16433
91960
-49989
908
-199
63517
20353
3152
-63342
-92886
-88879
3107
39646
37799
62418
51733
45753
79479
-58331
-67970
19935
1469
45213
-6733
98299
-68453
77662
98773
-74163
-36970
-8623
-34045
-48010
17365
-63615
85551
-66077
-78968
84181
-21170
43796
98278
76522
38825
-86648
-86258
-23156
-4847
-40697
-5809
-40174
-96657
-52725
-53885
-49773
-46087
-30196
-5610
34056
50305
-73497
74469
-2240
17000
81130
-12991
45434
-47697
-5250
85010
-38238
-75858
-23310
20184
48043
95005
-39584
13389
42821
27023
-41538
-66265
98172
49087
82179
-22791
-65939
-97405
95091
-12103
69413
-77539
-71159
-72484
-92393
-54927
61889
68317
-28102
11920
93247
22173
93693
24626
-52513
-33307
55272
59907
27226
47239
-61296
79572
37585
44898
69686
-28366
-14919
66371
-92994
98772
-22940
-21015
-69241
63405
61224
-42079
-85461
-16030
34478
-35568
-65260
16086
-72871
-89073
-79559
18336
-98224
-88528
33588
-65890
-43926
19359
-50686
-63517
36469
-86684
-98730
-56181
48995
-45755
25434
-52624
-15854
-73847
-24637
-5387
-12106
51799
-48433
64639
-57690
-94212
-72610
6468
-69953
42955
60458
3451
28985
25566
-79131
-23181
-3964
47611
80046
22144
-70114
-51245
94191
22992
-52940
20068
-19114
67547
96178
-69827
19117
19769
-89687
-57567
-9640
-18611
-65380
-90171
-19861
25439
-37913
14452
-28827
83464
98957
49491
85773
9030
-42403
41662
-16024
9199
22463
71056
-63212
-42621
23136
-90110
-58939
98778
-89160
-87893
49049
94140
74356
-31515
-81255
-54577
28997
-16624
2318
-8085
79621
41264
-85442
-44726
-15231
61682
-61758
88347
64167
-74100
65157
40949
70605
-66431
16923
85097
-14501
-3900
-31813
88176
9175
74932
-3493
-96189
37771
-68346
-29018
-92214
-93547
-19455
40413
87916
-73653
81890
52743
-17979
80904
17823
-30314
9845
-52648
-47159
31384
-78891
-2820
14538
-62378
-7227
23450
61006
38349
51617
-65468
-62209
-11066
27410
-91101
-33304
-45484
55168
68288
-65861
79466
-89755
72878
-64659
19286
41533
-45160
50047
-86242
-72358
-79133
77784
55862
-48876
96767
42190
46938
46685
63503
-53692
87246
-36814
-36749
-60627
-6864
67437
61998
9007
47735
-45001
-12871
-8350
27722
-99812
-87901
-56905
-81409
45047
93987
-73674
-66962
20748
-48964
-8737
-80846
69428
48139
26162
54652
21875
-53392
-6069
-22957
53093
5143
-84187
-91796
-48489
-74270
-41793
59617
26227
-9163
42971
44561
21971
-82467
69667
-82667
31542
-44771
15015
93594
43152
69463
-52671
-17952
38267
-58796
69786
48718
-32692
61296
-16443
-63185
-66111
-38875
-88760
-51955
3222
30002
-77060
42152
59382
-59417
-79990
-31981
17358
6544
19989
-19604
63166
58876
93238
54
-96279
-48536
45858
-17899
99756
-45427
-62231
13029
-16533
-253
65303
-75913
35143
-3824
30141
-10072
81004
75026
45322
-31584
-90490
70724
-46574
71140
61843
-13328
-50127
-33895
-52780
-335
64201
16662
-18723
-48860
-85530
-33244
75724
-17813
73923
-22379
-58346
51549
-14682
-38147
-17219
-97842
91558
-38318
21213
95222
-77043
-73060
-41498
44864
50328
48728
-39516
88561
-84837
-32145
79354
-79565
63617
67086
83950
55038
26225
13666
-59427
-52958
6989
-9679
79247
4018
-75244
-21544
35941
-9584
-27737
64093
-83473
27090
43305
-18256
99354
-95474
-1729
81987
-69113
61896
48567
-39678
91318
88372
-55740
-96143
-56287
55977
-15769
54882
88869
27493
20970
84367
2075
-19785
-66425
-93415
-11386
78029
68133
13726
47588
-13606
33858
-14863
-30297
99427
-95316
20985
93118
-1817
-12247
-20505
-27252
97449
65974
87381
24378
-52645
-59860
22840
72168
-29335
-66305
-16190
97342
34463
57569
85143
-42271
-98057
-35388
4585
-19198
18499
-93572
52402
-19760
-36813
48130
8525
26637
10884
-16043
-76366
-67906
6150
-85254
20108
-4420
-11449
-34907
63737
-2136
-96031
-12944
41373
55548
-32675
-37880
-79773
-62084
-75133
39847
-77102
-7669
-74688
51835
7495
86745
-63950
28518
-10859
70650
93330
47391
-64779
44178
-94850
-9227
24876
87533
19746
-45452
43768
-82581
66434
96416
-71434
17432
-83673
81886
-16429
-55398
5540
91378
48044
36227
63492
10467
25221
-6521
47507
49275
-56861
-24889
37765
-16149
-76025
91595
2054
45707
-59961
-37297
-46498
67326
-81014
40116
85312
-53708
-92705
-21033
-19407
-30903
68218
54591
-73840
99274
57549
89712
-13434
-72168
26176
16540
650
-3418
-77876
25977
-89839
-77155
34361
39918
-16751
-29346
97138
-66329
46577
98535
-16446
-12856
-56433
59663
-44371
-58499
6765
98603
-85651
-48656
16888
45523
-67320
-4588
58295
-14017
-66422
25759
-87347
-84022
9572
4756
-61014
20569
7009
-27842
45652
33365
-68287
-51144
-69746
-27757
14324
-12439
-27486
-35499
-73996
32526
92496
6122
63423
69616
55763
33392
-13648
26036
26316
-80070
3001
-15087
-92082
89804
50176
-57572
10693
-83965
33683
-4609
-92541
17106
-78072
40776
-77207
66151
-91723
-20003
-46418
-98773
70152
-24626
14735
-84055
-6843
44803
80147
-49530
-8357
-50220
-98374
58990
-4255
83063
83713
-91760
20594
20244
77269
35007
36961
68277
-49582
39545
-17637
58521
-66890
56005
-78056
78248
96166
27381
83901
-56000
-20643
-98165
-48110
-23891
-75475
78840
-18341
18168
31027
53119
-44075
31510
-53284
-73287
1678
-84159
86861
43313
-69087
18981
-73356
77103
83726
62768
-51543
10258
98034
51404
-79168
-55018
-99545
83049
-57235
39286
-9862
63603
55380
67179
33669
69091
89901
-90286
85929
53746
-28911
65963
-91542
-34585
44707
97022
37287
-97775
84381
49176
-57804
-27695
76854
-32013
61334
-42801
-10323
59699
68954
-1459
-94219
-10931
-79534
73560
-20419
-958
26477
35930
-44645
46217
21810
-9907
92884
-1525
-25575
18378
80778
-52344
49990
-89728
-65597
77015
22115
-10560
24466
-61878
23832
55284
-43484
30000
-82006
-38992
30441
37555
31149
79584
66204
-60574
61927
-93535
-53135
-12214
-58365
-6547
-88485
-71491
-42897
75374
62199
36724
-77614
-5901
-44520
84240
-60883
76928
-86737
-21828
35213
-13697
-84841
-53777
17002
-51563
-38213
88462
-93856
64720
43749
-69650
45191
-61188
63651
29815
-42575
8917
74712
74852
-18433
-97578
-2084
-16346
992
67440
-55727
88361
-41624
-69866
97155
-87506
46345
-45195
-34373
-98473
77296
-16575
5281
-74175
68030
-51605
78091
9995
-70815
39727
-57626
80118
23695
44489
57983
-38363
7135
79367
2607
-20605
16579
-60742
96737
19459
-51994
84358
-96063
-69950
3678
72281
96707
41802
-20082
77432
58253
-55248
-21797
-74699
56642
-31715
34121
-28995
58732
-17687
-88655
40142
91077
-67997
81057
6213
71075
20589
56272
14613
-44035
11652
-59844
-49900
59358
-10978
-32670
89583
-29916
72876
28697
-98050
84405
-28353
88972
-87246
20544
24135
31186
-99989
49387
630
32748
62567
-4706
84290
-35558
-88940
62827
-30454
7514
3846
40601
21712
-1794
-81917
33228
-987
-1559
71228
-30126
83170
97382
-82281
54924
-66030
-92380
-24601
21303
39149
34066
76413
30614
-28545
99475
-83496
4286
-34328
-87522
-67721
-4738
-65348
-82378
-97969
88744
69514
-90112
75865
38720
93754
-31674
-71741
88321
89040
16455
81798
83590
37709
-54920
76631
-41828
-96076
-78117
89527
-64607
49002
-37957
45285
40984
-46282
45121
20532
63373
-35991
57910
93111
98783
-8809
982
-74984
37359
-82109
-95795
-41592
40420
59097
6865
41616
46744
8852
40091
40070
21730
-73792
-30013
-17316
-54656
66777
-81225
-50157
-83615
28115
35607
45837
19021
-27917
-96591
40639
3954
-69542
-90476
-6459
7884
482
-77869
26575
-97873
-51359
-50344
77945
-71948
-88245
-46494
-64135
52798
9908
-36900
17393
28520
60466
21147
-1179
-84723
-82271
-90444
59078
-21389
-2176
68088
5101
60180
-75592
47886
19939
10123
77181
63787
-94563
75608
-70579
-10064
-65147
976
-19434
-43681
80819
9444
50420
-52869
-91014
51915
39320
48252
51487
-30769
99460
9068
93157
-13455
-2318
-11615
60420
82106
27477
-43817
-22216
-54560
33719
22377
38133
-72879
-6975
74860
78455
-82210
42009
-32279
-56776
-54457
-42715
-34764
-22533
18079
-11857
-20371
93766
85724
-42015
-48941
49388
-40067
-15441
-5056
-59192
28888
-51885
96389
71942
24767
77940
52258
-22565
53838
-13920
-75934
46421
-98284
5944
21457
-36596
64732
89387
83483
-91784
-72617
81306
2627
-80228
-86425
-68133
19772
-7263
-29174
-98342
99944
-96835
-63711
-9063
-62230
-53614
-44772
71511
-79510
97939
5061
-31857
21541
-93855
-34267
-74729
35053
78964
-59369
-13335
80644
-92236
11559
11007
50833
22696
-86427
67735
-32003
63109
77004
-41386
56301
34280
-1462
24137
28316
8928
95980
53702
56595
-98910
-344
99505
87112
72863
63430
11035
-63727
31155
-9557
-1980
-52285
83892
94787
47681
-39317
-97749
-83638
-2695
19752
46431
-58760
55369
99748
57228
47431
7111
-85907
18483
-96286
-93404
97076
25931
65195
-60885
2080
-79915
-46039
49574
77968
-56755
82125
-12513
33324
75516
-23009
-40060
93734
-4053
-96246
85988
63443
30962
97216
82774
42656
19054
-69749
-42184
91762
25744
-5454
99797
-8354
-96366
-77628
-47712
-32702
-86523
97156
87453
61118
14599
64112
-63393
-1134
-27696
-40848
19500
-73834
26923
6232
-93764
-84336
-80383
54874
92704
-61835
-75184
19531
-21568
-27457
-92805
-20784
-92611
6119
66812
-25243
28533
13504
24501
62729
-8604
93424
-98781
61322
-73049
-45877
-68749
41768
-18019
20301
-57105
11305
17062
91828
-70575
-63943
-51315
45112
34680
-80261
-89918
-15000
-49352
-16144
-95616
87011
4492
-72510
78349
60463
31015
-81298
-44128
76217
62952
-8179
604
17065
-47829
-51011
-98245
47009
71675
4400
-19130
-54445
96038
-17711
93184
61372
-70614
73102
38307
85505
70603
89350
70018
-44508
2694
60369
-61747
-20701
64927
35814
67443
74093
15383
-15635
-50142
21442
33786
-90462
-59094
-9882
49556
-83166
-26113
-34175
-16381
43798
-88227
-7402
-99608
82489
49606
-25186
-73929
27335
68647
46720
97966
64452
-77928
-80016
65059
38437
-95806
-36191
-4426
-16097
-95012
-82264
19557
-71285
77646
52655
-80899
28339
81078
10194
32494
6076
-98616
-26983
-22408
93167
20496
-59437
97154
92901
-76973
-39733
2057
-1521
62227
92970
-57547
51360
-44558
489
-49273
6999
-68882
-30928
-88465
-15508
8843
75920
32507
56534
-95218
63066
93929
48631
97061
5274
30749
-2714
39396
20339
-83090
-35114
-36694
43352
-96934
-5657
-82590
30436
-32742
-5047
94757
93911
24337
-98423
-42243
-43154
70174
-1670
-15291
96862
36944
-49983
86764
-73748
-11783
73980
4696
34092
24859
-37361
-51546
8916
96575
-42675
-64304
-53189
-60379
-37760
-82584
-47372
35350
-5546
-61311
-95999
-34731
91176
1069
-98570
-85132
-69913
-9568
32748
-79806
-76891
-37773
89310
31650
52478
-73147
-93725
51127
-34079
96188
-32184
-81349
-3266
88745
84937
35183
30414
-9271
32044
-76179
-13318
-57560
46395
-34855
56233
-81183
21532
-16586
-35991
74432
71438
-10796
-60487
14664
-86078
5031
21040
59984
-84524
9972
35790
97480
48228
-5596
48798
-68135
-52074
70779
-29884
-85206
-88222
-42974
4393
17728
33560
-93920
-83777
7101
-71244
84647
84211
-27383
72601
35979
88559
-93938
12526
72846
-85943
68381
-83054
36950
-52405
-13842
-85635
3712
1695
58884
52788
-98483
82199
-69201
52520
-18374
-87209
47339
-59540
-32466
32480
-19290
75281
97421
28665
97503
-92767
58410
-36805
60778
-73484
-5095
80890
62224
-9423
-19295
64395
-25069
-3483
64720
-52105
91023
16057
60585
-58117
-67909
21139
-66055
38136
-70577
-23156
-7416
28221
-37440
-61367
95466
-72977
74279
91768
84789
-54957
93951
-1303
-45939
-29832
-13043
26758
-59814
11396
-57510
79153
-26725
-22695
-64164
42937
78100
-31325
-17485
-10312
47139
-35136
31055
-52405
-66575
29261
-96082
41327
67651
55306
56195
-72204
432
-10711
-42894
-3743
-54419
-66632
-1480
-88539
-62460
45735
-75800
-48587
-66204
-2184
-48880
-7034
-18223
21764
-24326
-42263
-94596
-7900
69646
19710
-63827
-59838
-66155
23958
-83044
-45700
-13096
-30935
-20128
-79567
11943
-10384
29759
-55764
68149
-85983
17572
77931
35617
-7355
-3602
1803
-62641
-72457
-85660
-95791
42357
-47557
68807
75031
-39758
-88072
6784
-44463
4824
-93997
-83527
83067
-37750
-89558
88456
9633
-44095
-28886
-68283
-93302
5737
59662
-51716
72322
-36888
-63308
69118
10947
-62978
-67939
85586
-74689
62407
-11583
10569
25677
-98658
-9011
32623
-42259
82076
-87365
15197
3449
84286
-79477
-45076
44651
57700
78627
-30140
9413
-54538
39360
82578
-35423
50849
-43240
50840
-67563
-35713
89102
-13538
55426
77589
-82095
61446
-34182
-89739
55954
-65795
66059
-83516
93024
-50098
30508
278
-18271
-37552
-82109
-53515
-12049
-35776
-14831
17281
-66676
-80855
23611
78769
-74748
8511
60790
21495
-8354
-7476
-61043
23362
91710
30082
-44334
-31907
-36262
-9170
72287
-42571
2775
72206
17736
-80520
4863
30777
37855
-23592
81185
26300
-95646
47982
93830
93702
-65659
98556
12427
5881
-25320
82507
-76320
58336
-49258
-52813
63259
48704
-59895
61369
59066
-38201
13340
-81582
-73100
-50975
4415
60166
-81542
-3286
-90383
28464
81999
-75010
-65107
29858
70657
-32469
22963
76965
-70781
60168
28465
-22755
82728
-45921
-42226
-39797
81406
80325
-60140
-35859
-56251
-51189
-57160
-1024
-47542
-38131
-67642
10918
-81883
3943
-28563
4066
52427
54152
-94555
69887
48657
46366
-66120
-50032
-43970
70385
89652
-40493
33291
-39604
11756
-22673
15673
-21675
7397
87837
54159
-29698
-7452
-77149
47151
-4140
93970
89466
3220
7541
51337
72273
-30869
-9249
86013
73834
-72054
-50589
-96118
-17629
15697
69816
-96235
63375
71388
-14677
-56798
23427
33762
80500
-70350
20589
76141
-72092
65495
-29155
38518
-21445
-70442
30248
-6244
87831
79798
-38431
97665
-61754
51691
92616
-3903
-46020
538
40127
16080
17440
21513
-79113
20015
59585
71909
-90326
9611
20902
-53586
97857
98930
15682
-97405
44437
97202
39302
39622
-79534
99920
46225
87851
66936
-86494
11523
-65118
-94533
14026
43119
-56609
48011
55055
-35538
-61118
-46162
-82535
-47920
-97368
61512
-28855
-43986
-71859
66301
10291
74267
-69988
54829
-60935
-12423
15574
13918
4549
-7833
-87782
-27464
-99038
-11176
-43114
-36503
57400
-52929
23947
61864
44194
-91162
-36938
-38569
71150
47390
16992
33154
-23312
12497
24132
44357
63363
-95821
-36328
-20727
-68643
11863
67194
-86546
206
81246
-46856
55109
-64683
-25590
-99204
53684
-75425
305
-97198
-37315
60253
94092
-90472
-52520
-13952
-89233
88961
90044
-52588
80083
17285
41469
15542
-28785
-3607
10127
-16844
79270
-15130
92840
-30081
-75719
21049
33796
91919
91741
-89082
-91198
30868
-3833
29482
26924
-33708
76004
8604
-56556
11493
-84859
-56258
92313
12105
11576
83846
-91383
-40799
74738
89347
-65312
-23664
72040
14927
-8977
8109
-15940
86800
-60968
-12444
40212
-97302
68597
-14294
-95737
51973
53209
95194
-82767
43190
-12626
77041
21030
-78004
-33667
-42974
84355
8762
14797
37015
-28384
62492
-24926
-41210
-73311
55271
-88793
-49429
-7892
4466
56806
83367
-19467
99163
-29453
92597
87348
-34665
67177
-99067
69944
-5926
-83060
95735
69398
-57825
26318
57269
-51143
6037
52909
20205
83165
60390
-20999
-34390
44631
94948
41395
28302
18508
86738
91985
-79954
-32702
-58611
-6241
30090
97299
68246
66367
72231
-82819
36540
49169
27531
-88937
-70166
33069
27669
93279
-70709
-93811
-14154
-96978
-3115
1416
-62896
-244
57657
-51079
-2327
-52704
20134
-70978
12684
-71552
-70732
95964
-46340
68711
-57740
-60544
-84138
34948
91729
-23839
20802
-34577
14242
-64511
38869
93366
36368
-72303
-77497
59094
56927
564
-40884
-27771
42010
-40036
8912
-64276
32863
-28527
81684
71795
-65596
-76208
15072
-21004
20773
62032
67748
-86959
78348
14815
68719
-67935
-6149
-65237
-12469
43845
-4904
29405
-63181
58201
81014
-85792
-61455
46534
-38020
-1408
71064
97333
86132
-979
88603
60446
43314
14238
-31927
-32258
64350
66706
-93594
-50585
-58847
-13007
41831
80753
63400
-19630
46153
-6834
-77032
-15658
-44274
15612
-44146
97457
66581
-51693
2321
-89207
-46635
-12866
-67433
-62090
-39114
-6714
-43599
-65174
-59381
9994
-6957
-44822
-54864
1419
-9532
20986
68221
-69212
-33506
-29481
1636
76247
-26365
-10722
-72275
56577
-14244
-77494
33482
-34448
8783
29787
-51495
-60469
1853
-87599
23415
-27409
884
35095
-70085
-53093
76024
-48067
-73450
-58623
4009
68958
42693
39549
71441
-62751
-24656
-65823
69900
73178
-80221
-86545
4820
-23536
-70810
-25952
24105
77274
90554
12129
51609
78818
46003
-3171
15857
16651
9261
19381
92672
-67409
12204
-92595
25284
9217
-87532
13120
58100
-82286
95425
13683
67177
-1105
15172
96711
37162
-80793
48315
79848
60691
73257
2060
98626
92640
-12212
37950
-65068
-32357
67369
-73101
-88099
50976
44835
-74490
-12494
69578
-84601
95677
-72015
62588
-91762
-49365
-28208
-1970
-36545
-78555
-36593
79697
88369
31902
35148
19073
14511
-22430
-72523
-14906
-16204
22059
-3177
37287
61333
-81436
-2539
81164
20350
-46729
2677
-51475
63316
90837
-25195
61917
42938
32898
-39749
-52819
-30417
-35175
-25975
-65154
853
-57500
-48881
-91545
-5683
-52720
51643
21567
78205
53840
67179
56583
-7885
42833
-74589
-84425
-4317
-95723
3162
-34205
-33652
-78993
95023
-10550
-83271
59481
15161
-76037
17828
-23499
-18628
-52443
-67723
-22113
-48585
-19655
25448
-90197
36698
64766
-5812
-92416
-31852
-20239
-95513
46544
-87733
-5290
-8585
10163
-1691
-3233
35923
1631
-76797
-66312
34800
-83386
-26482
-53011
-48320
-34612
56873
-40455
25653
-45404
93702
47916
-30172
96006
58260
57655
-45692
54798
-47402
23831
-9707
-79692
-75505
-22244
49309
77668
17818
-7851
19597
90234
24086
6234
-7997
-84580
-50306
46390
54121
-99021
-83754
84207
-34566
-90042
9857
34803
-61275
34677
46832
-97376
3530
-39536
-22731
26351
4769
-30382
-86667
-37058
60474
56125
21052
32890
-4961
63571
-66517
-92442
7637
-10578
-46708
-92790
17281
-70147
-1082
33338
42408
23003
65132
76929
50575
-68979
60207
-35925
9473
-12008
-11788
53612
-25937
55933
-7488
-40464
55281
70803
-11312
5248
-87317
-23361
93894
-5362
-24309
-64815
-85891
-49507
-5650
87806
30461
-4657
2210
57654
72458
35532
-75258
34402
35991
-92659
81742
-61636
-13864
-20926
-89373
-28406
-30091
-28442
96871
-63112
-53926
12701
90518
29009
44907
-33466
-60344
-56422
-78571
55523
-73517
-19765
38784
18082
4813
-60758
5600
65096
49262
82438
-46549
91833
17556
-16498
-77723
93990
-45599
35660
-65321
-15917
87359
-9727
85278
-57404
75780
49501
-91681
-53821
-4624
-7589
-2536
50577
17363
-78345
-81262
8615
80204
86029
-30669
6951
84524
-240
77359
20644
17400
-2653
6879
55562
-34739
-78313
-16150
-24276
-4130
-66430
-32097
-99544
-90278
69944
26149
2105
36713
97001
5257
63065
-33580
43479
-80329
52049
-72252
-24079
84804
-42082
-89886
-72175
-21528
-41150
-89378
-35185
-2743
-99996
32459
73728
-42766
-82652
97384
97039
-38814
-66368
39162
68213
-70143
-2788
-19820
-28840
7086
38193
33337
64702
63155
52949
-49896
49964
13722
60834
54773
54687
-487
40966
-83543
75878
98472
76775
-19392
-60198
-44812
33456
84352
31099
5804
73533
-30519
-83287
-72136
26527
-69480
44220
-9975
-82996
-22427
78016
-50933
22886
92461
51024
-82185
88358
4106
-38643
17926
-49115
31357
42812
29120
96775
-40050
22522
86706
-37628
-43574
-49764
96830
-34668
-6676
-67161
-12211
51191
43478
59560
-41633
99294
-87170
-19406
44674
-72967
-14490
1138
-63007
-49442
73155
19056
-15052
-14701
20927
69860
63253
70904
-32230
-49037
33075
30036
-35285
-11643
16543
99898
78981
2179
91716
-45865
96821
-58254
44147
-34085
18279
-24985
-23460
27842
-73560
-87834
-46246
-58946
25926
-82469
-20315
27971
1683
82548
-42453
44334
35849
86041
-60040
59091
68743
40137
-70575
51425
-12679
-96302
-48415
6452
5719
63405
-99125
-30408
-82428
27443
-43618
-81420
-3626
-64896
61798
-71046
-74827
11555
72223
-12630
63900
-92481
-65531
2910
-14467
-56639
8711
36853
-3007
-18883
-72871
99071
-8211
58600
44777
24642
-51744
-84692
-19223
68775
63673
-69460
-22965
39492
-31339
10004
-82869
-63481
45493
-34213
50790
65275
15103
-73512
85288
28090
-89509
87934
-49309
-44944
38398
-93514
-95173
-11129
16259
44695
13599
3956
86261
23365
15378
28126
-77719
7267
-10457
-18074
15240
5494
-53813
44375
16683
68759
-38276
1324
48287
33556
98264
-61512
-52792
28133
-59184
-91530
51873
-51386
52923
-54931
-74975
-29067
32135
9920
27065
-94710
-75126
14864
-86086
19438
21430
-41266
7636
-59335
-47189
-62816
-85958
92396
-75801
-98641
32673
66632
35609
98187
56806
-54967
15891
96124
57743
29634
14749
54438
-89495
-66218
-77467
-54057
-82927
-78640
83669
43505
-12721
-82848
72317
15471
66973
-70733
47663
-26923
-2811
-26515
45162
-74632
-23640
91270
-11538
-4697
-39973
57470
-60562
34229
-50901
43710
23140
52836
-79487
31885
-63234
77232
72481
-16917
-17994
65525
67660
-57970
85311
-79555
21190
42742
-56229
-41046
24754
87855
92682
-44548
-84711
42275
-84772
34496
32585
-75623
13224
-11946
-51430
7054
74069
66525
30412
80814
22421
34557
27340
72303
25522
9296
-96107
73227
-53312
97454
64115
-89960
-58190
-77485
-44061
-17019
-32375
-3665
-80617
32179
19559
1611
-60778
77165
35138
95379
3263
37638
75380
-11580
40365
-81202
37615
21490
-12042
-14480
-69107
-18698
4814
41707
26757
88308
89033
18027
-85766
33541
42430
-31293
-98963
-699
-71225
-44150
50067
-72198
60836
-6833
72962
79967
8767
-13702
50820
41805
-51702
63488
-70194
-65787
31684
37698
-89653
-84260
-72869
21891
-83695
-43837
-96020
-14844
-20875
-8910
-78362
64510
82554
-93903
56268
-9093
-45852
-61629
-8871
-66286
-48213
5679
87677
46589
53771
-68180
774
25112
20344
70312
50394
-92359
1327
54581
-30880
-24794
-63064
-46767
41663
1143
89256
-21808
-77698
74057
-83598
-51032
-98357
77916
20829
2969
48343
35850
-46463
67767
46238
66981
-16565
82517
-82300
-29333
96304
33808
-77989
61096
3262
-91275
-20734
20073
65230
45648
-65241
39896
45462
45970
-50580
49017
6555
3357
-82265
-16192
94083
-78544
67204
54220
-31480
-22358
-12602
-23612
96265
94396
44010
-20915
-39109
-7312
4716
97189
57596
64080
-25501
-11617
-5688
-97292
-85241
71163
6980
-65556
83411
-3487
-63240
-86906
21061
72122
-59430
-7108
9731
58476
-28347
-98819
83736
-91728
52553
-94250
-70117
-87151
60316
34557
-67856
-43774
-48723
-94790
-93912
22876
13017
92339
-52732
12724
-90249
-44526
27799
8534
30670
35540
-14967
-5152
-75674
87473
56247
-55620
-31045
-60444
-60488
-41797
58254
-76458
-85957
98827
12631
-23317
11148
-14571
67285
-85272
-85003
-20747
4229
10110
88961
-35049
83569
61432
67356
85930
37663
42878
-34858
40132
83050
1604
-88506
-99566
36015
-36398
-83637
-10950
-25314
25392
-24146
-43633
-30352
-45971
87843
-17616
-28809
75788
-94034
-28930
42577
-22004
15587
-14089
75318
-5741
92998
-15628
35249
92406
39440
-34885
-37716
99559
12947
91970
59427
-74692
-6603
18689
58043
-87144
19416
-96206
95275
-36424
-16486
-23704
-71592
-84260
-39880
-51703
96831
29519
-30259
46954
20108
-48939
-62855
38533
71623
-12431
58972
23001
-32466
70992
85058
96991
2909
-62699
92825
73572
48554
37698
-38947
77576
7757
70272
-70380
8977
10300
1931
29813
4204
80726
79100
-20316
-1982
87669
50228
-56872
-9997
-91546
6114
37406
-63118
8885
-57678
-73482
-40515
-72671
65939
41883
6583
-92306
-36894
-49311
78947
-57894
-81672
-88970
-15553
29095
-19443
24842
-14917
-24233
-22201
-98293
-53867
25718
-71453
77769
77074
89361
-62786
46841
-12070
12612
-14271
30869
30961
51761
-93145
-68896
-51954
-94963
-87635
-58104
53338
-76396
-12203
-46364
-99962
-72931
-15978
-84516
-59127
-83064
-42973
-4825
-90955
43987
87894
-56593
-2571
21196
69369
-63534
-33307
-9311
-81487
-10814
-39730
84819
-60472
-91124
88316
51273
-47531
-98506
-57474
14337
-10806
-61567
98938
-85343
-36902
-93235
45930
-78549
52997
-42404
-16073
-19249
-74239
85934
-52816
-33445
52679
73740
-63129
79182
47223
56929
71656
47946
-99224
-9406
-73769
48167
52624
-68657
40677
-32988
-62003
43633
-81297
59064
89486
-35837
-35533
-74297
-77088
-9523
5679
24496
-70183
-66901
-1768
-81725
-55397
-73332
80436
-98160
69445
-93354
-90668
34394
-30020
20455
-34510
53867
-44335
62391
2979
71937
50832
-86759
30392
90982
-51420
-87584
31415
-32867
-41750
-89250
-61455
19960
-25456
79752
-11584
97735
-33431
50357
53343
33387
71313
-26235
-15258
27464
-95944
-3106
11488
12312
-71860
95506
60042
-39651
19655
53661
20843
61806
53586
16586
-52853
59827
4245
42036
40977
-5268
29084
21610
-68228
-13909
-76057
-34388
-89986
71650
-35570
42962
-40464
21719
-81265
34316
-69450
-1996
21430
81860
-31439
-68294
23975
-10528
32858
-50218
98891
-78237
87617
-39668
45653
82291
-87133
70224
-29072
97589
57953
81203
-44921
74516
-32669
45882
-95952
-8863
13000
68875
72438
88469
-88504
-89599
-72127
-33551
65833
8415
-75164
98182
-82277
69472
18435
71249
-89872
81900
15071
38718
-18566
-72217
25280
-79091
-28285
52900
-5314
68050
55651
-35273
77483
-61738
-56702
26664
25376
19995
40555
-85500
-99229
85629
-37560
-5619
76722
18612
92800
-20783
34286
-94602
-39958
62488
-18009
4474
73260
8247
-89728
-35946
41588
-59711
64383
-11063
-72430
-34211
59316
-45163
-73871
-98445
54082
50565
-25167
-99776
32911
-19379
87842
-88054
4868
25678
-4898
-91731
-24383
-64840
38531
-16941
49953
-66550
-11509
-17022
-24860
83445
61451
63759
77567
66398
17221
-9616
85885
-88189
-33047
7023
-9776
95541
81967
-13893
-33736
-69565
-9526
60889
-81265
-57673
58185
-1737
-12114
-36422
36687
54113
-16512
93330
-6099
74701
76961
-34740
-80743
80912
-26638
60853
26510
-56461
78332
68866
-87489
-80543
47550
52751
96568
41783
94805
772
76308
-97026
-94650
-65772
-49579
-1035
47019
32927
-32861
-61946
-38600
98488
5540
35355
17642
-23616
-57548
-93750
81227
-41487
-21759
-39060
72356
5175
-40314
64075
-8641
504
-95518
-94279
-1513
95989
98132
70461
27998
27144
-96106
-7191
-70805
-14771
76499
-92921
-9345
-11555
86469
71858
3122
-27018
-65809
-10752
-54529
-2058
-71116
12061
58152
-93242
-47405
-17869
28807
90068
47616
-61883
-98829
10680
36128
32859
-62517
5176
53728
-22504
-98014
17575
-95631
33127
46599
2536
34084
28884
-71761
-56880
-66593
59959
49602
42729
64570
-40694
-1857
10771
-4743
79068
74444
-92858
-76123
-47329
79838
-50254
96457
-94117
35905
82631
-81018
-10043
74884
-3887
-56684
49834
77573
65530
-81003
3206
51093
-72845
-32425
80178
33287
-30226
-26905
-79367
-97958
75587
85196
-80629
52928
-68430
-45145
-83766
-55094
48072
97381
-34174
40435
-75942
10334
-93386
30918
-13138
8909
-37099
15724
-26758
-39316
65996
-55978
37572
-19732
47669
9155
40168
-64370
22764
-69330
54968
-35487
-63038
78872
84285
66840
-56309
90093
78812
-22841
40722
-85930
-63980
95674
-29459
-60326
25060
94386
-34837
-31439
1674
-78019
-52503
48551
54693
49521
53124
-78742
81916
-9339
72360
-75600
-81833
57291
-9593
-28025
-31285
-27698
-4698
97018
-60716
-77820
-7535
-54563
74330
-21968
56559
2358
-47722
-79081
49136
85896
-49266
7644
-82910
8829
92924
-69958
-56989
-11089
-10163
-98722
-98575
-25197
-46011
38943
-29858
-48830
-98689
99291
-65313
7461
12882
31343
20995
32061
-7792
-6958
1600
72589
-89688
-45745
-39256
-10716
-53909
30813
54652
92683
6379
-26340
16919
-76985
-28096
14830
99851
24715
-95580
62960
-69623
-5123
87486
-96940
23865
-64093
-25988
18908
-85846
43498
-99879
40757
-61597
13011
-68226
66030
-69608
76858
24645
69075
-97160
89284
97752
-62870
-69213
-4955
61816
22153
18425
-8628
-46694
-82286
-25074
31211
33835
-39795
11642
-35802
83508
-95456
-65908
-95721
-98855
67821
-25634
-70468
-74180
-3960
-87485
74302
-89153
-15340
-71075
29023
-80602
-31815
85580
-52289
43418
-88957
-88191
-31094
-77431
87834
34992
30785
-6805
-38630
-75548
78372
-18208
-76401
49324
-57735
23541
-83314
44787
-29700
58694
-89870
-44691
28515
-5123
-96590
-87186
12685
-58824
46236
54549
38150
-56759
84720
68325
37561
-90985
347
-35596
23795
-41439
-99057
36091
-96048
52387
-8133
-47602
-61436
-23983
-21972
-23321
20552
-88832
57152
-92133
-38114
-220
92482
50286
81091
63348
-31385
95938
57393
-65110
92772
-73110
-29490
-20378
55274
97884
-60172
-91918
-96321
5317
-83874
-84128
-27654
92407
-73493
-32496
-77221
-7618
31378
99982
-78459
-4144
-45213
68696
-72359
11362
-75146
61629
-92177
-30313
-33998
-39392
-40205
2771
-89092
-45412
-24422
57582
-42503
17154
-57344
-40379
-2558
-36611
-16096
42154
92196
-15785
73839
-8965
-75760
-76652
-55851
-36464
-93083
-58948
91977
99406
52824
-57290
96071
10648
40574
-86256
75569
-21530
-2506
85339
43456
4397
3830
19699
81573
95934
55920
-63075
-59136
-21717
-26848
-36087
-58949
-13789
-19659
-9418
18565
51615
53913
-3979
-15641
81717
-32033
-15227
33668
138
-83703
40285
-98831
-11035
29618
53001
84911
24990
50910
20204
73793
78453
-9316
-36380
-79954
-2049
27734
9226
43029
74234
-92363
57560
24872
28866
35763
-76698
6471
-13731
67326
19277
-77191
79536
60486
35884
69321
-76971
95268
76297
93499
-72892
31462
3983
16553
18797
-2117
-61259
75071
-84248
-31944
51008
59535
71236
90820
93471
-28398
-46084
69542
-26252
77820
-77240
-17879
-34958
90619
47759
7594
23585
-1205
67961
-96066
-41858
53304
54243
46018
85632
16626
-77524
27904
79030
-72826
-4692
78138
-67508
-41857
-35451
35287
8109
91480
-89071
-64409
4610
94748
635
27477
-61800
41372
-1111
-76696
-1889
-93171
86743
-15627
92622
66492
-73153
7269
66404
-41682
48500
-17121
-58934
39768
44751
81106
41621
-86921
87552
-71328
-91417
-21939
-40890
-8086
6517
50106
20473
-42316
79843
61491
-74556
-66123
67210
33697
22257
-27266
25116
-21800
-31715
-20220
-99169
-718
-31990
94412
-22699
-68856
65107
-22862
-64771
-34356
86842
29077
-1679
-72890
-96739
30946
6832
-99287
-17528
-19844
-40458
-44399
14628
64453
-25976
28828
66636
59916
-74356
26146
24640
4051
-95020
19602
-41934
-20037
-61125
7402
44350
-24242
-74136
80594
31095
21801
23728
53462
31005
-2748
-28904
8063
-82646
-55904
-52489
98892
-24373
62731
-48902
-94318
-56788
16723
-21118
2029
-48980
63109
37480
31394
3248
-55136
-31072
-48237
71635
-66533
-8709
23965
65083
-15472
97734
-56558
52807
-99580
-68208
-22258
97892
67731
-22903
-8392
8959
-23107
22726
-63849
68053
-54457
-61662
4942
-22746
39119
60542
-40074
38087
10160
22568
13974
80855
5837
-33255
4161
34313
-28034
-49128
-33587
8673
-29355
-33859
-26005
92986
-72308
-3952
-55704
-7613
-10036
-12016
48319
-10486
6044
-49969
-42472
-59920
-23964
86330
-287
-2691
-61091
-37129
57992
-20212
52120
-23769
50834
-43289
-74713
-55221
23771
-4115
-55892
48387
-68886
67760
66812
22576
46960
-58405
-9809
84795
-50722
29392
20230
52911
44960
90960
-2310
21570
-39623
84884
39261
99889
-75780
59512
36079
44681
-57436
-33193
84672
98753
-61167
45170
38204
52996
72671
42569
49624
39246
-10907
50956
12312
87532
31175
-19925
-32134
17957
18553
-40310
-97022
-35209
20176
91152
-37789
56634
4742
73055
-16889
-32606
86794
37790
43004
56736
-32190
17905
-74245
-345
47710
99914
67093
-39156
-40166
-19879
4156
-1786
-95792
-29409
-71445
96725
-10505
-28384
-38221
-64
-65284
-75017
61667
41590
45691
-38397
97108
-6954
-51430
92415
-97330
-12534
2626
-64592
-84582
-85426
-61701
-86217
-58138
-61809
2787
-46586
-27058
-24978
14731
76079
-38643
90339
-14673
73496
6207
-71873
57103
-56949
-65262
84681
-4690
-70166
-13559
-36022
-66586
-71744
8108
-91291
-7066
-52494
14736
82654
394
-71212
82750
-13125
-50923
17624
78915
-47481
35598
-74911
-99756
15347
47476
80245
-8229
-73384
93150
-69359
-14046
-3880
-33420
88919
13211
-13598
-17468
11683
-4087
61011
-38142
96699
-69809
-47558
61599
-87324
35987
17332
-96828
17
75983
-68106
-87317
-98761
-29260
35305
58842
-24388
17403
66032
68030
10381
91849
52229
60000
-16753
53501
-23871
-90426
20781
-12006
36346
-60952
-9200
-97268
-37242
1293
89453
73113
-57314
-56574
24760
-89627
-18849
98103
-71754
-30431
-90646
-22154
57648
99026
1962
-70143
-62909
24057
-57483
-84602
44564
-84507
-51316
-70399
75234
-79471
-7235
-10641
20212
-3334
-61528
4010
-52239
-42622
35102
91750
27662
73850
-61980
-44026
-52575
69264
37336
-62884
99733
-63404
41195
-35268
69623
1704
72652
76731
-11668
48452
86822
-19447
13253
81380
56639
-41176
50987
5775
-71935
62472
-53771
-85885
76246
-87551
94744
92930
22828
-92308
43966
243
40152
-36898
40047
34679
84183
-20478
63404
-12151
-85777
-95854
82779
-53935
-98509
55154
20892
16005
25382
47081
11577
63740
-95305
2941
10428
-5935
25451
-1559
53851
-9104
70425
95037
-14193
-76736
-96050
-86829
-62461
49197
25809
-34711
-43673
-48303
26752
-6624
-90781
-28546
35609
-60208
-4183
-56278
61525
-33723
-95581
-95496
47406
-72485
10444
-57441
-85310
86641
53595
-12295
72079
-46131
-90599
83114
-9634
66316
-92716
-46869
14141
-38844
73452
-30798
-73500
-2888
-1142
62080
-85894
-68873
26993
40582
-83793
75473
82284
96117
-48759
62391
-71833
47201
43005
-22930
-73830
1617
71027
54704
-160
97957
-36563
29471
-44954
64868
32896
-52122
-5762
9570
-23424
-46289
91667
-60022
18554
-54790
8823
-51058
-52198
-14816
11096
-79256
31981
-27867
59922
36683
-34943
-2509
-22242
94379
-50263
-15303
-12953
84646
-53923
64736
89341
-6387
62014
-39899
-28701
-72557
58422
-69545
71747
-85551
91710
33263
-43263
41076
-64647
-62585
-596
-19004
-71042
81785
3153
92689
-53581
90005
-26518
96124
87188
31102
69044
-49505
-2989
1377
85534
-54438
-88998
10067
-39267
-30085
-51732
-87481
59356
-71543
32041
93736
71697
-28883
68912
-78759
-51093
34174
84255
-38777
82215
-83288
96629
6695
-50046
93944
-55655
58961
-65079
-97210
-51916
15929
25548
-81793
-38792
-35386
20337
78541
89412
53648
44836
-71706
52768
74683
-93844
-84370
-79773
-83285
53401
-79862
-94476
-27934
-60006
73474
-81939
-36291
95339
-67118
64923
-13496
-21589
12173
-88926
-2951
-26741
-32017
-33602
99024
72226
-13955
-28636
37960
-37154
-57637
98182
-49606
-51882
55338
23030
70543
-48518
-82917
68706
7648
-64084
-79915
-34755
69804
49448
-37633
8127
-94283
65885
-42710
65026
-35977
76448
35230
-37747
-61242
80502
-59264
-11538
58179
43087
54301
-10112
28602
4754
-58283
99085
-79780
13203
-9050
-93748
10004
77090
84756
-10805
-70329
-92163
13298
45736
-13843
76709
-42096
-72455
-31865
4430
-41150
-49460
10748
-90321
-72504
87112
-33388
99450
30495
-35086
28175
-65050
-58781
-4276
15331
-35865
7327
-97449
52881
-47937
-7117
-76998
39971
-84882
-63071
-59781
-12540
-38459
71028
88361
98620
26713
62733
92188
49862
-81710
-50805
59797
28111
-53405
60182
-92737
87373
-61996
11528
-98153
85434
-94982
33209
89319
45164
-45687
-6362
36077
40019
40256
25342
87195
-77618
-23230
-55288
30648
4202
-38075
1075
56804
96696
-54173
4668
-5000
64009
71310
84534
-57589
77192
34657
24633
24466
41589
58129
-78615
17375
36794
86338
54050
31562
-41045
-20554
73597
73517
-34977
-79456
51202
-87288
86501
4247
-24534
33926
-14875
-95962
-7473
90263
-5739
-34112
-78030
23356
27028
-59248
87337
-5343
-10137
90991
17379
10148
-87603
20783
64281
61428
-17024
88148
10899
50644
73099
24803
-26028
84607
-41918
-1902
76260
82470
4835
77918
64376
53845
-76600
-36548
11391
-73229
73669
67815
-42357
83112
60260
46680
-83686
-90087
-14470
-21356
48769
15566
84453
-26593
-12108
17973
-79195
16206
-87500
-45568
-60331
92218
-55211
-90775
-97339
-70832
1963
-46827
24692
55430
-26351
30038
6255
28840
11413
46987
-83200
-93808
-94141
-43294
31573
28020
-80627
15998
-94289
19098
276
45364
451
55078
88085
-14226
-94351
-5165
-87309
50930
26206
96768
-7204
-97155
66224
-7262
56347
-72695
-50971
-92520
-15238
19054
-51567
88220
11922
-40027
-11470
-83691
68977
83175
71985
84041
52198
-63565
-1800
2991
51051
26607
-31254
22690
-39824
85414
38979
-38350
-35712
-18832
37070
99925
25810
-24529
-25347
32443
-64081
75317
57448
-19009
14074
86531
-5403
-73287
-92895
72813
89856
67632
37727
27289
3991
37549
23595
56742
-87019
81962
86016
-855
-87607
44970
18250
-79150
15394
-88606
66282
82989
55305
-19307
-17178
-34939
-20325
95165
-38160
6691
-37183
-84635
-84143
-62348
-5010
33876
-19662
-35640
-651
14051
-8825
-86090
-87035
-36816
-56359
31006
-96254
-62229
52846
60935
-99840
-32243
20630
61286
-37410
85865
-9003
35712
-48771
-16613
-37400
-26970
23324
38173
-79178
-60385
65234
-33544
41428
-539
59239
-43882
33333
-59707
56206
-13706
9068
-76567
80259
-88582
5024
-10765
72189
48731
-59829
98879
-14896
77372
73646
-65397
74339
-4645
66581
42867
4553
43812
-5118
-9324
-15107
-66848
83065
45715
17343
-55861
-98840
22134
17157
54018
-35984
-84817
10848
77659
-3244
31545
35181
-11825
-56707
67291
-19660
-11758
23783
91082
-53920
17796
-19924
66092
-68901
-92609
42411
-8714
-23739
-67760
-80107
-47434
-38254
30787
15955
84397
46846
59160
-58345
10644
87597
-3246
-83778
-23361
15010
-78099
-67745
-64801
-21156
62831
-92365
73634
-46520
-33705
86433
31157
-72153
44722
-63516
64809
-39682
64589
92571
58035
-75148
56261
16429
-86898
-31029
-99782
-8682
-27461
98622
-15710
-28013
37352
-89933
-16967
-13914
-40337
35292
-66730
-75322
-3467
96944
43802
-2841
-70733
89794
16321
1889
40465
-27909
71386
75647
-58194
58424
39635
94375
-3779
-75710
50926
-96031
-59767
63334
-50288
-19771
-7272
32561
-31496
-39290
87470
2890
42957
47189
-67671
14636
-45233
-54605
-8823
41790
15792
83862
-51374
-60208
44732
61687
-75254
31796
88179
-4746
45086
19575
-47433
38379
91553
2747
-66464
-22198
-48204
-17358
-34323
-16590
-29952
52793
-6506
-26414
24800
-32114
31229
91256
60444
49520
29698
78968
62736
31186
74933
-5707
-48980
-66565
-70041
-29233
83412
8509
-21543
28201
-8152
23119
41686
80917
14750
48074
-82595
-96417
50122
-17731
-65098
61299
58687
-88787
1957
4139
22928
-1620
94396
-46407
73712
14676
85131
-88018
-34313
97568
33587
83749
-34107
-71896
90393
71502
-42367
56
82294
87898
-95173
2123
81802
19584
98416
-62935
-88016
42603
60715
72410
-79283
-44992
19912
-3450
-51742
39055
58132
-8597
17089
90005
27728
-2311
16669
14123
49941
-32947
-38406
-84336
38289
59592
61251
47694
83119
-71092
95866
81995
87509
-63022
-58614
-65554
77511
2795
72184
87531
-46040
9489
42488
-147
62561
3689
59036
-41569
-66982
-83944
92327
-84713
-88538
56895
-88256
61216
-85765
92436
16706
34083
-35106
-4002
-98896
-96207
-33315
33869
91974
-50512
82934
-15309
-28438
-801
-7146
-66909
-85374
9351
67195
50981
39135
-28992
56378
-18029
-97450
-10211
-18915
58643
-22289
93749
-5084
83440
-4041
-12465
-46548
68951
-76048
14249
90285
-10772
-20439
-49819
-39586
43655
87144
66705
2739
-79729
-10173
16849
96454
-17872
24526
-33365
-45484
-32196
91502
-51857
-91938
25052
-25652
67457
-17681
-9423
-14234
97348
91838
44171
-34625
36069
-71191
-34044
-18697
53121
-65183
-63814
-70475
14004
8293
-57560
-58944
-10625
-7449
-8607
-91987
-89451
86155
-80792
-83405
5186
95565
-90706
-7142
-66887
-45567
-30040
-80366
504
66678
38157
-18272
73562
70004
8873
-51917
78329
-87963
-43359
-89067
61117
51280
69828
-86467
26630
37888
-19895
47489
-82574
78595
-20437
28456
-25973
61774
-87202
42078
-33264
12350
5100
89472
69854
77049
25905
72919
75003
33523
37551
-28830
65152
31629
3279
-65268
-37216
10711
8693
89853
-98407
-94154
34622
-74291
-14987
-23135
63065
59730
-18819
-27643
-69569
90842
46459
61769
60176
-67660
-30037
-24404
-9588
78185
-81410
-24439
-88470
28617
-68790
-69060
30808
93407
78801
-98721
69968
86662
-9365
-41490
2643
-68011
24147
6601
71110
15477
97548
-81129
-95963
20564
60910
-5370
-42328
72498
-14063
-45455
84849
-17063
94612
-7397
-6610
-30423
-81909
-28648
45713
78481
50563
-62837
-56151
8346
-54350
76554
40541
95069
-29632
35870
77445
3221
-60372
62886
4133
-21105
-19747
56090
30983
-94146
-63738
-59539
73140
-23381
-41612
-37684
-70513
-54327
59959
-93180
-79219
47974
43882
70336
-57708
-16770
6625
17839
-46609
21546
-11857
48836
20140
99190
-97071
64407
-14637
94544
62523
-94039
46659
-62181
58620
-699
-82198
27299
-71536
85441
66912
-37972
-77438
-81692
68769
38499
12476
14369
80165
3958
88941
-77374
-57506
87359
91285
89440
13262
23387
-34384
74126
-58814
-57767
71676
-28842
72686
-34546
-54871
-51685
-73946
5382
-42531
48478
51639
60885
-31071
-62308
-64736
85835
62315
-42797
6064
-29499
-56184
-99675
-54403
-48800
-9434
64086
-16386
-52919
58939
-91920
-87802
-63888
63638
-41978
-1827
13019
-80256
47445
97917
-10537
-818
-14522
-86170
-26039
-91962
-44209
19870
-73374
87596
-73286
-60919
19121
-4632
-37122
50016
850
-93419
28809
90705
-39932
-61272
-10081
93684
-10343
82171
70108
50021
-73722
46837
64853
-69310
-93158
-55528
27933
-98366
72780
-46169
52579
61872
51948
-27022
-71111
22531
86652
65280
86831
348
-74792
-59369
-93474
-59044
-60464
-23510
-77247
-1313
-63274
-89824
4093
91800
-43309
14653
-14527
-11063
-11116
22639
39304
67552
-26719
-12681
-39429
8937
47662
-99854
55156
-83660
29931
75971
25822
-90108
19254
-83489
37816
-65807
9520
84277
-4104
-30629
70061
-87432
18444
21515
51525
35466
79227
-14425
59143
89863
-15190
21522
-96178
25258
-96773
-86178
17451
38880
78672
57327
-74175
55847
15278
1261
61872
-41693
8956
-28315
34665
-77315
55786
43901
-10015
-18248
12910
86162
-98847
-48558
12265
-73424
54585
95635
85864
32813
43797
75573
13703
-18590
-74649
-57553
-12943
23559
32068
-91424
78466
1642
28491
8277
-68275
-38132
-26240
-19017
-73735
37016
72439
-21548
-53818
-57663
12395
8136
99630
32182
-34898
-76281
-70106
22533
-57989
-96886
-87741
12937
-58905
58324
4090
-66095
41270
800
10304
-83697
27530
80745
-14000
-94150
-67018
52949
43979
45313
-3727
56895
-33735
-64469
66086
-64416
70125
23632
-15896
-25383
-6265
64685
25795
-72545
16851
62184
-33426
63363
96911
-48351
-36964
-20707
42379
89457
-48463
37844
-22360
13314
-37422
-29619
28674
-1077
53397
1710
28074
-9114
39064
60558
-12916
19087
-67859
89851
-8400
-87557
-64845
16551
-42340
-5485
-63808
-71249
-93226
-27637
-96966
-26167
3974
10660
6853
54090
-73542
12666
51350
15954
32132
1418
-27098
16469
-8962
-8188
-91517
-55354
-35026
27785
-10303
-62111
36612
36738
-34099
-52971
95872
-29540
-87199
93069
-2000
-31325
-86445
-54118
-35689
-24134
-78519
-33665
22314
29941
-66233
73624
54707
-29165
44393
7591
-79719
82651
-28500
-11908
-56201
-95663
70310
3521
59624
-30059
-25706
7520
-39132
-33255
41174
99729
79555
31869
-4243
73923
21729
94025
96897
14438
-10725
7238
-54167
29459
-21131
32441
-99423
-98343
49565
95677
12695
-77019
-93494
50300
-31710
-59251
-42049
-19894
1362
-80455
24364
-94498
97058
-43026
-69645
74157
-59318
-31752
6792
-37211
-74511
67316
39921
-91837
-44800
-75529
-723
63569
53778
43615
17009
-97856
35911
25012
-27571
-5859
30392
-52615
-31314
97459
-19260
-29355
-54212
-11778
61065
-19495
46243
42247
67247
-63122
-20496
-8351
-49954
21468
52177
81022
-88880
-74823
-81089
-42514
-42880
-73492
-4745
-14218
98562
-3619
68323
16585
71276
-31429
-28072
42533
-52046
-22359
85433
-96691
37200
-41338
5176
-92066
-62624
-68137
11516
12433
-29365
37715
34399
88908
-98660
-88437
-52594
-62555
-82256
2101
-72876
-74124
-78966
-98156
38960
-61997
-23549
38341
84002
4661
-52322
98599
-78459
71072
-3783
-83416
41494
71880
66208
48617
-55790
-99255
44476
-2419
16766
-98687
-22103
50083
-23872
-24695
-61531
-24147
88427
-17330
85988
-75059
4504
85775
-64
-33525
-66577
52917
-4723
-92347
-79291
-52150
-34485
-48012
-65377
93463
56628
3734
64469
1119
-64906
-2114
-5550
50737
57147
-63116
-91720
42094
91363
62666
7200
-69288
-89133
93756
-9857
-92654
-50585
-18365
-42332
1210
34435
49334
46813
-50657
58311
-28195
-23942
33825
67232
-85100
-94615
17828
-14725
36057
-33728
99888
86805
20402
-50598
-2263
19759
-22082
-38952
-92891
44893
-5866
35209
-73233
700
68831
-17308
3928
-98109
75887
17586
-32332
33011
49497
83465
-93256
-80920
-71529
-49806
-61650
24850
-22957
72300
92114
91005
48914
18314
-54579
-24053
56573
96311
-92277
-28028
-63923
-58150
99771
-18556
12243
41492
56674
33555
-70494
21734
89373
-24495
-18662
-25168
95537
34000
65489
28436
22480
65788
49311
45177
-3925
45877
62854
-30612
90542
99901
-74180
-92896
69341
-31091
-8745
-96810
79625
84162
-82092
-59176
-74322
-51211
-25148
49119
-9172
-70104
34452
-8364
-89504
80859
78903
76979
60575
68607
4210
-54068
-945
-83198
77508
-32028
-66527
-64439
18351
56312
61422
42492
14503
87393
77741
66746
-92842
-82093
84175
90541
72714
95935
69175
99321
-26308
65689
43161
35150
-34306
66228
-88082
45150
-97472
75144
78161
60776
-71298
-90154
-51335
-62799
75658
-61790
82068
-67436
89265
-15137
38844
-19599
71693
77993
-38888
-72703
25959
-64212
-302
97098
80262
33122
-2384
99373
24792
54713
61266
-18275
19132
-60334
-63481
-93206
-9366
-20634
-53365
-84741
-75328
15747
-50911
-87781
-93910
-88652
-72759
-47638
35884
-45377
-39649
-54540
81103
-85176
61456
84318
-16218
26643
377
65660
64251
23335
91997
33216
69147
9165
68291
1358
42235
33400
-73942
86698
-39226
66750
-8470
39507
-2236
23237
-25175
-85719
78824
-14663
-4042
-16567
-99722
61817
74885
-93191
86095
-68719
-47288
8383
92570
-89054
-91738
35660
-11311
-20834
-76710
30102
-12571
-76048
37675
32131
-95857
-97096
-10877
-62911
-74251
23348
58415
-142
30901
26426
-85646
-89147
-7408
-94047
-77882
20448
-1482
34752
32624
-79111
42922
40270
22783
93572
-60975
-59735
62048
-42618
-43363
-69774
5601
43017
62480
-63979
-87808
-92952
-62289
-53786
-59281
4490
-4474
-16857
61479
-19669
95762
27814
-88026
30294
3534
75907
-82745
27503
-73187
-36592
-35268
-85332
43280
2897
-51158
91044
47701
-88862
-1184
-46400
-81987
78712
7605
75534
-5400
30079
-28546
34292
96336
28003
-8471
-93887
-48274
99819
-68550
87263
78988
-14081
-24929
10725
-8280
-438
65841
37577
-49662
46522
-32118
46899
62531
-28956
3453
3180
-48310
-5755
-63882
87029
68819
90404
19375
13364
-48570
-14509
37068
51721
-32870
8915
-78251
-54209
99556
45783
-5171
77215
89920
25057
50227
-91170
65882
8009
-75372
23926
50458
-55972
63499
12050
28138
-86495
55767
-36958
-39003
59959
64471
-1329
-30691
72154
-15772
-73720
82249
72516
-91893
-70021
15177
85616
-35802
8160
83992
86394
71638
34607
-44083
-58398
-11490
95538
65550
-12369
-72033
85877
-430
52080
-25108
59481
-77552
63133
72009
-46840
-75319
-66083
-37883
22530
26671
49249
-78543
29910
6769
-81491
90812
30189
49060
18423
-31124
-36479
-11505
87272
-93701
-57621
-87597
68095
-92020
-9639
-13195
-38251
-68920
-76963
43402
93307
75802
-73501
-94978
42559
-97277
-83653
16128
93902
-75174
-97324
-79219
12403
-79836
-45686
-8424
1917
-64053
64278
46035
-38401
53119
37668
22237
34929
78694
83266
79240
-70732
-7423
-37388
68933
-77453
59676
61348
-81233
-47067
98673
20534
17840
-56338
-37605
72762
-71788
-32411
-56910
-64581
1320
24369
94023
-18444
-58738
-81332
88701
23138
1121
-96662
25730
98485
79231
62386
-30743
66912
42295
47083
-17242
-61936
45328
35698
15141
-14343
-73804
77479
-35769
69835
-68360
64936
38458
99780
-47351
65717
-5517
-29601
-59788
90099
87755
53866
-40559
-88500
30771
40309
-83635
-78733
25941
26406
-89453
32389
68361
32362
75671
-41781
32305
-77562
-60353
-24100
-73486
-52341
-54226
-34976
52623
44072
86125
-30929
-92573
61657
3320
24023
53563
-899
-86493
