9400
-26743
-93618
-11202
-75664
82278
39587
94198
17511
28064
36725
44527
24620
12402
-38158
-65478
-36671
-14937
-56769
-90091
-9797
65054
-13678
58050
-34392
-52371
76653
-39757
-3300
290
-30984
5984
4570
69349
42617
-85765
-75876
-41223
69554
-78021
6272
545
-36713
-29611
60943
2847
-53846
-82742
-59606
-6569
47093
91225
6867
-45869
-28189
-83564
-67115
68704
69756
-33008
-40751
91605
-21636
28150
-6745
65971
17102
-75146
83709
66152
95274
-28644
-33617
-86994
-8184
-90630
851
25489
-47361
-57659
-20185
38605
8959
48636
-7718
62421
-27545
8835
61555
-37520
-30716
-89394
-80222
-88834
45223
-83464
-25182
-56935
-81758
91188
-825
-72169
-40801
28826
92841
83243
97948
60323
49517
13419
-10105
-77392
-39827
-15316
-90575
37636
-16509
59593
-96910
-67245
-96649
-14461
-17126
-24654
29058
57218
12047
-42451
52991
30010
15944
-73
-11603
-52375
-52443
-62660
-48349
-88772
-52568
-62445
5329
8337
49748
-70769
-91986
-81448
46304
-29963
57155
82706
73880
-57
85652
45179
1489
-14977
-28314
85189
4807
-105
84722
41721
-81515
-5243
25316
-90494
-22449
16837
83472
-52667
65151
-60658
36722
-55000
23355
-77402
-21984
44468
-81696
58961
-61298
-73067
63277
-97179
50686
34750
-46914
95289
15554
40745
-80286
30844
-53521
-49156
11228
-37151
33952
-25400
-5005
-89864
-9756
42794
30582
-69736
32517
33748
-78640
56569
-86474
63654
45123
-50402
-70440
18870
-62268
36911
52393
54831
-99213
-98524
54793
-3563
5046
94878
-19222
-6170
-80975
-9392
7892
860
62564
-29798
-33261
26128
41504
11894
-1602
3064
-88985
-18421
-9052
13393
85919
4575
25108
85336
-83405
43114
-69239
-56143
82119
-8763
6256
-33557
47189
31169
-49704
11227
21545
-16683
5877
-87196
44021
40047
82385
43545
-44910
92843
12432
74809
93844
70177
44510
56537
-42296
89561
-16585
23007
-81652
-92135
-88878
-85270
45579
32863
-33237
-87665
-17388
91819
26924
-27201
90391
-45964
52727
-42556
58939
94138
55186
-25622
-4642
28923
-89616
97594
-52566
-56705
-72296
65121
70353
-64498
-80716
-85520
-29723
64898
82809
-99139
59093
20983
36461
90470
48648
-90274
84634
-14090
-6385
58161
-28915
-4193
86219
-84159
79691
45095
-7269
-88277
-88175
-85280
-73985
-15639
-65017
-63857
77902
48260
49088
-74961
-35120
-14297
33584
73614
84985
-72881
41323
-76908
-58045
-38305
-70826
-74781
93094
13585
-34324
-86630
54455
58374
45167
-16268
35226
98365
-56663
-44338
-74843
-96798
12957
-80314
81043
-74306
-57329
65983
-73118
-57331
98029
-47168
-75062
23981
19865
14844
-15014
68594
-1132
-76372
-94480
70294
54728
47833
95572
23566
24178
-59786
19058
-32328
-79254
62121
54322
73328
-53680
79210
-6922
76865
27925
-44988
49007
93624
27107
-60295
47836
80021
-9238
-78077
-85407
-78437
-34232
22900
41792
-89145
39444
-27714
-45514
40477
35016
81679
14644
-29667
-57080
-62379
-75528
-66539
35155
-54049
-24696
-69552
53381
72100
-30837
-64724
-26426
24476
56772
13257
70227
70412
-5013
-5667
11687
99999
-8214
53157
69701
-24400
-5263
-21834
74533
-64539
77302
5490
95544
-66443
-7412
-19307
96026
72777
21407
76079
97812
-63680
-52790
81836
47626
-65267
86101
29839
19335
41723
-61618
-63683
-46365
-32431
5762
-99594
13199
51025
25561
-7074
43069
-43878
-24757
73081
-66258
73261
39491
27894
-63783
-83252
72910
-52254
94453
39806
54208
-5699
21092
7600
-60445
-43542
-91588
72630
-17315
-37505
-75982
23086
-95203
75133
-11867
14725
-5887
-24935
19653
-7021
96840
5433
72798
-38430
2671
-49158
90117
-29812
-61654
-10834
-32355
19010
-91584
-30493
-63546
-97495
74755
90206
25828
60766
42283
44199
-45049
-805
-15921
-46722
33916
63345
-53697
13803
65775
-3851
-92096
38131
75963
-63817
-90267
52455
-11504
-30483
8902
-4202
-21568
-64081
74720
94306
46182
88796
-89463
-74064
-8717
-4582
81294
63993
99094
-86342
99947
78526
-21881
65273
-63579
29016
95793
-42334
35400
-5267
-65990
35346
68729
-68801
11952
54484
57655
-64930
90129
61994
94450
-38594
-41225
72045
-1081
52003
58782
97547
32856
51320
-14572
-57488
96965
64127
23228
21760
41865
-29853
90366
40192
-95053
-70998
74574
40020
71678
-33402
-8296
70563
-59056
-85686
-9979
55703
-6900
99386
-52179
-19264
54484
-29317
-55783
-14888
49694
-13975
82611
85281
36977
22152
82445
29035
-26179
210
27466
57137
-46187
-55506
-87699
66979
-57590
-21886
-38148
-61889
-53147
92319
-21808
-8168
-10496
98971
-34116
73401
-71743
7100
-41000
-23453
-11852
13456
77161
91761
-82748
80218
-1170
61213
-6954
-22233
25609
9563
63107
24510
63368
36387
-37008
-19019
75344
-17076
27595
-14240
-51035
17108
28195
-81115
-25768
-59268
57252
8235
-84530
-56560
-74642
45681
10152
13572
-93038
-21509
99028
35962
-11095
-90458
84528
-61983
16400
-11555
17174
-26057
-57405
-99036
-79544
-1042
50069
6674
39481
-22291
66057
-13924
75510
-73747
11345
61259
-25168
-4284
-79392
-43953
96038
31743
-76306
-49618
-35085
-48089
-52856
50069
-60047
-34266
-73392
-43377
39689
52932
1432
69715
-46183
72458
42903
92919
-80064
3911
-68794
64835
13193
27504
10138
5729
15921
83298
-84514
-54608
67286
94596
-38996
-14601
-82177
57864
64584
55606
-18750
56784
74840
61656
64790
70829
-6652
93510
-18890
-94462
47206
35093
34605
81095
19822
-69025
73988
-2454
-8107
-53137
-20794
34063
59964
-51242
-35347
13432
-43999
-38758
-57301
-37056
67004
-14898
-14954
-16190
15612
50045
-62608
407
-69095
4480
-78382
-98821
80150
-34385
-50059
83537
-2091
33140
22429
61565
-31210
79035
98915
86255
24462
-84346
6109
37696
-24736
-31268
73900
58420
94074
71777
9825
57888
-73265
-87935
-6388
59045
-20052
68870
-95901
13082
-32327
93322
-77364
56200
75599
-4346
23944
-68082
46832
-38712
-56901
-4443
-91097
65411
-47652
84158
24445
-21056
-80971
-50360
-49003
90803
73815
35277
-72539
-96216
-11042
-82052
-59695
92252
-51620
-24831
-8090
98345
21925
-22448
-80913
-29863
79991
-59839
19511
-49765
25475
32854
-98723
12306
-52836
-1576
23373
-49653
-71941
32350
94496
-65913
12077
-60881
41298
30071
-79846
-72321
-20388
-83642
-25486
-71338
-43218
8976
24693
-76786
-17717
-51216
-93601
-16133
-24832
-27594
-72913
91237
-48574
18616
90899
-45904
8611
27199
-64910
-55459
-10703
-4381
80405
-62103
-58453
-62031
89331
-94381
85985
82056
99543
-87557
-15321
36931
13872
-45978
-11
10064
-29067
55838
-89186
-29665
-97677
-14410
-56597
33783
70516
47788
83284
47138
-70963
64551
42330
94729
-76027
-10209
-7548
34586
14685
52315
75700
61925
47361
16406
-17756
10950
29513
-71173
93251
89597
21228
6352
94246
15130
-52414
-58705
-33299
94227
90035
-48082
-23885
-96456
60482
-82592
-5135
-84419
92784
-5259
-90448
33590
-67442
-21188
-65816
62754
-8542
49033
51706
70686
96117
-78414
-61881
-14661
-20488
-46797
-87509
34921
-78384
28337
53338
-7086
-7803
28764
-99435
-62781
-67838
60141
-56696
-19195
-45430
-3953
9987
-88246
-86728
84890
46611
-35069
-1808
53498
91452
57038
15208
61294
1302
73485
87437
59372
-44030
-12206
26579
-84637
79239
-90442
43996
84056
-78708
48265
89156
75314
32372
24995
-12793
20497
53074
39385
-31600
91672
27207
-88372
1054
-373
-76097
79131
-427
-52716
49924
-28744
-80417
89312
-94659
-65768
57149
-27098
66056
26948
-68306
-65336
-95633
781
-25542
61778
-23031
-97636
-62245
-79137
19888
-24473
-97399
-20134
-27238
-44992
-57247
-71838
27094
-18488
94769
50887
-86299
95936
83554
-12431
-33357
23232
-69502
9121
79984
-92096
5230
-53361
-57904
69779
22617
-68239
-8997
-3852
-42757
-44963
97585
84217
62552
-1275
-34210
83044
81003
-96414
-53610
-1319
-63377
-56596
-27827
54441
-65973
64965
-36171
57804
96856
23925
-68971
76590
-20720
56528
-5693
44448
98644
88820
-73346
27567
71257
18479
39210
15506
73841
-90435
49064
37948
62130
-13458
26257
48210
48837
26790
-72944
-89097
42572
-76545
-5927
61570
81905
-22647
-14390
7633
-83576
-22479
-28452
6327
-8672
46719
6149
13713
44523
64249
59054
76726
-70329
5669
-99252
-1140
-56088
-21652
-28770
76599
43876
-91110
-67647
-46035
-34917
43266
56819
-62683
-53759
78207
81506
-94866
70730
-78443
-99856
-66980
70065
-54475
-86970
47005
42916
-27425
-27310
32041
-1649
-69726
50078
88856
98819
-94785
43278
7245
94787
-71444
-23114
54672
81323
-11404
63830
-4166
21950
68731
68723
5833
9674
26399
96466
91284
-87558
-60549
-76908
-45608
-23112
62725
3369
-73168
84476
-45417
40818
-21085
19318
-9077
22967
46807
-20524
-23745
-59070
62436
-2512
57336
70166
9412
-29990
29538
-8945
86630
14717
-3211
8599
-9759
44400
2036
16834
76230
93275
68879
391
-8690
74308
-11543
-64740
50802
-29131
-34572
-25683
-28326
-22324
-15305
72568
-77587
71839
-79567
-26424
-97081
45641
-33896
-59253
-49015
-21546
32314
-20206
-43319
-97913
35781
-55834
26794
-57150
56418
-57919
85319
16601
-50757
67888
56905
12405
51229
86019
-74344
24030
92921
87213
78126
-13014
-47547
81983
67655
-13631
-55552
19260
-18699
93001
-63342
32152
37776
73586
78993
5202
76362
-98081
56928
-83861
36832
-74001
81522
55937
-46548
78952
30956
22029
48727
81152
-83095
86837
-98835
12551
-48233
-17905
-68983
57076
30398
7604
55727
-12214
993
-78852
-8712
9510
-11843
-16677
-88856
51432
72558
-66345
-41893
-132
-15951
-60507
-49186
2820
-72700
-22560
-70437
-31197
93610
-28443
-30356
45289
35595
-22003
-83760
34134
57911
8200
65531
76813
79435
94034
21447
49943
-66132
77973
33033
-91760
-66319
6043
70015
26866
-12387
84142
-48347
95035
98761
-54385
60198
27518
-53984
99855
-44496
-9468
-57084
-85492
-94880
-86180
-49969
61707
95004
35206
-8524
53679
35008
36600
33923
-93932
-11856
-16949
-88565
-46261
71309
92613
-58023
-74254
6147
-3837
45855
25198
45310
74819
90801
44936
-68356
8524
10344
68641
-54466
76154
39977
-46381
1944
-96534
-32576
22502
75688
-78786
-10715
-64148
67875
88653
96161
12410
-82037
-75734
33610
12355
71421
25743
18666
18
97254
28583
-33026
14179
84118
-21835
21274
25823
-43732
-26972
-91606
-55117
-22991
37355
2579
-35316
78785
13852
-44681
91249
-44892
-74230
-65512
3644
92732
37845
-67372
88246
89942
30036
65678
-33586
-45086
37469
37997
15670
-72192
-68685
-17282
-55653
80432
-77299
-81163
26879
-92564
52799
54417
43060
-10286
74632
95773
35830
75640
-97161
-2286
-13210
-9564
-64838
-98662
-59489
88468
-20668
-14161
-39497
-50057
-70566
-34206
22420
-36353
86267
4344
-50136
36174
10346
-24913
-34166
32205
16409
32158
48754
17180
12660
44986
-19887
-3357
-17530
-25739
24331
22407
5388
82944
-24814
-40519
16405
-12687
18400
-99416
69202
94720
-3760
35542
-17408
-43860
-96358
-36856
94958
71035
-95702
-16681
12781
14878
98203
-84316
61076
-1870
66581
-87895
45485
-88349
-36993
-10518
80000
86443
-66077
99658
-65607
67705
87326
36537
82872
-63636
14976
-1973
-46474
13822
35462
70052
-8497
66174
-95119
-41200
-57040
-25419
-78846
90095
61213
-39382
12629
58957
-67425
31618
95767
72272
-64247
82495
9382
-69174
40422
-33623
67780
82223
89601
66186
-46282
65376
45009
62738
48383
25126
6590
35419
-69068
92474
48724
62407
16060
93056
88259
-90810
-87002
-96172
-98352
45684
-47961
57277
-94244
13727
68462
-56641
99599
-78106
-24218
-43379
-64991
-95364
73160
-12198
57797
58700
4505
31312
16690
26295
5959
-77222
49807
36281
-87204
60828
-83142
-36887
2013
-88574
-18955
-7073
41794
-1482
-96019
32368
74257
-94293
-4439
34260
32409
96919
33547
26473
45576
-87107
-47418
-69040
-80919
62632
34461
-71179
-59202
-21516
-72941
98861
-64522
-54267
-98827
-16584
-42932
-36581
-94272
-54491
22268
78526
41520
-13099
30305
29075
-8474
-425
-39184
82385
59765
-45453
523
-64243
-87223
-27070
80899
17969
66676
-69254
6829
59659
82070
25992
7199
65025
-94423
-3306
-70776
-69981
-87129
-47252
-61399
6745
56280
15922
-7244
-83525
-77637
-48620
75967
31104
-67824
-1858
30181
3597
-66176
-39417
-82502
-65873
-23382
20074
46120
53796
-6325
7342
52970
-98924
-81015
-216
-34011
-93475
-43108
-30697
-47458
-15413
65242
-37907
-97060
99623
85277
19693
-21925
49766
82515
59439
92394
-7357
55713
24001
4898
-14489
5364
-57880
-43453
-18237
-14489
28484
62828
-18496
36170
3473
92023
-15666
49301
72841
-22225
91545
17577
-26841
73390
-7078
-65537
18759
-4648
38090
46511
51818
28078
-78735
-27041
-18795
-83505
-56932
13894
-14376
83025
-90260
-95076
-71316
4088
61579
90016
9910
18513
57978
17989
14888
72494
-16762
1146
-25977
-91265
35289
34133
-34937
92104
-6547
92891
-15598
-9212
37339
-65042
-58521
-77866
-49326
-48620
5151
85608
-25373
65760
-14324
-10013
-27912
-83841
-7430
41289
28261
-74079
-4265
83890
-32873
-99199
-4945
80033
-99992
-31661
-57713
60738
-42411
6601
43979
56066
74503
27587
69084
-26485
11725
26065
-25567
-57381
-88085
-68571
27078
-15104
-85236
35866
28162
-14158
45202
-43557
70650
39180
70030
-57231
-83261
86824
8779
11053
-68859
80983
12549
59310
92218
79418
-68297
-76848
-81642
23425
-53998
4210
-56703
99837
60553
51169
14080
-52317
-5751
-94106
-1615
-77153
45190
-56472
63797
17490
-335
-60096
-9304
-47510
-20794
-83432
33291
-73443
67777
86974
25667
97602
70704
66315
63802
-85044
-12444
11626
-92700
-27037
-13375
-85433
-7972
-22943
-20619
66454
-25556
-51162
-21115
52285
-50068
19224
-51069
-89569
60673
-23494
-70692
4742
-19705
91880
12814
16300
-63415
-68628
-92042
95654
-18579
55488
-49017
26798
-2707
76001
53207
-38837
-25088
80589
50067
-56417
91543
-62631
-1261
-30195
56386
18160
94217
91909
90739
1772
-88302
-66131
-50789
-19318
-4305
3949
52913
-21298
87949
-55401
-73071
42418
-41152
80370
-83711
37516
74446
93858
80398
43835
-91928
-35915
69653
53453
-11788
46284
67421
58225
-12603
-67548
77090
55187
-42388
-31616
-16659
32922
99688
-62795
-22818
-88646
49016
-98095
-83828
-93642
53842
11625
12611
-88010
-18772
-56386
-48404
90432
-10249
41227
-22902
-59626
-98453
-2578
-16544
67564
70781
-6480
-12815
-27515
-33042
-51341
-47649
-86423
-54275
49271
-44491
-70779
74429
82313
84160
58911
-46143
-3256
-32360
91635
40243
23509
-90756
27823
75396
-92394
-28773
69768
92413
-42905
31727
19191
9652
44447
78724
94420
40923
-58822
-68009
54221
93171
-20312
31065
-34813
-98658
-12431
29971
-43967
-75503
-13117
17955
66137
-17240
-49574
-89244
96541
-64877
-32182
-34452
62199
56878
-10580
99118
56102
-41553
-95005
13248
96277
-73992
-74614
25080
-74342
49933
-3461
-59793
584
-35937
-67650
-92441
-17679
63687
-2099
93961
48251
-29554
-76607
54151
-25699
-79575
-34406
26784
72887
45122
-96081
47234
79308
95473
-22224
18761
-93027
2506
-93803
-63323
-53022
-2737
-48794
-70438
80231
46150
-94171
-64862
-14526
-30874
44507
-8979
14637
38187
51326
5192
-32700
-7735
3452
61915
31580
-61572
28198
69773
20477
95038
-89540
75906
-71234
-30062
-82095
-45948
5564
-43394
42075
-51521
19830
32213
-65383
-65882
97096
-65806
-88415
-73740
63490
90305
-95291
-95987
54437
-21513
60449
-81213
-88903
64098
32772
81204
24654
-19302
67961
91536
-71667
-46953
35505
99064
17273
89373
45390
27842
16712
-62254
-2290
86617
-61736
43056
68050
-90367
99984
-77163
-32374
-56007
-12076
67767
80704
-88711
-62556
-11786
84477
45851
52178
-438
50779
92054
-55202
-55013
8233
19941
-87953
-12176
-63180
52486
-18128
53119
-59080
-77474
60485
-71198
83299
82425
60521
68395
30082
-67984
61286
-1714
-94709
9060
43055
-33539
-53627
-43482
56093
-85807
-31400
-61255
-61692
20131
-77459
-97361
26994
47931
49345
36335
77252
-34400
45196
-42152
-79516
-85554
-79224
8384
-4382
-85754
11488
51798
-98962
86719
80566
47973
94320
70906
-73647
4473
-21244
-88205
-50654
-53476
19093
-54285
-83791
-9223
-24171
-97469
36329
89250
-72874
81083
-89220
-70099
10504
-19528
-47628
-57031
40655
-22421
11864
-24114
93056
97230
-75657
41635
31417
-25165
-27757
-37511
-6886
83829
-32979
-91676
35300
68751
38250
74217
-8788
67275
21855
39427
-70917
20050
-55682
-97984
85957
-80990
31708
91721
63493
-62369
-24034
-1026
-51023
-63680
82944
-86337
29599
-84566
30081
-36984
61300
71962
-11346
-78988
-40444
67195
-36278
-13790
-23860
14167
72599
96565
-73465
33386
45444
-5963
-51408
-70958
-46349
46739
-18283
57699
-84058
-65655
23637
-45032
-17403
-3616
-92618
-89244
-98290
-96117
3301
98918
-76327
2481
-85813
23546
36103
-65400
79176
-40213
-92089
-14947
64462
92423
81860
-46608
28893
49164
-9041
12283
76886
47678
67044
-15533
-27457
-57958
69819
-16984
7122
9252
96366
81831
68482
20381
8738
-57026
-52021
-84463
44436
-38273
-68428
-39028
80481
5342
-80732
-37651
-7183
-98988
-10594
64082
35394
41190
90971
-83533
-49075
54592
-72317
-56757
48022
-84549
-63033
-42896
-83819
71806
82590
-92924
13244
45696
-82983
61956
-49947
34603
-97435
-71043
60634
-38436
99293
51743
84864
-35001
10954
48682
-20512
-74184
-80200
64901
-46253
-57612
-37579
-97875
-82422
90942
54377
-50934
-97032
-49547
-499
84382
-39844
-10917
-50231
-14442
-88402
-34320
85742
81795
27685
-48067
35789
-19934
21411
9260
-16590
4055
-97218
-12780
-89280
84921
-86228
-94829
42026
-55098
-20598
-32108
-39924
62519
-99319
-67343
-8028
-32465
71286
-76366
-30928
63821
59620
47538
23716
64288
-20617
94562
8072
-96966
-79088
-1049
44780
61917
-46576
-19489
51593
50195
56459
66689
81526
-94438
9291
-52830
-19261
76923
46462
-556
49014
70715
93309
10537
78239
-54165
38649
-67371
58202
44570
-84284
-54990
79265
72299
-199
9948
10379
-84415
44938
18556
14949
-72554
4452
-45661
-49172
58283
-36927
-18548
-83164
-56230
28297
91780
-36777
95367
-20954
9317
-28627
44469
11427
63421
87589
5237
6207
-48882
80686
87608
-10540
-92177
81124
-13370
1183
-39088
-70038
-84281
-28436
-25957
92832
24767
-49377
-41803
-39039
-78185
-63328
12067
-44452
-40298
36900
-23542
-72083
-92753
-49259
-70641
51800
14899
68062
-98531
-74943
-34969
-51116
-9020
60170
83504
51076
-29826
5802
37163
78805
-82546
-13082
-9255
-41062
16322
-71505
31991
-17161
-75753
-73511
-8916
-33620
-56133
-88717
29788
58819
-60371
20871
10650
-92334
76545
66479
50490
-50514
66815
-34990
-69565
18668
-80917
35642
-9660
3477
-95072
-76461
9982
25829
-50922
95235
-55106
-54336
-5694
-59040
-93234
-38222
-8036
33490
49857
-74719
-8068
-69049
59053
23890
40670
-92532
-87114
43028
41093
-1137
53700
-35124
-20485
17454
55062
88670
-71883
42427
72176
97270
-59371
63695
-81232
-82192
-86966
-23929
-6017
-28886
88147
-54112
82082
-23837
-12128
54827
-35472
-39728
-59559
3693
49822
65211
-88584
99285
-10890
-42728
62225
-46438
-42137
80166
-4366
-67151
21877
69950
25317
-98200
71953
78588
-55278
-32030
-5245
-31481
-32959
-40593
51523
-51074
-86466
87175
-80216
-50176
43925
95652
-8840
71448
-46211
-55815
-36770
-24828
-59631
21714
-25479
-39776
27385
79241
74000
81012
76839
44834
40420
53591
21629
-78396
37214
-47042
78029
39957
-17624
40292
-35208
-50128
-78120
59672
66231
-25467
-68474
44766
-3080
-24690
-71490
-24509
23776
4778
-72175
8769
-80721
68888
-15866
-82422
22018
51537
31406
13556
15345
86849
75413
25794
-25448
67940
-45292
10891
-78541
91898
-20604
10058
-60381
73126
58765
83073
-26739
38889
57692
61194
13218
41013
51315
92283
7545
63217
62618
91701
-80937
58057
51443
29194
-44207
-20690
-42581
-23544
-14839
-27087
-85555
-15258
68052
43895
38064
13322
17148
-7206
29585
-72267
92385
61981
-95301
-73140
9210
69449
-66206
-48828
-49415
-38040
76112
16872
23949
2397
94007
30666
41601
-30626
-99995
48836
-4479
66960
-30379
-16471
-7683
-63490
-73567
-98290
-93594
-30027
-7915
69614
7446
66110
79520
-58562
-48244
-55112
-988
92814
-87660
67410
94828
49944
-60474
81315
17917
-9687
-85531
64998
60805
48489
-87833
-15979
88944
-91447
68756
-97696
89178
24199
2183
-52086
-80993
80097
209
-38111
36749
-44716
27197
-21160
29627
54159
-18577
-27646
-23693
1913
54630
-91475
36298
77340
-89568
-20903
-82927
-85780
-64675
-14764
-15260
57464
1659
-5709
-74017
50412
-34432
35119
-42959
-29504
-51529
33753
94472
78977
56945
-46149
59052
51770
55276
31757
-70552
30463
29458
-94639
-52766
-33451
40536
8907
-76340
-71423
-2873
-60576
52915
-45908
-66984
38987
-71243
59887
-47049
-12746
54160
-74495
24618
-27013
68693
22906
24395
-21770
27707
-49533
11057
-90938
45903
-82275
-10835
80161
-94199
-44470
-51600
98065
61243
29211
-56502
98511
93538
-68713
31949
2298
46431
22085
-41264
10356
-66177
-51305
-88817
80730
3510
-46093
45360
79581
-29333
-13281
-40223
-93758
97261
13448
-36260
69042
-76669
50350
-86452
59710
-1632
57264
-67638
-48140
-27915
-42321
-71104
10071
-86495
27170
38766
67389
-85500
-85258
-1525
-27894
497
-69089
-72381
93444
71617
28864
19871
-31532
48644
14323
-47549
67288
-8301
-38411
-84720
-79321
-23551
55665
55402
-8094
-36816
53927
31315
30515
87935
-8839
65718
-6491
-3807
-48046
95424
-15072
-88887
-40461
43177
68735
80897
90204
21201
3344
38106
74131
34565
54823
-36226
83348
-6752
55647
57633
90005
-89266
5871
-34154
-98060
-28436
-39644
87358
-51649
-49269
27264
2971
64224
-55468
34799
-57213
40163
69509
-46174
-51089
11622
66841
-37813
90675
-17252
-11706
79603
15496
66237
50336
24123
-53435
-80690
-80741
64301
-13267
-25592
12398
-59842
-99935
-87576
-25006
-78430
-36426
-18606
-19159
-54132
-2783
2210
47292
-98687
41871
-50095
-62115
-33320
-21935
10561
-76693
67792
60341
9830
-80460
-13299
-24976
-47088
20853
-80655
-54153
42841
-26052
-42989
-69204
12263
42287
15903
64373
-81762
-39579
9738
38697
-68059
70641
-66704
-78044
50068
6976
-2421
-99526
-43657
68632
59154
94472
-71039
-75904
-30548
60454
10065
-2113
-34737
-39048
24153
-81668
76410
-15196
-3535
74180
8395
54878
-89097
-83477
1789
9118
-46240
61129
94530
44404
-76640
-19610
47033
-6094
-59598
-73040
52876
-87481
-11452
-83928
42153
60075
-67069
66014
59611
-5322
-30722
-66287
77828
-29620
59705
89720
-27207
76531
-54383
21726
-54214
-74171
-78650
-7448
64205
66176
-7062
28722
80118
77819
37669
67992
-23276
55924
-82078
-89903
-4390
66180
-66854
-46091
-60631
-37901
8571
98015
35847
90600
74292
64237
-63041
-70407
-69728
57636
34005
-92063
44108
13937
-75229
-59249
63463
-17398
-52588
-37093
-45819
-46413
84860
-39149
88016
-37155
30931
-19340
-73653
-80536
97741
-86411
71940
-76151
-95017
37180
-9258
-11001
-86225
10484
-7144
-42144
77408
69110
8934
59784
3865
-8220
-27190
47825
-64279
46357
27142
-99930
46298
58794
-97344
94833
-1177
-20225
266
-43171
-93157
-34435
49422
-35147
-15353
-10099
-36333
-75541
-95713
-80089
73710
60405
-70415
-79416
4615
71122
73283
-96318
-81338
-47189
22665
52781
86619
25172
43776
-90565
38248
-40143
69098
58154
-45557
1526
-17178
22866
61067
88774
-63125
-98
42910
90813
55137
28887
40852
-35767
-24676
11740
-45852
-27021
6581
91118
67218
-31684
20359
-71960
22585
-16926
-36733
67980
62970
40386
-68047
30328
-77439
13847
98756
-1929
-50959
93728
33240
-35917
91884
50272
-44470
-4600
-46144
-86593
58356
-90187
53425
62670
-42749
72812
69471
-95256
-31753
96969
78996
47603
-71497
2975
53420
-9402
-39729
62445
-31711
9381
70791
4207
-55566
93095
56417
-67567
89392
-7943
88494
6270
97957
-47301
-60851
68119
66913
-45496
32001
2240
-89438
-98157
69742
55764
89695
67180
-73872
32248
-9231
3490
9368
75981
-72737
515
28548
-2753
-90876
90751
-20006
90107
54879
-54421
-61983
-63043
-33289
90721
-22596
-31993
46057
708
-17277
-77203
34000
-22239
59775
77325
-42289
-79247
41282
7453
-92803
27515
57633
16221
-24594
52374
-43120
-91669
35994
26828
-97064
21493
-6355
27162
-18697
-98040
-17814
89173
-40940
-17977
-28035
36070
-57379
96184
-37541
54134
-51137
-28615
-11048
59941
-16191
-48688
91717
-76365
33662
-90912
-91197
-84863
87293
-43402
36777
-18894
-88658
-16381
47245
-83156
-73788
76005
98291
-93189
-15511
-70947
-81072
-99308
-98846
-13915
29945
-73930
16321
-27941
-10579
68524
43137
-21930
-19141
-11729
-97471
66394
-82799
7273
29920
4582
75683
28693
64049
10602
-1548
34114
77211
36629
-43900
2230
-18928
-71347
-72233
-84625
-96984
-48456
94173
86149
-56487
-3465
35075
10027
-811
79219
43349
49364
-94143
79439
69070
36786
71501
43261
37822
-63015
-80012
27437
-36842
-74493
-82414
10271
89619
-72148
-21155
-12391
5
73502
4161
93749
40187
31687
83676
-85166
1421
-76538
29267
-18261
80454
30212
-55345
77380
72044
28095
-37032
-33152
63532
82210
73036
-19632
87783
38544
52859
76230
-65517
95296
94178
-1721
49039
-50942
-80829
-85601
17032
91424
-81059
-9297
-66943
-23648
87309
-1343
-10494
68197
-87807
57596
-36833
-64011
-61547
33843
97379
90901
79564
-27177
-31782
-78000
-66004
-13299
-47496
-80617
-25354
69147
8617
4802
-10816
91003
98358
84532
21233
68178
93072
-52323
-55463
90490
92157
17626
6122
29883
-9124
-22217
93079
-55143
-13290
-940
58888
-80185
-13149
77925
-54409
-84231
10102
-19309
21098
-96361
98311
-81536
63181
-34355
43387
15400
-65045
-88961
-85967
-31902
55305
-33830
23915
42054
-74785
50886
45015
-58135
-7820
-58696
-84999
-45500
71957
26147
25848
90931
-93455
71630
39874
83097
-30956
-59903
-73828
-43744
77822
-63783
-20087
18974
10719
55227
-106
91987
-17550
-37851
-7808
-92913
59827
-94944
-8829
-22032
86462
8274
13697
-28535
52806
30255
-3381
-56161
-82514
-45872
3214
-33651
14535
92828
68509
66311
19815
-93598
38614
-58117
80994
-69495
43956
-26093
-35800
95583
42801
-88297
-83973
57613
-10474
-54416
-88565
76267
-21984
-59000
-96209
-58960
43664
-73076
-62974
-55294
-27440
-71917
-67944
-29332
-80451
52120
-27620
-41746
94933
-11421
-98744
95085
-53186
-88505
91519
59211
11313
21956
68042
-25839
85313
-68468
-74515
-3703
61260
64675
-38171
-45207
-31619
64351
57601
-94807
96443
82639
71514
-70666
-15
84152
-45071
-51073
-57861
-62149
-50589
-93204
-80470
-39918
-89333
-5906
-47948
90361
97204
-91471
30971
23785
-2375
-2513
-28808
42175
-91716
32414
58052
3388
-75393
94537
515
49446
-52766
52221
-46355
22283
-14791
-19047
-60742
75301
92617
-60087
52201
-69927
17952
69452
1006
-85862
37198
75504
81782
-65686
-15165
-49248
97752
-70591
68102
74964
-83431
-11898
-61232
-21978
24220
59962
87811
63109
3044
-39948
18314
-21566
43016
-20153
77774
5832
67762
56063
14289
-28823
79891
-6390
-41365
44627
-93145
34804
75423
82273
57312
-41973
36250
24909
-77646
-24287
-81849
-63804
71418
-40400
-38383
69202
-8821
81624
-30218
-12292
-38185
-10301
-26939
35757
-26121
14121
19252
-82424
-60201
13103
45472
45916
22657
-96981
7521
74805
-31740
-33021
-22967
31119
-17663
41203
78010
-68314
-48623
46444
-51295
-80279
35030
-26726
-46061
34893
93725
-8450
98562
32637
-48979
-3654
-7909
-67154
-41425
40236
-94912
-81327
58233
67569
-33827
-97566
-4039
50187
83433
8734
-50374
22685
52027
-18607
-33578
-27757
35526
41997
-71175
80286
-44621
38710
55693
89245
93466
-96645
-61369
31703
48732
-54113
-89522
62181
24927
37621
26627
-71251
-58905
56938
90673
-16439
-25266
-71812
20882
87749
-66720
-86391
37116
61959
-25707
45954
-37209
138
-37141
-50626
-72421
-4350
-94944
-72533
-26182
-68572
-65207
-67617
27943
-57794
30098
-52467
-70126
45057
-69677
-30766
49570
97055
6986
80879
-6403
42447
22011
32402
-56713
44654
-34847
-77555
-61164
-75137
56463
-24536
3772
85779
63336
87953
28154
15300
43639
31282
79024
-39653
14572
-90213
17371
-18671
4532
-93922
37119
31731
52596
12346
8751
26654
91233
-45649
-13765
6698
68414
24433
67126
-65820
-79309
-97737
12450
74995
-6201
38514
-3013
-90341
-42246
-44517
42589
29088
-2750
55525
28754
49602
-992
-83438
76732
3495
10973
-8158
98651
35735
13862
61349
-51460
-80159
-74879
78514
30655
-45862
-85397
65392
-92157
-59771
-82288
16529
-64080
-37234
-64858
-41313
46368
-77903
15143
3566
24746
-97224
-17367
50098
-60851
-44383
21019
4137
38390
61277
-45154
49656
-8594
24309
22142
-89900
61539
-33464
15051
-49513
28242
879
-27688
10803
-81011
-86335
-30001
63746
-31826
79858
39535
-49669
-99368
-33706
-41692
89601
-19930
32388
-46270
-38635
-95628
76373
-28003
25836
-48506
74188
199
-33764
50712
-65201
-17625
-86416
45250
10004
53106
89434
9416
-39849
-70775
-69176
-96260
28359
67631
57231
-10416
38977
-30683
10884
61948
57907
43108
33322
-16376
21731
54775
-86587
91639
34056
55474
53965
54864
-84778
-62446
-39746
78794
-31273
-58509
66124
99219
84021
-34904
38004
28541
-76268
47867
26414
79429
-82596
22657
18879
-25918
5204
26136
-82070
-42521
-80022
84351
-40762
65524
5199
-81261
72555
-14145
-53697
-9246
30982
-94757
20126
70830
-55156
32482
-93762
-94336
-51125
-73755
-71811
-48219
24924
72108
22155
-65334
-86155
-99604
-31414
-26129
11931
86980
-74610
64331
-16716
-78221
86723
-71939
-2245
97371
29102
48617
43404
-39766
-82740
-69321
84703
30187
-51562
66596
45393
-88856
-55386
28611
15454
-78023
-68748
-6380
99820
91182
-73671
-1089
-27328
-10988
32628
-90770
44499
38376
51786
9860
59903
54038
-16184
91197
40788
20140
-14843
54755
26824
27616
9891
26282
-19574
35450
47860
-11799
-84617
-1441
-37384
-88075
53862
-72196
72004
-47908
-38114
-18549
-42625
-49221
82791
-19899
-77753
22716
72189
48740
-39119
93040
-51679
31060
-26708
-47291
92363
-64651
1734
-24796
93690
39631
-74359
-98774
-19349
48275
-48834
-41216
-24088
9610
74513
28249
-17545
-82851
-25900
-96121
-88332
17151
-8866
60475
-79943
507
17612
64855
35641
-38251
71207
54578
-59348
-89056
-41690
-91545
49252
2076
-49270
27738
-47489
27785
89383
88137
12021
33804
33795
30410
46225
37885
-92521
99430
-63939
35979
81906
81618
757
-64819
94653
-27962
-12834
73254
-3623
82685
-32336
-31341
44133
57927
3725
-97132
-39141
-69682
43574
-96396
46170
-7645
-7213
32119
1726
26692
67503
51744
-31637
-74131
-11897
-70500
-82839
-51113
-74057
-36978
90665
6481
-23211
-71176
77926
39994
-4583
-79998
-29337
-10343
94137
-33238
-79135
-69991
-44076
6985
65529
67556
-3900
98558
-99418
-72742
38550
12217
-9419
-76882
37142
73894
26022
64349
-11133
-26317
-73868
-13812
-96799
20544
-52814
-28802
-12754
34083
4945
53423
-59860
3924
-74754
-51249
18397
-44932
-5528
10334
90509
73941
68319
-40352
98057
20733
-87720
-82050
-47699
23133
-71731
94585
-72677
-57424
83393
-91829
-39608
19891
24097
-74212
-47888
61480
-40890
-69795
84138
49990
82967
-72699
43350
61888
39820
53158
-64398
-27536
5197
-70421
96076
-18144
-90952
77168
55634
90101
71618
-90434
-46907
38265
84853
-3550
5260
26755
-7785
-4248
42085
28869
-97429
1081
60214
-69070
44561
-35762
-17534
79178
86920
-66928
32183
16003
-52780
27278
-46173
-50795
-28421
-30502
-39481
90723
-34135
-53759
-39228
94081
-46925
1444
-27022
27942
87800
-15817
57104
-2833
73316
64918
19221
32909
-57714
-38721
36645
12557
-48959
84592
-72417
24899
-93672
4830
3603
87570
33218
28943
-82991
-3303
33702
83925
-15140
-6659
37984
-5529
9598
-96817
28456
-15011
-9931
-27814
60948
-9912
-50037
-54004
-60108
40619
-16829
67518
-82277
96730
70767
-99870
86461
66350
87071
-21432
29492
26850
9716
-1587
25693
60750
-80110
-61088
25951
50109
1459
-10318
-47925
-6483
48409
15290
54239
-66782
-12644
25442
13669
21415
87777
-12847
88761
45154
-10133
14806
68263
-38125
-78901
-90194
52786
-87255
48179
43762
-62542
-63487
88809
-32800
68821
70844
-14633
-71228
31814
93691
14078
-78974
29610
12089
83979
48835
73927
97222
52226
-29382
-70273
55772
3159
9618
20603
92192
-28964
-12554
-8157
-5322
87763
-12868
-61815
63873
41701
-2578
25637
66870
-87828
-12553
-98629
-72996
-18069
-7129
-46823
-76446
88733
-45661
-13060
74460
-38742
-53140
74066
41564
34230
-33206
-39397
86569
71380
68756
33705
-75169
65049
-36641
-96762
55010
-62646
59905
-41100
-72768
-98185
62017
-94641
-80221
50977
91613
40079
-64273
-98538
74806
-80918
30078
3422
98268
30614
56373
-21170
20722
58732
75075
-9607
34430
-4248
90038
78214
91983
-27443
38393
-15907
-74933
-74715
31662
70011
72980
-40026
10532
12262
-91113
-23567
-58443
1978
89457
14131
61055
34657
-42179
-56082
-79939
-24095
-85634
94290
-86335
-39665
44390
44101
-61616
-87263
68097
-50366
12890
34529
-23167
6429
-13548
-84418
92966
-63131
-97100
-10371
778
-99550
-15224
7884
-34234
61949
-12300
54135
-80316
29055
-4794
95732
25059
-62286
23991
64216
71744
-96285
16385
-31316
-80024
-59255
-57065
21339
72278
-16768
15494
-40702
-3286
46638
84070
26154
46569
-86522
32764
35730
-75413
-34261
32432
71908
90597
-93588
-81179
99530
1491
81390
51386
-26278
49154
3943
87517
25773
-30345
2054
-67193
96013
-88896
-33423
28184
45260
80597
-11098
-49457
-41934
12841
95491
87205
94734
-73709
-68511
-49529
-82259
-77996
10970
-16273
99817
-9788
33771
21214
59992
-37474
-62219
-38664
64742
-39708
26974
7355
-5827
93232
-12076
7901
10144
-79463
-28814
-64126
-67561
99326
-43845
25303
-50747
45554
-56574
-27506
-67051
1220
-14804
-55882
-24109
-14103
78350
-53899
-9833
73480
1840
7717
-73509
-64478
23155
-24375
-30738
17053
-53682
77355
98626
79340
-3724
62099
-2081
-46372
4818
11494
-37126
-80004
27060
13656
-69535
-13142
-68025
34319
-77235
40310
-56903
47894
-56038
-12746
-99011
-54790
23762
52902
-82838
-70139
-32731
-17863
-15549
-50092
95733
56192
98257
56663
4622
-34186
86893
25253
-3213
-98074
45402
-72710
-27501
37881
98318
-68146
20635
-70368
-12399
-67630
17893
34906
-48065
-52791
-54707
32994
61352
-19775
-59100
52729
-98986
-22098
89022
-49013
-83794
78561
9766
-98944
-22481
-26134
53298
-65118
-62504
43207
85617
-27546
-97242
64519
90624
-57895
-66629
76799
67772
-99032
538
58728
-7599
91596
-80625
43156
19249
23824
10348
-82229
-34079
-29184
-99795
79174
61677
95792
-29443
-46009
-40836
49638
86354
34323
40574
65701
-71885
-3635
-47166
-53929
-22759
4849
84131
-52842
70771
-3607
26274
9495
39428
76111
31376
-4813
5672
41216
-11934
339
51252
33945
2087
-59016
26746
-32623
-38635
35941
-19860
-66701
87807
-727
90648
41334
-80285
-7220
-17455
-43910
-88417
65174
-21650
-93790
14980
-16522
-30356
-44728
-59901
69974
-83217
-51295
86340
-51079
-51803
26991
-14826
-89331
-31861
50781
-22848
31827
21002
26554
23094
46055
58233
-80683
-6360
65006
-12026
61105
-37260
-72548
-7634
-8027
-10693
47584
79465
97747
-90416
-26132
9700
-70974
-50739
45284
-76954
10331
-72512
-2270
78868
60029
-25213
-9436
92560
-14275
-89239
-26029
44923
-21763
48852
-3088
-93221
-72473
79844
-18531
10648
83207
-18038
-55226
25057
-91517
-518
17066
-73940
68343
-18881
90698
-44006
77681
92840
58476
-62280
-66298
41248
-69428
24098
21775
67867
-29536
68994
-61565
84909
70535
-52554
48050
5429
-74355
52304
55516
77494
1565
65974
-42772
-70650
60420
99050
58132
-62881
-5731
53412
-34298
-75566
-50017
-8357
-68916
-52068
62975
64356
94788
58769
49603
-41551
-29636
-4683
-67419
90106
-31578
84330
-52960
27512
26936
-89021
-48806
-86706
27362
438
-77459
78275
87213
-37136
48531
-21718
-97491
-53437
41646
73635
29602
68731
87666
-46086
-17103
48782
-50960
16236
-21766
-21263
75263
84426
-20714
43911
55113
60983
-62482
-89868
10671
61707
65851
-79536
-88806
-72614
43349
-74696
7264
-85489
-50950
95294
68558
47089
-19810
47040
-36776
87048
-98775
918
91354
83865
16978
61605
-82678
-96756
84374
99984
46461
-60177
-95084
37135
40978
67539
84936
-94120
-8129
-172
39202
17209
99830
-69130
-43070
67783
-69837
-52629
74963
-50256
-34523
90418
67393
68205
2550
-33383
-1192
81556
-67271
34019
-92998
13898
-19921
-1276
-18563
-9770
44790
96265
81311
-83952
66191
85460
76774
-16072
-17654
33541
-82791
71651
-74928
-88523
19988
49999
34381
-90532
-66612
58008
-88712
20690
-1504
65924
48768
-90317
-6953
-44808
-83691
-33957
54396
-62258
-23729
48656
-56493
85054
36543
55423
87159
74617
-7343
47199
92945
87316
33050
-93198
-28681
-66527
-23164
-41174
62111
-20646
-9197
3816
66494
85495
88019
60959
48449
-84577
-11680
94359
27815
97402
-56878
-76274
-27015
-49179
-1213
-9543
-22041
-31425
58494
19304
-24575
68768
69637
33543
-40242
66090
92415
-1344
-78772
-39625
-73156
-28546
-10171
-9230
65254
91725
9675
-54206
46087
989
-1648
95264
-13903
91110
29924
-85431
68366
-90651
-82357
-79601
-6908
-77884
42362
2571
-32188
40663
-88402
66989
69488
-8637
56298
-85836
-67929
-79879
44491
19704
62830
-9696
81417
44068
-28740
-54191
50956
20866
-32862
-46916
-41880
64879
-61739
64487
49591
84013
25753
-42217
37906
-7273
15948
-68153
25388
-55121
-77491
-64811
79306
-39724
86471
-43844
95587
55247
91806
-67012
-61936
50828
-68172
84438
92143
-36123
34968
-51277
-16358
-614
-49780
70245
-44353
-9891
-94607
-71547
54620
-14454
73745
3258
93722
-94988
-51255
-23717
-79870
78299
-61295
99052
5344
23545
98857
5253
12531
-23237
-12446
75089
-27827
61453
64711
-19599
-72818
-39858
97830
82112
-14153
-84957
-11906
45938
-26259
-97881
-55546
69397
82957
86848
93464
32250
-4698
-68467
-97352
-40723
39831
-10885
9861
735
-69370
88375
20731
-55579
-53254
-23874
60515
98777
73814
-688
81240
41374
-15181
72322
46710
35330
-96360
47283
-42208
55356
-94887
39639
69166
-22188
35913
6383
78386
32418
-2019
-42023
-48027
-98578
65502
28483
-65933
-60233
-59830
88187
48544
-22577
38216
95010
-62891
-43933
-97401
62848
-51893
31001
-88846
-26639
43731
79058
-83119
-89540
-4161
-76274
3903
-92604
-62415
-48529
8516
-87657
-3970
-62506
-27826
40419
90238
58602
-80879
-66935
-85262
-19465
-94472
-40886
40338
76402
53062
-37793
88947
-741
-81586
5925
-52206
-38469
-72821
-62540
-33664
43341
49245
98832
84265
-8071
49185
18680
26498
95675
-76053
96220
-14129
-53854
82339
84012
-99762
16501
-83271
49932
81027
44848
-96058
19555
44385
18796
8896
38803
90066
-1764
-53734
-60797
81827
-93133
35382
-12585
76175
-3356
64712
-81727
-17305
-29247
-85560
-2319
32602
37509
-57325
18152
-56537
-77075
-53985
91306
-37732
20544
34585
-10222
-6455
40624
-68323
9343
31110
-92519
-87407
76524
-75042
-51162
-72417
33374
74391
73619
57997
-27082
27551
36684
26874
-58842
74453
35253
28855
75009
43376
66435
24575
-3414
91408
29319
21524
30062
27103
36619
-50504
42926
-69340
54357
-89722
-7755
59684
-25912
-3285
68072
37173
-86422
-34429
11355
-28704
75329
-98284
-71808
26738
-70378
-40543
-85254
87648
-24165
38124
66320
39316
-10072
-71732
-2948
78808
27553
34086
-89565
82398
-28108
-68405
-9312
48681
-68481
-30418
94649
-94436
11278
88064
-85517
-79203
6530
55210
72578
-46810
56077
5798
68888
-47064
-24423
-96453
-27426
95003
-5176
-11693
6528
22759
-82026
-78342
-45021
5032
88539
-22731
13298
-88094
-88082
-5315
40534
-95679
59427
-80617
32132
2058
61364
-52783
14896
-19036
-71811
8794
59935
-97219
63265
2943
-30182
6490
89163
59646
-57282
-38081
43279
82953
15216
-5001
69230
-43496
-66065
-60799
-41160
-12757
11202
81751
-55540
-98021
-8560
42972
-10565
-16420
22798
-98975
-8501
17426
60626
-11564
60439
16908
74183
45957
-99436
-29343
99322
49686
39982
-79259
-65712
68159
82896
-78968
86746
-37700
-92669
26124
63105
-86061
-34130
28002
-30500
-74555
60283
-34081
-70431
-4271
-65509
1312
-45193
-81633
54559
76855
51049
-496
83463
55696
53815
51743
-55464
-52699
-83705
97716
-3866
33497
-2631
75205
-80654
75317
26903
-15639
-26260
-770
4779
-47493
-3047
-40401
23851
-37529
73359
-86184
-7344
61524
63326
-97901
40197
44718
-98359
286
36986
40975
-17358
-10662
17431
-11703
-88429
4447
91982
-47662
-7704
26490
68105
-90355
13483
-65212
27523
30065
70967
-88992
-69517
-33576
57422
-50608
-7198
-15322
59382
-60363
21982
18260
21566
21345
-78713
-50984
-78306
-8870
-49914
-19149
-324
59886
82654
-86826
19019
-82962
61530
6130
-78514
4936
92454
16475
64059
64773
6010
58520
-82502
-85029
22449
76361
-84532
5040
-46216
-6731
94857
62636
-11935
-47249
-57343
26873
-58281
-20763
-92028
32154
-73236
68293
-62786
50981
74255
20812
27962
-23842
46809
-11347
5767
13938
-38202
-30310
67640
-627
-22784
53937
-90044
-23016
-52521
24774
-48434
5138
95374
48265
64384
-88758
4815
87508
30992
-4170
95422
-39020
-71579
95347
58602
-62319
-21998
67866
69856
-80613
-69376
66427
16282
70355
64299
20281
71701
-10029
-79869
72770
33536
55867
66226
74409
-40752
77977
-67
-46239
-91216
70772
-93308
8728
19734
57525
22819
13997
20913
44659
-89221
4048
94910
-88550
25675
95413
-41542
40758
-77385
-79819
-6734
-29214
77739
-84159
35318
-37049
2009
84867
86508
-54765
81694
27731
68608
-38664
73603
67090
-41351
2270
4510
75047
-46809
-54873
4121
-41708
22969
-26276
-86070
22324
75115
-42503
-46334
-92845
-80612
-89199
57570
-52182
-6467
88799
-6938
-6347
-66395
-19797
22277
-2573
48002
-15338
-61903
-1415
30187
15682
-8199
-86028
36753
80992
-4530
-4359
80467
84951
30051
-34486
87408
87118
-88339
-39000
-67178
-37418
32074
14288
-48166
-81545
-11394
58707
88065
-19370
24088
63637
30267
-49281
4275
85858
64239
-4459
63256
70312
45233
-68845
-80831
-94059
-92975
54206
-35335
7118
20365
16041
-25313
16904
78310
17252
59016
-82873
-56496
-40702
35204
-9935
-7678
-18106
91961
-85362
38254
63274
26540
60575
51467
-57077
-55713
12759
-16883
-92940
-30828
-15046
85430
65221
49967
-25391
45254
-28801
90105
30791
57358
-64785
65985
85860
88355
62069
-28259
-94621
2733
73009
29070
-88143
85535
-70839
12225
-88315
-37183
40344
-74958
-13097
-7192
-29194
94444
6974
48776
68384
-86037
91497
73120
-43132
33378
-73991
-90157
-1940
-62889
66490
90711
-50172
11628
13245
78406
40009
68602
1107
-68590
-14511
-5930
-1240
1622
-43407
-15883
53241
-19129
70478
3436
79795
19145
-41533
-22129
-77398
23070
-48596
82491
32370
50041
-58291
-21584
31262
65841
-66845
-13226
82515
-45743
88004
3168
54727
-3956
57653
-12658
95900
-93811
50888
30988
-19437
43629
-36560
17592
87406
-98562
47203
71233
10471
5252
-79830
74987
-40634
-23100
29000
52655
4003
14644
-46587
-52034
-11528
60241
92502
-27994
73890
-18672
-60950
462
38836
-96788
-43437
-63973
-70408
62878
38607
68533
-97533
-89365
23475
88292
35316
29527
-27981
58580
-1783
-65033
-82032
9143
-9955
-38620
-89634
59721
-85822
73867
-88847
-76113
-43593
-97182
-18524
95673
-97402
78965
64069
-4409
57405
-80802
-22368
93319
84614
56083
-75290
-19684
-32027
79770
-53574
-20902
52430
-15849
-95847
-82322
-10975
-23866
52451
-68581
10435
69827
43018
72415
22810
9158
60054
37812
-79260
-67859
96082
-48014
-36939
-91918
-83049
-44847
-51445
71804
-22350
91084
-86321
-2479
-37579
27426
17323
-96216
-41385
95543
-87742
-45348
-64952
-69673
78225
-46147
-55530
63514
-8416
28929
65205
-90526
94884
-84456
3950
81217
90484
71773
12263
-34056
85286
-43352
3147
-8166
79686
-54272
49109
56464
88050
-94482
5374
-94091
-35243
35756
88577
14561
44350
75453
-85368
-35773
-18148
6870
-1931
-53016
65944
-95302
54350
86552
-67697
35811
-26939
97823
34859
95068
-44253
-89687
-46179
49132
-80239
-77497
47417
-37716
63747
32974
84653
78010
7425
-23138
37535
8518
51923
83840
-38557
-99767
33225
59113
-55146
-42794
804
8923
12953
77641
-18651
-3477
16045
67612
-74577
26589
3112
-65128
27483
-99605
2322
-17432
26329
63077
61727
53832
-67651
-71566
-18360
-5539
27309
30772
7944
62623
-69850
-47862
81072
-15439
16486
-5905
-94553
-67374
64058
-47105
-98110
-23381
-56732
46618
-96516
27720
15400
-46047
30802
80612
-61645
73374
62398
55708
-64535
44544
-14451
-46778
-67574
1795
98783
-93797
-53440
3054
30843
-89073
60935
25718
9164
50370
-48455
25344
-60420
-69170
-1611
-8380
-12372
65664
81131
94605
-71347
77476
-36345
42844
4894
-16646
96824
-53587
31938
40453
-73828
-23791
-38531
69633
16842
37242
95947
-70092
55227
-52139
95901
-29795
-64939
274
-32847
74121
58774
97919
23948
-80827
-64231
-15406
99351
14382
-2744
9221
-81132
79460
-78049
97692
33787
5277
-76519
-75902
74869
-21162
83321
72529
-10764
-35357
11190
-77391
31405
45096
-33084
74519
3443
9632
37947
67183
97329
-1894
-20954
-44523
-38204
45956
-31637
-57412
42611
95456
98130
69937
-97652
-22125
82547
-33286
57692
62556
92608
4184
78218
-25054
67180
-73812
-80112
-42330
21239
26742
54999
-31977
45464
-70984
-11730
27716
-18426
-41415
83112
80364
-93662
99493
-80817
-28751
-93884
-93678
-31608
-26005
65056
89309
62725
-53735
-8043
66995
-48352
20595
-71150
-72660
-81637
-4645
97445
-45807
78001
69233
-96670
31934
86552
95941
19756
79843
-21674
32040
-37533
79268
62845
46875
25322
-63904
-68731
-87063
-50413
53263
56388
-99119
-38230
74757
80524
84251
81883
-92013
-89567
84939
-28288
4108
91733
30259
-53749
50469
-14974
-28317
-49524
-31690
38884
-29636
45664
-90083
-88176
35299
74295
-94462
77589
68817
-53056
60660
53102
-97466
62579
-28558
38560
-47587
-22982
64263
68150
40955
-96259
-13172
-3881
13601
-32311
-10159
95361
57890
22108
14615
7908
99182
-69681
68916
-70627
14540
-37088
-73063
-55923
86246
-45797
36400
-44906
45246
99941
57887
-88590
92479
-78363
-15574
51311
-99474
-6576
-85643
-91893
92799
86223
82854
-92568
-82492
-58354
-58775
-15700
83200
43491
31693
-88713
-55526
77977
74892
17346
29293
77977
-57368
-24047
52092
89332
-37136
-94380
-85117
-74609
21602
33184
75816
92780
6186
67524
-10543
-42287
-9975
19723
1551
-89129
11793
-22642
-82185
-39280
-73908
-60173
-29742
-50282
-13827
77830
74730
43565
-67266
55154
51845
-61036
-8440
91611
-81234
-31251
-21999
29083
-39762
-83130
-81328
-54568
41818
89539
73692
82559
66374
-48662
-67790
-31777
98647
-4341
96277
-19420
-98634
-48310
55952
97006
-55775
93450
82903
23629
39643
-67400
-65204
-53604
73668
-39823
-30499
439
83075
77265
8970
-74278
-67745
-15719
26308
79639
-43411
-48772
39921
9267
-47260
47366
52492
71006
-24628
-5846
-46038
11470
-73899
-13850
14231
43959
-62268
77461
-46241
66793
-35384
-32815
-85719
61701
34219
-85502
8061
65309
-55580
-79928
70821
85927
-35383
-17215
-98702
-20642
-83359
43319
-15018
-95242
66520
-10775
38894
35834
-94773
-82892
12515
-34877
85507
-60450
78310
45911
-8512
15871
20056
62747
-26198
-95987
-24500
-99466
62956
58498
-84764
-17916
-11427
-76628
-2728
-92108
59795
72785
78229
76863
11740
7612
-92799
-16699
-17529
92777
-67107
-62586
35293
-41464
27972
22009
33646
-17423
-2736
8717
-55355
-91739
-53092
-53383
-15363
7421
32099
45250
-35091
16306
-1209
42121
56702
-440
-61586
782
61342
-94761
-43513
8709
84045
-75145
56938
-72557
90005
-33593
-674
-93019
99671
-25830
-63756
22637
82175
-44864
-2224
-91269
73945
27692
22984
-85388
66685
-82937
65124
14065
84262
-34928
-25979
93878
69153
77933
-80221
28429
-72287
59475
83631
38590
15727
3919
-60393
-47378
-8578
-21585
-75160
7122
30941
-21105
13
88014
-35323
-72509
-92107
-3154
-56110
-69794
-49773
67071
-61041
68957
-95873
63691
-29142
-99532
-54790
-73744
-21114
-35086
-47346
84380
-5713
71635
23188
14759
91561
-11486
-33521
-78195
76833
69193
92918
48263
-65083
51511
99663
-51772
63983
-35604
62775
201
60988
92836
52542
-2782
-81861
-88099
-4369
21699
-83583
-2361
-60051
18241
-81958
33480
-3976
-12122
-23910
15977
71375
7028
-85167
-66464
32432
95801
15452
-60486
-60229
80267
7064
-89179
50612
-78687
-58254
-16681
38823
85582
53850
67039
-53530
-61285
-17386
-34746
98158
30655
-57101
98273
-11608
-62403
-13162
-91530
29963
-27685
99760
-99447
87518
16250
53328
47042
-51941
74711
-51310
41596
91696
34333
74741
-21780
87839
-19356
55563
50540
-47419
89674
46729
-83165
-26889
-64596
30718
-7853
32072
36354
47201
-42113
-22297
65684
-12733
5879
-3419
-4451
25187
-28031
-64235
54779
46368
64294
91212
53455
24457
-6122
99720
-56393
40272
-22728
-72211
25189
3614
-39021
61418
-89380
-97216
58002
-74309
47879
66750
-72137
-8825
-8586
-64180
-68577
-59799
45045
-10598
4845
-244
49419
60870
94550
-33041
-50356
34865
84617
58504
87195
-64401
-48455
97220
13632
-34280
-52280
13293
41506
29819
27601
-75355
33121
58291
-8366
-73521
-91374
-99183
63733
-44339
-54568
-61064
3321
45475
50267
-96760
-13310
77370
-75928
-91277
-98311
-64255
60773
-53269
-52831
-57810
39343
59452
76280
41891
-47534
18614
55301
26347
66596
62018
85572
37987
92798
24277
89388
51445
43800
74755
59546
92992
-11328
-89045
-17573
-47724
-16969
91921
71515
-56487
-69080
-77431
-2651
36111
-2170
14862
17621
77871
8193
-48462
57122
80049
-87452
29296
-41406
6695
-1778
-85219
54777
-36474
20490
63613
22466
-41083
-39858
86258
-49704
-994
70605
28623
-26591
-95630
-80583
-33333
36216
-43383
73177
90513
-55403
-33033
-79486
71733
46043
-20582
42357
-35520
-79105
97983
63253
90284
-47792
-72028
76355
-65365
31334
-93032
-31144
-85407
-56853
-1345
-29890
-60301
22145
54386
-12373
49271
53967
5059
14331
-4533
-53908
23454
91497
72129
38054
-25974
-53654
26360
-96978
30863
-47001
78470
-15132
-53710
-30315
-57967
-16005
-92900
-65934
-91267
-2679
72025
46941
-80897
29870
-26181
-38061
-37743
99870
85855
-39102
-90050
-69492
-2297
42187
-88099
-45580
-67225
19545
22234
83461
-8901
10201
29039
-60118
99797
11925
-17037
-45260
63285
-99792
67593
64358
39504
-90752
39097
25692
-92557
-94397
-22949
-15592
-75967
14976
88687
29610
-84008
-33092
-94070
11068
79058
-76395
43371
91959
90407
-74690
34476
7510
73072
25623
-236
-38587
-15546
10792
-37367
-62795
-33015
-20806
-59294
-12673
-5699
97042
27227
-36110
-18994
-99125
93730
26299
-204
-81522
-76530
6064
-27791
-73551
-23249
-69575
20472
33002
-4544
93979
93736
-4242
2745
45602
36661
-48597
4353
39787
87464
80158
29249
12171
-83972
72785
-38636
18527
86506
65205
-37222
-19150
57343
86296
59820
-73084
-35544
-34750
74538
-61251
32912
78834
-88913
-5074
30368
-65744
77350
-24961
76773
-61745
-16458
29307
43280
65345
9817
-46731
43926
-90410
87882
-79467
-78408
68627
72413
-17022
89245
-25493
49896
19502
71450
36189
50783
59961
-82156
-89559
48382
62466
8637
-78480
81055
37073
-1798
95975
14635
-3494
-63259
695
74989
25519
51758
-79755
-28094
73670
36060
-263
34925
18721
-51854
-79779
56711
-52128
81836
-88684
3155
-16993
-26200
6180
-48976
-99827
34
8321
-97369
39883
74520
-37304
-17244
-59716
-47668
54613
32514
44079
92712
6785
-24961
-38938
94907
-19397
61135
79491
30690
-69950
34444
81102
65922
62076
25418
-47835
8945
62902
-3447
2625
63412
29305
33155
-27936
-33949
31557
-21594
62292
85417
54573
-12900
51240
78568
78350
-18235
15402
48505
79981
-14266
84058
5264
56684
80891
-81811
39742
-71831
-34936
-94978
-33647
-15308
-7155
4626
42774
-35734
-2504
-82874
-75649
-42126
-47820
-82344
-37345
-78380
9342
-93682
53841
-11919
-423
-4474
-20999
30755
-88552
-69860
-93342
-8079
-31720
94705
-22713
-6929
53456
26142
49773
83568
2881
-8651
15981
87145
-4345
81072
-23984
-33756
-61102
-32583
30547
4445
-4754
-85035
90377
40317
80317
54574
52192
75184
97479
38779
-17157
-47451
-89368
-43570
-36353
-13342
-2520
-54342
55210
15745
77992
-29026
-98403
84811
-75273
-63469
2490
39663
-94460
89006
39464
-10530
-72658
7026
58675
-85049
82551
-5611
-17903
47082
66776
-4371
-58624
-35557
-90514
16631
27146
14613
78290
-28220
68394
-92167
-78714
-79167
-66999
61666
-25782
-83551
-95135
28709
-86129
-97111
63107
45098
42755
-49961
86963
-56159
20555
98928
66417
-3740
59471
-45787
-1133
39527
38062
-34143
-36659
-72482
93331
99058
37267
-43028
-60577
83473
57941
-85949
71174
-26608
24425
37084
-23946
-22625
-23033
-7084
-44303
64122
-84755
-93726
-94725
-49869
99
86385
3247
48663
79129
-49058
-63507
77952
-78356
-30448
-43602
-14857
92103
2670
75512
-83901
52518
-74943
-86868
88402
-31690
98280
43197
-19581
6809
43890
17723
88846
35205
41884
55565
91985
-71028
-66778
80830
4919
14390
-15276
-56402
-13177
-16182
48638
-91735
-78457
-92052
37972
-35052
-8182
29792
27250
-14525
-70883
-58132
63196
-84184
58634
-96548
12438
-18521
-52281
-74913
867
-84155
-6593
63247
48984
-3842
59514
-35634
56987
-7435
-38677
72396
20797
-32890
38294
47396
77874
-11273
5212
62822
53097
50254
-26204
-99408
-10420
58300
-83864
-45131
15638
-10377
-11431
-45921
-90229
13221
73776
-87151
47193
-60428
-53998
-49019
22089
41286
-67361
98133
-55006
-43190
33432
-87019
97882
64166
93226
-48611
53305
52112
-99045
77924
-86515
-50244
-97648
-44601
60996
96176
15865
-86
25513
-29901
-19879
86389
98942
51683
-80203
-87168
-68174
99302
-49383
73865
35839
-57671
-92543
-87390
49954
-30428
13227
70440
21112
12046
44919
45229
6194
55212
-329
-2185
-76875
-17771
-52007
34082
39569
-27406
-40338
-73568
-64805
-31983
-33002
28129
52904
76824
98250
16461
-45911
93910
37062
-30802
28446
-11915
-65519
78571
-50120
-94452
-97494
67759
94928
-48559
52753
-10199
-91011
4076
-93265
-63380
-15147
29030
65762
-58890
2372
-3072
-79191
-31923
-51966
-75296
64041
-68475
9460
-12698
2906
-7585
-86559
34526
39633
-59060
-88881
77646
-14486
-39921
-81927
-61458
50513
-94144
-22544
-15241
91438
96748
-58164
-35884
-6165
-44326
-21556
-72651
-88990
40745
-29999
-50685
-60184
69844
-62284
-96146
-57807
-7272
-64833
54241
19486
63148
69583
-88489
-57430
-49937
-70268
6151
13292
-65312
31074
54395
-63671
43078
52999
25215
-49350
-70416
-92279
55348
51830
-87465
33835
87556
61948
48351
-28164
-33361
69759
12284
28365
-15164
-22227
-93134
-15795
81132
77726
97076
89731
-63647
-34602
-5266
45798
1212
-41801
-42209
-20068
-95829
69958
89757
48974
-46911
-82409
-96196
67364
51111
74264
-4342
-47134
-43664
76792
10673
-59554
59083
-65102
47232
-23075
6609
-28870
82243
-19062
-6082
83906
-40370
5650
5949
46953
-12327
-94754
36636
-87551
-1467
58606
-55969
-30661
14909
-56369
1904
89073
27511
-79623
-84044
94288
18458
-33913
70712
-98591
64826
9363
50122
78194
-47106
50413
69604
63653
51811
93560
17796
-84268
-8039
-4638
37079
42848
-29493
-98370
-14061
20181
-95620
87936
13156
-50245
12237
8020
-81026
86972
96539
-98981
-55087
-31315
-4219
38083
-27621
49082
-91701
10561
-21929
-10701
33490
68910
99219
12141
-380
69756
-6945
-39466
89492
64979
-41759
-79207
-31393
17676
-25786
-92182
686
69640
73491
-20754
-36712
-94098
42777
-26870
12676
-2175
68103
-38713
-62324
29530
-42087
60063
27390
50310
-38609
-61913
88956
69438
95160
-92712
10819
18751
-89971
79867
-44600
58694
70298
-45647
-53826
-91414
-91977
40540
92917
-79787
-47787
-91602
34652
-53024
-19757
3340
15847
-85685
-4496
39774
4043
-60202
-33381
28854
60326
80958
75303
-40614
-40003
8727
-40422
-93392
46365
-23806
69540
31365
-27422
-93236
-21139
-58951
-85674
-93661
-23673
9227
51953
-28170
87555
-12035
-48834
-98648
30815
53923
66143
95664
92445
-90034
-54361
-76848
-84753
-83057
-97755
-19537
74638
-60886
-61440
-36075
83049
79257
81470
38659
-93766
15929
-64097
-58195
-37003
85205
-42330
-26795
76571
-79858
27575
-76539
-78357
-65948
97563
17769
9911
-70365
63777
42246
47124
8428
-7968
-45221
35051
43871
-70441
-81005
-63956
15138
7413
85091
32035
-87535
97844
-7354
-37277
-55614
83231
40787
-482
-9165
-39435
47799
-41002
-76397
60390
-85803
-94738
99817
-72710
-30281
-26726
-58523
-24751
32943
-58443
82881
-49147
-45170
26482
16468
79595
-84416
-10006
-66893
-29447
51267
-88685
-35068
88257
-86398
-14191
43872
83739
-38766
86182
-36188
-27038
-86904
-64058
-83371
29588
-46092
-21946
56301
38685
67711
-5646
-78906
55597
-18468
45693
15394
-84731
-29522
50259
-71211
31506
53558
-91829
22032
-96784
-55433
72184
-66102
16591
-75159
40095
-40692
37811
-76843
95426
-63462
-65643
5331
-57381
39865
30375
33246
-51356
83233
-61643
-86319
-97133
65729
68583
62593
56292
84330
68067
-3018
-98866
-51623
-20721
-85306
35479
-89692
10036
22992
10691
-27201
-69506
-46254
10472
82859
-41952
-84248
-97379
73469
58068
-4510
-94639
52807
-10944
90816
-23049
55205
45812
25804
1567
-76699
95248
19668
-47520
852
-78205
-44861
45938
-93279
42350
52636
55384
83121
-59802
87442
67322
24382
42008
-43642
72401
61228
-57785
93981
-35589
-48662
84594
-9219
74286
-25983
6801
-29403
-44791
4989
97533
-68570
9606
57012
49199
49730
3020
38199
-76320
88928
-15583
-78571
5840
-40600
-82499
-97465
50403
33345
99513
-75333
-91
11556
-19610
-56576
-23698
-54947
80955
59466
-98015
66398
-45530
-93789
-96114
-14336
-8573
3311
84600
96279
30122
91418
-77968
40112
-2589
88992
-14304
5482
-87435
-54856
-76828
-40914
-32485
-72738
14162
-64628
-55656
-25157
18842
-75085
33442
82420
95625
98189
46137
-86516
-47768
-74827
44891
38647
23745
-51626
-35632
-46596
59457
46049
-56288
85829
-61127
53674
-45083
-3962
54782
9632
59899
-51256
83185
74983
20819
17
58457
-52140
-28569
-6478
6380
-64572
456
32749
-96531
65113
-97261
31296
-82577
66898
56258
33234
31607
-17658
-33378
-79047
40319
-35843
-9838
98534
62615
48747
43355
22062
40550
71754
-7268
44405
80911
-77869
8911
-74311
85039
73368
35605
91192
46850
49857
-57810
45888
81189
82849
82627
22289
33974
-6348
-28576
-68432
9559
-1801
-48000
78411
46546
25700
-7935
56580
6295
12489
96119
54364
-97568
60548
-49060
58237
74997
-80611
98341
25827
53003
-65600
-87824
54568
-78584
71765
-83367
98412
-61470
77886
-57301
54942
-45275
-98900
-69581
-37463
-27245
-33378
65905
-30787
-94875
21816
11752
-83464
53040
1660
63317
-13647
-4573
2663
-8324
13217
85613
66730
63389
-65425
-98757
-93244
-1530
-15017
-84577
5240
-63614
21814
46668
30320
25135
47924
14142
59758
-86675
-96306
-66186
55019
-37006
50238
-46173
-38194
-26565
86794
-76452
-52918
-28707
-64985
28042
-17836
-89606
-80825
-40669
86656
92046
86598
-45871
-82953
55721
53420
-57039
-49513
7863
-58976
14967
-96537
-88197
94250
32174
-28491
21467
31011
50141
-67121
-10540
3388
30405
-68966
25485
-97113
50376
-83118
83978
-17819
68516
-18850
-72073
-3987
-72228
-5937
36
14646
-59913
-79243
51600
10977
64929
-57570
-85282
-37306
48496
59692
35301
-9062
-22910
9106
-85789
30650
-82366
95979
23825
-98986
-39415
-88586
77201
61373
94433
45362
99523
63232
58788
73746
48376
-12858
-87997
-1890
-47618
16876
59106
52198
-47846
78166
-22239
56930
16148
-809
-6474
57643
99372
17209
-24970
-41776
-87126
-61079
26930
-30186
1811
62658
-85826
22480
27320
66676
11405
49558
81384
-36015
-59592
36773
-65595
-54796
3805
32019
92852
-64178
-22044
39149
28654
52046
-49763
-78033
74292
65452
20869
-81441
49823
89171
-48216
77958
-27051
-93079
-66976
97612
-89064
-2564
65339
37487
-60104
15242
65979
-81952
-52375
57773
93814
-8710
70767
78049
73630
-12705
77045
-87693
-40677
-67407
-68546
-96183
64916
-57622
-49550
-66488
-97779
-60839
82202
-27931
61227
21434
98279
-3444
-28974
-89872
-61843
91430
-35985
25313
50605
15243
-86446
29870
91023
71108
74034
92621
-76882
19835
-53163
52486
39374
-64831
84999
-95034
-43223
-4228
-79033
-12829
-11738
-73173
88834
-94803
-73813
-96488
16887
-71187
95497
-51175
-73415
-65027
16662
43842
46099
44676
4249
71466
-57979
69644
-29475
-10152
-89619
78849
93928
-38389
28161
23624
35398
48611
48825
-47047
-75138
28911
-61175
98107
29094
8660
-72820
-24005
-26414
-54634
99900
50696
-91096
28614
-26594
-2546
89231
-50551
46715
58862
-35898
-86848
-78392
-54986
78865
-83815
58087
85762
-35315
90674
-41722
39662
28197
62117
-16282
23478
17309
35124
-75274
-77843
-84212
-27118
28189
71831
-70489
-1076
49815
-91165
-61449
2578
-34953
-11896
-48276
11430
-97142
-1158
-17012
-96288
-38308
18569
48900
48539
-36012
14935
16223
57920
-61446
28084
-9388
-28179
-44967
40152
59385
30977
89280
-13124
88854
-73978
-33246
-21035
36181
-24708
18013
72685
-65835
61758
50584
-87968
12061
-31341
49157
18161
-26003
-69164
31878
-48377
-81743
-13195
-62485
-93369
-58417
-13135
9882
-78641
48031
68054
65608
68427
79674
-39958
39779
19960
5355
-48007
90386
39603
-11837
-92996
61844
-66755
51721
19304
-84987
20302
-42355
41744
-38657
-85230
-76259
15863
-64035
57668
70353
94006
-38629
57510
84353
45766
-40231
95066
-10665
-53653
23294
94816
-18881
72830
65018
-40275
-53317
55573
76771
37540
14418
-88368
-89087
97908
4456
-4285
-99355
-4851
-35031
41787
77876
-85377
-54305
-53393
80961
-93902
17380
-92923
61848
-61764
17137
-451
-37928
-77150
85844
57406
-22920
36718
-29376
97851
42346
-78487
894
75074
-7972
51062
40962
-41119
2715
-70709
88153
821
-11310
55436
-8003
-29808
-83855
-29498
-80821
33158
-22359
59717
-21236
40533
-47789
4178
47663
-99730
-68048
-65204
8536
-53404
6603
-21599
11089
-69328
46203
-61718
72158
91678
79557
-25119
-96273
-76712
-13602
-41601
37039
87950
-64243
182
12666
69310
-58641
94216
66731
-96283
-57324
96259
-30958
-25662
59399
-49383
64133
10371
-16788
-1248
40654
51087
-90687
-14174
-65854
18159
-68345
-88990
43249
66969
32506
-32596
-75975
-15205
85755
-30889
-27723
-7455
-92529
-10277
-34733
-21597
93440
-8759
-41597
22445
31393
87531
-95348
-60020
-67985
73080
39480
11154
99859
-45388
-80720
45575
-7676
42850
-67998
-92372
1226
34215
78750
-68307
95389
76157
59457
-55582
57836
-17968
-47992
-30591
-25799
-52744
-22714
40484
16225
24916
-41232
93491
-57350
-34625
74070
16750
72469
48690
95532
28890
-87518
-87050
66311
-71483
4915
26756
-22493
32182
24665
72763
-52640
-7050
40810
-3780
23310
6261
-76507
-30427
-34979
-16741
-69140
-10135
-46537
21420
-98577
-27767
-48087
5975
-27606
19697
-83396
-65381
45892
35185
-80862
81495
-27688
-91242
86476
61868
82321
63525
64025
56016
-76241
31347
-77272
-59150
-24602
11108
66382
92742
27685
58558
27875
23340
92084
-8791
-33929
26753
43510
-23611
9890
-34047
56590
84392
56057
65366
-33314
52723
-47203
79170
66859
-49585
57453
-93338
12124
-46135
40283
-57299
-82270
59272
-67044
-81768
63153
-76505
65977
22758
65387
52787
-47293
-58529
20958
-9854
-13981
38141
59492
10542
-87792
-91464
87593
28013
14297
-69076
-70966
-35634
95522
56234
47320
78034
69611
-936
-31237
54757
-54260
24325
-97293
94200
40829
-53875
-55558
-54788
17873
-46683
42694
56508
-53629
-68476
68714
88471
59497
-82065
65372
-48807
30085
-5345
-9903
44278
73339
-688
-96123
67618
15772
-3735
47063
-99568
78752
5251
38416
-21756
-73293
23895
9540
-93289
9958
-71159
-36079
-63673
-57018
-23413
11780
12280
3978
34159
-62628
13387
11557
66637
30566
85146
-46468
74829
-79865
-40819
-71758
-94126
81880
284
-83426
-23676
77483
-55199
59294
57335
57132
-25896
-4027
91261
23139
51063
-96272
53125
-50346
-60252
-93834
18286
67852
-62824
-91139
68396
52972
-68274
-69654
-96555
4291
-56857
68208
-47863
