9500
-39209
10703
-57328
-81208
95194
-77770
69987
64247
-51204
17553
-97765
90863
-84336
33457
-31934
-84386
32361
-69606
-72677
-43683
-82023
-46754
-52104
1182
87253
-84137
-10775
-43279
16564
40000
-30577
-69965
-26154
-5648
24846
-63853
-30110
-29067
-23904
-24574
-80089
-40375
-61945
14647
-11228
-29901
11611
-71780
5667
-89475
28801
32216
-81857
80717
-9988
99258
-99129
28387
-36131
-35778
35835
13934
84950
19520
-73229
24971
62445
70970
32543
-28901
95820
-77445
-43671
57471
25013
11303
-96777
73459
-37998
4261
39308
-57020
-5206
62441
51470
-39057
78448
-55586
71650
-60008
10230
-99601
-38861
40292
-4225
-91470
-31150
-12877
-23375
-10959
-61448
89853
45673
80983
71526
-70584
-37335
1140
91821
70211
-41940
75757
43914
-29950
-92070
68035
55209
72791
79703
-64066
96202
38025
46134
-5131
-10879
20020
92044
-88259
89559
-96259
36255
-54420
32591
29295
69372
27336
-23421
44727
48295
43729
25835
-65608
71405
-55000
91583
90636
-15466
-89061
20597
-16999
-329
89998
-61468
83979
-41437
75399
96265
-77005
47297
29589
-21146
-76292
84281
-18466
41224
52805
-33591
-98300
-55390
-32672
48436
-3020
-93867
90023
31705
-29173
-26927
-6603
58337
-59804
-14123
4040
3730
94210
34578
-77775
-703
-9001
-60946
-1739
9572
-9937
73316
28804
-53051
-3012
1800
-28141
42899
-31746
9128
23192
6931
16142
-90290
-11998
-48205
-54904
-97053
9106
52543
69843
-61586
3513
-11475
2575
-58183
-80176
8146
43993
82324
-7026
45048
39037
64563
-89366
-46777
-72839
-12302
53421
19615
-32854
96569
-95694
96776
-5674
49787
-88322
-92927
-62315
66712
-75978
33013
30300
14883
-45887
-7477
21543
-46275
-91845
-1956
5571
-87904
5522
-27712
35445
44472
-22399
-75519
-4470
-28245
22439
31473
32124
-19846
-38269
61336
14014
-23169
87502
78277
-97243
97686
59637
68037
-32205
12441
64050
-78222
34624
-73405
-78970
84066
-27001
-57994
-85355
-52863
-6902
43479
-13410
-60167
4131
67799
-18859
49613
-18839
44045
-19490
-67963
-78149
44095
-73752
-69692
-48340
65024
98980
53
-66357
14323
15329
-67292
-43571
-77843
-12538
-54615
-4135
73401
10027
56447
29232
74869
-9772
626
-84552
-5991
-56438
-74249
60259
90840
280
-13611
96192
95838
-30689
-60031
85214
89594
95638
93129
5208
24534
84386
97382
-62142
-6623
-64626
-88972
56559
63501
13351
-35651
-91236
37556
-15049
92593
89724
81685
3228
62898
56480
-73347
-18749
29644
7106
-79935
30982
43394
-87249
89256
-39840
-25853
-19632
37093
-80375
23932
-13741
55233
-99085
-39673
-60101
81815
2719
47232
-37440
-75143
96668
63544
46563
-61455
-4067
90115
-19501
83873
14006
18669
16309
-92404
13107
32393
-38636
17389
-16107
82473
-63643
-38459
-49622
10409
-32459
-17677
-2232
85542
-59343
41915
-21531
-499
34130
59049
-49130
43981
31011
-26226
50402
-54610
-77840
78121
-54270
27707
89677
-57054
64760
34011
-28096
63535
69129
17086
-37876
1241
-45351
4723
92442
20377
26657
49046
56454
-98660
-71409
62629
-32380
-19034
-56134
-62028
-26898
-4142
-67841
82679
-44565
31799
30142
87165
-86787
17895
50795
59132
-29274
16465
-68719
53831
38712
-46650
40041
-36580
-47944
46617
-22445
-31911
-61330
75231
-60689
55823
-75764
-16363
-50597
-77649
33657
-29727
-59319
50593
-81736
-847
12091
-35724
-92870
-6784
-38370
1584
26300
-28873
-90752
-54330
-23202
96176
-81936
67497
-82622
9429
-27919
32502
-38563
97959
-45670
48206
-61923
-51877
28301
48900
59895
17246
50706
46194
56268
61690
-47793
35046
-58505
32144
50150
-32070
-51146
12485
-37717
-37759
18610
-52742
89728
-81187
-93652
13107
-34096
-88402
-85946
-85159
-39004
-91
-63124
-89190
6181
54838
59997
-96018
-25873
58668
10522
52149
-81075
14422
84585
-32452
-71913
-69281
-59706
-51105
-74011
74044
-70297
8840
59119
-71874
-15894
-47019
-61501
-4089
-53922
58328
76065
59161
-99733
-38152
50422
-7350
23967
-41292
15091
-81068
-47147
19912
20554
75848
20100
6248
-97915
24995
5409
361
-12477
96057
89714
2303
-39857
51022
94257
61025
64926
-20924
-64167
-14903
-39707
-37138
82959
-4841
71829
53762
-40336
-4459
96628
-42643
61427
8598
90265
32833
-88453
83383
73028
-31734
-35716
-45433
-12777
-89410
-61625
-95549
-43467
-19118
-27597
1850
-79754
-60055
93354
-69681
12484
-88601
59085
-61347
70805
-57628
27973
79413
96837
51069
13031
22274
41935
22468
-78973
-78770
-41305
-39785
-10486
96029
-9608
-88818
-12199
-76297
-6603
89742
96358
-73660
84190
81211
88646
75663
77905
-89526
-52200
83181
-91766
10420
-92398
-98185
-28935
10182
84838
-12494
78911
-47147
-43056
-61936
-40444
-46961
-69825
-47921
49015
-37779
40989
-5504
85539
77125
-54339
-18654
-21525
-46212
-36576
-34707
-63838
56345
-88988
-53590
90057
-89996
-39094
11071
38374
73741
-65502
24137
42813
19769
43413
61474
-84818
-82122
76943
-57214
70122
48800
-92601
-2879
-9965
32189
-65748
-77702
-95632
68530
51821
-29812
-31158
69849
65061
-66438
41957
90602
-21598
38962
82910
10006
-57455
-73621
11486
-63694
-63161
-26521
-41480
34704
30318
-13928
-93211
-12438
26634
-24353
70297
54776
52455
32815
-68863
-6303
84577
33168
-7844
24781
97232
-52480
30451
79129
-10290
-69069
37814
57252
421
-51141
-75595
-51898
76762
96580
38775
9121
-22704
-80650
53883
-70321
40155
15869
38729
-91973
-36126
-99931
64627
43532
51248
29534
-83475
8699
30807
14047
25030
-46139
-59391
-60057
-65022
-43652
75284
10527
-11946
12473
71297
-57572
-6912
-87380
52906
43648
2944
59412
-81746
23232
-39946
58825
-53806
42432
-64103
-53065
31437
-75238
-94255
76197
-72336
92861
-76941
55923
98160
89330
19095
38307
38673
-18502
-25834
46797
-50447
1428
6949
-13770
95727
-79269
-1975
-68036
20598
-75701
-48522
-13720
-62167
-3356
2696
-5338
31213
96871
97693
-47152
37517
-1859
32077
72614
-8882
-98825
-54201
-47334
71953
71408
69001
71624
-87842
-19505
52347
29251
70034
-12951
87145
10699
-55256
37379
-92965
12634
42973
-26379
-78061
50269
-25917
74089
57315
82560
-60572
-58621
82152
-88862
13009
8155
42214
-47256
-31674
20837
11714
-56851
1595
-3790
-34410
-77545
-34422
-73649
91060
7173
57271
-49653
-62981
82084
-90271
53655
49487
-15135
46212
-46459
-78024
40057
42536
67315
11993
-23124
7658
-67199
-13814
-94641
-72027
-60483
34709
78529
5245
-83872
-9718
-49162
47624
-93710
-1537
-12177
82073
80200
82536
-3382
17641
37678
12814
81269
-36508
-48417
-84433
54078
13646
-38735
34163
-8890
51984
66574
-52090
-44459
17059
-48612
93078
-47673
-41896
-42626
21611
60835
-15359
39092
64030
18060
18431
27230
-73097
-14704
71017
-45730
10983
25502
-58090
-99430
-45026
-53356
-3256
-83168
-24054
-33865
-76875
-52827
1198
-51588
-29197
17254
-20326
-43133
45503
-17552
-65972
18979
42602
26362
-99805
38432
50848
-21776
-85124
61369
-47466
-97397
85611
-48674
-10225
-53541
72472
-67905
10316
-75930
-67981
32384
-8242
74027
-39339
-39223
42185
-82881
63861
62649
25639
1369
-22461
-98758
-43083
9705
-81052
12783
-44050
16866
5195
-54454
-86494
-63335
-95311
6715
-27581
90949
32368
83139
-12468
-98330
58178
-89625
54479
3
74064
84223
27417
57291
-36934
28205
-2621
-28963
57379
-94165
71000
-12765
3829
6590
82910
-14951
-70920
97223
-90045
-96340
33738
-12168
60390
-65539
65468
38436
74110
16900
-39479
-34514
-76821
-34926
-8460
70755
57175
-79185
-27395
-22684
91657
-97183
49599
-41668
-80250
3214
-53591
-11760
-34460
4217
29207
75380
91692
21800
50636
80474
-27861
-67162
26702
-4571
-92587
82276
-21474
56604
69847
-95685
88083
-2758
-90120
44557
79250
-27167
-77398
-99959
-36436
58479
79667
23693
-87020
62377
75187
-23451
10299
91093
4497
77681
-48438
-14620
-68986
-32539
-60228
93771
80262
-25429
59797
87730
-4346
-85789
-2494
90501
-21842
-94966
49422
59753
-70435
85496
-23169
55817
-88941
14211
-4149
-61234
19776
-68287
66426
75245
-7514
-33173
98713
-67238
82157
65566
-16808
18586
8003
-54981
12353
51574
-93587
46125
81429
-94197
-28177
98186
82885
-25921
78868
-6573
586
-87730
-94757
-45546
-78111
-79358
-32706
37107
-80090
-47679
66400
50043
-10036
80704
-23470
-49676
-89481
8789
96641
-80839
36022
-74837
-87680
-45698
95264
98703
-9618
-73998
75658
98919
56452
84221
80994
11777
-28995
40488
34987
-89655
68258
-48228
-61163
-86955
23025
-12477
43256
90203
12969
71947
46573
19842
92213
40713
-56055
-91627
13939
-59782
-79945
-82412
52191
29924
66673
39205
-96096
25499
51227
-57560
-26769
-45217
50236
-18392
-31968
-36061
31577
-88660
92175
57960
-19088
-21586
-85336
-44024
34190
77091
-28526
-82353
-53171
-85511
-49159
84164
44142
71327
54774
78277
-26481
-87171
61726
59408
66569
56517
-32604
-57954
96488
42081
30699
-15191
-96441
7308
5869
-15665
28680
-98627
-3647
-22129
-43026
45181
-73588
46895
61911
54618
-50938
5888
8792
70452
10024
-30342
-69833
-96204
-60369
89153
-24257
-13411
-19440
18249
-65596
-10438
42104
-4843
40116
-29001
46014
81178
-81515
33164
552
-90493
-20128
-8172
-77225
-73202
-31686
72252
400
-87533
69067
8854
-2009
90341
-67971
-60659
-91446
785
40723
-42189
73767
-28989
-6301
78583
-44741
-19128
4402
-2382
-24071
-26065
36714
3488
73555
22792
82106
-65045
7143
-70066
3466
22627
40521
-55583
-93926
98891
-59159
235
64758
90701
-9247
-81307
-74536
38093
1886
-26958
36826
64346
13032
88617
90325
97985
70479
7088
92572
35452
59508
-20349
56974
64072
-84943
45460
-45028
-97772
22438
88909
-49320
36309
11745
27569
-94219
65142
-97559
67424
69601
-99283
-81625
-92935
9148
-46743
-32078
-64166
-22029
4199
81013
57090
66558
-74588
-29249
-15208
22258
-69459
-33945
83717
-57405
90386
27162
42172
60506
82105
35011
-42471
-53937
58126
-74667
47079
43651
-56872
-67784
-81732
-37283
36455
89805
24511
42143
81386
-86624
-82294
28068
-48035
-27543
70122
30200
79391
-42113
33987
66772
90081
98650
57233
73780
-76741
84675
11401
82711
-41640
18138
49630
-41645
-81838
87748
-38113
86674
-8423
9135
11197
-20243
5580
73411
24747
-50525
81706
12710
-23458
2550
-84574
-37908
33588
-23838
29894
-422
6256
51066
-15010
-60267
-94813
-2782
409
-43028
37864
-79069
19550
-32257
47494
43950
-63295
-4726
44280
-91408
47698
-21614
-17848
-57842
-81393
50538
-98025
-12802
43577
-59230
90106
52673
17988
-86579
28223
-89791
56487
57966
13197
-42622
53844
28287
-32855
-68984
47170
-66147
56405
94470
-80155
-27821
-56941
-642
72703
-98687
67719
85242
66512
-41688
28538
-82139
-54551
10005
-68677
-98938
39007
27112
74847
14554
-17382
-44544
29354
86606
-62067
-12794
35206
37974
44800
-93358
-38544
63021
73161
-49027
-6862
-2647
46745
79300
-49142
-72774
71730
-53995
-406
-86401
-37194
8122
-6183
-13180
-31589
-70817
74551
23580
-47237
-48127
-66531
-59432
-37816
-64331
-43485
3297
17629
-64173
67067
-59209
42991
32573
1850
-6202
-9694
-76017
-24457
-34142
-10568
-45851
59596
66912
-84636
-52925
-13574
-54064
-84739
-75035
45609
27610
-42482
74276
37004
-16076
41482
80450
-47901
79101
-48803
55378
33434
47929
-71971
-52665
-99185
-62294
24863
79639
22577
15367
35814
-64053
-5245
51547
-87049
34086
76032
-73411
-52152
-22033
-88999
-87768
56982
93981
35674
-58314
15062
61919
-39830
4286
99395
16261
59377
80710
-37546
44622
-89580
-71769
-69036
30542
86107
86524
-5119
60924
34612
22662
30898
-27370
84689
-62688
64128
73969
76908
-91303
-48488
85473
57898
-32973
-52368
46336
96797
439
21076
-63265
78244
36083
60062
37639
494
-50542
50756
90602
-35941
-64170
-89012
-10517
5379
-34380
-1958
-60665
21647
74251
46890
58462
-17915
21187
-86888
-45150
-98142
-98050
-20388
-94757
71968
-94466
-48876
77460
-3881
39059
-53254
12646
-3456
18367
-65355
95070
-90028
62120
37899
-65587
-72173
-59080
17139
87405
44960
56789
61832
45867
25353
-90760
-13414
21142
2981
1580
-40481
74722
-13482
85349
-43385
21592
44974
43707
26925
15454
33134
77121
81449
-31138
2538
-60410
-97470
44246
99656
10472
-56831
42300
-89177
-74097
-59615
54924
-99556
61517
85922
-14609
73687
-30448
29244
-47287
69988
53762
23665
-24096
-72818
8062
-12613
29348
67294
-21586
91877
69919
-43583
29061
47222
75450
-93945
-92842
81479
-25111
63176
-49
56374
-86028
21537
24726
91251
-80093
-42788
-59329
53112
-74746
-18899
52519
-15915
-53922
-74087
22512
-86935
-33237
8242
-82983
-70035
-45549
3581
-54216
-66134
-17300
-85260
22231
9227
99558
33062
25897
22029
-40296
25340
-21401
91986
-23899
-82792
7372
-14635
14411
-48938
-60119
1656
-83320
21364
13989
-19526
-13015
-78386
88981
-34876
-31824
-85950
-63692
75618
85409
-68110
85055
-85233
745
60007
89840
90408
-12436
-17902
-74220
81475
98025
-87505
28043
1561
71500
71235
71452
-50850
17873
-41596
3635
59314
23824
-99049
-39432
5807
12265
54451
60940
-349
-51444
44453
77026
-3176
-33819
70318
-77000
13646
-84253
61127
64241
63242
3556
5701
-57327
-71865
42943
56342
57172
65099
-30227
18155
-77973
91733
-73260
-51728
-64108
-86222
-35790
69622
89045
-13457
-7390
88754
-78508
-87575
-33202
99423
46870
-25088
97074
94590
-72558
26986
22216
4222
57777
57892
14102
-11466
-71259
-37054
91536
42894
-3869
81640
-75478
-63618
95934
-8239
77183
-48914
-1951
-10228
-489
-80067
40553
19208
43352
-16290
33949
-9340
97292
-7972
1355
34280
15115
24382
-81472
-70926
-74235
82245
-20573
72777
-26386
-35118
93806
-72914
73478
-52444
5450
-44528
-67580
-53184
-249
48190
-1314
-55831
-61195
66487
70520
96399
-25054
-78819
-96985
-95932
-3345
57672
-95648
-83159
52049
-11529
-15039
-31705
-65566
86370
82044
-15271
72737
11755
-91940
-87801
9484
-8398
53749
-44018
72217
-1273
-1811
-13669
3020
29755
-68512
-94250
57783
49551
-87564
22427
-2220
82318
-17349
-35741
-51144
54583
64766
78657
-57291
82002
58604
-73335
68687
-58589
-73057
38347
12248
51132
-41209
-16771
4523
27373
-20491
-34314
96065
44887
-82810
-40937
73203
-43681
-26070
-9276
-52980
-93698
-240
-21424
-88310
28340
-48720
34103
-2574
70812
51124
-11388
-40755
-44197
-67516
75731
-54398
65074
-62291
-89359
-5743
-75852
39405
92575
-98646
53073
-96675
70774
13928
-41200
-76229
39012
-74387
39963
29075
-16876
29914
40372
92170
85356
65323
-9786
92487
-98128
-4178
99990
71038
3396
3550
-91880
54170
78286
23264
-41890
24327
91386
57753
-40085
86617
5527
33130
13414
69852
12766
2569
71210
27385
94355
-80579
-74310
10625
-13948
-93643
16978
77081
23983
29382
42200
28547
2817
17280
-64334
55621
-32008
73579
-12815
50231
9897
81507
39850
80622
-52898
-34355
870
76417
23703
62261
93359
58484
-58767
-95546
36811
57353
90277
-77659
-3451
80287
-46233
39018
-87258
90500
54574
79867
-94781
73055
-38893
52423
60976
-88781
54931
-37732
-61614
-61935
80559
-27994
-60206
-37923
60467
17989
68142
42618
47763
-67767
-30167
38677
-89168
63181
-77149
-693
79546
36013
-25021
-89992
-48656
24101
16464
-20835
13956
-9913
-79969
75437
-87526
44249
86951
-67276
-25298
-18295
99568
95076
-58732
-79347
51242
38974
22363
13147
90586
-46246
-10485
-92606
-98385
-34029
-48562
19812
-97101
-27055
54571
-60720
55837
19636
-54355
81472
20803
-62887
-18462
32428
97324
-48499
63295
-9912
59844
-76148
-75487
2465
-65239
82932
-75154
26447
-55198
-75765
9882
-10472
687
-35479
19526
29602
54267
69316
49218
-62638
-74834
55638
7091
-32187
-88225
-64275
-60336
32937
85031
-4913
24710
70842
18320
-98937
61372
66709
70445
-90800
-57871
-32134
-829
-3427
3776
-69213
-38171
-25789
61510
-21381
34013
14532
23962
74429
23878
-58887
-90437
11114
-35785
18715
-28792
20390
41498
-92946
27624
78576
26970
26570
6345
-20164
-8390
-68409
-42106
97327
33731
-8508
-97758
2102
-14954
-54188
45425
16772
71455
93254
69590
8934
19050
64080
58343
74180
-44017
4055
14701
-78858
15049
-6690
-55673
48768
-3355
-30584
53422
7724
-16874
86667
-70894
77635
50661
22324
63844
-76889
61829
55760
-70995
-73072
-79547
33022
68251
58657
-87586
-75377
-27044
78886
93612
-1065
69219
-25555
-88262
69971
40776
18622
77302
-27722
-86132
21559
-97085
-94894
-57990
96905
96045
-4896
-70872
9929
-59336
96108
-87651
35059
6097
-63072
-35571
-99902
51814
-94166
14399
-97243
-47151
56653
36175
91294
-98769
-63807
-92784
-18244
57551
-28600
-14967
49779
29511
-36721
-92320
14677
52768
61180
52501
-73873
-71119
36442
-38171
-49726
61641
-2977
-53105
99293
86790
-49386
84466
-80812
-7934
-12243
23893
76703
42541
-40931
-36351
31121
-60170
-2895
-20983
-2254
-86045
93366
53418
-24580
62721
638
-70579
98863
94069
-23664
-67415
69649
-71696
-69713
79685
81285
-65983
82373
61019
61511
49540
-8851
2072
-84926
34936
-69350
85760
64654
18543
-61145
-59537
62537
43294
-91717
-29958
-52399
-50924
-56232
80884
-29093
14408
-13887
35213
371
45323
13574
7572
83856
-43940
97005
60060
-87533
31834
43199
-66499
68060
-15084
-42836
93106
-33399
82876
-5349
-55648
35596
20987
-96622
-10378
93672
6238
-96769
-30289
-63928
-82131
-98335
64564
22780
-46180
92054
96095
84497
80795
80513
-2725
-49781
84168
52119
-56921
39297
51204
-48825
-9543
35222
89891
-35132
44543
13071
60797
-28944
68160
-83434
-28382
-35610
-95070
-56758
-18966
-72284
-96444
92737
-10967
84755
-4853
75163
54274
-32907
60027
-78332
86483
-76822
94907
-4987
87566
90527
-63173
-84921
-19481
30420
-10255
63206
-35095
92167
-84930
-61010
95908
-99198
-87440
-85387
-95807
-74050
76512
-31467
88246
-52749
4412
-20540
30484
-26179
64351
-78639
-33923
40108
-26020
-24580
-87308
-87064
-32358
63155
78413
77247
-93415
36005
80899
-25075
-88749
-59003
-1048
47879
78141
3613
27831
64420
-22484
22412
-63867
84264
-53995
-67938
-3562
-62578
53229
-35002
15820
-44527
-7697
-41798
-69254
61015
-53508
-47765
-80873
-11205
-20964
-8416
77583
52341
8546
46702
5875
-12760
-78930
81494
-9201
64392
-55475
31355
58524
-35290
-62917
-64834
17804
66010
63496
-33352
47171
-70068
99607
94547
-90202
81183
33539
-93755
-39733
-35334
-64803
76459
81424
-70925
-51375
-30722
-98489
-63590
-57433
45364
17295
95904
-38683
1525
-11842
23139
55185
95416
68922
-25321
68627
-87558
-14745
98706
-79623
1051
96442
-14413
52693
58389
-78035
94704
-7935
32985
-33589
52220
16067
90632
-2197
83793
-31029
24074
58105
52511
56153
51855
29807
-18159
52603
-31328
50660
1464
90164
-45663
-6917
-62122
91705
5925
19132
-11959
-57259
39342
59263
90067
91308
87552
88196
-52158
41692
62880
55968
47232
72447
-78098
44306
89209
-42803
-97636
9972
-13596
-3809
1610
-7347
76337
-82290
-66944
8899
5070
-85126
51079
-37714
2965
70758
90148
46599
-79339
-3199
75698
-46593
81467
-41664
-53605
19756
-74980
-47578
74546
64414
26978
33957
87024
29712
-81454
90782
-16950
-91206
-49546
12037
-95253
-38269
-85461
4000
79315
63700
16457
-17682
86924
12424
9578
-55196
62340
16895
-46503
-76782
-14004
17938
-45863
-25691
-87892
3041
-48689
40773
69472
-30649
-95859
-55585
-73292
22639
-36037
-12163
-52233
-3712
-78748
84880
99423
13556
-12326
79376
73913
18630
-697
-91270
-88502
83338
98450
58168
-76281
98006
-2582
-58081
-98322
84766
-89934
80914
-47552
-58402
78409
-33789
-91045
-88528
43253
61338
-12361
-16387
-78869
56302
-34691
78608
40573
84016
42943
-77178
27744
67495
56792
290
53721
-7083
66081
-72771
1476
72441
42189
97754
74497
-74450
20898
-48744
15484
57009
-25515
-30656
-36202
-42561
4032
84478
-56075
34269
83970
-6611
421
-49999
2995
-63669
55913
19278
50370
-44404
-33246
-61171
87918
-73206
83547
-94890
9949
-44711
65007
80382
-52004
-82183
663
-50997
15220
-25691
-19180
36434
55909
49480
29557
-57663
-93310
45775
20678
40057
-20184
48729
-25387
49811
98140
70027
-46494
85828
-41983
-95871
-90782
16219
-59918
53407
-12752
47399
67522
39237
14225
38133
29709
40033
-41758
29302
70459
59294
62496
-64192
94353
-57862
-92524
-49045
-94349
97141
28185
-2980
-26566
-9499
62603
-55778
-82322
34662
77070
64043
22176
68335
-61384
14155
7271
-66943
56028
-50860
75893
-62984
-3724
-11185
-15211
97860
7850
-27973
-46589
-63951
-51069
91755
-59097
-32543
-48151
35594
-68560
62172
-92845
60671
46473
47422
81619
58347
-49925
48143
-95045
3599
-25633
-63056
36397
26059
-13890
34672
-57154
71233
51399
-17922
21831
-21928
62316
71161
74760
36893
-66919
-39516
91512
25219
89489
35701
-97747
-88245
-49881
-98420
-33180
43455
-14121
-23103
-90578
87896
99711
88470
22264
-77313
8189
-56181
3637
13681
96422
-39087
-21590
-97093
-35169
18454
4373
-29211
-74084
-11905
-13765
62379
-46605
4340
-11635
73574
17308
56148
-96842
20362
12679
51274
-77372
44552
-12838
9591
-34064
-48812
-89338
12751
-14965
42113
7045
18176
74119
46791
-7822
27660
-38240
-92697
71172
32440
53285
93925
13416
90652
7591
-16588
-84997
-53029
-39043
53488
-67679
-35731
21168
25605
-63675
74136
21834
14317
-4179
94782
-80650
78742
40888
28367
-71084
42465
31927
-57762
7772
29639
-23834
-77423
66668
21654
-99258
-69645
-15953
93785
-63656
53092
-29204
-38250
-13513
13936
9320
-61711
35474
-87300
80441
-53266
-55802
-52644
-77079
23444
44436
-63678
67075
-2771
-39676
-6062
73789
-42071
35733
86737
3649
46626
-19105
-94213
-8294
-28614
37959
90547
63800
-20192
-93537
-60651
5471
85938
48216
98663
57522
-61956
50532
88175
-79848
7583
13548
606
-22199
54093
-11349
24426
81975
6449
32614
58489
88539
-91733
-41400
-56199
89882
-80775
78941
-4468
99028
-61775
-46485
14305
-75574
54955
68393
-75554
47721
-16837
91165
50169
33143
-63717
61141
-51866
86681
95592
-79807
-7829
97726
30147
-92181
23951
-32020
79576
17685
-85776
-33691
27323
65582
-34188
-11019
42734
-81232
50008
-75557
-68801
1433
-59356
4498
-3826
81027
60799
88187
-66067
43298
-72865
-89368
-82400
92314
37208
85063
-19069
97531
-11690
50793
-44789
-9318
-11034
-21330
48484
16013
26094
-22385
78074
-766
-42627
19336
5844
-18756
-65539
29728
53402
-36052
-32635
-63082
81911
10792
-50677
3562
-3239
-90998
-5321
-87547
-81323
-76376
-31086
81221
-18776
-20181
89117
-96279
66137
-38578
37182
-52714
25402
33333
-32619
51524
-98163
-51865
89262
91528
16322
-40150
88527
-22018
-75042
68090
68784
71058
-90312
76773
-79030
-5717
15646
-49274
73096
-76107
-91500
40412
74458
-45942
-59908
36358
25321
67517
16849
-89315
-21659
-2558
-64883
27694
-16583
-95427
-18197
-5678
-37216
-23003
51527
90476
31825
-58795
-54239
12799
-98666
66415
15616
98793
-30149
84077
-26637
32000
2721
33286
93426
54664
57202
50681
-23388
94222
-57042
-78664
-70854
-31197
86628
-99724
-69576
-65864
70333
36097
-55340
-67693
45299
71719
-93705
-25364
99039
30084
-48160
85734
46255
72353
1896
-82579
-32266
77071
-24608
90856
2461
-32259
97302
-36261
567
90330
67959
70045
77299
-4063
2126
-94864
55658
14598
23210
-37438
85080
-35845
97310
-19585
75304
-37409
90786
11089
55848
71876
-93161
-72267
-94564
47067
3816
12539
-9106
56446
82700
-77286
-99901
21530
82408
-53011
42920
-29897
-30064
52558
-47573
77222
-13714
-79538
-62522
-89338
39483
-87730
63351
32818
-72853
18813
4587
-51830
-91802
91438
-72168
-87395
59632
-94316
-42838
-30544
29545
28445
48085
25006
-55888
35049
-14839
69611
6435
-20058
-54396
-84522
64386
51210
-33663
37115
8178
13995
80526
12467
44893
17470
26875
-2007
30070
-35862
-22354
-12855
-98854
-36472
47508
33158
24786
-32774
32946
31624
-92939
53349
-28519
-9871
1131
-67636
-13192
-5301
-7988
-70902
27531
56784
39718
-60756
-52622
44949
11358
-51288
-82596
87891
-60563
71550
-58270
-53165
43020
35626
63024
-86282
32811
-32701
43486
-39842
-8486
36852
27933
37437
-33205
58260
8524
88696
3310
40611
-39894
-94089
-50500
-75229
-26266
-22709
-33712
-90608
-81517
15485
-40721
87550
-31177
25839
-45016
77007
48578
93809
-21993
-23027
58012
-59677
48259
45866
27543
29506
14951
30033
-19132
-72495
-87282
-57688
-40607
-59228
34583
-34843
-11792
29580
33240
7498
-55069
96922
-27297
-59970
-52045
-8110
-70956
2762
52879
54702
-46214
64172
-35854
-73973
-236
-90789
-47411
-53388
-59548
-2023
-36572
-20086
-42993
-39506
90293
31116
-44580
47174
-48942
31177
-43237
6313
-48112
38687
54242
4626
89304
80366
-71949
46511
15962
87263
-89415
77364
34786
-71925
61681
12060
36099
-95991
-14106
48254
-337
-18217
2196
-87224
-30040
33315
174
32794
41297
59895
-23621
47681
-45346
-76992
57563
-42930
65707
61433
22888
-10285
-55832
-24391
-82504
-86535
47345
88021
53822
-13375
77243
7219
51600
-71211
-40790
-80724
-4477
-6518
70528
-40099
-20878
38325
-69071
-21237
97438
-47193
89554
59376
-69649
80710
-92433
-68890
-90855
-39735
81723
7791
23002
-50993
61026
-10273
80799
-72611
-62149
97190
52742
-51598
-46439
37758
-83137
44489
-74175
-5779
-98357
11243
-1163
-53193
78631
-85266
-69393
98724
51010
69133
-57942
809
-53015
-28891
-66663
-89930
-30781
-74550
-78981
-6181
-50696
-72572
-74618
-58408
-12562
23721
66944
-43457
91563
87960
9069
-31224
-354
-33329
44387
-41743
67321
-97046
94393
-33456
-89225
-72647
34782
-36361
47803
42620
68933
-40830
-25575
-2242
86142
60799
53165
-28021
-90144
36091
86569
33934
60579
-5147
2733
-68020
45386
-42143
-48177
43575
64573
-95188
-30214
26992
-99275
22183
-98702
-9892
-58864
-44606
-36043
-414
95748
-122
-81859
-93698
85296
95166
-1181
-28667
-21810
-31869
38109
25205
75781
83491
79400
70776
82715
-55442
-98495
-48586
-58424
84572
76
-89773
41637
-28322
29400
89676
-87037
28800
-54598
33705
-56615
7927
78166
75552
-4523
-68979
-86980
-67258
-46701
37862
96942
-29902
-89557
-10387
20608
86768
-6235
75040
60888
50975
30344
84982
-68907
8232
-64880
25001
-44468
-32165
14909
-10269
-33298
9895
-29048
74569
70149
-11082
-33167
-12258
-25379
-62941
17907
-89258
18239
27609
-40231
-72776
95385
-30775
-30934
-49298
-25735
94855
89280
10540
-90184
-80894
-94601
54011
-26125
26654
-75008
75617
33525
87152
34325
38319
-79119
39445
-16249
-36633
61290
-58193
-62285
-39993
58101
-74498
-84077
-35594
58518
-50794
63088
-59702
-46840
-30590
-74571
884
-10791
56566
-17440
45769
36273
-94807
66897
-403
-38605
-18665
-93691
-65378
96955
-12527
-90532
-78054
-77816
3455
21974
-42834
81395
43252
-35364
-34659
-88611
83820
76731
82793
50344
12709
-78869
-4479
-92068
96790
77773
-57914
81321
42192
-42700
-14085
-45940
-39248
-4709
96458
-67446
32510
97524
-36115
-69031
-26714
-51168
-45761
38750
-66351
-95750
-5536
13201
-75938
-23475
57342
-8707
46530
2214
54343
19428
20729
10565
21608
90944
-80601
-82387
-94336
32099
-32688
-1445
-61722
-5632
-46288
-29613
-95277
-20734
99897
-53675
-57042
67098
94055
-99921
59187
790
15617
-47892
78590
-20883
57326
-57622
8442
87063
50288
46281
35425
88601
87106
-64641
-18
-69666
37770
17609
5351
-52479
-15301
99516
9856
-27544
21643
89082
-6866
71946
27275
8384
-19830
11664
-65816
43099
-57251
53145
-12548
-58182
-49650
79576
-56494
67359
-96539
10265
88565
89968
56443
63713
-18637
-20758
-6144
42290
-61261
1653
50281
-54227
80176
63250
-64716
-77486
-80623
52016
-87271
46435
33639
-79394
64399
73832
91714
-10789
3639
-54837
99952
-43318
11561
4451
-33389
-39102
-41574
23630
92126
82113
-89
-74
-48084
3840
46976
-86409
-92419
-98143
-66892
-24233
39821
261
-33132
52723
81555
-96454
-34041
-55045
40659
50769
66538
22356
61600
80142
73121
-31460
-14478
83833
65663
66634
-64161
83666
-60658
21170
-90630
39137
5499
-71704
-47163
-80789
7777
60477
-8749
-66943
45744
-603
-57857
82418
55993
-39751
-14590
24416
-99686
-21417
71093
14000
-45055
-49369
51428
-10789
4254
-23047
-13877
-52830
65577
91978
-8592
31198
-28083
-15066
-1764
-35211
-86288
63143
48887
25769
62624
68507
59135
59658
-88869
-45373
5733
-9780
42618
-28936
-7228
40627
-16004
67561
-1089
-78486
-28501
-42113
69749
-74700
7341
81121
803
-92358
28010
-13613
80535
-3710
-99244
2873
-50419
-30720
-5481
59578
-61080
30151
14111
-1920
-84146
-61480
65601
80667
-57952
-96485
-94201
-75067
92501
75499
-84389
-19328
42866
-25076
-15666
-17828
42664
2296
-43130
-45675
53002
19350
46082
57176
-29527
10636
-2037
24166
-31795
45611
42618
-58670
-8109
63497
-75616
55524
26590
47021
69013
-64928
-23877
-21406
-67872
-56032
-54379
-93458
-2560
49246
-43439
-81059
-64811
-99314
-47801
-86282
3310
-68568
-26338
76175
45104
29123
-22781
-13572
-47393
89693
-63098
-80029
35852
-39689
-87791
17259
-69157
2397
73925
92115
15088
-90940
-30542
-36961
29622
-39221
-88077
2156
41227
-4124
38373
91493
-60404
8204
-8574
-62770
87352
-78794
-91491
-17218
-42301
-38586
83900
-43670
-21382
66104
-81203
96795
72269
-89503
2567
-77822
-54978
76494
51870
53218
17573
91529
-7838
69675
91357
11962
7861
12903
-77361
58473
42855
-80051
-9704
-67039
13040
-38541
-45990
-25808
-10679
-67295
-91172
82380
-26329
16833
64927
-10800
-63211
18610
29822
9507
36653
61819
-45824
-1863
-6990
-84644
-38530
48115
46413
-4223
-53397
16354
91042
43216
28869
57257
35535
-92639
77527
16192
-55679
13389
95272
44053
25778
-96801
84292
68877
19139
-88
-82972
-55832
-7567
-83793
-38276
-88958
74999
-71612
14946
-87179
-98304
-15563
73366
-84260
17224
35290
-27982
30387
76174
-65653
52207
28890
29368
60850
72209
93496
4739
34427
-94671
31100
-77020
98920
40741
48191
13056
45888
-38643
76421
11909
13927
70205
57507
-32221
63241
-20030
90426
15339
7472
58451
-14303
41538
19830
-41962
-27487
-47935
3988
-23093
-20775
22509
-68264
29977
-69822
26958
-14539
-92749
-47987
12718
96821
62311
-15639
46191
-71927
56579
79520
68681
-5055
-11292
1569
-10912
-4202
-19876
-87976
92030
-98459
87935
72505
-88078
26231
-95094
71581
50692
-55237
11569
-56253
40851
-75819
836
-58889
17422
75023
16573
-69296
5771
1709
-8472
-70638
53895
-78049
85167
30516
71291
21392
-75903
-82755
56535
-31140
90015
15880
-2595
75038
17283
25894
11549
-77978
45677
-40350
-4279
-88758
-42805
89759
65652
24852
58756
-14754
60524
9497
-84639
21852
-70544
-27735
-13800
-86568
72784
55330
-79753
-99598
29088
32671
-48470
-58833
28184
-23218
-68952
28057
24523
-26657
92480
79300
-16446
80793
77180
23339
-56267
-26937
-72273
89848
-92571
-88625
96352
-3166
-2792
-84254
97747
94129
-22478
-32433
-18064
39645
85613
42611
17235
-36204
46005
40331
-69265
-75941
-31645
51626
-72801
-97396
-55149
-62523
-59125
36541
61220
40236
-42893
13825
13643
55571
58779
5832
-1196
-9521
-30253
-66846
-36553
-5156
-47454
41568
95251
-4582
63887
15195
65226
-54119
77579
62734
96824
77513
13246
31262
-45232
-57644
-88980
-76229
-24555
-18489
63876
-26146
-31886
-11285
-16763
-71886
-99400
-6094
-75443
86031
-65038
-50739
-55040
-8095
-97307
78107
78353
28007
24809
42619
-60112
40728
39262
-83902
63184
-93536
-57267
26760
20436
1927
-74723
98461
-8619
60211
-6993
-72551
46226
80004
-51306
96913
-97419
-29539
68598
-61722
35966
80195
-42056
-16009
59151
71517
32679
80694
71954
-57573
3754
96536
-24758
42931
-56674
-24090
83381
-74745
32271
-70671
-4261
-72477
-50796
33379
30135
71842
-82300
20784
-56962
35376
33816
-21782
-28144
-55959
-3041
78004
-82182
84128
-39400
-98930
-2202
-99651
63215
-67248
-7776
1150
78743
38578
38085
41630
-92736
59463
41354
-24494
46902
-93878
-58330
89008
-57770
-44655
2078
-44565
26989
-77026
-23893
-43463
86062
4053
91145
-80427
98704
-73017
41566
-67744
-86654
56236
64901
54051
58060
-58896
-83017
79279
-90109
77412
21590
26917
54056
-25963
-33899
-93870
-86817
-43654
6022
-9102
-17593
45959
22977
45846
55610
43550
-48658
-6048
25954
-19419
-35344
618
11574
80754
-5586
-55290
-93808
-21597
62591
54816
13549
83915
-13326
-20864
-91968
-78713
62647
74412
-96077
14830
-78164
40234
-87173
75622
-74232
43491
-40938
10324
76126
10019
93092
50219
16783
-69443
-59297
79142
73487
-32564
-88455
40144
-14446
-22892
-62255
81152
65938
-79738
43345
-34589
-2432
-41502
-38746
-74127
-82556
-58249
74205
84226
-25357
-35194
4951
-15879
-97715
16901
-31319
-17058
40943
33791
-82926
-87862
-42405
27288
3353
66747
90338
-74705
-26685
-85112
29996
18844
71662
83822
-83484
-2600
-4530
-21624
-97214
-48388
-52607
91805
58294
-32862
67088
64148
-11794
-52952
-67772
94914
75972
-74349
-76573
-52700
38727
-46193
78534
-94040
-44315
38996
89496
60389
-52750
-23771
43309
-58260
38231
-3277
-84932
-57674
95321
70878
7547
79996
-83067
-90597
16725
92006
92598
55920
81355
23387
-15934
-21092
22756
1015
27079
44117
-23534
64667
-66355
46185
64675
-67683
-21544
-45562
-37088
5536
-76019
30485
46086
-20993
31678
97984
-71266
-82717
-55468
18325
47419
63861
62168
-12030
82256
96620
4830
39872
-5013
19655
6414
-56115
-11182
-36841
-12976
74321
19129
52852
18452
-49694
2908
37392
-88261
39651
28799
-67672
-94363
32135
59904
-22250
75224
76147
-76267
42820
37385
-21950
-92824
-87365
-65717
-69662
52748
63705
28177
-60581
-70118
-82655
-70943
64560
-28563
60140
-91368
59614
-28810
-24642
-940
-94335
-99076
41204
17665
-67050
34163
-45095
-82941
82331
-42760
-21225
30717
64659
42215
-65974
-67716
-39130
83738
53040
30212
24100
-72514
23421
-65804
32746
62291
58635
-88936
23965
-57984
31215
-11189
-59180
3472
51303
-16505
-18030
67661
-30993
-81013
-18000
-97417
-87886
-56921
-30566
34977
-90146
5863
48176
19369
-86704
10586
4876
-58286
-29521
-65218
2659
67392
-22956
55241
-19772
75663
86311
-69226
82558
-72177
64197
7083
-14049
75424
4061
-61981
57686
35559
-31462
50877
-25990
-69206
48186
-82817
76515
97294
-36738
75080
37814
-14038
20986
5169
4287
79623
-80884
81055
63799
84983
-7383
80809
24740
-16434
-65069
25184
45535
-25086
-30873
-94977
-15951
12891
-98734
-54288
12183
95958
95588
3897
-20443
68444
-9219
27201
-83705
10394
-44317
-51901
75170
14908
-49034
-98418
-22055
-43893
18938
-80586
85547
-92447
-7468
36443
83961
-7931
-8816
72467
-54107
85095
60831
50359
24855
13177
-79906
-59513
-17383
61479
86033
75259
6498
36789
-50130
54055
94064
-65484
-96746
-86967
67918
83361
35039
4210
-89547
-22630
-43892
51151
-58865
20478
-34978
-20972
-28010
72800
-4093
-67324
-549
-66778
-49811
59167
-16413
28228
61438
-12376
4716
-44207
-51297
-57263
-15027
-8957
-59280
-40891
95739
-58036
-71655
34642
-18968
31440
-91521
39986
-90491
15745
-98029
14388
-38871
-23975
-71100
-36916
53898
62323
66325
33779
76007
79239
-3767
12220
-29112
-89856
24826
14005
84317
-56324
95624
91574
50564
-25057
-96145
-85879
56934
46356
-14
-60107
-11840
-4190
1076
46185
62336
38118
48101
-44478
-45883
-92365
-98727
-98759
-72823
-36158
-65036
-21204
-30501
89367
31234
-4601
-99516
-4749
37731
-65713
-71092
83248
85795
9931
-9003
17084
75240
-24689
44068
-10956
53701
-98138
27200
35100
-74453
-33573
-87437
-74247
-10754
-52124
18541
-21300
-38394
-1876
4936
-89557
76732
66428
14503
63997
22660
-87355
-2377
64657
86139
-73076
-71529
81819
30053
-83598
22420
24781
35977
94431
32717
88846
96729
-71861
67446
9178
-39671
-81176
-80905
-99274
-59840
93040
-90508
75342
89068
64966
-8664
64493
11376
-33653
-85846
-60457
-27015
-73856
-22510
-3130
73070
56403
-81163
-62976
-30715
-15096
-3637
91217
71667
-76027
-73358
46890
-34565
55866
-58805
-18794
-30744
95595
-1213
51029
-28266
15707
-14868
84951
-82902
47703
74825
-25514
74977
79260
81897
5264
88646
9637
-3158
-22112
84925
57813
41567
-68104
-44995
-69570
-89460
-29955
-20709
25612
-3314
-97345
1345
6866
57815
40788
48445
-55506
49431
42896
-9354
-82278
-92169
76386
32761
96850
81663
-57202
-99343
90270
-65448
-39421
89525
15163
22699
-26344
97468
-82582
-42329
90024
-29589
61652
-1054
-43386
-60593
-24296
47255
-21985
32102
98355
14286
-60949
-15848
-21301
-74919
33487
-11645
-23848
73786
-15021
37556
-66257
53090
-38853
-14415
16173
-13996
94852
39987
15612
47528
52412
61681
-72123
-98260
-77442
-28777
1778
89445
62281
-49387
-68706
97267
69501
34964
4572
2386
-3919
21572
-73567
-68163
-19533
-48815
-35633
19501
-31971
90868
88286
-62785
48528
5542
-88983
18867
36176
-56529
-53293
98448
-50500
-8164
-36780
-25371
15976
62606
15908
-67669
87001
-6673
38594
-46905
-14116
-42944
91809
-45077
-21757
-15986
87344
16924
6717
49412
14788
-69362
-11247
69209
-46171
-94805
52407
77353
-67854
76339
55059
-99934
66673
-34884
-47601
13653
69815
-81893
6099
41324
-21904
-88165
-56796
18363
-44532
-73750
-11562
41071
-89401
7508
26671
88547
-89965
46694
-6566
-95151
43555
31156
33541
36005
-63210
12983
-56425
34157
36414
32270
-2863
47789
-77619
-52443
-62720
35472
-62757
-53709
39260
52664
-25961
2973
89729
61238
-74361
-90248
34439
34837
-26819
90924
9088
97425
32216
95284
95117
99109
-78092
-37695
-56419
-5950
27759
-70210
-97340
63323
-50919
24367
1395
-26723
-84873
-4558
42650
86141
42420
48360
35799
-57687
18213
-29523
17945
45216
45879
-65726
90198
13725
-81736
-37300
-15771
18158
55934
-82634
-37576
-44380
-36808
63345
67130
-14429
-37489
-19173
-45119
70873
-56264
68541
81776
49996
72409
93359
-60820
-18229
68821
51222
-64775
75014
13878
3790
-8656
-77638
-92362
58658
-66785
-75324
-78422
40760
-39747
-42921
-7220
14730
-53560
-12343
-14493
27727
-22979
26247
-76975
3256
-36685
-79191
-81863
91414
25237
54945
-29558
40088
47162
50508
96237
83762
-91357
53931
51079
75802
20176
36267
-48661
-71636
-24257
-61024
42719
-6802
88706
93649
33737
23981
-60932
97324
-13193
-28026
53944
96922
-82808
-11775
77989
-91091
-34951
98135
-74638
-25418
62095
-81772
86530
95988
13982
45783
-69044
73383
-32139
87863
20242
-90814
-28185
-22208
92796
44222
78518
14747
31633
31051
-62499
-42037
-67439
72801
-57926
15572
21489
-20683
1110
96630
26035
20552
-46701
-28905
-7902
-55463
55217
-57154
-51929
26747
7420
-51269
58251
-54847
-49322
19557
-10678
50325
19100
-16389
-75120
-10904
29944
99820
74963
18627
-96189
16435
-3188
-99075
24340
70617
69843
-88059
65386
-59554
-59690
72095
-43278
-64590
71925
82668
30005
-76514
19838
-46175
-2080
-1728
14848
20058
86129
11635
86990
44679
5820
-59635
39826
54084
31319
-20286
36234
46727
5800
-67483
38692
2995
1737
12239
-51598
54153
-5227
67736
-81974
66302
-22062
-68798
-45891
-14809
-28229
26486
-93326
-89968
-61784
46694
2718
39533
-53668
-59951
-43678
-70744
-66261
71653
36800
7961
-60282
16510
-21509
-52972
37029
68173
-71413
-73317
-21617
91476
1210
-22604
55689
8781
-72802
19862
20569
89834
41779
-17347
-28555
-83848
-49772
62941
-10035
47645
11158
83379
9586
-57728
14722
-64586
40289
-98809
-50324
-32596
-64400
-83397
-6412
-28774
45716
76361
-7911
-6956
-41779
64354
-87755
12146
70446
51009
27161
-63069
5645
98892
-56571
58203
-15165
51796
69956
-89304
20640
-67721
4450
58082
-37074
95717
38411
79873
-84384
-6017
45762
29129
62232
-10981
-57734
28320
-97710
53028
9429
21632
-79056
39071
-94602
98055
-63582
71496
-32827
51179
75313
87962
69118
69580
-89239
-99730
27894
-75230
-44703
36923
-88212
52117
-19288
-92420
-15288
-54740
-41394
47151
-12557
-50531
75468
-54279
-76590
-65150
97937
-12057
7840
-6931
25578
-33393
10662
-61038
37708
-4587
-47270
82403
-75967
19593
39122
12345
109
-64530
-31709
49262
-49732
12246
-70694
-11961
88619
12904
-2730
61326
4463
36676
17985
-91841
-38331
76605
73961
-10920
-38889
89093
-38977
-66669
33864
-21338
-16278
47856
-13924
-18964
-13623
85867
-28665
96481
-84092
63757
38929
-84112
-43699
-99169
-40478
76075
-27719
-21895
53744
-90520
-51723
51640
88450
-34362
87526
-67954
-44449
-73842
44129
66227
-2536
-99276
68
-43399
-84497
-24132
71599
92669
47587
74745
-40030
-48647
-47015
-17488
-59211
-52105
-35864
-7140
-12434
-60512
-50879
-90933
-27966
15987
60281
55590
40555
80785
-55307
-35699
9250
-35532
89201
66337
8762
72192
33133
74011
39833
77490
22580
-62887
73363
98613
-31286
-86983
76772
20627
-78095
-18274
65290
-60984
78808
90448
-85443
38643
-75615
-25600
-80244
78054
-22451
-79640
-37163
39324
50055
-79343
-71391
-51958
-82294
-53906
730
78734
-7121
-73242
-10967
-19836
58391
-21713
-49488
-90568
-47503
42134
-53215
83317
84840
-79397
-30663
9276
-51924
50168
-1251
-52336
70172
-57086
58703
76142
-60211
-82199
-12851
-57637
10298
64282
14534
96725
88008
16387
-92422
-99669
-63373
-73738
10349
83048
92955
-20569
40647
-69077
3045
-73712
-65909
59922
7055
67700
7474
-38635
-29164
27775
41123
-44817
57208
24972
-21038
71030
-85711
-18431
24626
10380
-22158
-2091
-18152
-62930
66965
-58702
7534
-64599
-87197
52597
70416
-39955
-95933
-39597
46022
25402
-47298
-26091
21855
84599
87211
91267
-6618
92641
-52484
-3553
65540
-78048
-41501
71624
56433
-85066
-39262
-88000
29208
-60528
7022
-53305
15303
-78337
7295
-71834
18384
-49472
21303
14279
-41857
79351
-85332
67009
-38537
-93509
73940
-80782
-46293
41802
89548
-69690
-14410
9245
12485
-85612
61016
-57321
57867
10343
53518
94871
-53389
-76967
84365
-38164
4961
24283
16154
11112
78003
99474
-23543
-61363
80590
3740
-3248
97765
84099
24689
24070
-65490
-97187
96932
6910
-76495
41097
-6841
-73094
-29837
55586
-87506
16782
80325
35353
-44788
80403
2742
-30338
95547
29444
-28183
83053
6295
89144
-54719
-3369
-29751
-57732
-76040
-35284
68834
58956
-19121
-31006
-66147
37742
52704
-19611
19207
2028
-42545
4955
-6470
-52436
-81697
-64045
-21051
5165
-21663
51529
-14041
28000
-14842
-70312
-31686
93089
-68778
-58627
23853
-4080
-84486
46979
84842
-51120
-74317
89617
-3946
-36644
33773
-61684
-32138
-81535
-55058
-98006
-19217
19196
67689
-83948
70438
15920
44783
95927
62918
29636
-20091
-57240
87263
75927
-53872
24305
-52500
-4959
-90515
98749
36077
18471
83101
92763
36147
-90598
25757
-17806
11322
76365
60180
-73022
50544
-67951
-64666
34898
-29932
-85968
32102
-62212
99194
29378
-94552
-3759
41899
-88210
66164
23082
24168
-79615
-13482
6348
-91889
33764
22482
90423
-72617
14141
77172
98123
-73546
-71195
84166
60696
-98846
61825
70108
-33279
32947
-2689
54217
-29685
50407
71919
43124
81160
30208
-50949
-65020
43482
-57784
33285
-24328
-17818
-97740
-75940
-80108
1239
98343
76505
67766
-26356
17549
13212
64135
45279
-59480
82975
64909
-48365
-51929
-69453
-49956
13529
-13838
89055
28332
58239
-73597
42578
-50810
-27146
86062
-22911
68953
-61890
13953
98529
11625
-39632
-40506
29379
-4569
-29401
-85915
-67193
31067
-92468
-99034
5310
90237
85117
-54059
81696
68516
-73638
61950
-17690
-45930
79212
2072
-72954
-89346
83313
8766
-37303
-90629
-84536
-72936
91850
7829
-23499
41432
23309
33738
15570
-223
-53767
65607
55763
-64190
-63309
15602
-32268
47775
58009
66404
-15999
12016
5144
-80204
-7166
483
-61461
-7570
-512
39005
49200
-15069
33656
13214
55528
48346
-25892
77827
84491
-28892
-32064
-83356
31110
-80371
-24408
-74979
-90158
49903
42475
50346
-73934
-15328
31491
-47828
37513
-72821
66740
-94136
-75627
-32228
-16681
-79121
10508
-20203
26243
-40392
61905
80318
-15274
-87383
-49517
35065
-43547
-15980
-47997
-64717
-2626
48158
-33936
86007
59670
-421
97152
53980
-11884
34389
-54451
21151
97785
-3348
17561
3723
-71318
-95529
-51984
-66732
-71717
21960
86553
79876
-25574
21102
80184
13
-75723
-42028
16771
-80323
48137
13543
-78689
44175
-3223
-43628
45590
44125
-24793
-86768
98999
14323
-63678
81137
17739
-64000
44140
-98055
-45329
-80538
-45066
-79564
3347
-86160
34778
-93769
-9395
80099
7909
-25144
-89701
33389
5951
-41508
7412
-43846
-61544
94587
63497
77222
-19727
-37824
24733
-81651
49924
-33860
-14211
57533
78225
61691
74142
54925
94855
11614
57939
74439
-55413
-11353
84264
87360
12007
49748
78238
-30775
-59310
2018
42818
48126
-21160
-21326
91884
35772
28198
18121
50705
-4881
82804
71602
12230
-62648
47311
7998
-37678
41422
62146
70764
88494
-7604
44192
8419
-76517
58600
-16463
9947
-11872
-22508
-10057
-80484
45791
29725
14875
38879
10195
-34719
84985
-36784
2345
-85090
-10747
16565
31991
73253
-75752
66088
-54179
36653
46747
-35392
-44361
-13437
15118
-65010
-92100
-52449
-71050
-67581
-22986
-36717
-13279
-9937
-88290
14620
-1641
-57564
-99693
39067
39647
63801
-92361
-32931
-4501
30955
63910
-98154
-86751
-163
-20972
-5267
-60282
-80064
-94782
-8079
55945
-58355
-66531
-94103
99882
67247
-60045
-16888
9733
27327
49170
-83649
79039
-37657
85311
-78611
51340
-2393
1808
10354
19226
-61258
-5273
-84639
-49059
-94080
-16309
50963
91576
-84594
56612
-6695
94341
-31932
-43437
40265
-94463
32323
41516
-55623
-71145
84975
-87087
90186
86279
9418
-6292
-63844
-61837
56319
-55544
-40545
52102
-14853
-26675
66633
-20799
-15818
-11050
-9180
76323
-14448
56560
51967
13557
-16106
52146
45508
-24657
75811
31668
89706
-21174
-68765
-71763
50241
-43485
-54413
-19859
55978
84041
-98204
99827
80361
47139
-15713
-17812
95315
7681
-19230
-84471
50657
90429
47977
-25093
-13081
-66675
3879
31758
-20642
99241
-22861
35615
14941
77203
-38528
65083
-14553
-39096
25861
73430
-37795
-63679
-18693
29541
50836
-45402
45445
-50088
-35711
-33648
-23319
47800
-33839
92089
10044
-34152
-30762
36035
73245
53691
-86629
-30815
15767
-99134
24856
-98650
14506
-51120
-20287
82536
-11165
-20740
-27527
39696
45480
19506
15268
95426
66960
95655
-4711
16931
-1873
-82698
-47498
-28341
96879
-43364
18319
98249
-28071
40140
59838
-38195
29427
79856
36958
44278
-38460
75774
67411
-6151
-58701
79346
10304
24362
78094
-20947
-93476
-406
-38426
94506
16607
-402
-13225
19417
34134
-68441
95333
-83750
94742
51155
-49343
57623
73101
75104
-45396
-10050
-93325
64120
46003
-53606
-39648
-52882
62424
-67571
5752
-51261
41169
79916
74753
65620
49385
42103
-88107
-75868
60997
61619
55347
-19006
-82623
-99418
-86673
28119
-6535
2479
26826
-42738
9316
-91009
86172
-38496
65178
34808
39022
17979
-36298
-10016
-10972
65614
35670
-18111
70615
52276
-21505
91105
-37183
14586
20638
-53222
73169
-94450
-22423
81365
-65441
44935
-77276
49639
-99718
-81589
-78336
-70008
49820
-16735
51806
-69269
-46337
-21612
68465
13759
-50232
88128
-24384
63746
66274
-59460
35275
17725
90918
96484
-10043
33312
81974
86209
28352
-19462
43497
79767
-34777
-44460
42464
-45364
69860
-14037
42615
21360
-2526
62217
-95912
-62931
69164
24383
-79895
-692
26868
11905
63525
-55903
62193
-52450
78856
53909
24223
-422
36772
-25010
-45398
41194
39761
4029
29925
58891
-44094
5891
35316
31999
-92174
54465
-7669
-55579
45692
-70469
33165
-48204
-9334
59559
-87850
57747
-56538
-91688
-34732
58584
76396
-68990
-98352
-14884
-42720
-12695
-6581
-28744
65948
29291
93955
-97122
-3294
22374
-71147
17621
-78768
-80633
57532
-74798
90545
6384
-31945
49456
-13137
26885
-55735
-38003
81255
-44140
-18086
-72768
31061
66910
46267
-96582
-83794
69190
-83065
-63688
-69235
-92971
34852
-63006
-5755
-33304
2921
63556
-77163
-9545
-56934
56806
-63431
-12414
-58866
-36791
74333
-61414
45682
62209
-91860
-60919
-65370
-64854
-61881
46111
-11003
-70328
-77230
12058
69186
63551
-47640
-24783
-28947
7595
34286
-73603
-32235
61469
36933
21700
-65336
-37517
73561
67812
-29002
-90797
-58985
40281
-23820
81796
67451
88043
63324
-15576
-64633
-37833
-11439
10970
25039
-23081
-48352
42016
63665
74097
81346
-39219
12707
-23271
8062
30966
75173
31332
11627
98382
17301
-32374
-10349
-24351
79457
10999
81460
-26775
85142
-83730
29024
77456
-70184
96858
8836
-81213
23851
17075
95493
66672
5229
-3767
67142
-31396
-61850
-64464
56326
81314
58808
32649
-55449
43083
-61263
-27736
-70455
-62585
-41665
33703
-48299
-81018
38147
20294
59734
1334
-28930
65469
-23807
-76071
-78104
57441
82517
-52030
96415
67374
-8163
18539
85180
-76873
-493
97718
-8766
-94361
-5089
80511
52080
47027
95612
19610
-87562
-19874
-35397
-98706
-1148
6056
34978
-39443
-43395
-91628
87596
-88145
-99254
76117
20084
63338
10443
65364
-18772
71568
49193
10465
-90361
-36859
-32057
-48781
70903
46972
16215
91229
29520
46957
70921
55504
91212
47860
62941
-76409
14376
-67447
-18150
16019
-48469
-61288
18583
22467
-86202
41469
-72202
66095
17367
-78114
-31823
39649
-28792
24804
2188
-17503
-12972
86038
-21334
68764
-24726
91220
-61380
77744
-50262
77166
-28396
46807
-15220
-61217
-90409
32941
-2080
45993
-623
-44321
-54865
37582
-88285
-85070
-90175
-9368
42455
-99987
3640
96230
-95596
-83099
27098
67555
32877
95459
4332
-48412
15635
96371
9593
-29266
-35733
-89396
-10190
-81470
13115
-52009
51695
-55177
44669
54430
-4141
10674
58262
6930
-39602
-15229
-73056
-23496
-72323
-34401
-89949
-25486
-21716
49078
16163
82918
25723
-63119
84435
-19507
-76706
79562
-39705
93082
-93122
-77945
-92153
-7484
-57347
46292
-95905
61490
-71657
-44740
-44077
41603
-45725
79300
-80496
71927
-24071
-87388
81342
-26499
-11282
-49502
-93486
8345
-78917
-72115
-60993
-35215
92220
71956
22156
-10315
-77036
37249
22145
-38743
28013
-56811
48379
83089
61725
36992
68831
-80840
15716
91645
18027
-36900
-14318
-21176
20904
-84615
-60474
-12547
-58180
-91856
81040
-7538
94108
95316
-3272
-33503
-70690
-85806
-3752
86596
-25172
-91526
71396
37774
6740
-93138
-28726
-877
-6979
-35866
66292
99523
61045
85597
-69781
-4449
24741
71195
80661
-63847
-43802
28320
52063
-35576
89388
-64726
-43659
-8059
864
-91997
78126
75877
-42740
63019
-1978
-62701
-15248
-23555
-61
-43512
-76239
-76800
86008
-14422
-95631
-31252
34279
99838
1850
37335
93761
-93940
-12205
33244
17354
7886
-26379
-98650
72536
77524
-54697
-54562
73914
-41545
-28762
38767
-77322
46519
64849
15474
-23254
-74252
94016
-29765
27923
87110
44772
13695
29932
7993
-86999
8672
-64850
-74264
20041
54871
-80970
-36364
63674
31101
1605
-26014
93575
-87242
11105
-59377
-41155
-70597
39448
-39344
91068
-8126
-18012
-5910
74925
89355
-35414
-38102
14290
72649
94685
-88221
-74760
6892
25984
-94270
45322
-65081
50824
-71857
21952
93539
-38945
-27710
-75340
63071
-17211
98752
-84843
14914
49617
4401
-20172
66143
64534
-8514
94588
14244
-75552
4396
-94785
-61505
79070
44752
-27029
75116
-13927
47342
76571
-96289
73826
-83534
55753
-69301
96907
-85302
-25502
85198
47691
21150
-85070
-29319
18629
7853
86015
61695
-4766
-16827
-61007
-87239
58202
-69153
33006
68307
52946
75028
-85372
27799
-1504
-22528
-31296
-27884
19114
59698
-15845
-35542
-78996
-90804
-78956
-57227
3480
96318
-12455
-97260
36631
-91623
-4897
21077
-96722
-32429
-96047
-92290
-68420
-52522
28004
-99142
72095
-31804
-53111
-417
-31177
96652
-48516
58264
66242
-19358
95994
-73228
72742
67102
52687
-54454
-79538
-25037
-46899
52934
75371
-10614
-14951
-50347
-4196
-42054
-89057
-53335
-88407
-30618
83301
73449
63528
7476
98109
-32327
-66622
-30490
-78700
45601
86608
93334
57128
42588
-63649
9426
-36265
9151
-73454
-37934
-5806
32132
66919
-51182
16112
-5773
-17518
7888
73951
-92052
-37115
-41052
-84939
69203
-83375
18615
-20699
87640
-25306
-20639
48141
8418
-66250
-72029
92459
21719
-17416
-83459
-68624
-5750
58249
-17298
3309
21442
-6804
-64634
23146
45603
30514
-1495
-67882
-97156
-44235
-56094
60760
-72788
-59842
-29727
-69309
-62671
4230
90643
-94999
-16818
33114
96028
-15482
81369
-19561
59188
3357
70622
10133
-38437
98593
50547
-2655
-87494
-31479
-27686
-77278
5912
82438
-500
49756
42357
57169
99496
27027
-57337
58525
-7560
-60281
42766
47084
-88868
-37858
99030
-38722
97749
-30240
-7095
3620
58736
-35236
41646
-33806
-3124
-24921
26754
-35182
31114
-50172
-85903
78261
92113
90719
83761
-76443
90939
-66060
-8196
-63369
-58976
76813
51816
-86564
-91587
-80856
-91676
37014
21056
-81673
15569
26631
10738
-24192
34874
72868
-39999
-48603
85490
41801
-25943
-96066
-28407
-39449
-40897
-36638
33130
73688
-23142
-80251
61908
45395
-21282
-24517
60019
43771
-78042
47899
-7718
-92206
19533
56190
37408
53450
-74470
13415
-88108
-98628
-43131
6461
-26403
99506
48682
-44749
-2701
87646
-49783
59208
47668
67630
70840
15082
11620
-40841
-2394
24374
-55996
86926
33036
32794
-89267
49078
-29454
-87268
-49399
-8909
-53350
9907
-94449
74365
10509
84947
-71271
-94384
-86975
-17146
28227
85216
44388
-30858
71203
57770
84680
-83961
41215
56550
-47957
50721
19887
-93735
11937
51595
26000
84294
-21152
-85389
7586
-72060
79784
-46710
-30081
-80661
-25971
5516
20793
28008
25506
35869
-34546
-43664
-12540
3983
-26358
41938
-23040
-72576
11642
-6300
67170
-71648
-27448
-57889
-97893
-70447
46584
-91641
-5298
-99097
-82818
-49150
94967
82959
-59591
20171
-968
4683
75600
29822
-50366
99611
14824
13651
-32036
74232
-18945
-72920
-77357
-69959
33704
34998
-4545
-5223
-30813
5734
-75411
36688
3800
12988
-42706
50077
51312
-72655
-4421
-70555
78352
-55713
-93373
-72011
86387
32406
-15469
-7836
-26973
-10100
5473
-67564
50772
48
-28682
95639
18269
12127
12149
84589
-90412
83184
77323
37356
-69756
-33046
-45643
-57607
49422
-1451
-58775
9202
-32359
21870
35554
-7954
65719
-59212
77579
67804
-40618
-47713
76999
-76216
2527
92592
-2469
95100
-74450
-92061
93369
55619
28015
65026
-79830
-20792
83793
-83629
-23722
-67746
2666
-46414
-66381
-54823
14055
17017
-39800
-24359
39982
37019
-89955
-36570
-72430
60624
-11327
66615
45554
-79254
-82249
-47603
77295
-62201
33087
-86852
-48057
-26657
40316
70922
44499
21693
-99129
88688
35801
-34357
-21617
42430
78415
3782
-16150
-69222
15085
-65840
17661
71976
4845
-85148
-47228
22918
-21918
-16156
35903
10030
-13710
66446
75450
-38529
57650
-52659
70711
-84331
69596
16620
54393
-1388
-337
9509
89711
-41276
-69340
97688
-28996
75606
1096
-79849
-83105
58821
11195
80926
95556
49688
99139
70624
88230
5636
95949
11644
-28449
88110
68226
57038
-14899
80525
74242
-49118
25251
87278
81472
-42876
-47287
59089
52218
10355
-63311
-61903
26323
-10637
-35720
-47647
24206
67714
15732
-57838
76393
77794
-66912
41841
-93612
97813
31393
-95699
-84276
-69721
-68364
27286
-45991
91429
-51721
81377
-78048
70955
83345
36424
-38810
-24037
-57858
81614
-7902
-99478
90618
95776
22012
-30316
-57079
-45865
60904
-33488
-27231
56602
-7654
43614
-46859
-43487
45733
69468
-71392
-93740
-70668
-29000
-5462
44050
54051
59040
9529
63245
-81477
17173
-52522
-49582
51592
56894
-99045
-25050
55577
-72103
48631
-20660
5076
-85044
-77858
-53468
40307
72474
80271
8685
543
-14607
94979
-19349
-80857
31583
66287
-65692
30237
95141
66230
-74172
73357
33828
-47505
27872
94747
-41868
82126
-45353
51896
85716
-28303
-71851
-37887
27067
58377
59889
13940
-32243
-65885
-22730
-53361
35241
44946
-82305
1863
-86625
-73605
36476
20449
-17665
-2755
-23087
-10639
96524
47291
30941
-24531
-85360
-74873
58135
91821
17545
77996
-23979
57858
-64511
82904
95399
18608
36411
94436
57120
-35575
12297
-99070
70132
-61721
87675
20354
-49475
-17723
-16398
-14591
48792
28475
13906
-99922
-62484
77652
-23018
-26694
-42933
-12019
66749
-61604
47536
-43283
-21086
-962
-83992
-54853
86441
67975
63694
-52319
-62059
-63995
-4497
14491
-28233
-34569
99596
36380
-55103
56821
-94915
-37187
53881
85629
-70094
-78430
80649
87259
-64491
-77140
22003
-44556
-64309
-47212
-28255
85487
-27750
-85398
-76454
76095
68004
32555
-41839
85713
82130
99576
85848
-85809
16652
-69511
-49358
15375
67364
-54131
-43195
3740
3858
61932
-8594
-70113
82522
-67748
55663
41001
71242
53196
-33597
85535
55007
337
18194
26626
-35768
-47366
-92224
-77991
78338
-45870
-42656
17854
-51678
-76879
57223
-1533
-66703
46463
699
-78017
32113
26311
11273
-77128
-43010
1715
-50379
79086
98384
-11478
-57460
73858
25181
-99837
-79210
23041
-37221
58148
77288
-1518
-53405
18939
34581
51447
70577
43288
42565
-18749
51400
-61786
-56035
-28007
-44878
57797
5214
-9380
52069
-57019
81290
-15048
-1406
-35520
66880
-42740
-43593
-77676
65513
76083
-34941
75707
267
21230
35353
-7095
67963
-97681
21598
82498
29935
-32508
-65523
20950
-16335
73823
-39110
36411
21168
69950
26228
79588
-33743
69499
-81085
89763
-47069
85746
87376
19608
-26801
65290
67492
-49579
-7570
9250
-89591
36368
-19628
34906
13773
-19005
-68405
-1861
-97372
-84124
27771
60996
10221
-97156
96196
-3438
54029
-18329
26478
-83733
-98760
14311
-94216
97511
89102
-80924
-44531
-93253
27105
-55100
-56044
15075
5845
-18077
19558
8171
62881
-68177
-33317
28251
-8014
21603
-67971
-15427
-99858
-40930
-9442
-28276
-56491
93599
-52154
80123
65092
39968
64900
8863
21652
-63604
-25499
-80199
-27297
-63011
-20157
-99676
-36574
54294
72693
-1769
61822
-91942
-37532
36120
-52263
-35928
-51075
36158
21793
-8588
-8446
-77919
-95887
-72862
-67525
-3360
-43188
-71007
66571
-47474
-92283
-81502
98397
32697
30465
-91020
-8259
20569
78997
-85954
8195
57298
-93879
-55656
-51926
-60890
46398
-92666
61374
-70214
56491
-82351
-56588
-11261
-31357
-70780
-12460
-17651
-62221
83072
-28335
-71832
64839
34365
-69575
19887
-23124
50013
37831
-67594
-97264
10350
-52970
-3953
-52378
92541
752
-80327
20613
56337
-75259
22886
-29968
56587
48823
11368
11057
82520
-72942
45687
-79202
85584
-3303
19553
83389
14254
19387
-36209
38788
-15444
61349
-37329
77241
57595
-53199
-81341
-1928
-6692
-51844
-38138
-70445
71518
13716
26934
-76845
41780
96528
76163
-61603
-33806
-8005
35986
-21776
-83740
-24408
-27026
-51253
-79285
7401
-37300
37163
65013
-2726
-54855
67826
71992
62488
-36958
46435
27467
6800
-85633
80906
57152
24690
75422
-17863
37602
24067
69512
-5076
-36121
19794
-76719
-65266
-38190
24770
-59583
-74411
-3032
60678
-85926
81736
4876
12140
-27770
-7711
62841
38224
-4385
-41203
-18596
-72527
43930
-32369
-116
68512
65169
65669
83111
12244
-64213
-28797
-68150
79387
63338
-4644
66220
22571
-12208
70015
-14569
70423
-5073
38269
-5755
99293
-53172
-20632
-47021
-56997
-56017
22807
23076
-6814
53642
19847
-8299
-15837
2115
-97444
-10792
92742
71648
45509
98095
-28006
-53682
41789
75143
-89753
-68594
-12563
-94609
20382
-51587
-85970
-44109
25522
126
26669
19289
-97152
65926
45800
-87817
91369
20547
40660
55919
-8128
24234
-86879
-69111
72991
-12004
93717
-43861
-49772
28788
65877
89143
54457
-93201
83715
-52031
-75487
20345
1408
83692
-86994
7696
67154
-19360
-41344
27351
-88095
-64599
-12344
-16327
-44772
-75089
-45446
43384
17785
90894
-7583
46801
49753
87890
33804
-85234
85833
-7216
-66778
51368
29349
1315
-3292
22
88791
19714
9111
-93898
-10179
20347
42529
43607
-92695
94030
73924
-46751
-21631
-15640
-10602
96993
67463
-99653
-24175
-3595
-14541
32182
-89146
-27055
-47555
41638
83378
31915
-83081
-59735
59817
-56311
94998
-17142
22319
-8539
-239
56062
57766
-31879
-91743
-66950
1569
-51667
11753
56687
-57514
71515
-13328
-3805
87346
47099
-60855
49645
54087
-31632
-49388
-5683
-79455
57070
49821
-53786
1206
-26618
72865
-82088
-66565
32975
-85839
-19330
44627
77107
86320
69761
72674
59411
59639
-67241
78976
99224
36567
-24356
97866
98007
-1858
31371
69714
-18784
61938
18777
71542
98148
20475
-55698
-81458
85440
-98210
98049
-81793
55850
-63933
63182
-95507
-85834
7160
-65097
32781
-42362
-9458
-75467
-98280
61388
-42015
-81671
85723
53309
-55498
5795
-4181
70869
-97476
-92835
44726
-70528
56309
99734
-55179
-78164
65774
-37801
-87490
-31895
58410
-42877
20470
-63367
-84259
-4881
-11164
25274
1108
16923
-79968
-16979
-30990
-61811
-16406
-12126
-74220
-28855
-64617
45314
56406
-98577
-19931
60793
-93841
67889
-18128
67518
55031
38574
60030
93248
-17718
17968
-94411
-98322
-17596
-81281
59564
16419
25899
-24800
63262
13869
-59347
70381
27835
71416
-82114
27986
2264
-89572
-13917
27425
-77305
-45440
-60275
-45485
-39742
-24023
53085
-9508
-84927
77667
32774
42538
49323
54154
-17519
26553
-77911
59061
-1543
-82987
44501
-11584
78006
85998
-82479
-76171
-52393
-46319
-12619
-77289
18568
-29303
-27616
-13750
-8780
-25007
-72209
-95518
-87165
-88140
-39412
-26938
-14716
88515
-44770
-76608
-44953
17011
36254
-49051
-72543
90896
85449
51996
95858
-56286
28785
96332
60035
40475
3247
89190
94056
97145
-25229
-59508
34310
-5250
78908
-38820
-98226
-73270
-31261
-40994
60455
-55150
27857
1606
-53846
27071
85328
80421
38599
50213
9663
499
-81979
52894
36960
34737
74598
11971
99659
-45570
-28120
95238
55813
13752
-71704
-82193
78060
96461
-12894
9585
-10743
-43107
11347
35112
-14648
-15923
29311
178
43459
26603
-35698
-46297
-55878
-30151
-49006
-44618
-56929
15704
71524
-29475
57742
-48941
2860
-33020
65242
40260
68542
-61769
95043
2407
-77279
40511
-34109
84025
44652
88091
37703
40012
61386
92064
-42373
-51926
-98980
43242
-76226
90019
-82179
-13954
-37131
1590
66913
-78850
-63109
70104
20566
-28857
-89546
-95645
38957
-91093
79621
11230
76082
-86202
96981
82725
-82218
-27841
37843
-56715
50350
-2147
-7172
-47210
14356
-86397
-77360
19621
98987
-47990
-85467
-33603
-14463
-40967
-98025
-54206
-15475
31651
-15075
-5687
34135
-30562
-99081
65319
-26697
48731
56835
58773
-28107
-15705
-30545
4925
-94384
66173
-26487
-92572
-39142
28613
20595
-20365
-84736
74285
21746
23971
-28696
19107
36133
27460
-39437
-32596
54354
60843
-79966
-53916
-41188
-62794
67796
-27950
12177
5565
6189
99111
-61536
61719
-97901
-43437
53671
-8506
6674
43781
-72469
-30400
-96865
31741
15457
-38117
60858
-78065
-17111
-52332
-48788
34422
51802
95035
-55824
-25646
-23560
37503
-5586
-32001
48450
92306
-46430
-90988
50280
15608
-40420
43637
-14950
-39950
48416
26261
61436
28225
97581
16524
83702
-7975
-52325
-3887
-40601
-22556
63261
-92332
65145
-65105
69926
42683
-18929
40053
47145
47222
74843
-94778
-49608
87873
27213
18516
-62322
-97098
81318
-81510
-20056
99532
20331
-17879
-43507
40880
-61644
8785
91055
33470
-19228
-71320
41706
26140
-82829
36602
43945
13491
66086
-72243
73128
-27445
22816
-67313
-28909
15042
-8494
-32290
-90354
-74903
92943
53108
-5938
-18372
-97542
2478
45284
91899
9824
45687
31962
86185
37282
-5419
-73610
-58848
87051
7056
18524
-89393
94144
22906
-56945
-83758
-76651
87008
93400
39212
-58628
-65973
-97281
-6044
50968
59251
-35274
17273
-92240
-52031
-6058
3074
-4865
25152
21056
-86937
2792
51743
-59547
-19274
-91898
-95067
59938
-32285
-40543
-45454
-45757
-25953
-56898
-42451
-57111
33427
-25586
16975
-29882
45305
-506
-9333
29572
-78185
53006
-29671
14277
53657
-621
37534
-30074
-99573
77815
-16070
-33123
-17424
92456
-49811
44385
-85759
45966
-40602
-8152
45381
52126
-19606
33515
77385
-79604
12574
-41466
-95939
-19299
-58959
52956
-68373
33626
36968
-73896
-9515
-34848
-68473
-34546
17705
29205
2073
56831
-5853
26357
-63331
-29253
51199
26378
-61939
91937
-29670
14010
88395
-6846
-5595
23290
-18965
-72604
-62844
14241
30359
74850
-64503
-80681
-51037
5233
-26169
-6548
33838
5501
94806
33669
-46735
46257
-93341
32624
34919
-51626
-35535
-44775
-38887
-73773
65392
25814
-85755
12179
-17032
-69219
-78486
-38268
17058
88917
-13005
-79877
63427
-58359
-40259
27828
80326
36217
-38009
-393
3365
-34933
73141
51415
-9212
65375
1
-85739
31786
-9792
-36801
-9439
32476
80437
88395
-37440
37528
-99656
-35055
87753
-98773
50622
-12552
-53495
70896
-29899
-27220
85638
78949
-17780
35590
56417
-7509
-77973
61850
-94636
31770
-42556
2206
61723
-3842
69185
36082
-1296
52147
11485
24592
74606
-37992
-87217
-24174
