9600
79986
21642
-56118
-79329
35757
34209
94899
-18893
65613
2791
-81279
97798
-45891
-85294
5710
17211
-12806
98567
-31226
10582
2143
48432
-22786
-47253
6203
-36426
8861
74151
-63330
-29925
-14216
-25350
78195
-68361
27324
37856
-91257
99918
23236
81867
86120
86218
39563
-19921
94952
77913
-54917
36905
-94527
-68379
15012
56909
80914
-5844
60552
47754
17352
76797
50835
-80708
37208
83022
-52248
-41010
72744
-17732
-16810
-27318
21581
50783
-21463
11967
24943
58505
-89763
-30962
22473
55836
39470
14609
55437
54789
87306
-26841
-64092
-39399
-42712
-14560
-13933
33482
94066
58306
-25991
-53242
-46882
-41738
67829
-14548
-95461
61714
5348
12395
-95514
81540
-13048
59833
-91653
59607
25796
-82323
30889
-41435
35075
-1926
-87618
-67558
87353
-36279
-72286
-16608
9602
80882
-59200
12844
-64154
-74602
-50273
-71515
50238
-63333
-30705
-24532
82288
-77883
-834
-77172
14805
36590
74410
-19840
-708
24610
2225
-94885
-86776
11673
65348
33688
-40140
-67375
-65094
41086
-84553
-13048
24513
43055
-63166
78035
94383
61006
-86809
-11106
-92426
35979
50451
-30783
85558
83021
77372
-82757
28461
-66565
2518
-55155
-60279
-54746
-72258
97205
84382
-13482
55610
29445
35123
-57553
99992
31328
-44873
82495
-24590
45969
-65263
-89113
-35693
71240
-51755
-37404
-68172
22706
-55278
-37126
59487
93812
1352
88252
-11723
-62525
53367
-65990
85899
5475
-97134
-75833
302
-70279
-16429
56869
-62457
19983
-44504
-54320
-33062
26789
38219
53860
90344
39342
-9681
45675
80501
-7506
-25130
57415
11236
30637
38911
61944
-75714
77720
15229
-47861
45265
-28491
9955
-66528
-75
-42047
4252
-17578
87082
-50967
72471
-86379
-59171
-22879
56991
-8329
36873
-60381
2632
-55276
-23686
-3513
-5115
44328
13038
-72197
26455
4515
-15148
-67296
72032
87118
-37770
81538
26710
98453
-15246
-67279
-24813
52917
38563
-38592
-55352
42946
44000
-61286
-58158
-28459
79322
-9156
-2587
-30830
89257
79250
28452
-43822
-12320
13746
67923
-10127
34268
-19473
-40668
28085
53724
-4517
94317
-55399
84298
-2211
-18501
-94602
4120
-80022
64832
-48883
8838
11427
75751
-98829
-23744
-26101
-33272
-52903
80291
-16220
-73033
311
8032
-74779
-34761
92437
-1543
-20135
-8180
34806
61161
17750
63406
-7007
54880
31961
94554
-55795
-67540
37051
79042
92520
27507
96722
-29148
-87548
-53283
-6425
11064
-56097
-72370
9423
9538
80845
86289
32808
23368
-29180
44688
-84430
2398
18692
-23361
90823
-90083
86177
38169
-20488
-59022
14510
-95357
-10490
-52462
96200
90764
-28294
-96693
6268
13462
81249
-5706
-31082
32846
-77080
-90935
-68153
-90154
2831
86409
20529
64005
-21555
-8036
-53101
-95932
2561
68412
5644
21401
-44400
10312
74317
81984
-44257
26036
-92960
-66891
-48082
13473
-25073
2959
-15921
-41912
-49806
-9210
-95357
-66481
-10919
-94123
6704
-49666
15506
-34501
70080
-37429
-23273
-31909
-40
93841
10135
-4157
25075
-94625
-91361
-62775
72795
-5523
-91291
-55663
15492
-27094
9457
-88724
96965
-35407
79016
-46181
68083
66009
22007
-92751
32092
-44181
-63080
87766
-39907
24815
62148
-27609
34849
73439
-50827
-81157
-94666
47613
89303
-92991
-35635
-97792
-33589
-83643
3470
-14166
-1002
94033
-51690
14901
4332
92528
76174
-32533
53397
-74866
8809
-56747
58106
54907
1145
8715
90639
-10546
-20433
65194
-84324
-62362
7981
-27676
64361
-10740
-78262
-37390
14917
-39820
77729
26660
-1293
-10461
-7914
42968
690
87274
-83609
47049
57448
75792
69226
35007
63914
51598
78121
-69404
-56918
-63821
27414
6583
55550
67688
-24404
49945
93129
81998
24741
31429
2888
58179
87762
-93731
-57413
15044
-93478
-94561
33261
94188
-74479
-97546
-72734
32283
-92940
30829
62685
73522
-48449
61566
83979
7994
-20565
-70263
32719
1956
-31993
-39264
56107
1643
79154
99967
15175
-17258
17075
94489
70114
94297
82741
-54963
98258
14939
-81502
31736
-62791
-57069
88922
99684
-36538
33355
16976
23069
5541
55431
97729
-83932
-46971
-61761
47442
-37187
81603
-62905
79686
6563
-81288
-11441
-83559
-94052
-16676
-38009
-16453
-50137
74901
-13733
68780
-56047
78368
-5156
-23184
-86362
-68646
-92482
-43344
-36091
-45076
-68226
96045
22733
41681
21084
80481
29939
28998
56262
-12492
-22602
845
-81515
-65000
89257
86877
81264
12289
71791
-96279
-92146
78340
-7738
-49461
-57702
90827
-52615
73549
-47057
-7245
-35655
31700
34114
13250
-18745
30506
-12705
-64888
-31800
-43994
28236
-97455
54778
14906
-84278
56451
30534
3865
3513
33627
2411
29251
59163
11774
-8614
-87122
14769
64511
-45599
-47469
33793
172
-92801
66578
33721
42325
-11882
-68542
40494
-85286
49598
-73767
-18435
99376
71093
-28939
84178
63920
-39755
-72571
75847
-79269
-51682
-20266
-67420
23790
22931
-23426
-28411
-75874
23201
31839
-65447
86257
-42216
55896
28742
-59655
45502
54542
-52502
68909
-73575
47890
80061
-11291
92011
-209
89746
-88206
-58309
-84589
-92804
38039
41933
-50408
61197
-2008
72243
17837
-78214
-57666
42940
-83675
-49638
-71723
27211
10076
93773
-89662
-85884
77378
29178
75923
44319
89285
-69072
-53755
-78306
-75809
-43090
-73764
30107
-64711
-50626
-82269
-81029
35258
26427
-19072
42431
38577
-94988
1267
69241
4827
27241
-213
-53605
-27695
-39438
-1275
-49238
42833
89471
-16414
-12974
-74521
32442
-2077
-53548
-7689
-59127
27140
93275
-45974
69487
20818
-32084
70003
60242
43786
61562
92669
-78697
-69936
95577
39219
99689
49096
5195
54955
15705
-68075
-13065
8304
24416
5484
-94601
92522
31935
-9196
73104
-99924
45959
47932
90173
76314
70005
-57096
-6684
32245
-70859
70170
-65686
-70907
-41593
82601
-56862
51426
76287
-64191
-15968
-55650
-17690
50310
95916
-9646
-48897
77638
88786
42052
-74780
85739
20247
90610
-31410
-39527
-90746
62333
-65230
-62742
67432
-30795
59913
-6461
-25775
17021
45929
-8429
25431
53979
-75441
-29592
5342
37726
-37954
-67731
33615
26412
16640
33860
93607
1575
70091
19324
6123
-4932
2879
77679
13818
79432
88076
31611
-51462
-40538
-16399
-28581
-92556
4121
-5537
-86303
42044
12179
51004
26386
-93559
-96736
-16829
97374
-68573
-49934
76104
43514
61498
-13943
-48039
-61412
-10606
47999
87168
30418
32540
44013
-34778
98752
18401
-41858
35730
-19660
-71849
-75890
-5746
65768
85526
-7490
82282
24595
50468
-31465
25306
-14804
-31508
65176
-80326
-81092
-56306
66141
65458
-13282
-28080
80686
-66699
56726
73457
-64286
-73053
33420
-13602
-86290
-57969
78372
-90882
84687
80602
-80902
44712
80079
25214
70015
-90316
-49738
-86297
-70421
73967
-99119
1467
66846
-99480
85784
35579
79767
-43673
85246
-8831
-3889
-86083
-14566
52649
-80525
14711
18349
60429
22973
-39828
43087
-57560
3054
31862
17595
93340
48170
68605
28851
-91506
55727
77871
83665
81071
58867
-43828
-79828
-18154
-16550
-52643
-6813
16137
-36527
48580
31881
12059
52426
-91729
48173
-7825
40084
61926
-58108
99546
65110
11908
64310
-36761
37479
-33213
-3070
98036
-56179
59248
53838
86905
82129
28605
-31409
9449
97275
7989
6481
-26384
11760
17162
53859
81117
50340
27658
-68637
81946
-87939
80112
81505
55638
56326
88215
12979
-37181
-51444
10506
87253
-80069
-86439
41014
954
59582
-60214
-3519
-48909
92438
-10289
61235
-89605
8155
8831
-82734
5661
36307
23894
81229
-4542
54385
-44788
-46706
-26981
-49090
-90158
37618
88423
42197
-35028
-55787
90977
-48440
71462
-99642
10954
62369
-67980
-22310
-8946
-83390
-42966
77532
-28458
-97490
-82476
-82910
-22743
-39520
81971
7483
-8385
-60391
-36651
-36924
-74140
59640
-91697
36570
58821
-94527
58138
-96535
-95653
28288
52040
-43357
-18703
-6330
72097
-56947
5331
49042
-34082
58739
-65963
-64180
6273
4156
39357
-54614
63695
-45096
-56690
-83083
-93653
61333
13938
-12762
77009
22097
43075
96170
-96341
11274
-66954
-99643
-63789
-86767
64164
13778
62950
25245
56374
49065
-78399
-90372
-97235
-70119
66715
97445
-33908
50964
38719
68392
-5982
83946
63908
-21946
-52360
94126
-62933
7389
29011
7093
-8076
27004
8614
82876
27100
22101
-5993
-93655
96215
-4400
84908
73194
83303
69500
22866
-40070
74423
32032
-26614
-34878
-96874
-30608
-87952
-92452
-20269
4443
4201
4594
29553
83137
-90327
-86971
-96313
33026
27935
-24694
-76809
-81294
45053
-76690
-57400
-80216
-64601
72443
-9245
-1418
64567
24595
42151
-78414
-46805
36632
-92887
-51725
-9428
-98002
-65461
22040
-52421
40600
68855
-40958
8442
58687
-71047
-73247
-26027
-73135
48887
-65620
-94133
-20986
-37171
32298
-5219
32638
-94711
28334
-32239
-74361
65280
44320
-76573
92154
-70773
-69707
-42359
54340
39522
25344
-91422
-59454
-49326
70946
56826
-95930
54622
-31331
74044
-61257
64176
75207
-1675
-53995
-51718
-93798
25857
39833
-23506
-39128
-53356
-23942
-40234
-93204
39143
40844
-81136
-46213
99644
11651
-35030
6809
-47408
70294
-79978
46375
97565
43327
26250
-35334
55689
10334
48055
-37944
-49874
49085
78435
-9284
-4281
-25745
-7387
-80279
-82381
34321
26877
-52454
-45975
30386
96013
7495
74617
-68209
56632
98853
-25093
53751
12118
-97003
-79722
-90035
-54127
-91844
74670
-95956
95647
-28302
75243
-89883
-41060
44051
66147
-7133
-63614
15092
-47325
-33040
24904
-46864
-75105
59792
90325
-56352
-10061
77835
-80032
-16088
50901
77449
-44826
-27218
-93926
61205
-74298
-27162
-41183
-23868
-92676
88137
-71968
76591
60152
36004
95369
-90341
44762
74957
27096
37306
-95859
-6096
-97028
-41910
-78915
-13369
-44577
-87524
-7882
-9560
-20780
47407
-39461
-44680
-42468
77627
-85633
-71235
-47083
87753
-95901
71378
-36608
-82689
69005
-7053
69101
48186
23105
12664
72517
-30252
-54946
43231
48052
-31163
80024
48258
31601
99621
32718
-92121
14443
-45425
-43512
-99402
66578
9250
-39218
-3515
-67713
-83359
36903
-78065
1408
49018
-75027
-18236
-91644
-77340
-54967
-78022
-57441
-19615
-71087
14593
80379
53347
-43077
-8556
20700
-59445
-15812
-94166
-90930
8908
-54143
4588
87853
-42962
97737
22594
19281
-98193
74973
-90041
-45356
50244
20333
-47461
-40639
-41411
92297
26902
14618
42950
-55688
-70695
73670
14217
51705
-70591
20117
84593
1811
-64267
-73230
32970
40027
46879
-82716
-86588
-31230
-92168
97408
-65834
-1192
-48965
3311
22464
-82783
51003
-27176
45736
11090
-73776
-91991
-9690
77097
-24979
-48761
-11493
45670
-71987
-65072
23356
-44823
91404
-82231
-77715
82153
44882
-62231
21832
38286
11306
-86079
83964
-87508
-67855
-14074
34706
43421
58921
34493
24971
-55110
-74451
20033
-14170
34294
-43457
23284
-38786
8279
-41923
-47104
26831
77393
81075
96329
-67495
-2304
66441
-24271
-17187
-73279
-29219
14599
-27772
-45074
13228
5133
19231
-58507
-95767
68708
-39735
-18155
-85008
-90794
12073
-64908
-46252
-23680
-53484
-85985
-51052
62170
-20593
-8674
-7123
-68700
-32078
-33101
22537
-28049
-59353
63535
-17259
-34874
-86382
-51342
-33680
-52873
1611
12925
-68161
42305
46470
-6859
-227
67483
-70636
21367
-57104
56607
44034
-54254
30423
-86766
90399
-18267
-93633
40656
78556
-24490
73109
46936
-97909
-14612
98517
4658
1418
84106
21121
85433
-72839
-86263
25902
25161
98470
-8399
-7176
70469
35338
98771
21270
36549
-26451
38981
21192
-58213
6436
-24773
-53395
-4671
9531
85566
9201
-35808
-62355
-18932
31139
4223
-50544
-29683
-66332
12742
-90802
63405
-70725
-16210
-72947
-6182
-70522
-50680
-71056
50204
-4789
-57626
-27849
-20085
-43411
86826
-70846
-62798
-15750
61609
-8269
4543
15521
-62917
60080
-18397
-72703
90017
25224
-60660
59548
-26540
-28243
-13060
-54742
82534
16287
-32058
-25014
-8425
-26454
28901
91604
81143
-30139
-51847
15689
-99534
-79716
56479
-54484
-27011
35688
-29205
45802
70108
23929
66309
17332
-46707
5333
-64611
-723
-90156
-18565
-11444
87423
66852
32896
56073
37768
98279
31771
22020
-87374
-69078
-76100
-92446
51233
-96088
-38890
-85802
-17403
-46862
48510
71960
72911
5368
49387
-69627
63040
-7562
91357
39379
-64356
25213
-42661
-6929
95422
-27556
-60971
-37835
-6267
-48212
83111
-4277
63020
28405
35198
78235
35256
69760
64725
-57685
-25910
84666
-11367
65178
-58924
39938
99883
33785
50792
-54576
95171
-72701
23084
24257
35570
96891
15210
-18109
6208
-83551
-85564
56217
-54029
61712
93572
-98549
90865
-59657
-5038
15854
-53571
-35535
-16001
16459
-72739
-6204
5437
-49681
36892
-55501
82481
81487
72108
-83200
69025
-42155
30051
43330
77960
39819
43366
38046
-75447
39523
17059
7013
-90432
21088
-82184
68042
-23117
74533
92209
-89922
-51161
-19688
96686
73194
-58993
-83277
26531
32136
9888
-29401
-82054
-5217
-81792
-40596
80595
36441
-5668
-17110
-981
-27774
-38696
-55427
-19366
-89377
99234
-23575
-84810
44329
35872
-6438
-61802
61797
-21945
-21162
45297
42273
8141
-27327
56100
-29619
-13002
-20532
-98862
-64909
-1845
69436
46373
-69868
-19862
13842
-91661
13281
-83978
-18148
-64899
-72814
-54610
3608
-175
24295
-63973
57728
-68145
90617
-55837
35511
-20536
-85124
50940
-27314
4290
91796
96570
90611
-73832
-86448
-21688
67958
-46082
-58681
-2635
-29767
28835
-18098
-75162
38452
24047
-46253
-13974
57827
-56917
-53479
25515
13196
34944
60816
6335
-34960
63064
-86768
-29602
-82034
-80543
-85134
61934
69966
95664
-37813
12347
46033
8770
50950
-4222
-11822
41053
71837
-74836
-53191
-49963
49076
10904
-15364
73578
40082
59793
26994
61071
4348
23711
-30602
20229
-13136
46841
32884
69798
43579
33048
-60653
54590
4407
75878
-47489
76116
-67163
64213
62674
19654
87522
-34931
-21090
-7150
-31223
58045
19865
69361
-67482
-55981
31014
87709
-4142
-68922
-74756
44788
44336
-95600
64885
-49355
71938
90490
-71755
84135
-70615
-98161
-91211
-23976
-47881
-46478
-98965
69507
-36430
-43572
49304
-71285
52968
-22947
-11155
-98460
-48470
93044
-11429
33617
-97178
-6406
-37578
96583
6949
73832
-79291
30961
75485
-74408
-51288
-4083
-83404
65977
88102
-35981
40594
43805
-43437
15798
9825
-787
41690
68451
-86620
43260
1517
49126
-37775
-71176
25350
-52787
14284
-96259
-84392
39076
-61214
-86269
-23017
-26690
-74017
-30664
-97567
-78827
28460
-86615
60935
26249
-5496
28569
-77380
75524
-92542
69684
-53799
47551
-28848
-93987
28619
-51043
81744
-8348
-15206
42101
-18792
40979
34326
-87123
-66693
-51673
39712
91137
-90533
-33444
23442
20387
38694
-40926
50252
-72707
45423
-3989
-44004
-17006
77801
43238
54857
-46590
-2174
-95866
-58948
-83156
92954
-58373
-86708
10862
17182
-91774
-66587
-51320
-72763
29080
98260
-65762
-14297
-19318
-96015
-28452
-20299
74856
93096
72564
-77223
-89129
11622
-19646
34923
30214
65822
-31983
-45812
31865
-2379
71095
22947
-26047
-62896
-30373
94386
61836
-63561
3543
-30892
-36200
-90010
24120
49109
76483
-25744
-72094
74734
-49729
42833
-94895
7707
42465
22926
62138
31067
-19048
60299
16976
65028
-95302
28649
-90974
86016
55290
69081
95393
-65496
-94154
-60542
-48960
-50309
-48659
-86005
-82444
96506
-64754
14341
-47525
21796
-23701
41272
18873
-10743
-39411
26249
-31523
-99699
40289
93892
-33310
-22724
-71473
67980
-63215
-77756
10411
58076
79652
-23341
8644
-63111
-58075
70734
-14310
91830
56501
32810
-70290
69091
-41495
62315
82993
-81132
39119
-64201
59358
65481
46798
60438
-18013
-26817
-23061
37705
13946
-86446
-95000
-79292
-71977
15309
42055
-92407
69434
-48624
58924
-75359
-68956
4509
77024
99898
33318
64383
-91534
-96552
36372
13847
-31688
14073
-49191
-93820
15027
98698
80036
-69586
-63792
50239
32256
56495
57483
-96301
-99454
68959
74862
34268
58075
-76101
1783
-87543
49934
-52431
53656
-60356
87355
-42869
-30056
-76738
-63591
-98827
1047
-92893
70082
-19155
-6738
-84357
-56472
17990
52405
40242
-19867
33112
-57634
44613
50353
64903
47422
-61151
-13523
58799
-80724
-76262
-81316
64169
-77118
-65148
51441
-96963
28161
47794
-91134
-41308
-97391
-32823
81180
9080
51429
1919
17329
-17158
-59203
-3466
2349
-50817
18053
30511
-95578
-28231
-5733
55980
86066
63646
-26642
-96217
-69486
-92937
-59839
-1176
99339
-38137
-77297
74503
-34475
43094
-8887
-88962
28909
-81895
25403
22314
68357
13439
71116
-95970
75996
-5542
17828
-72476
26536
-27608
94056
16081
-81298
7550
46497
-892
-64972
46032
-18502
75515
94351
49375
77352
71377
40022
-66113
-348
72216
-72137
34372
34644
-81841
35751
-69815
75400
37760
83573
9308
14943
36217
-89544
23113
-84214
-19868
10023
-38270
17640
-56890
-69241
87720
13137
-60720
-71745
95992
83054
4197
-55097
-58091
7429
-22679
-59009
95661
-48045
-17534
-35236
-16949
-68654
63855
82173
45369
-41062
20865
47004
-49584
-60508
-45063
30687
-94306
79465
48896
-69426
-91790
-26903
72509
72544
-64250
8583
-95145
-66770
-85238
87377
28487
17225
83337
87326
53400
-77209
92602
-55216
67326
59640
58213
-36614
43152
74135
15408
-55781
48932
20188
48390
-8441
78790
43662
-32797
-62810
24596
-6795
81854
-1066
-12039
68814
-58606
-64660
44420
35032
-26805
-5032
47780
-884
65546
83750
56002
6953
-85867
-33247
53435
-88403
-20834
5074
-87751
89375
84142
91238
-46291
64969
31150
-37715
16107
46980
87250
85055
53793
99115
-44510
19513
56629
-82382
59303
-7451
-5317
-94961
-29970
82744
23952
-42538
59771
75508
86422
-3166
-91122
88366
48140
49199
12619
91242
4616
15813
79880
-51358
-41132
-97201
-77384
12133
43299
-63222
52462
-41380
-35730
-7591
43601
-47319
45552
53941
-16421
33192
-94470
44225
-94131
80343
81715
25595
-2573
-93230
-76880
-30897
93583
2359
16684
-26298
-10523
95848
19364
-35173
4770
-18898
-87854
-72530
39850
38587
-21245
-30638
18621
-91512
64279
-89087
69957
89373
-41899
7855
59390
-25233
57832
-28229
21890
-92829
86842
10690
96496
-11791
44460
35086
-52296
10531
-1937
55276
-70074
8701
-95998
10011
-51511
-42057
-73016
79904
-20513
15078
44741
-10377
-71329
64313
-66507
-30364
-83070
10334
94729
-16985
-46162
-81468
54207
9293
23265
17916
-41892
22051
-37961
25913
-78775
62342
86295
33462
-53368
62806
82752
9846
-59439
52937
79980
88615
-22515
-34085
71518
-26144
-52690
-57437
-57011
52361
-79255
86401
4781
-20390
-2799
-22028
-77930
47164
40529
34504
67539
5835
-53242
-68436
73418
40253
-3721
-42974
60483
12956
58354
-32177
17878
-62225
-59900
9714
-60939
-63881
-15852
-61519
-10604
-22059
38876
-62833
-41999
-71415
-33723
61306
-25661
48085
-84449
-35455
-89021
-24897
-19334
-24861
51793
14390
86627
50819
-58939
-8500
-68610
-22857
-17389
54562
-61379
11647
-88550
-64543
86202
-70510
85129
54308
28535
28436
-97170
41715
37807
-53787
-58019
18475
-3816
89043
-48839
-96519
94968
-79121
48290
-34747
75105
-31747
-53061
58923
70027
-60859
-2410
32100
74508
-954
-40833
-54397
-7754
-92662
-49054
24924
-35379
-41515
-79271
95551
-74333
53367
18582
3362
-5230
-59263
17258
-33060
-12970
82900
-26385
59342
-84219
23061
55064
28700
48171
-94532
-11629
-25511
-75706
93836
-44584
-53759
-70821
95197
-33838
12383
15859
79125
-58906
30991
-15691
36597
59108
99678
55073
-22321
-80183
-41203
-75994
86422
32046
44853
91233
76173
98129
-51132
64244
16738
2111
80805
66814
12628
75610
33342
-47940
24718
27532
-56493
-6852
-85800
-18423
26440
-91335
-53469
-70086
-94013
-71976
-90814
-82101
98224
45054
96056
24978
-69026
-28980
-31124
84762
47366
-24456
-30279
98124
94124
-46071
-44126
-72327
-42465
36718
-16285
-88761
42202
-24708
28386
-89035
67149
-7165
18564
-97332
86133
53067
5660
-95708
-29593
83248
-81665
-87856
-23059
-99817
-71885
47783
-17145
42188
-71162
73392
19027
-56710
39226
-30551
21639
-42682
-23714
25076
44506
-46072
33400
-25441
11074
-45210
8734
-13170
28889
-14961
50467
-83961
-19559
-5679
40431
-64166
-78650
-7656
60008
-88597
-10005
89732
-45428
77405
56956
-19739
-31327
89629
24474
10838
39107
49288
30454
-95117
58972
-19526
1869
65144
-13389
-93964
7057
6519
57435
-36951
73448
-78539
-93365
-99099
33805
-59742
15502
-48101
-37099
-14860
-87343
94665
75468
70815
-33318
24842
11006
-18765
51928
33016
29073
27793
12181
62907
-25393
78411
10695
27507
14338
38552
44870
-21762
1144
-31184
18457
17766
-40346
29066
64361
11818
18601
47792
34775
32871
11687
87227
66025
93091
-62060
15921
38815
44791
-76143
-20553
36132
-93674
10542
35636
42592
-60866
50704
-63163
-39254
24121
54638
23638
-80357
86736
19765
-83933
21182
-92339
64076
-62644
-94685
46060
78834
-67954
18131
75934
94723
90980
14557
-1223
47705
-40967
-28529
30271
68238
33032
-56319
26760
20128
17106
-1013
-15537
9070
-74501
4822
92503
70687
82370
-85680
5560
-91294
15067
-96583
-71158
37775
-95957
67226
53484
7276
-44001
-49258
31282
60108
70762
68185
-32215
-18029
-36135
96109
-35449
-6828
-81196
48683
-87628
87323
98611
-15858
41839
1606
83770
23203
59615
31246
94451
-12579
-36169
6243
-32282
26437
-11836
78902
67640
25358
-77802
15696
-61602
-81530
89992
65439
-39044
4393
60270
81938
-3938
-51120
99931
-17255
-54319
-36026
-39476
75343
-79329
-39557
-98123
26804
65446
83666
-10779
63891
-22380
1429
-40616
-67838
-29886
-58872
66713
-84984
-72023
87067
87826
19225
77829
88633
26226
-69188
14276
47357
-17735
-29875
-58645
56580
82531
8031
-72634
34909
-41490
57401
-88246
50397
3210
-33919
-59191
-53168
-2083
-61129
13456
-76407
-60880
-4264
58912
64539
-30919
-72797
84936
-76256
23365
66743
-58725
95798
-14846
6491
3539
-12406
-30490
-92712
45762
-85684
-94976
15233
-34895
-19390
-11431
-99309
63063
23033
-28794
-36361
35063
-8299
-56627
73380
6935
67082
43442
54817
-8040
37603
47389
-98200
-6857
-1984
54249
22054
-53921
-4003
-83125
83679
-65176
99596
-23395
-26833
-14544
47301
-60538
69995
-61100
87636
35656
-67994
80908
57200
39398
87888
24353
-22484
-24336
38200
-16693
75335
-62932
60658
58283
98334
-6749
66387
-23391
-13376
75717
37017
-949
-86750
21306
64296
30939
69417
28550
50159
-96684
-52955
88919
-2327
-62815
31134
-47634
85248
90514
30918
-24216
24203
94131
16845
-38936
-90568
59787
68308
-28893
-20667
43054
73273
-69496
-51352
99839
5137
41034
66959
-64506
-63436
-27445
8514
-36182
15665
72806
28644
-29173
71714
-89447
37656
-5954
41435
-77106
-49665
-45722
-53956
-9532
-37728
12395
86438
-31009
66209
58010
-11190
5192
-462
22361
-31523
-44734
51529
41669
89000
-94581
65735
61482
51579
-91093
12602
-19554
-73279
49820
-54084
78010
-40721
76885
26552
-47370
58839
49845
85516
50464
99865
94409
14090
4473
-77640
27002
27033
-76564
-61302
-92714
-85575
10284
-92663
2745
97572
24873
96072
37655
32143
36014
49983
63017
-48560
-64934
67015
40114
91545
18425
69985
-76819
81506
-31234
77168
38869
-2075
-11361
5255
-63152
-25277
69517
55325
7609
24836
-82033
-78947
-22647
-49348
-41350
-8486
51745
-77240
34639
-56800
14134
94008
-19983
-93979
-74727
36295
-38655
44255
69154
-28155
-83944
77743
-15560
23957
21216
24059
-79040
-2670
72015
41305
85344
9613
-70335
-36826
60719
-87694
-13326
-45961
-63237
86217
55765
-8025
-68043
13720
8851
93200
-12355
51173
6563
-10027
-74106
-59816
19714
79579
-29786
34047
-86896
84247
74685
24108
27207
56066
29567
-71
-6376
-41750
22815
78124
-17373
91874
24409
-46027
36243
90714
-45988
-68588
82325
-66743
-52781
23959
-9549
29702
92367
-90943
61265
70774
89427
-40121
1474
-19168
-79813
-37196
73608
88029
36745
-16596
96870
-41621
92301
-8243
4196
91040
79985
-30479
95775
63611
78942
-8496
46986
-60522
26127
-85757
20421
16952
30064
-5533
-98792
-96761
33906
-76400
37388
-94822
72686
-37875
68390
20844
80883
-247
88449
-56659
-15698
80569
-34297
-98573
8117
-59104
43851
41807
-43408
97776
-84666
-17222
43236
42250
-26579
28141
-38563
59938
-96213
24591
-8
71998
5696
-90295
44234
-5347
48565
-48330
9841
-88908
-49413
21622
61237
-18221
-3936
4706
41817
-22489
75437
-32551
-66300
-4776
14238
98297
89479
-78637
-3074
-66710
-31477
-37214
-37985
4948
39896
73462
73779
6896
-36668
-97977
62155
-45764
-41290
-53422
19369
-22712
33942
78913
35203
31662
-3053
95273
-86441
72159
-11760
81325
94373
54871
42092
-27649
30350
78450
-42516
-78137
-95609
43801
29255
30236
3386
-57451
-18866
-90385
-85063
-26172
95031
39943
2399
17768
61253
-2074
3205
63260
-37163
-73845
-12194
16995
-95098
-74991
7920
-68903
-20282
46709
59759
-22325
88758
39157
87416
-62814
-58247
-11949
-90457
-94790
-57442
36216
-10923
-47407
-20825
57718
15153
-48870
26358
62694
51322
81137
7379
-56784
63510
3050
860
-81175
-20014
21570
-14518
68183
47735
-32329
7707
-6193
-15739
-73165
-56286
-4353
49871
-90141
64103
-77752
-55374
86759
-30852
53059
-54861
-3038
-6627
-24411
73140
83568
85571
8317
88595
-1737
-19899
71514
-2656
-50281
65387
79625
-58184
-95301
38993
93755
93826
38545
28469
92486
26374
-35050
-43555
-61502
74661
-20406
-68249
-87852
-30663
-71357
22447
93895
13962
34526
-55722
-48362
7465
14736
72629
-84474
-23571
-89190
72927
-90064
-89081
-8549
32395
12380
13252
40895
34214
-51767
-15072
-17131
-62604
-86582
-56703
9919
-42081
-10294
83095
-19965
-82082
-7056
7629
63742
81411
-60707
-40148
36855
29281
5906
-2291
-78447
-41
-37329
27641
97115
-93058
31831
77983
-59646
-27285
-20497
-23696
41062
-73887
20804
11931
80009
53590
89932
47712
-47260
33120
47108
-73965
63380
-15044
-25351
28464
-83727
-9285
68707
-98923
-18369
-60790
-7957
-57952
36350
10012
77006
52709
64028
72310
-81639
-99572
33739
-92458
57108
64710
29996
-12415
-65349
-83222
51306
59176
28327
-43920
-46044
77366
-12276
40776
1346
-38919
71579
-99560
-88983
-70614
-17656
19601
65353
29467
34214
-97556
-70253
-68228
25390
26631
-23864
61769
9950
87638
13421
42068
46078
-51513
71835
19498
20605
-90570
-2189
-13019
-94534
68682
-66578
68430
-70560
90154
-68078
6508
-83351
56096
-52480
98733
78723
18248
-49046
72112
-45489
-51916
66659
-16275
-67386
-34848
22927
25666
-3338
-70580
67577
48283
6763
39612
-3709
92092
30249
47688
10296
-64530
-2284
-43808
-91714
-80380
-85646
-96096
-80153
91400
72521
-29748
-16346
17479
44131
61288
99678
-54218
62576
-53321
9814
36352
8138
84302
51593
-39763
51027
42835
36379
79472
13690
-4137
18405
-83059
51613
-6386
-19151
70949
90697
-8409
50945
-40289
83548
-84660
86154
72117
-70773
-51080
-61890
-61864
42240
61487
41159
-94783
37788
-2785
41807
-64874
-97062
-66543
-46276
37172
40595
83148
-87943
80031
-81634
-52986
-38352
-79548
-94769
-92344
77780
-90266
11616
84957
-42662
91821
-38482
51254
-48889
35720
-81702
-74467
61476
-28230
-8112
-81196
77711
77192
33572
19530
10540
-19970
55384
-30407
-34824
-28455
79162
-93665
-79682
-87084
-22422
92118
66722
71378
84858
25682
-44966
-44764
-49426
91895
-70211
88184
79778
41877
-38861
23775
95563
-31423
63116
-59655
-74219
-14319
42734
44031
35116
44915
-66394
-24723
-90409
43882
82655
-79606
61310
75878
-57360
-60331
-2548
-98304
91023
-39538
-3345
-55089
-13725
-8866
-29060
-23255
-30536
-45852
-42896
39546
-88628
11868
-21486
43386
-14586
95150
-80524
-52338
42758
-60207
-30376
-62467
37335
25434
52398
27917
-96063
-56411
-53189
51898
89788
-27554
-90090
-31150
43390
80429
-24435
-50704
30645
-72324
-62236
-2030
-46895
-23642
97853
72217
53176
-91075
70995
-6754
-32419
80056
-49632
37036
36651
34103
-95137
17565
-61669
-64779
17708
27156
-8795
-6199
-74937
-83244
-23150
-63335
47159
9595
-55376
-62245
-67637
69087
-37216
-25335
22268
61188
47817
-71967
61422
-5834
19631
84054
88597
137
-9058
31702
-37260
-48085
13888
90105
-36031
-37917
16974
-11709
82341
-68696
31715
-50794
23135
34080
-62036
50935
-93688
34292
-21380
90235
65393
24716
55420
-56563
-66392
54508
-69760
-41313
-31142
-13718
55156
-917
35730
-40885
79605
62501
-99360
-71174
-69956
-54017
-30700
64996
91381
-40424
-45911
-94541
-69522
-23934
10752
-69340
-91413
81390
-90623
51399
-81962
-46473
-6682
-39597
87955
62407
77011
5667
-72654
-26454
-76131
-18607
46910
-15443
30187
25389
-40334
62706
67258
-49125
35275
-41261
47866
95622
2937
41393
-66026
96517
82607
-40744
-82351
-5304
-3367
-38704
-58037
-73474
-93331
-35453
-73116
91271
70107
4934
-34249
-51439
-70242
-14202
13767
-37679
66612
-67760
54840
-16160
18282
67516
97908
-65104
-90415
-42121
-81618
17449
5325
-57556
29059
63716
94155
-32241
-42500
-79677
-86574
3974
69168
28139
-35917
-63821
39559
-89697
-70821
-25246
23705
-16070
94151
52812
32500
66952
-44778
-47354
10045
94978
71610
-23991
-88147
52965
55048
42910
-75715
4974
98800
-12954
-87523
25908
-65786
59971
-24675
18209
98878
-35417
-63313
32590
47479
-26377
-93565
36923
-60946
58907
56978
-62488
57875
27877
-8457
-52462
-97160
14363
-99017
98189
48678
-7901
-95583
16954
56586
-44150
9425
-43226
-98675
22448
-14514
40768
-3967
-5164
71827
-32652
-73225
-52232
-67669
-89944
-6099
5745
11189
72594
-19164
-94835
13447
-81740
-1840
-22112
-3025
-77579
72937
52973
-56299
-93411
-86817
-98962
55292
18861
38570
56129
-68633
28313
-96001
-12753
-19880
-44573
2718
57433
-82380
-15275
93064
91649
-15934
-25637
-81969
81842
-86830
-68997
35909
-17459
-49414
46513
-36650
52210
-29188
-3221
-13070
48775
-50557
-75683
53602
552
8716
-11006
-93060
-51349
-63710
70129
-52046
84174
16833
-10728
28100
18624
-79588
20375
6166
-38456
3066
-50693
-53220
38806
56187
78869
-70607
-69019
55097
72054
92871
24521
28938
41162
-8263
-90662
-9823
-4593
-10819
71357
44500
41200
-1931
14092
-76168
51650
-65884
41761
97064
75418
-84675
-56188
39397
91656
76567
70510
66647
-60683
-16002
-80326
-58510
-55531
-52957
49255
45620
-40952
-5005
96332
18506
-65581
-68283
-74535
-18990
-27787
83628
-51387
41468
35689
-19860
-12327
-65526
-66248
-53494
98393
79030
-6857
33660
-3702
97330
-40156
64512
-56219
-76918
-91431
-76343
-28138
80358
-43669
24531
-97231
27627
76194
-86568
-62414
-72318
-30764
77403
33711
-74768
92064
79521
-70948
52836
-40636
79807
89979
12880
-26404
79439
-39138
24559
-75848
-9284
39258
-6812
31064
-42051
65034
92867
-16762
-79009
-14211
-74199
-97648
93434
-77059
5445
-86175
-50427
-79555
-86214
96636
-95674
-88098
45405
87444
-84894
-94114
-96551
-46006
54354
-36579
-94094
63939
-30986
-66355
-79386
45925
-96189
10166
-60497
66479
-73639
-17308
72038
36979
98096
81838
-17727
81904
-12816
25699
-82883
-16624
36127
8082
81879
-92486
47028
99574
-33612
95701
46923
68668
-86816
12251
46258
-50765
-61005
69717
51552
-74353
26640
91576
-85179
-74534
49223
-46884
74749
6136
-16998
56021
19678
7893
56989
81008
20784
-34195
43446
9676
-34884
-28297
90756
35154
31101
47663
18076
66386
-90252
24831
71919
6011
-99561
-63031
-15161
-22281
-2327
-99757
46832
65761
31845
-86384
88115
-83804
-22124
-55225
83262
13425
-22146
-94430
-61153
-56676
-62659
67029
83183
12436
-18836
70377
-56692
4093
-10305
-38556
24958
82604
-90387
55639
-76101
44798
88199
-77564
-8699
18581
62124
-42263
36273
7792
-57323
-95826
56964
-79834
44812
-87834
-64266
6271
-28358
23301
-29160
75183
-81507
57119
48209
92976
38680
48217
-35580
-67461
-12572
-18322
79757
-45278
58853
-26848
-15893
55245
52247
1785
81208
-77425
7079
89788
27474
4196
96030
-26003
-10594
-51767
-42952
70586
61027
-5384
72339
52677
61585
38719
31811
32399
-57115
-28548
89986
18690
24036
99639
72837
4122
-94268
49884
10025
31922
-47638
-96045
82636
-56537
27406
-80130
-74503
235
3196
-29874
35643
-80920
23091
-26749
-9262
-75250
36400
-73474
60228
-79493
-17467
-63036
92682
-7610
-36446
-6639
-55509
-16216
-7243
-57706
27175
-45240
-62802
-47150
-84535
-28446
25115
88200
6175
-98349
-97421
1250
19526
-8317
-18322
13794
-74849
-16785
-1071
-69695
-91170
3410
-82168
8038
-43519
16303
38955
44292
-13347
-69890
82723
-36912
92371
-2640
-16410
37598
-69662
-35743
31389
48535
65943
-65190
26471
-54759
5919
48831
79479
-83797
-78147
25563
52441
4379
-99690
47174
-85742
-15497
-36567
60913
95076
66148
21405
17294
-69776
-1826
-74637
-24610
91190
-28212
4443
-97448
61880
75903
36386
91699
-4226
-32569
-79096
-9199
84018
81202
-63888
52232
-6421
-9886
85040
60685
-35385
64778
65160
20927
-527
-80763
48880
3790
-41918
59538
75850
32902
53699
14384
-50889
-90948
-95343
63698
-47226
-14573
84633
-85504
24838
1323
-99581
-54262
16636
59047
34220
-80471
64560
25242
-91445
115
2466
51406
-14475
-45062
-26214
-65808
-3909
-90173
-40227
64731
-55183
3166
88507
-44353
-89206
57575
26885
65006
-98337
-86121
-64291
86915
-75570
90311
14694
-67729
-449
-11453
-53542
51873
98882
47047
-98567
34705
23572
-56423
-93665
42346
-10559
47938
29551
61458
16739
-73174
62635
-72361
-13688
40207
-96282
-4617
6577
87266
-7856
-28020
54263
94590
-69200
-44654
-66487
-25595
-1743
-30185
89168
45401
-57453
-65474
2163
19956
-38846
66671
-72586
-71707
-52860
-81250
95165
-35032
80139
30199
-3537
-22048
43882
-69917
55030
-25357
68965
7866
8098
-51454
18785
-69179
-1299
-11900
-18246
-28370
19097
80062
73587
80775
53686
-4063
-9656
13875
7168
-26177
72800
-77899
-78556
-533
-41058
-81389
32995
-26899
86103
32742
60624
43487
-82082
4993
16755
44584
43770
-64004
-20144
23826
70009
60572
-11583
82761
-40930
90592
90112
57970
65461
83946
68737
91813
-90488
59464
85564
26441
-16022
-47393
46600
-71029
-46352
76787
68771
-95237
-24576
60693
91214
-89277
64833
24554
-81707
43460
48562
85395
-56915
-15090
93590
-47106
-33227
31676
64717
-36343
-289
48874
-6081
-88818
62888
39573
36401
25423
7747
98573
-59143
-91521
-84972
32281
-53554
-89877
43287
4647
4281
-56317
66273
54254
91752
-73527
-64449
94114
-99231
-98091
19771
96787
38036
-71486
-7107
-83933
-38839
-97607
-27443
-414
-92808
33304
-18250
840
-38153
-77314
-4730
39822
-79218
7478
37747
1641
-58394
84605
19480
-56412
-20128
-43215
13596
72664
61507
50457
20723
54667
95565
-86773
39038
-45085
-27414
12606
21390
5893
-34110
-47572
19654
-30513
59181
-81629
-14242
-58514
83714
46633
-40764
-56612
-71347
-38838
89565
-31431
-75874
83136
32361
70533
-4866
48701
-33212
-55688
-60547
41559
-39992
-8194
66407
66000
-79600
-45614
-55467
-58175
-58664
83894
-88801
64931
-90368
-59124
-40913
-38854
-20177
76885
-56079
56415
-28844
-44477
-73242
-3160
11272
-37764
-95528
84406
-61041
10926
-11736
-24358
40510
33289
-26877
64420
88694
-82466
-21389
68170
54542
85458
64721
-97038
4239
-98370
-87847
14620
6744
-23769
69974
-17169
-71198
-27435
-43460
-75233
-83938
-94510
-11756
25015
32123
8512
-22638
-93560
32964
67863
-47998
-19026
-39195
-62341
14177
56571
31565
25014
-51832
1155
98415
-71465
-47869
-80508
65380
-81946
9984
-26001
-1493
90050
-78941
-83113
18384
-32743
-80714
-29579
98666
-65084
-898
-87274
30141
61501
59625
47266
48704
99134
-62621
-2167
-27206
-38857
64775
14923
8838
99178
-89101
64420
-88523
-60185
-74508
-91821
25554
36127
-11040
-27450
44032
42664
6467
-23516
83968
-95348
-28175
-35018
59983
5070
90427
21363
9132
-22726
-31748
-1946
-23049
40488
60563
4926
-84491
-79347
-27669
35506
-72336
86333
-1163
30671
47740
-96319
43575
85023
-28268
-46128
36862
-72393
73570
-65938
-18641
94046
13597
-62754
-36228
-39915
29133
64261
64370
-98936
14570
-36451
-74770
-46449
36194
38674
94128
78817
52986
37309
98567
-93866
85964
-29382
-15380
73814
31214
-5336
89067
8995
-49549
-66564
-97732
-28031
80971
70274
-96848
-24194
86086
26482
-80441
-14111
42741
46955
2398
-58701
-36367
39054
-70651
-74076
58357
75898
53167
4316
-90842
-28449
-20477
37152
53748
36737
-93361
-2852
-86952
44171
-28516
10451
-65667
44045
-25508
32160
-59589
-64876
88832
38951
23102
-77851
-20058
-9698
87237
14165
-75920
7922
7879
52744
-37648
83031
6576
-51772
-55425
-26001
25736
49009
-40979
-82666
-80267
81007
-70894
67720
-46185
79252
-30589
69551
-77103
11841
10272
48461
79208
-2144
24267
65859
59331
58236
49395
17980
-82990
58364
-17906
19001
-76276
67709
77605
-90119
-96432
-21365
969
31876
44973
72124
93347
-57836
84413
77098
47593
-59359
18220
-66805
-83347
-39032
-24618
-8337
29263
-87593
-21426
-54123
91219
76855
11068
7337
-52787
21494
-67298
-27874
2233
75889
-77265
-38620
-37145
68378
60068
-62970
68051
-92884
84307
50787
-61421
-91672
59439
-33465
-68567
38090
51310
-25562
56376
47501
87115
-97036
25428
32472
64231
-36444
34994
10180
-17461
27003
-36354
-41206
-35576
28303
-56756
-10546
-37953
-6879
86246
-18558
88125
-12780
4548
66296
-28482
93578
-98343
46473
-70957
-46950
-74166
-60709
-51554
-39249
34489
-88495
73465
97408
48128
-9771
-59466
-47897
-94854
-13893
-1855
-61983
99643
-44782
25250
36513
51679
-24116
77919
-24943
62528
27719
-92418
71078
98881
80631
57512
13086
46151
43890
8169
20569
56520
21400
-37996
12945
-24837
79069
-75708
67192
-91217
16821
-79811
10925
37752
96475
-17168
-32102
34627
-8451
87325
-22548
16651
67335
-49453
28272
24292
33482
-54189
-98233
63989
8009
-15469
3653
30595
88032
68702
8876
-15256
-7982
41112
-14272
-97694
16173
-70240
85255
69959
-43236
-32562
-11105
-3497
43209
44251
-26949
49834
62508
-59808
30332
81864
34357
19511
-29144
-65961
98770
-60034
89545
-78353
-39843
48698
-90460
-4534
-49370
7383
-72747
83031
-45672
-29875
-8572
-13203
69002
-36449
81798
-13028
36644
15934
7058
11040
26028
18442
66013
72047
18348
63864
-25771
-41679
-84862
37134
76087
23376
84100
-40053
80654
-33051
64397
18725
-93367
-64943
19881
23786
-98953
-36947
48153
19016
41569
71769
52547
-9368
-73084
74545
85049
-52748
-31383
-46498
-85916
24634
-54429
-34360
-73460
-78744
13541
77225
43335
-86089
80445
82877
-64835
52965
-54223
50838
-22573
-94630
-42252
96971
83900
940
-45243
78288
-99176
-54658
97253
-1439
33543
28355
41011
25369
9999
-22432
10597
23967
60390
-27536
-43483
69375
2908
10209
-39034
65943
-14169
-41541
74785
-2968
-80179
43137
84560
47628
18536
45360
-81914
75655
-32999
35684
79306
-46027
18316
64794
-33202
-22429
40931
-42608
-51408
92986
65857
-99191
-42676
7318
-64906
-33747
41276
75958
-39166
-10292
42989
31883
99080
-9085
-43233
-10957
39312
-81417
-46984
72575
59833
-66561
42438
3376
27449
87838
7312
-20095
20498
-62803
88471
-37602
-87916
11288
-37330
76338
-50103
34623
28915
-63906
1856
95612
-82455
-82171
-29767
26756
-66957
-17404
-58454
-47834
58095
-70465
85612
-73487
-78099
15639
-83899
-74317
1099
68087
-24430
34651
-82321
-22450
-8431
11520
-33761
44759
6793
99066
96896
-43245
-39274
22318
-26327
3865
-39019
2152
53987
-72189
53352
-55711
-40833
27146
7334
-22753
25044
49004
16482
-91396
-30636
-9399
77462
-47746
29386
-98226
78125
89445
31923
-23864
47658
87172
58038
-90406
-94216
-82233
76224
83018
90766
59731
-37568
51573
83966
63691
-53572
-22237
95963
-71314
52943
-81227
-16699
77533
69183
-33029
75219
44410
47935
16994
-91749
50029
-8834
30474
-38112
49088
80361
79030
-69159
-81878
32772
-76643
-37158
48681
11296
-42531
-68190
-43512
-23366
-4849
1152
87424
17648
-68363
27170
-52677
-61791
-46000
74683
307
-92961
91855
62352
5625
90835
1313
-78240
-14382
81582
-19733
41262
86844
23560
39510
-26964
-34738
60503
-19137
-49275
-79043
11212
74706
-2297
34299
-57843
26609
-2068
-8327
-45557
45453
70596
-60850
77313
-26344
54912
92656
-48312
76433
-17315
73182
13720
-77890
58986
-49888
-98913
35832
-6600
18086
-11529
38688
8670
-82098
37768
13488
-17690
66369
-93062
-88468
88664
-19139
3860
8630
24480
37549
-6282
66049
59102
40051
-6289
-65570
6539
-9016
-20356
-61838
-93437
35835
-47906
-57079
-29325
53077
16599
32131
-97313
-81826
-39808
-24596
82512
77432
-4470
-44758
40537
92072
61199
23567
-20795
67381
-36844
8526
73055
33193
-13474
32203
-70242
45044
86893
-73653
73642
92656
-56359
-27061
83279
-25728
-4536
-88660
-11651
82001
70282
-20149
30393
-75454
-96943
-37265
19300
-62048
-84912
75484
17446
394
61294
-19964
-14025
44084
1255
-22627
-59958
-74746
2624
-90354
48022
47140
82533
-95229
-19582
-65015
34848
-70497
59820
-55348
89848
-17327
-554
-50555
11108
4096
90733
36937
-79190
-2976
-41289
-25776
-43303
-97498
-30439
-92040
72991
40664
30531
26595
60296
-29443
-19911
55419
44372
18804
12414
44949
33843
-44831
62623
-82445
-38369
33410
-77479
-83228
-60010
-59104
-14040
-67386
46451
-65184
-67027
74220
87720
50233
20218
33434
-22694
-75712
95294
7149
34777
37598
-8312
42072
-22405
-3868
-56839
80520
1940
-40523
-73781
-22487
94355
-73247
-76104
-9150
87484
-22573
47496
89468
-49539
-36064
-56198
58432
21424
13951
-6130
-75523
-13460
30040
20525
-28087
-79864
-32459
-96074
20895
-51795
85
21094
-56441
94679
-56609
-39901
-77677
-65432
-26316
-69467
-34235
-24215
-94371
-32958
37646
-83874
24804
89876
-97807
30660
-2242
-77624
-96762
74729
-27291
15174
78939
41256
-73148
60344
1013
24896
38540
-35014
-58380
-72303
90788
-30308
98132
178
-27523
99350
-18864
-80463
-90557
-30583
-40479
68392
-39185
92334
-1564
67640
-23623
40797
44697
47589
58603
39164
-94137
37326
83345
67138
71102
-46073
94093
-91737
-85068
-78315
-20217
70378
-8687
-46651
48449
-27266
7558
-32535
-2552
53650
27160
80304
92870
33340
-69573
-7839
14261
-52799
-4199
92212
-27090
-30845
2290
-42867
-50145
79688
25565
8981
98523
-7261
-15316
-78025
48844
-62335
-71443
51444
-91965
-879
54221
16036
9392
-32367
-69352
-70902
47469
47666
16603
43474
-2188
55079
-77205
-64535
-14990
47439
-44610
99193
56371
-77507
48694
-20160
93372
51680
49982
85516
59511
-95468
88653
-93483
30793
-98044
91464
-35977
69248
36153
73668
-7158
-31128
-39932
74985
36000
13117
11012
-75214
-32614
-37382
31893
-9584
-40089
19472
-44587
-12050
70618
53042
11476
-61168
75175
93773
-54120
22485
51771
-58859
75337
-17061
-62795
-38789
6143
-72767
94852
-15174
24743
14407
-70498
-34287
-9524
-20718
-88359
52939
98248
781
10218
-74246
89670
-41815
67641
90242
-35598
38596
5085
82641
59200
4839
5881
-32916
-874
81770
88562
54117
-69161
-32974
-60404
-74455
-87539
-42085
-7712
86133
-41102
-82512
75452
-92759
-54693
80343
82135
65397
52034
-68790
86063
-6864
-72722
67904
9665
36679
1537
57962
56868
31506
95198
-32871
-80445
28674
85621
1596
12725
-5641
65196
94855
-79365
88174
90731
47920
-71659
-64040
95876
67027
30977
92293
13246
38070
-46575
-69633
-77827
26150
-87256
22196
-97457
-76736
-56176
61259
86805
-67764
-92293
22295
-91700
-97597
7189
-57431
80183
-51215
67586
-1537
41195
-70091
64121
78299
-42762
57830
-72388
68911
97325
-55920
84531
-68812
-93487
47964
87652
-40486
84765
-44275
76434
28826
-913
59943
-10129
-88665
-98096
73770
-21122
-22270
-18398
-76868
46218
57005
23205
-91996
22524
-34121
40870
-50382
-44707
-94986
91588
34685
80681
-26285
-3680
-91771
-47988
79487
29216
68342
1404
-2684
29984
-1202
-62670
-76490
-70793
-42603
-73530
27080
-63839
11723
-59610
52539
-77490
65440
-73230
-31824
-91002
-30435
-76041
-86177
-31625
88544
-30713
11808
51421
-55356
2545
-77785
78988
-69921
24931
12493
-21347
-18587
48216
75145
-61069
11369
6463
-14659
5352
56260
42794
81709
-32935
54862
17263
50250
47691
96777
5471
96620
58425
48862
98656
-8161
-60677
-20097
-50006
26708
-28204
-37077
12890
-67271
42392
37648
70134
-14237
-36424
-10870
-16898
34022
94444
-31350
-3285
41159
-67268
97170
30151
75785
-2390
73564
31592
93859
-80385
63706
76938
-71789
95665
-51175
-71352
42636
77869
-3777
-85641
55051
-57849
-29773
21855
-31544
-65540
-5157
-17321
75911
-80096
12864
-33028
-89267
-93016
-91441
75790
93488
98710
60729
85863
79176
-44547
-95559
-19304
-16766
75888
37685
-59423
71379
15819
-98114
-67955
-37240
45469
-74830
8744
-516
-82575
85889
-66338
-71516
89912
-60916
114
53252
-47532
-4311
78423
14084
-27517
-55869
54446
90973
-52826
42463
-76003
-92370
-76371
30393
-94712
43627
-91551
-33267
30511
20084
-47410
55473
-91676
76228
49419
4575
-23385
-3968
36008
61009
42720
-10961
95858
-22843
-22600
-60151
-47259
89056
70868
37736
37487
-16081
-84626
-2021
79389
68744
27730
-91942
16548
67727
73075
-78893
-18098
-67564
82280
90851
12096
38746
43590
17056
10660
14387
-14566
-31213
-30601
-90426
-51901
19331
-95120
62195
-11094
-26388
89548
11789
-59296
-46833
-10445
48454
-24494
74787
-5624
31529
16619
67497
16658
-704
71174
-56739
57218
11605
-10929
61448
-16864
-53866
-34891
-11534
39382
21713
-88563
1781
91801
66847
-36154
-50387
35952
-61218
50309
62220
4770
98455
68765
55434
90432
-3074
84140
36985
51020
70615
21269
-1290
34501
-64971
94165
-51780
52240
68317
-27452
-44590
-25275
-48630
-53269
-64987
-4397
29386
29180
33200
50128
49350
24818
21975
62304
63263
32134
19604
71809
-71117
93323
-39480
-18958
26814
90278
-11533
22206
90205
2222
80319
-75351
-11986
-59620
-41929
67893
-5932
62319
79317
-79471
82583
79775
89016
-8609
-31128
-42181
-8204
-91295
68609
-22431
-15548
24639
51819
-69862
-89702
-86793
38105
-14768
55127
-90783
-9998
-37716
20118
91870
-92308
-34544
39779
61341
-14700
-46802
-86134
17097
67498
72515
-24823
90643
89256
2804
56103
-79081
20963
-3581
-93794
-38227
1803
-68690
-72717
81423
-71155
-604
37223
30818
66775
20324
-89082
25635
-67717
80565
10780
95471
45549
79932
-87993
3822
46695
44093
2600
-43106
-78292
-79439
76787
-12168
59496
33343
-68186
-75200
47030
-24677
26903
67118
93308
10232
-79515
39604
45681
1963
57360
68140
93951
26077
-21275
76576
56964
-47187
-60142
12021
72498
-17248
28120
-55436
56853
23557
37085
37430
58292
20394
58209
9644
27217
-85004
11529
-4920
-948
45599
8279
-39092
39652
61203
-44357
9901
-43492
-80033
33794
17251
39292
-11756
56493
-57328
-18962
-82816
39581
-27574
15561
88070
87913
75335
-20884
9303
-66542
-99036
-71424
-77617
42894
79570
92639
10990
-75904
-29218
-70125
-66767
42377
46107
-842
-68468
37816
29485
-44423
-80569
-26083
-2699
74049
22898
94843
19668
59948
-38586
42267
18014
-5454
94746
-36355
32029
79590
22399
-58582
-17345
-56102
17720
-12059
-77987
-95582
-93927
-19328
-81304
-52814
-33925
-50230
-40590
49825
30233
-34202
-46378
-20722
-64950
69111
-89914
-53983
38811
33719
-28049
-25749
55944
-85529
-77429
-6937
-93929
-9248
53634
21474
-11502
71945
-58242
13174
-1825
83106
-61174
-81550
-61187
55292
20005
83606
74141
-80373
745
96761
56731
54292
53267
32717
2647
73920
42094
-54597
-10764
33043
-65439
69224
-2067
-94282
82577
-20135
-85105
-72016
-84428
-35405
32855
-15501
93172
-3301
-74840
34451
69243
-99140
52904
-60463
-99103
56423
-24391
68566
41200
34516
-88753
-7557
-17520
-3898
-61133
-84667
97172
-58675
72211
21806
83999
-26011
90307
-52642
-95308
-43012
57044
-79239
-34790
71633
-81521
-37551
86184
-20936
-21617
-9348
-74830
12474
76024
-65663
71056
-84071
4760
57388
-38328
-10576
20632
-22527
-3177
-1351
-76834
-35571
27361
1577
82243
-7528
-15694
82422
38636
-26122
-8720
-10568
-70393
54269
-60320
39405
94052
-54960
-80431
-50857
-24211
99098
-45784
-39616
56772
29271
-11383
-14114
45623
-94580
67231
21201
96802
-78505
99593
-25016
25378
93281
-32094
99780
-44687
-77009
62442
20981
10211
-61544
-8490
43328
97980
-14447
10480
41442
9388
-91676
86060
-4498
-73304
-38913
-99511
7346
-65051
-91543
-84384
-26440
47795
64911
96205
86248
-11467
-2499
97911
31371
-99655
43368
28413
22314
-80200
-41497
90238
99028
-76437
-39678
-94139
-60161
-64121
-29661
49168
65670
28951
-15510
-21765
14993
16309
-48932
-71218
92179
23205
-57285
28064
-80212
-17458
3824
-57499
-89554
-23914
-52059
67419
47356
47385
-94737
-498
-45682
56325
47977
86787
-86254
24021
75100
-84345
-77331
46311
-45286
-57644
6751
31676
-76758
17244
51973
-79540
30813
-26891
54583
-12668
-49217
-24926
-29487
-60963
-92439
-96582
67344
96922
-41292
67960
-84206
-9762
53384
96606
-99329
-85081
88594
62790
98183
80171
-49197
-74554
30657
8589
-29099
-11713
-75533
-76932
-53446
-70718
-47633
5417
-49747
25312
-83622
-51038
13817
56525
-20984
89040
93432
50032
19779
-27063
32355
-17910
46891
10963
-86263
87744
-89289
-53130
85531
57670
52249
24317
81124
24362
-35712
59657
-32811
-91397
66103
18257
-68674
12884
-10197
-79495
6105
-4472
-66039
13966
-4607
51947
-17594
21276
-67584
-29445
73912
42284
-85691
53866
39905
74462
68724
-54647
36045
-97185
-70632
-60526
89105
-41018
61108
-14702
48947
-81904
77879
54641
-50392
11574
-11571
-98400
-75976
51689
-41262
-73315
99582
-57878
56865
-35610
30795
43143
5387
-65800
-84821
61877
29348
-1022
99263
-46393
46903
75499
53321
26377
-8743
-14915
38215
77243
-43621
17964
93558
95981
-87655
-14969
-28489
-62348
-40721
63418
24207
-23674
-65781
35069
76041
3959
86686
55709
24566
-8623
11117
83237
-22251
76169
-33404
-23511
-33843
85348
-86903
-57042
3350
-41754
-40594
51385
49400
-74318
-17664
-33997
-75476
66755
-91939
58549
31647
62405
25410
40246
96276
-62959
62530
-95730
70568
68804
24979
-30682
66033
73531
23491
84671
52544
-79508
-86072
20379
1606
26916
-15308
-75125
36627
26329
-5369
90134
-8327
-38869
-16545
79363
-74033
-76612
83530
-98044
1682
14184
70140
50495
-73883
82531
73244
-90758
2297
98670
-33544
65377
42055
-45258
61209
92855
17850
44617
-49998
-34345
-66133
31477
-52494
-44762
-52668
21503
41465
94808
48901
-59331
89702
58843
-7195
19857
-72753
-83805
-71280
-75198
50698
-56749
9231
40952
90024
-46331
-32058
78868
94146
25846
-8042
74090
-42005
87313
-1245
99164
17733
94870
-21840
-55788
-44497
-1113
16997
51037
5020
15983
-63181
25310
-77377
98159
-114
-17291
-19102
16679
99929
49132
-37162
-19171
-56736
-39397
-95867
6605
-67778
-15334
-19421
61613
26143
-61792
44995
-30693
-36320
-43587
34374
99301
-38509
63408
14958
-84107
-33890
-36186
7696
63383
55554
71440
49576
-90264
-80454
-74785
58055
87966
-1926
95327
-3161
-50130
81750
71021
-53921
54686
78916
62166
62321
-3033
-81734
33294
-81215
33286
41649
-15734
8097
-43809
-79092
41274
32967
-63794
-38063
8230
20384
9484
-46123
-79708
31293
68539
-40905
-67404
88427
-76977
-10878
-14216
40226
-63272
2422
20306
-47277
-21201
-2015
-1124
7012
99645
-84442
75391
-52680
32227
-73185
-2960
50919
-59447
43999
-24243
-35891
391
-26288
55952
16894
34473
-42245
-88467
87191
12386
97447
3918
-51664
-78511
-19304
-5399
68205
-40664
-29256
-74822
-40908
-18497
33428
40418
-59271
-93772
1917
-47076
-52620
32188
41231
9880
90356
7755
60558
-90698
-79219
-41636
82603
23008
23789
-23715
70375
51908
9421
-67910
-40049
49837
91331
51781
65765
-64899
-69837
-27329
-64481
-23607
55974
52358
-48376
28753
-27917
-42854
67013
11418
-78375
59725
-11725
25450
-50129
-9785
-27349
-21217
-51342
22899
-76057
50477
-4866
-37942
62910
69874
-71656
81530
71883
48952
-52248
9202
27308
-80442
16068
-37107
-27034
-6685
15911
59928
-68378
13096
89984
-41214
84194
62785
-29209
-66081
42526
27584
42
91225
55115
87517
646
-88269
-78646
99854
-93519
-10053
-35762
-96129
-79916
69964
71839
-25617
-41258
-4291
95674
-48985
85460
23530
17877
57943
-58452
-52067
-37503
-89010
-62151
-69032
12073
7061
-15527
89537
-50889
-40727
-57879
-78230
-51434
17940
-26094
78588
-71150
84199
-29891
-64767
-22437
51286
-75550
-757
85544
-19728
-57474
75587
36791
45433
-54685
-79087
53427
61989
-82391
-45147
-30353
-4492
95170
-46687
-85745
87013
-48341
-3485
-70009
2328
36543
79090
-15238
73795
18790
-38524
70660
-59568
73322
97001
-48109
-76014
57258
-77416
-45904
-76317
-2777
16468
-42404
19035
66363
61755
-92843
-33233
77482
-70165
-6280
85603
-53871
77265
-46208
-6803
61051
-89328
83948
-64344
75859
-65718
-39041
26929
34547
31309
29857
48098
-8357
-13347
-3229
34921
22909
98138
-7648
75076
69620
-31730
35967
-24293
15893
45781
-7788
-88647
89694
85289
45158
95209
85772
99785
-71093
13481
30792
-99002
-38480
-61683
82817
-49750
19637
84915
-52395
-80507
12213
-29473
97704
72789
-18525
-85197
3672
-79983
-39921
-34868
33479
-96622
-22328
-7429
34007
51231
53084
15198
-71372
-98157
82491
95131
-48758
-34835
50874
-28168
-69160
-27916
-97549
97370
-54564
-13819
74697
-53351
79790
-87045
-93879
65852
-60951
54585
30188
-64042
-19773
59542
-87623
4796
-49794
-36698
44679
69345
35703
-45727
-37280
12497
63452
13491
3394
3014
-36613
-76321
-41281
-24790
-47627
-41200
44484
9514
58705
-53186
-22922
-40781
67949
-64775
20408
-93876
66511
-1002
-55415
-36656
-61415
-83661
50059
43782
-71333
-37528
46174
-27553
-90685
-50101
-68501
-29685
40239
-8992
-67843
-47880
52195
-87332
-7543
-60696
37142
70228
55694
6125
-91865
15367
4119
32772
85421
-58684
-68514
-21236
-68053
16121
-19829
-58975
-58077
84378
90969
-94054
-14591
-32214
-36710
-71525
-92040
-89047
30673
23959
37930
-16677
24573
20197
75265
95600
-20235
-68738
12571
-9771
17902
-76847
-66910
-41706
18906
-55933
-92551
-33682
875
-38394
42258
82541
-17227
-84459
71260
74628
62834
-56695
-55910
75184
-28705
-81253
9103
77057
-9917
-7369
-62507
69958
1615
75321
-62706
61015
8225
-76730
-20495
-23809
70563
-64182
75782
-54717
54160
91657
87277
7507
-97705
90084
10647
-94259
36824
38891
-38888
-93848
-54453
51417
-7915
-43325
91456
53488
-16424
13514
-50624
70258
-48510
-95550
82579
-967
-91616
-46285
-78629
-53005
-35626
96303
94110
-59842
17271
-53182
83105
-98532
14839
-5832
18479
84307
12024
97989
-54791
99492
34176
80789
-76649
-26907
27532
-5263
-81299
98301
38526
-45110
61608
-23108
-94351
28518
-87000
-51819
-56659
-41372
-17416
14841
53174
25453
3512
-45872
66047
24057
3228
-49002
-97156
45883
-5939
76113
-50283
54827
49773
-41750
-6282
76846
-14216
25583
-30013
6243
-82554
24164
98729
-44212
-30164
-97470
-56432
-51561
16002
-68595
-73940
-80952
-92864
-3563
46579
60294
-22014
27913
74025
5759
-12821
27762
-23594
-33608
-55131
35860
-26534
66228
-122
-80484
74455
-88000
29390
-56443
31884
-66407
40845
-29298
-29630
9531
-18974
-69424
98270
69512
88349
70398
15383
-5679
-46842
3518
-76606
-41213
87159
43806
50953
48689
-80924
-72140
9659
30393
891
73495
-91779
88726
27686
89140
-44131
-97918
-99922
-46771
-74361
-16890
-78791
91988
-20400
31647
-60876
-44064
93936
82574
-95412
9354
-87539
-40963
-21163
90727
60338
-88055
-89202
-415
-48930
-43792
-87300
98996
-40903
-16936
-47246
-56318
-46366
-21510
-90702
-22444
72739
12713
-47314
-9490
-61114
67459
-53721
-13810
52353
-47949
-14473
-6015
67084
416
62697
-23583
10515
-78859
-5754
-16914
1927
6606
-54805
-42296
-2545
91260
86165
70278
98589
-62923
-56961
-50441
-69989
68251
88930
49395
92419
-88281
-19045
26588
-66226
-36110
63019
-39626
25028
97568
59608
4576
-43726
-76503
-94352
-44369
21114
-64187
-40531
-4378
96836
95027
31668
8979
48915
86503
24824
86216
72434
25294
81852
-64139
18572
79551
7669
-62497
-17253
44095
-6515
84607
63417
42673
99524
-40839
66770
-26792
-30735
-88585
-79621
-13302
-80281
98978
50843
-68300
67954
13117
37959
-73276
89345
81950
-56340
-9481
53725
86217
-12379
-36481
-16297
37162
-90003
-76784
-60927
43311
7662
37831
-7406
62592
15736
20407
-78355
-48036
26637
-71598
-22533
-45999
-74983
-4815
-1356
46999
-11905
-11136
77821
50442
-70962
37129
98284
91651
-53294
90971
-21913
-68206
93895
-7785
37674
62681
98281
-80298
-34009
-52344
-41689
-49798
88519
8112
59637
-71088
60751
-73402
41472
9567
26846
41527
53373
87312
71890
-96094
-62885
-13575
3467
-4681
-78121
-14648
15495
-6806
71149
-14456
15596
70547
77548
12563
99493
-80475
-157
69589
92644
-55800
-89801
98744
-75451
13206
-21610
-86607
43283
76591
-34490
85606
-21085
75130
-41513
-4421
77918
50104
-57417
-26696
56093
-94586
44068
29464
4845
71919
1340
6321
59505
-19477
368
-26629
-85721
-75335
95447
-46786
77251
-86572
53215
-67044
88055
3157
45150
-74504
-27820
40484
35014
-4670
-17206
-59492
-2313
10209
16651
-57477
62575
15675
-82482
96770
81500
-71644
33712
46895
56594
29024
-84684
35797
-14312
14999
1067
-80875
-77411
-82796
-6737
14139
16456
57209
49801
3959
71789
50243
-34573
-7754
-49573
-64842
-39689
-19108
-60846
9381
57526
-18016
42706
56672
-3132
44677
50382
-10374
66993
49777
57344
80565
44707
-85396
98710
-3764
-51682
32950
-47606
-56419
13926
33092
8527
99698
51132
-62823
-2521
-19157
94915
60798
38545
-17335
27782
-1506
7968
-87591
-8301
77440
-8921
91131
-58753
91041
-68015
-85682
97421
73133
94989
-84102
-19286
-98214
-93018
-81767
-31345
-44063
19248
-43966
-32311
43930
-25634
-58188
23637
64308
-17871
-68644
1765
43406
-3253
91779
61055
-21196
60834
12311
-79867
-16711
59664
-77036
33423
-70035
44742
30543
10420
-8645
45537
-31457
74728
8034
-30507
-98328
78911
87502
-96891
15877
87824
26130
96245
-50094
-72972
91780
71831
-88045
-74002
16694
-48127
17156
56293
-35764
-44352
-11587
72268
-95489
61766
88258
15970
-62611
94590
54437
51861
-43238
87361
92440
50882
-28025
51616
89427
60247
62637
7905
-92002
-23270
49878
62344
78140
17026
98713
37578
-3596
-52285
-39120
-2201
99133
25959
-84617
-42416
74245
43352
-12093
-44797
68318
39738
-20515
88312
-76603
94581
2906
71795
26705
32464
13720
-52038
34229
82169
-15593
-97183
-17167
-50655
96561
-26111
-10341
-1852
-29129
-40889
-92666
25542
-90006
-15768
-69684
61177
8083
-76622
32702
-58757
33536
84862
-93468
-58819
67547
12930
2994
85278
-60696
-59965
-98486
47925
-32294
-15129
-24664
-48722
57107
65320
-62545
-89973
631
-80859
33677
-43572
87020
-15341
81613
-43222
26672
70096
-79239
55164
27158
-86440
-9175
-42755
46494
-84336
41772
-46683
-89552
27712
3218
27891
51765
70238
-52907
89548
96018
-40571
-96798
10237
44162
-38459
97799
-30563
-31985
85011
57658
-21426
-54291
-55199
81859
-56030
-30285
97801
59591
14617
49527
-86046
-84109
40009
22404
1973
-36287
-77737
72634
1930
-61782
94881
-54653
58715
37672
-38786
69550
13994
12711
35165
-56343
-74642
-64889
-80630
-62945
42281
39056
-78129
-77140
46165
-42381
12791
31929
-82372
-1991
-42515
-65031
21607
-42101
-68348
67327
-37714
-92964
68112
-81735
93678
-4873
68401
-4787
59801
-9440
-25936
3726
-29336
27690
47809
-95909
21931
-6507
-54744
-72812
-66240
26401
6905
-44870
86562
93299
-62985
85730
97369
30563
-33250
-60650
-41905
73632
37565
-72247
-70333
-53311
9530
-93452
26455
59432
-37447
-90991
21827
44949
-55720
-20685
94188
82501
-91055
49984
37327
-49084
6467
-75955
85463
-76714
-86582
12372
-98161
90110
15114
34836
-78222
-89943
-3061
-12155
51229
92538
-57986
29623
74789
91507
-34210
-5882
-91131
-32580
37810
21692
6512
-55405
-26257
73859
-13947
34641
26874
-80315
79329
39125
-72822
82466
-36850
-45041
-69204
-65395
6936
68075
-56480
1540
80256
4055
-51487
-3798
-96502
-86669
-4478
-2238
-30287
37781
29172
-17398
-68869
89141
70884
-93518
-64665
84220
-68223
61303
-72254
4260
-79333
66913
-52072
-60277
79207
-24939
-34616
55450
47839
35031
55281
50316
-4794
98528
-14968
54494
-87159
91224
-9012
53906
14977
38833
-80368
-27105
-13162
-1504
-31177
-77640
8125
9080
17983
57463
-31583
740
77172
43110
-93280
-84160
34884
-48342
23660
-59755
-88141
-47347
-22702
-66449
82277
-17818
-96809
-291
-47336
-3801
-32834
-24059
73781
62979
-95129
-52063
-74693
-38662
1233
-99878
-1189
-23934
-84032
-10561
-63005
-73453
49146
-96414
10258
-15280
76587
34767
-10486
-74547
-57368
73386
49443
25089
16400
-96348
-48933
-32503
-24881
55001
36012
-58666
14396
47434
-44234
19189
64290
6770
-14180
70521
-63588
4551
-83349
-21817
-38822
33422
72372
-16066
42304
-22757
74362
-7807
-77331
-93020
-20857
63074
-57511
-46975
-23335
-59796
14231
-15549
61562
13837
-8454
-338
-47571
65694
69780
44564
-67132
-35311
48345
71951
92367
310
-42333
90202
36974
93738
-2225
-16180
50056
-10404
72388
-26573
-17260
-75587
-45612
-56631
-13420
63172
26170
-13995
24738
89819
16707
12065
-8349
94697
49802
-95596
-23080
-45379
-66724
49387
7635
98516
70202
-47144
-24122
94279
-68740
25591
-13705
-34732
17554
-13399
18767
50694
-29914
37519
13650
8516
23709
-81499
94250
53684
59517
-93000
-82020
38794
81961
-34811
14428
-46927
-71097
65904
-35269
-71148
-66238
94878
90686
-31351
-31061
-69393
17419
26970
78202
64027
20029
-83534
47091
49064
53846
-85343
60068
-20539
40788
-11316
-30006
76551
-94436
-18572
89684
-34755
-65261
81697
-92609
-35023
-5556
-20566
41504
49790
79003
-57756
23872
52425
58568
-80027
-67807
-99
-65825
-65228
-54625
22439
-89627
-85426
-79054
-37302
28133
-72617
-46512
23840
-21016
44060
-64721
21519
52354
30721
-19544
93187
-44727
-40884
-57801
70861
84001
70668
23583
75928
-18893
-60313
24171
58691
66748
33791
42766
25696
96001
96769
-86228
13769
-43359
-65846
-31886
-3814
46019
-33035
63903
72974
-3795
15365
71206
27193
45430
-12116
42284
90399
-81772
-34826
39852
-43024
-61809
-27627
43514
-5343
17559
-15223
-34011
-47512
73840
-13972
81525
21332
39307
18135
-93997
37446
-30287
-12876
69192
-44592
44952
-82014
61854
-55640
73240
-54722
81379
-10360
-9097
81108
29835
13798
-46624
71138
67829
10187
-62221
-46075
25094
-8557
62006
-30525
-53518
-93632
46568
-40012
13401
1402
21558
5965
-19123
-48601
90375
26954
-6286
-82781
13298
-63112
-52993
-82724
58511
-52324
13985
-62259
73835
-58237
8126
-59947
-70571
-63640
-87402
35571
-77995
78907
-37818
67425
-1859
-63596
-3545
31497
-58729
-11212
88531
4392
93949
-24269
-40569
-50306
15368
-15732
-18972
-63185
9696
-39295
32592
-44230
-46093
83948
-15047
-94701
16513
64996
-59398
-73634
29267
34760
-6570
87242
43723
40171
-37919
-12856
-40553
54044
-80003
-43033
22464
82448
-54398
86222
84575
-83410
-94857
38933
26286
-21641
55485
-22272
-80388
89553
-26484
-35880
-57798
1518
-90092
37928
60083
-22819
39109
-37295
-60199
-67411
99242
-30902
-24134
45242
-91216
-12168
76818
85909
69509
33702
-83783
-12396
74588
-70175
-21379
-14477
-64244
62643
30794
-54683
81624
28602
35782
2235
-35702
-38812
-21063
-53840
-31432
-36535
-51990
9678
56936
24100
-62843
7169
-71280
-43345
-18377
67639
-1034
-96485
-1892
-58512
-34634
90217
11472
-57113
-32414
69800
-92126
12701
92867
-86965
-76121
98750
-54018
80998
91306
95922
13394
97541
-37695
-70333
-82690
32233
-15429
28390
88639
-70624
88117
86696
-33737
29888
-63284
73206
-43030
-95297
-17492
68233
-28255
28850
87047
-89684
79089
99040
-88542
88107
1622
-15869
-88695
-25254
25592
71002
-91357
25343
-87344
57197
1120
-91811
74212
11359
50446
33246
81582
13993
-32821
86812
50523
-69063
91349
-10165
-33041
-21658
-56131
-42873
-89211
14030
39803
-96842
-8588
43790
-50470
-75430
40206
-29027
-91948
-24202
21186
-87995
63416
-13991
737
48447
-48249
45835
-75843
-57493
54431
-69997
13229
57385
-6129
-2525
89070
-11305
76105
-99998
51300
-38937
-18443
43348
79550
-63077
28322
76839
37047
-88096
-7913
-4260
-75080
89477
-59960
-4657
-1382
79254
-47324
-38107
202
46361
-90997
-20526
-25402
80804
-41955
-1724
92291
-95463
54958
-96080
19953
60160
-5483
-65225
11414
-14785
-97244
20980
-40297
70584
-65486
-97563
42582
-77377
-50669
-83405
-93964
-89930
-28567
19359
-88713
35848
-71468
67915
85447
74174
3140
-29853
65555
-59327
53808
-6170
657
77485
98015
-31083
74018
98061
-9180
-74
-37421
15225
86311
49285
30272
91593
-56419
17912
79827
73717
-77223
-95890
-28758
43211
90428
43571
75863
-91061
33289
-47246
83776
8098
59795
89976
72295
-3199
-91945
1440
-24123
88282
27558
29217
-48305
-5641
72187
86064
-13926
-82889
34411
-3117
48154
41829
68410
-82300
-30010
-93002
-51767
40638
43224
-68769
85229
-27417
37744
-18927
-84260
80409
2776
-37550
-57791
-1138
-8094
4281
-22545
-5912
-46482
83334
-87567
55003
-26616
43867
-49792
91960
77614
-7845
28174
-61930
-65042
45662
99263
-52385
-42578
-22066
-94985
69044
17158
-87519
-7922
-47618
93831
15539
-82144
61650
78687
-26689
70786
33664
24724
90618
-30193
62585
99118
77708
-36320
-87014
-46798
-76373
88217
38937
2952
62230
-95008
-46197
76030
81324
71593
87375
21349
-97178
23725
44571
25945
67063
-43335
-8607
-43361
-26241
-18141
-74851
-71641
-74522
5399
-98370
