9700
-28534
460
-50288
66600
97342
-37588
-60614
70586
-85240
-94199
-3363
11981
-50980
-8021
12665
6122
-85050
-68898
25781
25002
91723
32881
-65906
-50754
95470
36169
85164
91928
49358
41634
-47215
-94214
-25364
-54300
55018
-24679
38859
93726
-37496
-4819
9520
-95327
-11032
-53352
27849
15931
-74898
92400
-52758
-52145
-38607
-89621
-63566
-93490
-81169
-94554
-14900
-2412
-84575
-71790
40529
993
51050
-17925
59979
52786
33321
-68426
-87211
73595
-11347
32231
97950
-8892
-19256
-27347
64204
-94051
-42564
-14358
90173
67583
90707
-80654
62504
-20415
-83573
47503
3554
-41100
33133
34350
-96131
33627
81662
1835
-66869
22922
44175
20148
-44992
82137
46447
-18980
92469
-83515
29505
62398
84105
99493
2344
64204
25378
-9852
-24098
85811
30033
-5153
-68444
81069
69204
-35396
-83884
2594
15220
-34011
32658
26875
17615
-56704
33569
-77626
62768
-40564
-28334
-83073
86362
66490
-81898
-63871
27300
63013
9781
8713
-59330
56240
41368
4066
-25519
62203
-18240
-85773
98309
8321
50265
67809
-5924
19858
-53015
8354
33339
-20249
-11549
-24736
-68471
75943
-23080
-32315
34928
-11211
-9779
74601
-93247
39412
45607
82326
2740
-9128
-49981
46708
-89908
75050
66786
78678
88985
63448
-95423
11295
3671
12598
96647
-24878
-55756
10005
33816
-9098
15151
21054
-96697
-43230
-42404
56780
45672
54826
-31548
96611
-95869
-13786
15209
-61808
5668
-69925
25703
-82433
87055
-27383
-75915
4435
47568
73041
42443
45798
-51023
-48128
-52258
55581
-56891
-36548
90887
69926
44898
-93303
-70143
21905
84460
-67527
48081
62472
45323
35886
-94272
16876
-58498
89165
92740
37518
-37495
81601
75069
22151
56330
-69399
99483
-85323
-38806
-65569
94940
-29358
72943
-12634
11251
-58574
-90003
5679
98052
-61479
-20196
-52664
29900
-24714
16773
-54558
85854
3328
69207
-83587
-21816
10028
-48490
57586
75732
97160
36147
-58851
68650
-73993
83446
31333
-43565
64138
-70633
-38679
31768
-4041
85997
-78392
18569
93688
14398
75469
-32103
-26558
36789
-30858
87143
864
-69455
93599
4312
70636
50042
-60528
-52129
83434
78030
13663
28574
-61311
90138
-90301
-48410
-39401
-74236
74423
-27237
-6392
-9947
-71545
-49293
40322
29268
86139
-90851
-66625
94941
47133
37310
-28704
-21231
-12377
-33770
-80797
27383
97230
62209
-84607
97888
46181
-20582
-60121
85144
58352
21498
26958
-64200
-92922
-10274
59449
-72807
59873
8550
-77301
35875
-52666
95802
63042
-18941
94027
-67257
1556
9659
-93302
25127
-55964
58451
-9503
-81441
29153
79021
25890
-54462
84028
-95498
-44770
67314
-9149
23545
-67639
-69434
-78241
95821
13578
-49849
-33050
91759
52450
-79787
-90914
-4822
-24714
78119
98127
-10318
34874
-38800
516
7121
10492
-6052
52382
27065
-91253
-65095
30996
-27144
84738
81331
55754
70537
-33356
-33160
-20595
20806
46453
-57926
2281
-76933
28227
-6702
-43993
22423
-93680
9794
-47001
-82564
-38419
87827
60885
8053
56532
-39075
28491
-67961
-66990
-84635
-38461
-55200
44943
-54688
-57801
92588
-15749
-57322
56599
17607
71383
-71454
59750
57805
47518
-5034
-81102
-27508
96014
-79109
942
-85093
-74026
-45642
-83346
34116
-4131
-77115
91198
-59044
43116
-35991
-20706
98100
-99078
-82210
25822
-44568
-82157
1478
1298
-68844
61156
-93212
70963
58791
-76699
41539
-37230
96655
89059
82743
-49799
86612
-49367
-86085
68512
74881
39882
70521
22473
53884
-38066
33385
-60807
75319
-51913
25105
-16749
-85313
-60817
-4310
-43502
58610
54095
43427
44322
-16306
-92466
86207
84636
-24988
-43516
37209
4509
92203
-73446
-54776
-11007
20848
-10863
-95651
64641
-2133
-88277
-11063
-90457
50286
38009
25052
36713
-63562
-59902
-43864
93418
44964
1357
-37500
-95287
-40763
71244
-69204
-32541
93837
-80411
-14650
-27028
17763
-96163
-78785
-31131
24150
9251
-37996
12090
57005
63351
99757
13372
-11749
26805
-78557
22838
-41519
61122
97250
-18898
78894
-53230
74538
32762
-64686
-94189
27183
635
-23152
-98055
12385
75067
11521
68263
838
70879
99573
-73417
78914
73481
98629
99622
-50375
70732
14532
91679
-14133
41932
34068
-59550
-70978
68850
65236
33873
26298
-38134
69623
-43561
-30099
-78599
-56976
-66955
-21809
-2978
87433
-29269
-99649
1795
-99820
22015
-64500
17344
21048
12524
81233
-34452
80621
-15510
-84104
-32063
81730
-11434
72159
-60341
-40677
-5441
9815
-86835
4793
-57780
43784
-79119
-36366
-69043
40307
-40343
23999
93532
-97712
-42778
-34060
60912
57878
-13708
30090
25278
-99047
86384
-83240
33355
31309
-64921
15713
-63981
16424
-25395
63494
-51441
-91546
84503
-34660
42983
1190
40245
-83112
52980
-37390
41391
-19993
-61328
-19620
-66213
34395
-48003
-33277
9080
-95489
-66162
-7115
87979
53067
37878
39470
-96557
-62797
-58549
43839
90123
-12647
-31817
-32310
60987
-5724
-61861
-11414
-84837
-43736
7071
38255
76230
-41660
-16166
-72442
-84041
-12149
-51941
99768
50466
-7910
-59502
64521
75761
-25719
57694
-8448
-45927
18749
-12748
-17529
-81063
-33575
19304
88424
34255
24020
12316
4599
-77065
58214
-68734
30991
-44032
-96932
25807
-51020
97549
11659
-30082
31512
-8379
-9183
-9411
-98311
49495
77654
11000
-93977
40973
-99582
35457
-60445
12940
-2615
-81447
-75101
19430
58033
-50530
60275
-34660
21908
70352
-83723
78451
8113
-88319
25417
-25935
-25444
-25895
1159
-33420
13590
99395
67689
13296
15415
2872
99334
-7229
-86265
-77786
-18439
6071
48045
-49604
59872
19155
66623
-44587
-82047
-94882
-57288
2302
87942
94385
12039
-77082
-91031
-93768
52804
29345
35883
-7227
-27395
84057
-82627
32208
3887
-38319
-81534
-61425
50065
-20201
30060
68334
-17975
-34170
13315
-98324
95362
38005
-2236
81554
6869
58176
33830
22223
-95580
-38352
5496
-78347
-56314
-50678
65957
-75126
-58404
67441
-48358
6092
88258
88952
97022
-85691
22178
95304
-15584
68870
-23582
42858
-2449
-10493
4029
-65997
99234
-29109
29103
81097
-24904
-58526
-32630
-90027
-77927
34812
-95450
5319
35228
55576
59765
37952
-62174
-13705
-80715
17313
-21409
60536
37566
-1234
27577
44626
-94917
93982
-61368
31341
-75
-8319
6846
-45219
5771
25870
76384
54076
-54978
-77688
-47886
-92894
97577
-41331
-94670
21444
46286
64955
3194
-70234
5771
14591
65544
-97346
-98581
86075
9627
-87321
-86952
68179
44148
19134
-45457
16469
-42116
66269
-18004
-87869
1412
-72014
-892
25342
58214
25211
-68846
56720
-79349
86496
-12695
2837
79878
-40532
-37368
63303
16862
4329
92971
89573
65386
-42664
-10754
-81856
-79084
-48054
45420
-94942
63423
47582
-65642
-43493
-44219
86808
-7520
83689
-90983
84889
-82331
83203
97868
51009
-48246
50690
-95317
98718
63664
69933
73285
52367
-10237
83423
7882
-75591
-65872
-56233
53582
95909
32307
-70052
57005
32629
-36210
54539
93449
-98239
-92203
73214
64751
-55917
-2906
4827
-20008
-61957
46967
33334
-47925
9935
77320
33252
-21344
-99646
-98249
-48867
-95073
-77025
-45454
-80883
36870
-74461
-57850
-74953
14697
57653
-41258
92550
10420
62403
-38552
87346
-66868
-83974
-70182
-76789
-35948
-14943
1202
90790
-92404
90963
58131
-43103
-85869
43735
-66806
-8365
35341
-94626
6344
-87979
66847
77528
-11605
-45592
-48105
47539
-35211
-74366
16553
66033
52637
-32648
-9708
78820
-66748
-78839
9636
49737
-28480
1668
-74608
26751
-33579
-9833
44931
-99166
87106
-16266
-8200
16328
-86729
-98396
-65090
-65064
48164
20385
56923
48514
10028
-79824
80141
2206
-41352
98372
4779
59621
75112
46983
-64469
69958
27621
67846
40637
29414
80146
62139
79955
-23753
-31455
91000
46980
40435
66306
92206
15366
-27082
24693
-83432
-64039
16374
-46720
27911
-16701
-25824
28797
80330
28470
53519
59531
47865
-66291
-94741
75493
98463
31477
2844
85967
93057
-39703
1258
-73300
75983
84565
-48525
1197
72422
-95204
-94072
-32348
22016
-54283
3940
20790
-8199
-17168
29897
-55313
80958
55959
47865
-15696
-46124
-44945
14222
-55549
57090
6942
-4298
9615
-31779
-24922
50959
-36889
2030
26255
-76389
3580
19585
-10397
-25568
27763
91213
-29869
53087
82066
32507
-99849
46318
-20845
12757
-32781
99508
94747
-72628
25013
47937
95748
-60954
-24806
11656
43734
85378
-88144
5690
78677
29961
89046
15487
-87564
-28621
-18304
-14061
20263
-32909
-68009
-81285
-18474
-31424
-36163
-22045
-49555
-22399
-93970
17494
72208
64917
2050
-4263
-58260
28220
3151
38820
98665
68389
95979
-39746
-78596
69652
-94193
32564
81944
-46417
-35881
95541
-93692
6118
3301
-84467
78472
82622
-82266
36732
13441
-50248
-25620
-35917
53780
-51742
80507
47018
-42305
71481
-25313
40225
83403
36153
-84550
-26319
-94370
-26364
10716
91277
58028
-6805
-42358
-26533
64974
-20709
-85919
-72407
53547
35686
63445
3405
-72110
61101
-51822
79454
70314
45928
19907
56264
-65023
-3886
-59792
79824
-57792
19571
20290
83109
97408
87499
-62942
81567
-84811
-8552
44480
-4201
17800
-67643
94512
-22879
10947
559
-31634
41322
29094
73876
-11198
6507
48342
-85158
85950
87687
-56779
-40710
-51547
56711
90573
53895
54566
76463
-75803
-90401
-3771
-1475
24374
-23443
-19749
54909
60279
5591
64564
-29428
-18283
3019
75414
-96601
10175
-60767
26913
-26065
-86051
-96531
-67566
17787
-64224
46245
-13983
44058
3060
15337
-86133
12900
79635
89331
-47254
-45829
-20749
-63524
32255
-72349
29535
-1657
56978
-79685
86308
34863
-7247
59672
72225
77897
29524
63037
-23102
-46891
-1375
46456
78598
-19641
97226
-98341
36987
-30452
88276
18390
23692
69307
96819
-25298
22705
-84967
69521
-38628
62596
-26999
7854
96388
-83532
76750
-27358
-80048
71570
95742
66365
-69079
-66935
35334
-21617
51538
-41109
63700
-2749
-23135
-42970
13413
76070
94490
-56683
15147
96582
-71191
-70158
-13799
13749
-64068
21674
-43441
-59667
50107
74505
-92707
33805
-41179
49364
3190
-20350
-64312
-67338
-28813
-78911
-46180
29778
-15808
176
97341
-38921
-40473
-15196
85892
39282
-94473
-17531
-74879
74876
91728
58382
43542
30164
-85682
-11151
-79438
19304
54672
40215
33833
9261
55076
71365
-82003
-86066
68305
4314
-96532
69312
31232
69237
15749
76212
1415
-11341
79399
-6362
-71917
-41578
73417
89107
-24846
66817
-39040
90119
53883
30943
78400
-17708
-14566
-60252
9841
95647
61628
55595
-33619
86292
-9261
91135
-35692
-69767
-83706
-46922
48141
-13280
68601
-63306
-89255
61494
35572
14427
96725
51833
62834
69553
72204
-54969
-82359
75996
-96586
-75247
-62288
-22505
41938
48878
-83854
83097
-91877
64460
64942
-26349
70505
-19839
-67192
-25002
-35737
83200
-52048
2898
-64467
27047
55053
63994
60026
72372
4869
75075
16335
89496
23788
94218
-2454
66980
38790
-32939
95326
64864
-35142
12658
-34356
-98886
-18026
48315
-89984
-14628
84537
75515
89834
78294
-57951
-14741
75318
67578
-89838
68501
-82869
-13241
83167
63322
22237
-8515
-38760
53519
-50064
22288
-49264
71105
76650
15287
40649
-96231
87506
-47709
37758
-49573
-32149
56077
-39219
-8440
-26713
25256
-55232
64868
11466
-34634
29111
-99054
-47843
49335
-55181
-74405
15626
28795
-50559
65805
-11685
88409
-65023
-43776
2250
3000
-61038
7028
-53180
-75062
-63141
82070
-5761
60441
74425
-78303
-33612
-64134
-25984
79457
-29509
-41634
65776
47507
-55165
37126
-15626
88937
29418
70807
-46053
-15446
29631
9155
-71411
89781
-40367
96295
-5944
59493
-69389
77364
-18527
84752
-18352
-26940
95855
-86486
89445
-46002
16022
-41144
38943
-90123
-95375
-16898
77585
-3718
4251
32233
-93551
-76526
30427
-15224
2544
-4653
-95062
-21627
22229
31048
10017
-5870
-54346
30755
-4988
5487
-29518
-9710
-60955
31367
-95283
-75222
-69450
-27014
73544
-86784
-17489
-51722
-98980
-27625
-10536
25150
-65517
-45773
28211
59661
-49084
-53172
78730
64595
-6167
8094
77648
19614
-17442
-48163
-89225
-28908
76216
-38202
37837
-62499
-89088
90449
-99629
-58211
20747
66307
-58531
69279
-93385
48159
-57761
24205
42756
-85316
-63271
-20517
-38004
-80718
-19039
-49020
69856
-39634
62474
-67539
-70975
81189
44270
-87451
-87496
76390
92637
64206
80466
-21945
7074
-40427
-84804
66817
31086
-69604
8759
63320
-99868
89786
47159
-60494
-26752
-79976
39134
-26102
43685
-56132
44624
97020
94977
-84126
-40398
98112
1695
8262
-11452
-41612
-90808
-98753
-53159
97489
20311
95749
-75921
57088
78360
-30637
1263
-23739
-36900
11239
24258
63193
924
55143
82829
-11818
3720
-71778
-44405
-49972
15595
54563
40006
63857
-80772
-55334
562
73012
89539
8916
71078
-81230
25957
28242
99320
75138
54287
-56729
3123
42475
20411
-12485
-84297
-21579
-64670
47787
-30866
86108
-30978
96974
88102
-51295
-10758
-31021
40656
19644
-28807
-67770
-4396
40428
80448
26225
43919
70382
38785
85983
95786
71820
26181
3068
-99240
49420
35573
64920
61484
28682
-2364
-76598
67220
-58016
-48836
7537
-84874
-52351
56356
-85418
15717
79397
-56372
87853
-50368
-24866
-56779
26747
-38489
20618
35807
56785
11803
-33247
4847
85750
-24271
18926
67581
12195
32755
42459
-58184
-38105
86995
-59867
60470
27435
1357
-51986
-62884
-13936
58648
-40975
76711
-63820
32392
68624
-86316
47572
40451
-85431
-62350
-61109
46621
-45945
-18750
82425
96211
-99307
-69944
40127
40673
52653
-89743
-17306
-48576
22766
87392
59935
56768
-78739
41367
84709
-44035
-64990
-27394
-86210
-62527
-20861
98003
2401
55478
39407
-83729
-58446
-68858
-18560
86961
91369
-22383
64131
4937
-63536
-20598
57540
12451
19435
-84753
-39038
59117
-79567
70819
95425
11591
-23751
82921
-25857
-46074
43248
-17153
-706
-37531
-50489
51093
-1856
14217
-7191
73704
-22767
78704
-87638
-25728
-33154
28661
16443
45122
81443
-31422
20441
90162
99362
658
-36089
14409
9264
38881
75376
82927
-92983
40435
-44690
-25322
63492
-44674
-37912
6642
-70079
-11658
-99947
46424
83454
34099
-53856
56562
35913
29120
37668
-10787
-53872
39682
-13994
-99937
36564
5763
-55102
87880
-72964
64794
-10066
54308
23622
-41863
19355
-23782
49560
-8237
-13847
77220
85941
68840
83226
-46101
73291
-68754
-35921
17278
78632
-44771
-22226
63791
-76339
-42665
-97467
11914
48411
-73229
26632
-95949
-7766
-29339
-8233
-46501
-21895
97419
69147
58206
-94273
-12714
82607
-11972
-13472
91795
-57445
26099
72763
94229
-33413
99893
4192
24577
-19778
85067
85535
74486
-6646
-7098
-18437
-7465
-89859
-66339
-61826
-81802
94415
7464
-98842
-23458
4115
1528
-48323
36029
42396
-97327
-33466
-5780
68092
-91899
15827
-44835
50152
37806
-8844
76256
60983
-61881
64074
-37038
-98999
28775
20793
77986
-7611
2204
53883
-53247
28538
7968
72530
97574
36903
32314
-93162
-27973
-65130
48692
36460
-29977
-18078
-73164
-10793
31225
-91622
64570
-15896
-5395
67006
17717
59153
-65953
-46554
-13310
-40744
-14583
11650
16450
-5721
-96390
-63236
-68586
95488
-4906
-85446
43898
-56307
-3457
-88645
-2667
2936
89457
69142
8779
-98147
57973
36975
-65791
72734
28278
26923
46522
5713
-23739
874
-86436
-73536
89243
-6684
9156
-67178
35449
91487
-30220
26403
4208
266
82791
30860
67517
-25991
71301
42130
14348
38718
2034
957
-64739
-5472
70849
75876
-71036
9851
-92473
-39780
57930
24820
87114
-49605
76722
-34410
-1769
60615
-55082
-66290
-17102
19904
-14866
-57281
81960
55879
88434
-93437
-79423
42218
73304
-44800
25874
92941
99383
-84574
98926
99254
6732
95034
-3076
-20812
93785
37107
-3548
56749
-20693
40940
39716
-75133
19317
-4489
-2049
-84061
-27432
94382
-52908
-59926
-40444
67820
47500
-23245
87352
1327
3053
-3583
55077
-7416
-70900
-59770
1969
87420
17631
-96370
32151
-37189
47792
17803
-96981
-58438
-91538
-64259
97787
-40849
94430
84029
-86703
-13847
-26386
3303
-74218
88649
-49750
-18462
-1583
28576
43016
-73650
396
55207
64541
-18680
-13865
-94443
97075
56988
-17242
-82271
23730
23752
96277
42388
-66950
-56087
-64884
70153
70995
79749
-19650
29573
93180
-57420
43915
-45459
-56672
-26709
-61306
74408
70694
-68954
-6000
95954
55207
-12494
-41757
49177
3195
56660
-88981
-50056
-94356
-49703
46030
-26418
-70132
23611
53709
-53286
3043
77997
90370
60181
30912
52804
41289
99820
31792
16386
-11012
-56359
-98675
2303
61846
-92835
26861
32630
-16007
97500
82172
6761
78218
-63083
53476
-67406
-62470
-41924
6952
83368
-37536
-59851
-39600
-32086
-30846
-3025
69759
-49397
71091
-64165
35808
-38822
-10154
-4216
-93121
25676
-7360
-42723
-42508
5512
74108
37938
33914
-87921
-16088
-67253
8605
81735
-67844
-72143
-89774
-77598
76843
-62737
30752
33007
88929
-47770
10940
-42435
26349
74445
52596
-67737
8953
65673
-85951
22145
72692
-70875
64959
-89442
-49392
-61906
-8968
73275
86951
-49170
-98724
-63477
78072
-24701
25037
-19873
-77808
26330
-13161
96689
22980
93901
21373
33742
-78309
-65449
-35090
-28001
43080
-24400
-40745
99090
-10604
-72630
58386
35498
54170
-13466
-44293
5151
79660
47635
62883
94258
38932
1476
3742
466
-92556
41485
59384
-26844
2831
-92550
95428
-43917
-20960
11212
-91052
-66060
-5464
9681
24260
-27468
12486
-33953
64305
-24736
75902
91308
-96440
16049
-26660
-88947
32120
-8718
69873
63049
-20599
3759
-54404
-80231
-64442
-5636
-88987
-8001
-29034
28895
-69854
76864
-14999
-35749
82172
81600
97998
82329
56492
-89224
-30623
75829
57247
-69098
30944
63139
53273
-2959
-23329
-35587
-35595
68966
-41646
-22742
48330
-45163
81416
-23060
-90902
41458
74167
-58875
77764
-52984
-72462
-50617
-91351
82832
33463
31479
90156
64618
88804
-47587
-80030
28342
-32630
-98453
-53048
21778
76058
62152
-53308
-56976
13372
-65161
-36348
77778
57151
36265
-65981
25381
-95829
53787
71786
-72905
-29135
53613
-70445
73303
-69180
32833
8808
-24120
65793
-27060
11434
63265
-50423
91132
27214
-48828
58415
-99706
51073
-67527
-9715
-35509
24141
67302
36209
-46938
98835
-77907
-69835
-82155
91192
38242
88684
-13631
-35683
66983
-15240
28971
-62650
42407
13049
19637
-87332
-11093
-90208
82635
59405
47772
76385
-12564
32529
18966
-35769
-53095
52680
23524
55585
19864
-74689
-83042
91802
91429
61074
11676
-54425
79542
21547
45462
21593
55977
-18264
50394
-12782
-35059
-18149
70696
-23404
26890
-78165
98669
71541
-72402
62487
75546
-56017
-76524
-4837
36513
33491
-7181
-68117
-94260
-67810
49152
-59108
76474
-43036
-7295
-30046
68342
35177
-72464
-43660
62517
54415
25544
-43188
-51988
-77335
30702
50122
97036
96173
9087
71928
-8613
9544
-75278
98089
-99792
16332
39722
38970
59339
-84027
-70885
-68550
46734
10089
-22634
-10906
73244
-20115
-69774
-18163
-10355
-27660
-85607
-5166
13771
-76766
-64212
-45168
57484
-43697
-31404
-50984
7980
10392
-72026
-92523
-11610
98703
73266
9553
-37202
96338
70121
69456
42415
-4679
-78040
80154
-74532
-37591
-26267
-28457
60917
45254
85301
4178
-95400
32517
-73865
15840
19649
-6177
-21983
-19750
26848
-80991
-59099
-67195
-71146
-82016
-97473
-23725
48395
18058
-31650
-26494
-14354
-70696
3052
76707
26442
-94944
-98692
-26187
13890
-51641
11983
-19792
39657
-65644
76675
-53795
64
91743
-95399
66274
-24115
-73176
83489
81308
-15084
-43452
-1404
36517
86645
2161
-73874
79541
-32799
-27893
19158
13604
-82886
-71976
87851
35597
95623
-93187
-58532
33231
-28079
10836
14020
-81683
48604
-14123
-38863
13909
-1851
42609
46800
8254
71605
-14147
96694
-598
-28609
-49717
-28915
-41461
72092
-61931
-3815
-36862
25664
50323
16486
71106
-30632
25900
49232
-29997
-81053
-31224
34863
75891
-44886
28548
62173
-33642
-35299
-46593
-86300
19342
79180
-16431
-20279
-97337
28222
-36644
63663
-90775
75314
82426
93738
-54304
-55248
60630
40865
88120
-502
-20393
-33185
50593
7988
2422
85494
75538
42365
48048
-29744
-2934
-4567
53335
7315
23666
96749
-21884
47344
30495
35207
14567
11465
33011
-54217
83519
-2499
-59613
49309
-74972
27857
-68013
56496
-69758
-52356
-50147
-15784
-20576
-51953
46896
60138
56350
50111
23509
-30658
83966
3344
71501
26861
31640
-82528
35863
32364
18417
90190
31118
-95936
13351
-85627
53806
-50467
-39101
51368
5495
-63329
-26255
-31140
-73046
15076
61131
26220
-86864
-1660
-96495
-89059
33690
-91794
77173
51856
8067
-16160
-67821
-55923
76370
-21950
-27714
98481
-14180
4640
74806
86391
-25690
95106
-48523
-66148
91976
-18198
52520
56882
32236
41386
66299
32067
68406
-31457
-19699
-77920
50814
69837
-39485
-4347
-33160
-33255
75192
-10582
-7051
-89571
-40494
-7703
16706
90219
25328
23750
-1106
-97950
91967
71648
-82198
-68250
22892
-51021
-26936
10111
18164
6855
-53530
4560
-66985
-63111
-7580
-89039
-55062
49060
22224
-18516
58060
72364
51171
21265
-7759
84007
-50011
-31306
-38
-59736
76395
63503
58085
-91992
-14591
78885
91968
58451
49698
17398
16697
-87827
44388
29546
62897
-11873
34993
-54803
-72144
-8478
20143
-60563
-41710
-74169
-78399
53042
32222
21024
-20825
45781
-77257
-92082
96257
-53346
58987
75496
-68751
-31938
60073
-67579
84765
-15771
-22129
-12185
-9773
94977
35874
56964
-57784
-12971
-70505
17842
66105
19697
-57074
-2386
-57101
-75245
18590
-38135
-6483
82202
15563
97519
22547
-55325
27092
-17707
85086
-81470
-85655
-27010
-46434
-4833
-6
-40213
47577
18858
-24917
17245
-39666
39932
-59164
56072
56594
-90292
-34556
-94378
-92388
-20854
-61003
66324
-87716
53723
-53670
36541
73541
96562
-40411
-30239
5164
-43192
-37498
3826
9864
31351
11518
-64789
49625
-89735
16466
31390
-2714
72375
-9638
-57960
39006
-90479
88184
56626
28832
62378
42406
-49609
83030
-78740
-9047
73197
-67908
-39905
47778
-16894
-17985
87841
-82237
20245
-69248
54019
31455
-85347
-33737
27712
-69159
-23750
-31051
-63909
-75714
43286
-90750
77972
96047
-62344
29540
-94970
-53897
-97563
-59583
85600
34619
-44173
16028
-29058
-78385
74923
-16453
28067
-28891
-55526
85929
31317
-74272
-63372
-62761
-6955
-78393
69670
10910
88570
85461
-9417
7072
-19159
19372
-167
-85300
-13517
-3030
49682
96320
-29557
-78508
-83390
-2424
-43230
-95888
58320
52420
58529
-97873
-13579
-4760
97411
-23866
-87515
3742
51724
-89059
6869
75590
94313
-76000
-57491
34589
-90139
-22988
396
-68549
2502
14404
85938
-47882
39106
90873
-27505
-68124
50081
-22840
-7067
79294
-41872
-41051
-41316
63457
-61473
32661
-44894
-43026
74168
48801
-47748
-56048
-22532
-93402
73966
3357
-27108
66954
-77309
77462
96081
36553
-50374
-21239
4952
-85395
83277
1814
25229
88028
53215
-73522
24227
74891
76929
97655
-1282
89104
16224
66924
87149
-24170
55503
55265
-14073
41194
30445
86405
54945
42546
15987
-82496
77033
29948
77532
20891
-37086
-13644
21233
39231
1468
58480
-3088
-3370
-30385
90662
-96168
-28978
-44044
-88771
-29612
-71876
11648
94592
88514
2397
75998
-16017
6238
-13769
-18808
50736
-48369
-4642
23074
-44701
45326
-18670
92723
-87853
50735
-57658
68288
77959
62990
-51909
-5753
95033
72727
-61557
-10987
41054
69169
-43326
-69244
-37980
-7864
-52953
-42411
-74694
-26059
22232
-12698
-25848
62541
19347
65872
-7104
-85373
49745
-29345
-30900
-95046
7884
-72274
83047
8108
91746
82399
-79864
74928
62034
-85323
17208
-88789
-86942
65934
-62651
-23531
-70557
9023
-3761
68711
50445
89870
-81153
-50018
97924
27782
77016
36015
-8452
-48901
83685
-82169
39352
-90085
92050
1469
18157
56364
-77481
92183
-27898
79271
-46833
33462
65537
65073
53159
98271
50806
54258
50289
91110
-97288
-68524
-10472
24633
-3948
76250
-10066
-59642
-98890
-43366
92642
-26742
-62741
-30887
-61555
76472
-46590
22849
-11989
-23550
-94645
-75711
18982
18246
-20671
-52031
-7154
71768
-82428
-26751
-99610
48360
25470
-74163
57624
-21552
56104
61599
30344
16893
-3035
7121
-25659
42231
83724
56764
61340
58958
47107
-5837
-97785
-92509
-37818
-46507
29955
68688
-90105
83
3775
94965
23792
11199
98288
-69472
-27452
-6068
-12095
12824
-89373
-25624
-74968
68934
-85972
51635
32020
86273
-27395
-59558
76546
15796
21781
213
28463
81454
73883
-40327
-97688
-81786
-10696
87226
-93827
-10775
60703
37313
16404
-23934
61100
83878
-62183
59204
-93206
-15798
31315
85271
-60305
63316
90834
83420
-78622
-18426
-9787
49247
89053
58939
71528
-20840
7213
34623
-31334
44894
-81418
-30517
-17012
88937
948
539
-22250
-78654
-49252
-1874
49955
90569
-26335
-1830
973
56483
-89518
-35895
-62012
-81410
-91552
93652
91175
77058
92606
55802
10421
-54763
-73951
-12163
-72227
-2165
85863
3353
-67215
-71895
40787
-65183
15353
-27756
18550
-28295
17252
-21797
-49813
18986
33049
-25762
-60039
-67483
5612
65689
-56869
-57129
-63187
-41647
85211
12517
-79270
48857
-42342
-47803
68532
97601
23213
94072
-59921
-24868
610
-2200
-83774
-54739
6240
-93159
-9633
-48082
-58452
55375
6397
-8132
-29240
75901
-37872
64930
-20682
96549
-15078
-92864
-52966
-33263
-33957
-93737
-80131
78252
11940
99636
89262
-323
4938
-82633
-63742
-93759
-54219
-54849
81533
93221
77912
-41611
-49271
-69667
-17157
-64783
-74845
12772
84724
-22580
-56427
-22512
-33740
98755
-41891
-9967
75133
-636
-34579
-17210
-3535
64409
-76788
-45573
8262
-75346
-13350
37571
20310
-20608
-46544
50031
83219
88356
87462
-5528
41048
-76174
-69330
27182
85594
67660
55965
2605
-93123
-68722
-71542
-48583
-40701
-25644
19919
-12121
-6049
-60382
-6163
43975
-80024
80884
-80372
-68095
80041
43747
19999
53643
-78635
69233
74406
2628
-35368
-6671
-55731
45744
86600
77782
-98190
43857
-10758
32662
-37756
926
-53711
-79942
-91962
-5918
56370
65477
-32973
-85644
-89805
78206
81404
5519
-75279
75484
86125
-78323
-94559
26574
57773
44613
93694
60900
-50332
-13315
51457
82525
-73033
-61170
-71441
-30003
-34898
-33965
88972
-75605
69559
-52083
-59731
-22411
-13436
-47145
50475
-73600
40463
-15104
-66573
97824
-71427
-950
-86917
9071
-99296
24766
-53041
8254
22423
-50198
-4727
19606
401
-76359
89759
53609
3758
68141
-44009
-22118
-18106
41595
-70635
81958
57090
-84734
70869
77741
-63064
17642
-36749
-55391
-99787
65813
87655
-13814
-33373
-22587
58255
74995
66250
-72502
69861
47989
-14173
-66266
54288
-36643
55975
-48129
-51882
-91908
5142
56063
36718
9356
71123
79756
23411
50682
79276
-96033
-82251
96341
-18824
-69373
19690
-27183
-83815
-3476
67266
20471
68065
-10574
77336
65197
-70319
-42200
-43516
-83043
-1667
-30947
-19763
90053
-66357
21871
1276
-56293
25690
-40314
48588
83483
-59265
5044
-58563
78190
-65046
-68441
99463
26616
-38553
-27639
-44564
-40513
-59391
-77195
-75098
-92749
-43711
-20267
73536
46046
82452
22684
-12863
-26839
-11702
5085
-48574
29832
-88069
-89658
70241
-29693
-25788
-11715
18638
2082
27631
-30314
-53949
-74827
-99024
-79698
5328
-80643
83788
-2713
75220
-48966
48533
-95488
17736
45074
-16368
83791
64117
85915
-4745
-54370
77382
2373
63513
47456
-28552
-3545
59615
67726
-1619
23588
70315
-15389
58464
-4294
-89703
-79568
-94861
-78233
-15449
47132
-62043
-29640
-64271
53884
80415
46191
-11115
53835
-70483
-48496
-23563
67846
-80374
-51192
-36454
-9561
-82925
-96773
16757
95803
-9058
55464
-26238
79138
45156
-22533
66054
-1629
42073
98544
66295
85482
-77667
27167
-2182
67999
47370
-98456
-13690
45283
-43346
88763
89960
30889
19027
57156
37345
1071
-6215
-80782
38186
84824
-60507
65187
-90152
20456
57362
-65234
7321
-85029
-26426
-31284
96926
-37022
16384
-20061
29587
-45189
-84979
-79503
34121
-72148
-39622
18321
-17611
65819
-2524
46829
42066
-20403
-90709
39489
-81631
96185
28805
-3577
17937
4936
-50129
86341
-36679
17388
-76099
-17809
-73663
27674
-56429
81977
35681
98277
-56532
-80066
-25599
-56136
-14249
70470
76416
-82064
83843
-95689
-74159
9108
92719
-98021
35519
42930
-10813
-60086
-63663
-65961
63869
19956
-30776
-37462
22084
24717
51717
80229
42329
-72299
-12473
-36623
61227
-74301
-2413
-32738
-97719
71181
-31508
12284
37746
65495
-36350
4505
-25656
31926
-1049
60054
51939
-39009
-74180
-78872
-44542
-78544
-35286
3817
-34787
22171
-55028
-22440
28630
88811
-7190
10867
57805
70772
66145
21040
-83374
73244
-70818
-44781
-81354
-27969
-19063
-39314
-2758
-54845
30846
20859
65449
27450
-28938
-25201
7874
-25427
98884
99260
-56755
73419
40700
51910
-71346
-68818
-89490
90623
-39337
-37178
-27376
-30846
-7240
-99868
-2887
-24504
52754
5157
-95094
54378
-42614
-74951
-37401
-11661
15641
-38641
23203
80417
44095
22367
-2246
66617
-47337
82515
53559
25540
76230
23507
-68682
-20695
-50931
81196
75140
48616
-64129
-61220
8354
-62095
59724
44476
87209
14367
93883
-29046
-48889
78036
23414
7570
-30617
90865
-78721
-47751
23663
-72846
4353
35814
21603
75429
33217
-7923
97959
29317
19635
-7655
30753
-20169
-12503
-25994
52093
27232
48230
73400
1482
76193
-8687
-45141
42369
8752
59013
40632
45286
-82604
-74427
8048
-825
-89156
-10483
-21576
31842
-90051
-76285
-65390
-88988
45735
-11251
-88956
10059
29698
-31940
-58970
47276
70186
-48795
-45171
-18543
56196
64913
464
-46918
79196
39050
24883
-94524
60509
83350
-25288
68136
-29588
39808
-80770
67994
79201
7569
-87085
27473
9122
-18722
158
73190
5790
-54917
17762
-21738
-68573
-20979
57264
-33374
93661
90557
84972
-31210
14252
3977
-21639
89574
-75424
-80012
75588
-91341
54868
-90978
35242
60589
-19036
16750
-46329
-28141
55244
-78421
96092
45271
3294
67050
-12004
98589
-5280
34338
-83437
88481
61376
84891
-16589
-74569
-75404
78213
-28355
77038
-91022
87909
40457
-51314
-93623
52778
-79118
8321
82075
83870
48160
-88882
-26377
-42056
56435
-46720
-69801
-11634
-8440
30245
85491
-93465
-51860
64306
-53825
30255
31899
-92604
34056
45316
-82061
-43967
46502
23917
2490
31581
-95969
60586
-63416
97977
-62695
-35610
56339
-8859
-91719
-70391
-99435
78726
21724
-56406
79964
-19885
45808
-55838
27502
-19399
-22223
-82949
-31978
-87329
51132
-28792
27023
-86396
-32687
-22322
2444
-60989
-38230
-97760
-81310
52217
56370
50952
-4589
35197
28260
61537
-60232
37134
-85247
31042
-73718
19211
99821
-71019
4877
69595
-68633
-20027
-24295
-49172
-37021
-73899
17734
-9127
97606
-83314
1651
90917
-75843
-36911
-25805
-11484
66555
-16694
-18219
91385
-97779
-47291
-48753
77114
-4837
-21670
-12282
-22800
-44739
-77628
-9923
89850
43895
-64688
21655
-8239
69779
56369
-1910
-42331
-19942
20592
69539
-42521
99950
-8256
33007
-28640
-72761
32112
22925
21886
24584
43129
-29426
-15761
39741
-35529
77126
68902
-2700
98869
69554
-49093
-30475
77537
-21947
30895
-23842
34974
67473
-96883
98144
-13384
-50865
80875
-92016
-65229
-78453
-69680
87210
-38020
84655
-26064
-88855
-91071
15465
-24430
94524
76764
67068
-16750
47397
-29718
91808
-57981
-83917
46138
7895
37868
-42406
-36254
51854
47539
87660
87851
76971
56216
46390
18412
-24391
16664
61177
-47948
750
12722
66372
-32991
60693
31685
555
-41203
68252
89752
-98074
-39512
56060
-78732
-12024
84449
-99904
87084
14681
39742
-2443
-17091
33875
-88180
-787
-23024
-25866
-46224
25519
-4964
32712
-87845
-3650
17768
-32660
7772
93380
15598
-94882
56783
78876
-41637
68489
39987
-48967
-40269
77381
-49510
-49098
-57198
-28432
-32199
-52870
-94323
94248
51935
-23225
-66057
-51422
-14717
-46752
73664
25450
23798
-29931
-11593
2999
6583
70380
-65169
-95958
-92059
-95442
-57856
12835
-23473
25931
11429
-56320
3431
45994
-79549
76723
-73514
-60847
-74679
17471
-22679
-31570
-50254
-42865
62568
-29120
-48601
2611
-57849
-46619
2050
15608
28726
-29504
52014
-14174
-5485
14598
11690
-76408
78207
86374
5612
-93427
-6962
70675
-77406
-17546
-72616
-58897
-34733
-91795
-75283
35605
-411
-74927
41189
-8829
88823
32888
73812
-16542
-40466
-6270
-5155
68916
-57586
23195
39838
39897
-82242
-48884
72777
65918
-35154
98494
-7982
-93725
34772
-5939
-6780
6150
-74927
88133
48623
59761
82035
-836
-44164
64733
-73005
-48052
82849
98562
-82145
-28821
41775
-13636
-18254
-82584
37320
21659
20127
-50301
-58961
-75577
94477
61546
-19592
20046
-5892
-4148
-1506
46668
-34202
-15524
80947
16054
-89408
-12636
-95886
29443
-33249
-7805
-29264
16055
-4488
91973
-88847
80589
-37312
4509
-31337
-83776
-20750
-40703
6581
72950
50735
-81822
-12670
41290
17791
-18617
-38358
31668
74869
-66939
-20290
-44201
73585
-52707
6602
91879
-91776
-62926
2823
-16075
79710
48549
96935
59737
94491
-65649
91470
54459
99674
-42086
63265
41854
-23562
6524
-27786
47305
57152
27858
-51221
48114
70500
-93035
3602
65353
-54358
94267
6410
20991
-28968
47404
41385
-70606
40756
-81313
57173
21718
-3290
-6575
-18510
-44607
99772
-28254
71605
-8238
-99128
-77812
96088
35583
-75804
89216
-87386
-75461
-81706
61599
-38858
-17152
34766
-11055
97844
-42562
-41652
-87738
-23846
31968
79134
77575
-66241
-99017
-91257
-1416
60614
43461
67836
-82388
-1417
-34136
74568
-77211
-89686
7714
80207
51623
-6113
49345
54703
-78281
16491
-26897
99266
99253
-89075
35160
46912
-48237
59551
-57357
-49150
72113
85480
-11536
28065
19991
-69554
-10819
-39171
57870
-61079
72500
82713
-42789
59314
-62364
13156
25881
-9318
-85062
-93677
-98766
88119
-3125
82025
89081
-9575
-32319
-89768
99111
23035
96737
-78335
6833
-20011
11765
13336
-92222
57038
-64806
-26845
38554
-85617
-60120
-55583
57603
-52109
17017
40711
14827
-77030
96792
81445
-4253
-79523
-49144
98280
81267
-34660
-51474
-3336
98071
18290
-29028
17858
41115
-17270
84730
99856
15182
-4213
-21549
-17325
-49306
38191
-98887
8835
-94864
53361
-11242
-75939
54129
-34971
1745
59339
-86434
32161
-26919
73442
181
45593
14481
93509
-38537
84809
15960
-45082
12482
86539
-11660
63533
-41906
-83448
-94950
-2447
-3132
-9845
412
-64733
-55946
38769
-27921
85322
-39233
58621
55000
-84696
-75272
-81144
31667
19964
-17068
92821
90272
60449
34393
27843
-63285
-18988
91324
7387
51797
-53742
3799
68937
-540
-68704
-37303
56936
82436
-97180
65706
59958
73848
39537
-12375
-58777
-27295
30880
-571
-49003
99082
62361
59492
51092
-85682
-16399
80147
-93596
-53338
-85266
92507
67968
-85997
-2907
63420
-66669
-79132
-86780
9929
-15094
-31771
24172
77343
8324
95268
-71626
-95997
-10394
36769
-62057
-936
60812
24209
17630
32249
53594
74831
33498
87161
80688
35104
-55208
36660
-17988
38049
-57847
-35502
-58967
-95153
25219
-41896
12597
45107
17822
6314
-89056
-77080
35711
-21535
-70592
77258
-37583
-94267
-46991
-10051
58414
-26457
52778
83607
-60098
-13922
4140
26411
-55881
33756
-71661
36915
-13342
25388
-32433
64857
-91458
-46774
97516
30562
37278
-76386
972
-68488
4909
93271
90871
85970
-77998
71648
-91383
54146
-35730
89922
-4342
-29158
39746
51414
-10597
-63684
-54098
-99995
-78133
-29571
-72556
11678
27785
70006
-3109
10547
60916
-68121
42384
68240
-18097
70983
-12954
-93576
-32944
-44180
-78370
5118
47063
6867
-60670
22622
-44740
70477
-39861
96950
71745
18055
64866
-84700
59878
53428
66820
-56515
-26916
-77351
19518
93414
90449
-5772
58392
72659
9258
16266
76366
-3750
-1905
-32244
21177
63859
-58849
-5339
-65587
96526
-76411
42915
-27397
72081
60834
-57921
64119
-6163
50794
-50358
84052
66524
81611
94006
-54902
98937
-90169
80959
-4582
92859
-86685
1396
91144
90063
10743
87142
48071
62866
-51226
-4244
19187
-45592
-71960
88271
-54088
-78916
-59069
-21799
87376
-33644
28889
62325
-22615
77839
93978
-54845
32100
63358
40985
-8581
90234
21277
12220
98043
92729
-62995
83982
-57746
-48660
-90257
10095
80475
-24871
59774
74731
-86649
43108
25097
-24217
-19512
-50671
71789
73527
-54808
14631
78827
-39795
4146
-80080
41547
-81267
25436
-77092
-97588
-37636
-87024
-955
36038
-82922
8473
-15795
-27170
41342
-66713
87587
97574
82576
38206
64293
-78513
45586
76481
42335
95115
-69302
-60969
-35022
-82493
-98647
30392
55440
-44750
43237
56406
23076
-66787
-51804
64554
89102
-28369
92884
45657
-8372
87476
52567
98435
-88524
29042
46172
60201
-51938
75104
88649
20792
-45922
-16188
17044
-67594
-20370
-76500
-54095
-83064
-17621
-33592
21478
47261
18358
-82910
-86918
-9285
81851
-9860
76299
-44316
-37106
-82875
-29185
54500
50545
95351
85651
35642
-44814
-22128
-43121
-26847
14129
-27862
-82598
-51974
-31872
-98567
-33622
-38249
-19485
-31711
13779
75046
-78538
33522
9473
-9288
-43026
67521
-8383
74925
-45449
-47452
-92615
59710
59325
6217
61816
-60953
-58233
31091
-20248
-8209
-95683
-95853
59168
82133
19722
-68481
-27562
82585
-50532
52625
178
85796
94024
79519
-58947
-70828
51915
46674
51384
90664
-37972
-72475
-18551
-24763
78781
11900
10960
39971
-81600
90654
-94375
-52521
-52955
-879
80170
58877
-6607
-55087
-12101
-21183
-37509
-72724
-46267
19658
65489
8445
7859
-77052
-1033
-28221
-54091
90569
-71089
29277
67636
-86036
-92780
94756
-56928
55585
11392
-5019
-66716
73036
90126
44665
-88261
68516
14554
59075
2460
-28540
28324
-6458
-17263
-31794
10483
28128
61606
94076
22230
-9625
4412
-65787
68421
-63969
-45315
12520
41383
91349
28905
-77289
44589
21274
-57137
-1085
-44901
68703
49624
-15872
93223
18730
56382
-75242
6714
90355
-52838
54819
-67821
57949
-72486
-98256
-92661
-67692
-3311
77774
93619
-63233
6056
-18388
-14503
3298
-67790
94649
25130
-6316
-70434
-77648
-21711
6423
9285
-64891
-2051
-3175
-69277
-5014
-31519
-69178
76707
-74754
-77611
-36536
-12717
24019
51194
45724
-24393
-32038
-25733
-5550
-80967
95981
-22321
-12255
-50946
-26183
13339
17892
4051
-82682
19123
42357
-63674
37157
-83391
68389
-25711
60853
72766
-8811
-53262
15953
-90594
-13516
-18602
-28583
-37559
-77483
-90829
-41700
-15805
4011
18485
42527
89964
-30748
55824
36493
-66973
67616
13876
-76678
10246
2125
-16929
-69995
-74219
-21023
-31156
64746
88821
73906
23113
79826
-84720
-18379
85158
-51656
78425
-19183
18825
-74552
-69971
-16865
-20065
48309
-43627
-50431
84461
9703
13096
48476
11460
-23104
-77938
-17165
91219
-73654
61471
-83167
-21802
-80769
53225
-95117
-86035
-26700
19089
-49825
73223
28130
-32496
38821
-56195
58834
-35233
-29631
7419
-57179
-88914
4234
-77287
-41539
-44915
-53525
-34872
-78068
56494
443
56999
44599
49345
-67526
-44299
-10202
-28353
92266
23073
-62678
-21309
-19513
-42114
12428
-72302
-37979
-42990
52206
-97157
-93018
-28531
-45152
-78054
-73900
-45801
-11326
48374
2913
-54398
-69999
36938
-7880
53343
-59696
18081
-74497
-49940
77459
37786
-724
-20629
-82261
74827
20225
46670
69609
-43774
67173
-87410
-51631
-79961
-90207
-30822
-58275
-51459
75827
61869
-5014
-57849
10386
39224
15875
-58105
-11584
81727
-60407
57762
-51963
-46784
93947
-19489
62221
-33843
-49432
-84402
-97696
77435
-77074
82693
-33031
73971
22317
52998
95046
95333
69518
30204
75515
-63331
-22870
85156
82387
-26898
93848
87625
-14299
52106
214
-38617
57119
81139
-46894
81009
91745
59148
-82474
-38610
-95368
19977
-80433
3966
-61259
40902
48376
-98181
-75926
17395
27496
31291
11200
80428
-86220
87601
93048
-53146
-83326
-78221
-58756
21445
-72533
-90474
-98015
29387
-45108
-52939
99132
-33876
68330
-40751
14430
6077
31231
-99054
-84371
-39286
-92379
-67732
-96224
-20218
24350
-65379
-37866
15837
23166
99922
-89388
-89114
-30219
-37719
86809
13172
84989
-29166
9376
76044
69212
-57138
25970
-42832
-21354
17818
-77403
60634
-97101
7973
70964
16581
44712
13756
-60292
-38940
-44827
57606
-95663
-74762
-84230
-2645
-33541
-14159
-2841
83665
77456
78875
40318
-83266
69103
46840
-87625
-38495
46038
-36194
23888
6188
93729
73828
18655
62234
-44064
69177
83254
55054
76691
-55920
62769
-1700
-91771
60025
-84450
-416
32322
-6005
35338
-34996
11701
-30146
76388
48192
70499
-8811
-92976
81938
54206
86968
92427
-57619
-52057
80032
60982
-75947
-34941
26283
-44031
-18552
77561
55375
38901
56960
-5819
15339
22301
27030
-81412
-2759
93522
99776
35932
91168
-31390
85755
53583
-12314
-83555
-45884
-35971
37379
76283
-25089
-67190
90320
-60051
58939
-12365
31198
91519
-63347
54848
50212
-78234
71193
82151
-42864
-70036
45039
-51907
16190
25461
-28911
-12519
-40122
9644
-73645
-37945
46064
-35761
-80421
21286
-47933
88661
-82488
27231
-965
34104
74159
88898
-20904
-29150
62657
-8450
-63917
29624
-44472
97341
63596
-1347
75536
81818
21278
47461
-98590
-94400
47668
38135
8684
-23584
245
-22563
9276
-37298
30715
-42933
-51989
-17415
-54174
-84278
18966
-59323
-64165
71008
-44728
-38009
-76384
57950
-7052
-26276
20802
-1018
-36131
-78042
-11362
48150
-95848
-4443
11310
-23243
98153
18093
87163
14969
25867
56009
42480
-7661
-78004
65005
49867
36824
4756
-16368
-31636
-58004
10182
45550
-36912
49229
-71042
-22888
-67241
-51527
-84997
-33098
-55679
97213
24214
-37477
-41545
-91172
29488
-51837
47494
54168
-78485
-33044
-78170
69728
54415
33037
-33160
1429
-29364
22647
26639
27706
-49633
89543
-85978
6137
64781
9733
-16209
-18100
-51572
-74659
-94005
40206
-17727
82232
-84267
17055
-32988
-62923
-40680
-6547
-74432
-70327
20385
33062
-34985
-67216
50800
-34121
38115
-13490
4424
-2113
-94346
12135
-19738
28309
-57597
-31049
82574
-35342
75253
-99472
31232
12477
-59267
23182
-67830
-91982
77289
-52776
-2505
-85075
18672
-12619
76709
-21735
-61110
-86041
-75660
-11088
25660
88041
-64742
-41235
-57167
-92767
76244
-89258
-25980
-79806
44087
-74401
59419
962
95973
24701
-12115
74802
-94949
-52151
32035
19199
-74074
79500
40412
89283
-37771
27245
-27125
-71159
-66486
-2764
-11140
46620
83659
43898
-52108
-26934
-35595
80239
63349
-75974
-32336
-68984
-66208
-15257
95933
-38141
-52491
39736
-13621
-96232
7030
-30978
-69975
65598
8811
94281
75926
-18858
-83074
-31513
-68811
31672
-83322
96698
-79459
-3751
24225
57205
36364
-71914
91449
-6221
-97989
61727
-15958
-33164
94540
-91453
4794
-96844
-800
62227
-19514
9194
-17915
-10570
73342
8858
-15668
-19703
99463
-36393
-7687
-76752
38847
-75879
-20588
50622
61213
-40138
14301
80765
41589
41921
-24484
31322
-10725
25404
-6186
-46864
39456
97018
-34660
-67217
-58120
-88490
-16707
68840
-36548
-49975
59355
-7367
69706
-38932
-40485
-77168
56650
-76981
-72394
-10915
-32180
37282
-67411
99608
39565
-28553
97177
-92500
-4135
-45293
-62688
-67265
-21046
-25954
75716
-65761
238
-22634
34901
-29366
23430
95276
59527
43353
-63445
-6021
69662
-61301
64716
78630
20165
96746
76562
-3892
72319
34844
98468
-25750
68085
-74487
-4794
33422
-467
-22877
-61220
-86860
59483
62742
21133
33471
-95726
32270
-79229
-27947
-21741
7648
75406
60119
-21946
62230
50920
-94724
1478
6874
-71149
38793
-9449
77757
-2849
-58193
52851
37413
-10616
-27775
-41663
-57455
-17157
-34672
-91673
-6902
28537
2340
-78026
34345
-55339
83290
-48124
57279
-1193
-34987
-20072
-80220
18115
61218
22269
64607
-1997
47148
4345
30767
-85919
-51752
-7592
51508
-24767
-21314
-93343
7997
9291
-36155
83242
45679
-64618
-69094
69959
-83378
94304
-76595
49118
73963
27754
-79480
-54058
-40150
65728
-17812
-28370
-70929
44567
-79287
-63190
75621
74766
-5190
-59737
60458
65367
99548
-74800
81499
16175
76649
-21655
-64393
89929
-89740
86345
41074
55497
32259
40549
-50663
-22229
-93820
-61370
2908
-70332
-55378
-8291
-7811
23777
-14027
-67603
46932
-8948
12201
-19610
-24068
29485
98540
-67182
-63842
-70964
-93298
67176
89431
-67404
20807
12222
-15991
-47437
3088
12956
-82885
92799
-42850
-24468
75566
-85197
31228
40141
-76675
43574
-43388
-98490
83695
-20612
-75655
79255
-33635
38054
-6652
45036
-47558
-38843
-67191
-28565
-41468
86844
33958
-30484
-41146
3011
62984
98248
88199
15880
29353
-57526
38227
-34384
-59286
16899
-56797
-59845
52040
-96454
619
-63611
17214
54079
-13183
77224
95415
-89760
-5979
30079
-18129
44917
-81743
76870
-24283
64534
98846
-15971
-58049
14637
-80144
-14357
38394
-33882
-33728
-48545
-67445
91715
-56220
-77678
16023
-44533
-89604
-86520
89164
28066
-39012
64214
-7462
-93132
53329
-56739
-74670
98123
-3502
-87948
-40615
75393
90501
81572
12616
-44977
4202
-28532
32292
-26877
59304
53477
70645
61328
-99086
-50272
-73723
-68352
78358
79660
37174
-1916
-28318
-45933
85248
-1876
16243
-90812
-40121
38065
-95653
14571
65685
61360
81454
53180
53113
4018
88873
-30960
-51333
-7770
-16192
82534
-1798
-59984
34883
-89270
53221
-45350
9836
32403
42834
-74200
70727
-24187
29502
14986
80126
-88041
-26014
81451
-20160
-51632
59310
-25689
-93618
89739
-53980
18521
-81118
99993
7636
-44463
-37892
-50299
26032
-52763
63690
72498
-53813
26335
24627
82209
-56717
39380
31936
-19889
53287
-17708
54503
-3141
84215
-84227
-31626
7621
-98057
-73302
-63655
-92686
-13985
-93879
-23929
71948
-92606
-69878
29327
67751
-91351
12212
36923
25086
-34996
-97262
-88674
1659
1900
91338
3391
65365
77647
54861
86178
-93164
-73447
52010
-36625
39280
83460
-7554
64450
-11113
-29252
-36730
-58354
-73714
-13670
16149
-65234
39855
-37318
-91680
29706
17872
24571
23735
-65822
97156
-85102
96142
88314
-19269
-4725
-70598
63202
7941
62814
-93001
-63519
74163
69738
82597
63998
-27490
2321
-68588
-12886
62657
57007
-95756
94925
-8191
54903
-95569
-84693
40910
35756
53778
72627
61537
50361
-26970
-72860
44069
4463
84701
28828
49330
-54183
12008
-73921
-87756
15804
4838
82944
-79830
-11664
76406
-77105
2187
21141
-31443
-74465
-70141
-96396
96995
-82029
-39718
-44492
-24472
-70268
51254
-44106
-620
37105
98423
31437
-87940
23364
-49408
65053
67329
66301
47318
-69809
-71422
-38210
20512
-62802
-28559
-6415
-23538
7393
37315
90649
-10794
96773
-75519
7924
71322
20710
49276
69514
-22874
-50341
89438
-10474
-12779
44539
26843
19661
34323
-32513
21189
-41969
-39684
71926
84863
69545
-45981
51103
-45815
43461
-79376
90150
29883
-18321
-26463
41854
46221
11204
18417
-59689
-78510
12473
-16811
-52675
32645
-55419
-30109
38541
19324
-29843
-44786
58836
-34247
-21526
6732
-37755
57376
14072
22872
49751
-83646
67005
12371
-17927
-77737
-21100
-76410
-69581
54539
-38346
-67326
34714
13615
5317
77480
19567
88144
89204
99589
27158
1125
12949
59925
79982
-80926
-30784
-61911
17
-44567
70493
-85661
-61079
-94112
42255
-3171
71149
-53603
26557
-96215
34423
67646
-64962
-27341
-62780
-48810
99809
81731
21959
77250
-18474
47007
-94294
9177
7675
-43955
-68830
60609
-24569
97398
22701
61727
333
-91290
28011
-7642
110
20848
86230
16017
-56738
-94673
72096
53931
-92911
46503
-91864
-17973
42305
-1591
-95528
-22626
-81441
68053
-92515
-9188
-53229
-18982
-28668
52701
-32654
-31207
-63570
-19708
72380
-60984
25136
-22311
96590
-92110
19657
4533
-59670
-65349
97856
22550
-22687
20738
-5414
71187
-65957
82207
-41227
13929
24899
-33333
-73467
9907
78289
-87137
65192
-20872
-38091
1141
-71897
-75361
-42083
-39317
-69749
-95299
15395
91398
12954
16783
97430
79986
83885
29059
-48668
-20313
-98897
3248
-61407
-38424
-36620
75687
11830
-96602
19635
-82207
-26712
13569
36322
-59305
-91516
83950
62956
73393
60389
-74189
9618
-21738
9889
17679
1499
-21790
60630
68920
-57927
94518
56268
-97604
-24902
-42392
-39929
-18935
-67993
-26597
65004
78984
76605
-20182
2893
99811
-11899
82366
58387
-19096
93074
98816
-47865
-85435
-2793
33319
9981
47539
2146
50610
-36835
-97808
33849
-89294
-21809
-9884
52176
11199
84867
26405
61667
-29045
-5030
34774
66038
-66029
-7372
-39190
-2073
-57167
343
84870
-10260
97423
96504
-12475
28399
-53642
99242
5397
79939
67204
-27616
25662
-24895
69500
-96
29571
81732
63287
59527
-11359
14781
47161
69107
75316
-16077
52319
57488
-80135
90010
-62476
-71166
-22290
68495
-92062
95276
-19306
-97490
66693
-59429
-38247
4945
92379
37395
33223
59813
-15976
-845
6781
48874
-14186
34055
27360
-64377
-39062
91946
75079
28679
20050
57686
44917
-61964
-68662
43786
-55741
-96562
-66755
17686
21469
77608
85529
73990
15971
-26272
19003
33961
-12241
62393
-84278
-93059
87478
-43497
14047
-44168
-28921
19030
47138
-4171
-25359
-37306
68272
89850
-64510
60871
-40712
1378
62185
19774
33317
7596
-81923
74033
-75147
61086
-25962
35397
90409
-89897
-76007
-24879
-26923
-20944
914
71006
-51689
-69170
-65030
93310
33956
83720
75479
-67003
87934
-1105
-92286
-70103
-79486
-38402
74948
73714
52957
55903
-28134
-69667
-30241
-65704
-2280
-32173
-41944
-58480
-96022
40641
-78082
47874
55669
97299
90369
-29955
-73316
-91758
56437
-68587
-55650
9240
48447
37930
-76964
-63316
5739
-43886
-24776
94270
-26646
-69018
30362
-15744
-17767
12966
14092
91166
-1540
-8502
-80123
-11300
29001
-20186
75203
-33461
96545
48504
-32367
-97304
-10342
-43631
14376
-48111
1207
-29154
-34062
57829
28921
-34541
-61271
96055
-3442
-70925
-22370
4269
-92568
-44930
78230
-3077
-66903
-3017
-68849
66104
-46342
36944
-16352
33050
63611
69620
2366
-71725
32724
-1231
61147
28551
-66902
-80831
-52888
78248
-5778
-46989
-64196
-78736
-44337
-21061
-83635
64378
16144
73810
-52774
-51074
-92428
22667
36459
-31001
-10923
91444
-41488
54995
-21421
-6939
76231
-82010
92330
-81752
-38951
-55861
4893
-13820
55651
9737
-83761
91944
-8493
19965
-94928
-48015
89160
2170
-96748
-22696
25596
-51079
4575
79611
-23810
4862
-33891
75014
-46249
-1270
88686
-1218
-69937
-38089
49822
68266
-9976
-97165
-21997
76254
22215
6363
57312
28837
90771
-27853
-61642
75722
-10378
-96192
-10311
54915
20128
-24061
-63759
-91909
71595
-43182
8599
19515
4218
77844
17039
65524
99642
-39464
-52042
-28309
-60854
-67054
-79536
87681
78391
-95948
21860
-88674
99360
-48155
-79196
69050
27129
88609
-86908
-15225
49770
-11603
68395
41343
-21801
24821
-48761
45125
16827
99524
-52485
-14534
83117
52446
-91660
-60577
36037
45437
21401
-26334
-71080
-41113
82272
15943
-19170
34920
96702
-84556
87093
4209
-43466
-42855
-51394
16333
5971
70010
90278
3772
92593
41626
-5953
-23570
89909
26054
-8820
52381
-64164
6587
32156
37127
66481
-77900
52813
-8633
59928
-60012
76466
59599
62280
-60243
-42545
-62332
49622
35307
-59775
85558
48684
34657
-54854
-75973
-7592
13549
-88598
15079
-18367
13513
21818
-85463
53684
-20943
99698
-39739
-61796
-47443
17339
82218
-74800
-2630
15806
-32849
31623
-7911
-83926
4463
87526
-36877
-11179
-37251
-46854
88167
-88774
59654
4097
34802
92705
86082
-83165
-38342
14044
38998
92862
-2441
39661
-10422
-37281
54078
-79099
-60446
-244
-43540
-7961
-2789
-66370
-35797
39083
-97533
77100
-53404
-27361
99765
-67454
49729
-40440
82736
-79312
-81891
-26106
36308
-86049
-95861
-24747
-14856
-71489
-71552
19632
-29782
-20420
1822
-34864
-18876
-5809
18397
82450
-22297
-48975
67736
84598
27479
-68246
-1550
32259
-33805
64647
-69405
17224
-47281
54057
-7965
95422
52080
28922
-73295
-57718
64675
36027
-11584
-60898
28538
-58311
-99969
6847
-90076
799
-11645
50081
69416
-58652
-24236
-55442
-78978
9764
20241
-58778
97482
53709
-81280
73375
-15498
60336
-72586
68782
60522
-62345
64543
-5922
7019
47030
-69525
37085
-48819
70874
3862
71863
84758
52478
-174
-24007
37873
-49060
-22894
75703
-87604
68640
309
-46614
65870
-17512
84237
-67407
69816
-99512
-26740
-10184
34775
-19493
36106
-49098
53411
72179
-19786
-32496
23288
-70815
49302
-34917
67822
-79568
53884
38143
49047
43612
92103
-35913
60308
13856
83859
-11020
-4140
-98195
-23490
55457
8171
-38474
71000
55106
-11702
28840
-74330
-58507
39713
-8840
64147
62171
20494
60308
-17932
42448
36416
78011
56758
-97387
6829
-28632
-46041
52367
-13140
-70935
-95843
79145
-8209
-4273
-7033
-73708
-23391
14782
-68978
61614
-65320
28068
47655
56768
9783
-21305
-91528
-73054
74531
63030
-60124
64633
-83040
-27487
-25739
-18399
-18361
43461
33317
-66651
-36058
82431
-43063
-18133
-93836
31490
90459
28269
-25553
-65180
-77854
-57886
9492
-37230
83584
-95813
17594
26660
-21032
-36151
-38196
38604
37465
-42053
37857
-24281
-46292
-49083
64442
88438
61110
39005
73751
36454
68618
-56161
52790
-29429
-84434
-3375
-25879
37164
3272
-67072
-13421
65591
95142
15945
74367
-93995
73063
22580
98268
15448
70408
28026
-80871
60625
57038
68839
-55399
47231
96525
64922
-61933
-55390
20308
80874
82697
-70099
62966
-75485
-36637
27609
20789
-69714
-58072
-17194
79052
41486
51736
22876
-28711
28935
88104
-34016
-61979
-35623
46298
26083
16146
-63766
47737
-57116
91360
-29887
5294
71606
22235
-81298
-86334
85996
-79963
83464
-73807
-29648
29915
-92082
-22617
-52813
-52889
91951
-870
-34498
89954
-90074
-50237
-97304
-47645
-7940
-98822
94816
32105
-21839
-71763
30378
34081
-83979
57212
-34137
-78060
-76591
-71819
-16052
86703
-36253
68071
-15947
-50896
-40250
91941
-74222
-35605
-61872
-52007
10687
-72202
26613
8385
31730
80759
3528
-8629
92046
-72568
13922
-25399
-25964
-60668
-55589
22545
-28039
-2511
-25995
-58636
69202
-32950
-5223
92441
91307
-45273
-79815
65717
11448
81803
25748
-37079
22947
-20726
42008
51127
51140
45589
-13343
85730
-16977
-72220
46688
34850
55974
-48258
45399
75649
-51857
37288
-77248
-50091
89601
-96536
18125
56026
-22184
-56588
42187
69483
83688
6652
27936
65181
95022
41809
-41677
-51143
-9695
4656
61866
66771
-8825
-3345
14542
-45237
8357
44227
-50100
45792
-79985
33836
-33195
-43348
-76003
97021
58788
-88000
21310
32780
-63393
57948
15078
-46862
80407
86795
-69917
91583
7530
6169
-53171
-13059
-78904
72690
56924
-51361
-28206
-47463
15060
63303
57502
-92223
-93413
-32143
5719
88716
11947
70399
-85502
79069
-67934
13473
34715
4956
-81930
79904
55709
76869
20039
-83192
96801
28717
95437
-54480
39390
38099
-39248
-84377
-99121
22623
17015
19837
59826
34106
35352
-62805
79468
24009
-73683
-46496
-22134
-3449
-71416
-58519
13858
53245
-51875
58427
-47080
-8671
8926
72352
-12868
2505
-56604
-66948
55633
-57398
70601
-41157
70889
-71183
70610
28698
48363
-85987
-72183
-56626
-11465
-99400
99818
42452
58336
76432
59443
96214
62680
40726
49054
-6089
42729
-97807
-92885
57275
-20321
39552
10774
58006
42244
-25557
-28248
1232
-56957
22756
-4694
-77231
-67730
-86080
-95116
8463
-52645
10540
57955
-69679
87913
55885
23849
-70178
-57823
75896
7550
95239
-6601
21067
6964
46414
-50257
-64474
88040
14386
-88676
16457
51860
-79976
8323
-13748
5122
-98601
-73825
-26059
-64357
-54176
70782
45753
-59490
96776
-89655
-71470
91180
14964
-80992
-77511
27903
-88096
72228
27713
-70853
-53236
-60594
11984
-95971
-73213
77052
83578
52112
94281
972
-66373
-36066
6048
-19359
-21487
49411
-87881
90115
-67852
-70562
18544
-13213
-36429
-62527
-30644
61947
47724
88871
-61770
-24940
-56344
-58491
-93975
-287
-14959
69369
19902
18057
-84656
42719
14550
80642
-45753
57347
-24352
-33703
-20568
94960
-15737
-28658
-6224
-34713
-43013
-47781
16260
42539
-90405
-87531
32614
-33991
-80836
-35988
-52652
-27882
-3111
-12275
-63107
-86080
-51369
-49242
50785
44422
-56334
74057
-86844
-60685
31050
66026
-23346
-87962
11972
-69757
7106
20989
62750
-97193
60825
-43152
30803
82002
-5062
-47494
86887
4303
-51175
-86927
-79216
-1356
-86231
-14793
-25343
31608
-21569
-23799
-91116
-81979
-89851
44404
90130
-60936
-99433
50088
-53790
47814
87229
-5019
-89651
-94920
-83386
-85422
86634
-42090
6973
-99796
-82773
-63646
-10421
-65125
-98174
3771
-75160
-79263
18097
-93213
15871
-16405
-87571
-23590
-3042
25738
-55314
42217
-62441
66555
-69354
-66502
60406
30882
-50181
64996
94814
29014
-41389
70725
-23166
-44651
-15813
-65591
-12547
40600
18468
-62009
36751
-33150
2778
56202
82677
-59598
-46734
27692
-14428
-59657
67984
6622
20577
70499
14290
-11259
39616
-45384
-44387
-79297
71095
-96704
-41470
17284
8221
-69127
-65716
-14041
52037
-67476
27240
94970
-65487
-12194
33201
-49647
86517
65568
38360
93727
-99798
94785
49517
55294
15819
31332
-70964
1994
49967
7276
72422
78828
64355
88915
5739
-67467
70947
75290
-26543
50144
-51147
-99685
85828
19066
10723
-78598
-40534
37981
-99245
-35590
85010
-79144
65668
-27220
-37704
-91094
-9241
-1727
22967
-23251
-26536
-90111
94732
7184
23159
-73131
35586
-53827
-13657
-5506
-57024
77209
68643
21672
-93397
76009
-93320
-9767
-91527
-57198
24419
-65916
30931
84025
10503
-64326
-42650
-67639
-7221
52224
73031
40082
-52594
89339
-89408
-78065
34632
54792
-99012
-59200
90750
2856
-59382
-78602
7073
-80872
-92399
83821
28996
28671
21329
-21549
-2824
75137
2705
-53017
-11769
59633
-78421
-30403
43721
84707
-62864
-95650
60133
90911
91705
45643
10216
-41615
21515
94882
42811
27229
47206
-19686
-30332
94703
41130
87913
-63652
30897
55143
68741
-66840
38391
-9920
-56378
-2986
-7148
-710
4714
63286
58287
-12505
-78029
6066
97263
-13911
28971
-93524
-87277
-92635
58055
79923
-27041
63814
-86742
-45536
71665
-74517
-65216
69011
29106
92910
37067
42502
-76824
-3118
-19206
82890
-50521
42504
-59723
-60826
-36761
-34850
78902
16073
-96783
36933
-74991
-6168
94900
-67267
-19564
32952
28340
-9185
-15863
-25654
-53150
50502
18840
46654
-54394
66843
-62391
2533
80088
79548
64168
43255
-58193
-60599
38401
60653
-13487
-67893
-51509
-16387
-3031
4032
61857
23856
39382
49479
90603
-93535
63776
-35228
50651
-8300
-17211
86257
27796
-21904
-90318
-28446
-48091
69530
65101
-68557
45554
-37008
-69073
9904
46323
-66529
-55761
-20767
-85162
-82846
-55719
47887
-34048
-39145
-84354
-31561
43953
53695
16549
53515
94406
41810
-4065
-83489
97687
-97155
93624
10807
-72768
-10823
-87350
85610
-57667
-16439
33899
-91662
82863
87120
28422
-19181
-57925
68236
50183
79910
85522
66739
61104
95490
1483
-54040
-44151
80133
66476
-80486
-844
58948
64583
-86214
50014
30349
449
-3369
-68846
-85739
43758
-77033
-85209
76867
42072
-30892
13402
21272
78559
87696
-29194
-57415
-2502
77207
-74385
37146
-84581
6000
-48369
83145
70129
-94465
-76024
42900
-92345
11642
-13592
4440
-56438
-82810
-4502
64936
-39577
-89555
-51416
-24810
59667
-21250
63918
-62367
92516
-91518
86379
-9669
-69092
-65002
16577
-73675
-91193
-80598
38203
74761
26298
-13100
15326
-26172
-23621
-28590
-80744
22926
96639
-10725
49365
89623
5902
39328
19889
-22624
-19709
69732
50120
-69533
6127
5684
24360
82080
90078
47173
-93464
-64122
-36175
-91926
98002
-48326
-36374
33391
-28549
55302
38023
93397
-45452
81057
87813
2473
86297
-85673
56133
-81725
29127
-75179
69324
-38632
-33942
-7533
12005
15869
-38029
-7202
-54751
15801
-24023
26753
-12289
-49019
-25321
-96049
-30746
90082
72675
65040
-72498
31639
-72449
24582
-41089
-5626
6008
-294
10162
7978
-86612
-17176
41875
2288
69593
23652
73640
-66386
42384
-65177
6667
59972
-32312
-65126
1875
97742
-93618
-88963
-50287
36611
-61030
-62507
-62346
23277
-81666
-8080
59922
-72123
-97737
58518
-24201
19754
76646
69646
-45444
-59074
60376
95114
-77282
-30755
6785
48
13248
42043
94536
61829
-22189
64089
53756
-16968
-78256
97124
43684
-48567
-61086
-70102
-51597
80788
32738
76345
-24934
16958
74874
-45674
36536
-10821
98090
32087
81133
83001
56745
49182
-27188
60972
-56925
-43726
-44946
65911
-22047
87483
-66332
-9036
-76089
-46566
88772
-26848
-73162
61603
29220
-37146
-50734
7480
-78427
-5562
-12131
-84925
44007
-82142
-126
17615
-46758
-98011
68142
75588
-91276
25296
16473
68861
-26497
-39262
-5725
-70009
-5174
9636
14745
-11271
19839
-95346
-17322
-19669
46549
-44455
454
-8620
-77604
65634
-96314
63364
-62219
97080
-52505
-73222
72100
43586
24594
-285
-73090
18576
-9915
18480
-21444
30588
-42756
75922
84658
-85124
-28438
-47275
-13671
89352
-7386
53206
-68728
56354
96291
-10910
70146
55431
-56616
31981
88040
-3792
69374
34412
-48753
26501
28024
-177
-32532
-50657
-21876
-60705
-93524
-48584
93455
7535
90785
42418
-26080
22786
6934
-62784
-34422
-98503
25795
70773
-88947
-32777
44316
46951
-98378
-53933
91268
44607
-45397
-81351
-6433
39265
-40573
-7074
53956
-26638
62738
9885
61137
-85878
20930
28339
-93542
-29640
42460
-77037
63801
-92564
7846
-409
-88247
-31867
76007
-90587
46638
-88200
-68730
87689
-27445
-92775
-2799
-17932
13143
-90615
-63079
-83487
88266
5757
31546
-95488
-3343
51622
-25160
-68239
-94815
79618
-90428
35230
87496
-71233
-1889
-99595
-54114
-36217
82774
51969
95355
65965
-54293
-86812
69891
74482
94036
-98637
-1348
-84301
-91300
-74130
-15040
-20557
-44760
-9574
-24882
-80895
-61804
79037
4730
85126
-38212
19574
-65723
61037
68375
32822
-44665
-68945
-65859
20127
-81655
-53958
47945
-12873
-72209
-87939
1753
-92280
-88942
10899
-59022
-2152
-55252
6153
41409
-5183
-4052
96333
-78788
-88212
7594
46902
32231
11822
39669
74218
68979
89087
63111
52144
91073
-15278
85018
-66861
59204
-51114
-10733
94191
-68989
32201
-77155
-65573
77310
-716
81873
47283
95720
-51385
-83247
-95232
-90861
70033
47220
-62586
-37078
-55205
-70245
72427
21207
-52254
-65374
-95553
-87547
54064
-11981
-6676
8895
10326
46196
-70469
-32969
-72888
-57504
-9728
-92636
9045
-70989
36388
-6078
-32767
-35969
-80307
-55683
79489
77980
-31316
-80984
14482
59709
17250
23207
59510
23581
-17968
45742
53516
30999
-99654
7712
-91893
-93739
52310
7321
-27494
96865
-88649
74375
90255
-93225
82577
8371
-8189
-82885
44328
43998
-72049
-96409
-7974
-10746
-14107
59101
96005
-23800
-67828
-77445
-31082
-24225
23929
-68404
-25105
96586
34247
58
-92044
64076
-8620
47842
39731
41101
68983
-41856
-45523
-87330
18337
-34359
-57531
15898
43663
-99752
28612
-47193
-21463
71744
72967
94812
-56133
11072
-32378
-28355
56845
-34924
-63039
31585
-47840
4776
3977
79989
-51896
34215
44392
-70951
-58911
-70734
63342
-22680
-47313
91181
22425
-3051
-37226
9011
-14752
52464
22386
69609
34588
8776
40916
26608
24787
79147
-86054
-44108
64035
77385
29290
-39134
86152
-40329
41099
-52170
-12470
-81905
-45281
-84814
-55034
23348
-79167
-12182
26646
53299
-84873
-56964
-48096
-18619
-70060
-7906
-13128
-89615
29421
-1520
15859
-74226
70709
9904
-43255
-16154
18744
1516
65510
-67273
-53968
69521
-71603
46419
-28089
-29821
36969
50599
37674
41478
-96526
38104
-31673
78520
51768
-72887
36899
63137
42959
64377
86041
-26141
-56808
87626
5938
-38196
-55065
-25060
-9762
-6646
-78442
-71336
49485
-29826
24741
43785
87597
-53463
9612
25892
-85312
62659
-28000
-5784
-80935
-39510
73053
80160
-75662
13559
99350
61702
44269
37485
-43274
87106
-48026
61323
3058
69839
-18895
40897
-80179
-94530
18677
-44801
40967
-53099
29604
18088
-11805
-5105
-90154
-85595
-81900
-3577
-53503
-89450
86019
65199
-19433
66788
51392
68410
-49156
-94734
-91774
-65702
25379
43826
36828
-52829
40004
340
-74241
-13745
81787
-5736
-82586
78939
95936
-20667
-20062
-13426
-1
-91854
-69246
-43175
-5356
31233
-74594
4122
6117
95212
-69888
69371
-2341
84535
9840
-49929
79933
-11259
-33381
-22083
12715
42631
-87137
98605
55029
74319
48246
47615
-57770
98498
-22020
-75005
-22704
-54292
73310
-79294
33189
-87698
-58271
-32828
11247
-92782
-21684
23467
-43491
-64769
-90124
-34435
-5174
27784
-39902
66879
-13957
-43298
-47326
25788
65845
70566
38699
38245
92025
-6618
-50266
-98990
-30050
94616
9501
89062
-18103
-15391
-98367
-74927
89290
-11493
66263
97264
-43370
83278
72897
-29297
-49443
-57090
47141
11854
-79032
87518
17212
26081
92049
-39134
-135
78193
-41154
46642
4243
352
-47557
-6790
15345
-50134
62483
26846
87922
71014
82507
39499
28374
42860
48731
-46871
-73908
22737
-78199
79469
36824
89614
-1372
46986
-75040
-5249
-39397
-60153
-40684
76167
-56072
62124
94840
77136
96444
9174
94864
-45776
14103
-51222
-14873
25383
-25276
-14746
-60485
-11195
28159
-67629
62792
-14423
27172
-50921
45615
43235
68133
41447
-46013
12411
45992
90905
92913
-14261
-37893
-95977
-84727
29063
63989
5871
14381
32093
52650
33032
-35243
-18569
-43638
79600
-36740
-43042
59030
-57072
8490
-19912
26752
49601
80479
27058
-7265
-42441
96729
-94792
-18932
27099
-29438
9121
94300
-15369
98426
7337
53946
-36021
95356
71126
-37153
16892
-47697
28027
-78095
34604
-27573
-40294
44917
7845
-86810
83428
-72525
-61650
-17765
54877
97829
-18880
-18091
-12389
-52645
57234
74109
92461
-66450
14801
-89602
73561
92638
47404
1905
-48579
-4213
-50997
-18646
68054
-98611
91423
-91106
-60513
14960
-8044
-77393
19217
5455
-8412
56534
89417
-68213
72389
-78228
35272
-87575
-13758
63765
10452
39430
-47960
61642
93243
95991
-46569
-91135
92471
-78719
-95688
27578
62957
-57423
83789
97448
-9456
-78054
40035
24763
49571
-2199
-33691
83334
-48613
81446
43531
59154
7778
-18679
55215
47486
-57544
-59273
-3136
-19247
-21836
73944
9039
13598
-25751
16469
55687
64403
-47197
-3661
-55238
798
-46191
-75001
-80362
59067
-76612
-1195
48310
79390
-32075
16777
74324
58106
99598
25873
35869
82541
-92866
-8235
-64163
-78328
-56664
55444
-81254
-8130
-80459
41948
-43396
45736
73565
-85658
-63063
77682
94021
33291
28719
-64602
-38909
-41689
-13797
-77101
26173
70089
95398
-91175
10095
-19117
-51697
-83500
1163
-4747
81924
68131
-65158
-91456
7674
-31468
83137
-78550
93084
63213
31679
21021
27807
82137
-46254
-16581
-73804
-35282
61018
-68365
-55593
-68841
-15531
