9800
73029
3302
-82363
-95428
6912
86560
28277
19468
-69583
-39504
-15614
84357
-58809
-91037
-2561
-74838
92030
-90023
-60312
19492
19869
-88551
-36944
29295
28441
-8433
69815
-78939
52375
21731
77400
-52123
12175
65718
1246
-71648
-73524
49147
16598
-66304
75024
97712
37439
30260
-28716
-76104
83230
91356
87724
45719
51758
-9586
90313
30857
82485
-27261
-4903
39423
8562
6434
67913
21495
-44365
-73626
-45206
47031
-92349
60206
92977
44773
-8129
77409
-3751
-55994
51977
90107
24867
20881
20950
85433
51389
40687
57443
-48995
14017
-37742
65477
8222
76948
20655
88157
-85840
-62161
-5991
-76119
89835
-87110
-38405
74936
99354
60884
35378
67510
867
-46289
79301
48293
37006
20185
87362
66541
73843
47701
58422
82250
40005
-5080
51528
86435
-41291
-52625
-29006
-64133
-12284
15085
-17187
-12864
12392
56099
48217
26369
66586
26904
-96330
54781
-52998
43320
69953
37654
-79072
-63143
68254
73125
-30016
35032
-41921
50919
-3463
-99166
5630
29460
-11270
22095
-23011
37200
-37103
30120
-64617
82106
71250
73737
-97950
-65949
-60832
46690
-49084
31897
-10469
-48297
-17649
-82399
41190
48584
-1349
90754
-5229
14058
-40482
19774
-21842
-82604
778
-52260
2659
94294
-19389
3168
35660
-65084
67547
54173
65179
61776
-15251
-30111
9185
77845
-39950
27278
-14983
-74256
19331
-71608
3283
-47799
55211
3210
-4256
-93200
-5976
69203
4055
52066
-46145
-91969
95139
-13398
75705
84080
19817
-47452
30077
22187
-39431
11165
-61685
-57665
43600
27542
-63662
-70113
80711
-90265
39471
-5807
-96227
83969
-13692
74495
-53604
-92084
-74128
-65429
-8982
-75665
66224
35008
9966
-38291
56338
6275
-63588
13868
-71279
-39640
8735
6610
-86318
40577
35042
40904
46074
1169
3644
-4256
-37270
-43777
-14923
32211
-71848
99686
-75847
97251
-5877
-2743
65496
-26721
79858
-8348
51128
-86651
-55582
40926
-41640
-69375
-86293
-99302
56193
92116
66517
42476
37963
77648
-79748
-22423
36297
92543
26245
-21929
-50862
-11868
-51268
-36413
-84243
-89831
-5556
-334
-18984
-30441
-26854
73967
-63115
-84075
-34562
-91645
-93102
-7865
4446
-29245
-6509
28743
-48599
-31677
60926
96785
-33043
7400
42723
89513
-87978
-77156
24614
7447
28676
-76134
-15061
87378
-57209
-65176
15452
-22533
-81926
25381
-28583
38144
38073
34552
15869
94625
87488
-97112
-68407
39247
17825
-38134
29808
-37712
-63839
80085
46655
-40768
-28047
-64814
78502
28433
35332
-83538
-30618
13363
-751
9009
-26343
21422
-21017
32777
10457
-66452
46503
-40448
-17586
65204
94947
91405
33176
-75183
-79086
35398
54293
-75887
-74068
6195
27343
-99671
59304
-52035
-20603
-66506
17424
-59
-12843
-65698
41021
15441
33475
67925
87157
-41439
9896
-72261
41053
28832
-78023
16611
-25571
92278
2291
37871
-33329
-92486
99872
85591
-9886
-26491
16457
22792
24849
59233
88824
-32855
-5188
11425
-58391
99192
-57248
-4534
-1011
-37101
-43016
-27409
-13382
-70317
-43857
-94246
71346
-56237
-7744
1574
-50931
-56690
-28052
-44118
-378
-84634
-12585
68240
-52704
-61055
-64192
-31549
-79437
-67890
50587
-60537
17495
-52250
7885
78114
99051
-13619
81731
-49032
27715
-72873
56560
-32972
-32916
-77849
-91935
11042
61852
99347
-39170
29979
31227
25571
50207
41559
-78584
78649
-58808
28262
95338
-43702
-67261
-40582
-57132
68682
-59943
39836
72915
9766
-34772
-41665
-88073
-46741
68340
-66318
-31780
13444
-66348
-41234
-14828
48800
71960
-90353
55794
31026
-7154
73952
-41611
81234
-89091
61199
-20144
5185
96518
-61376
93138
22986
-67178
93565
-96969
-45949
36934
49866
-85942
23027
-31217
-29418
39861
20109
46829
71438
-42009
-57445
-93937
60108
-10784
-59914
-9353
-66067
-98660
6001
-93196
24641
39450
34262
85306
51227
-75577
90440
15771
81607
-81396
68871
86564
-14309
21617
38802
13910
-62170
99308
-81689
89536
-43578
57802
-59226
66166
79958
96953
-24428
-34320
-14460
1839
55931
-9024
18688
-45061
50414
-62287
-86256
52838
59113
68025
28672
95365
28887
29276
-80265
14302
65710
6813
-42139
-64331
70646
71904
98009
-13262
48167
54369
-85201
76080
-21713
90379
-9818
93284
3602
84278
-17456
38632
97004
49536
95714
-38813
58194
73671
18859
-41193
-50921
8640
-35486
94087
45482
54391
-76264
-38845
15261
24099
54412
-36462
8768
-38683
-21667
-90182
7916
-30947
-93670
-36242
13979
27497
-4555
32789
-66572
-72645
-45161
-15693
-49818
91734
47245
-47178
86570
-35227
-4257
25311
-7446
30392
82881
-96821
-59520
57884
9891
-56930
-16169
-4139
24611
-94453
-73490
-15622
-32797
15489
-67077
78254
51636
3445
-63508
-82890
-7503
23688
-51832
2684
-88215
-6442
43124
38367
-45068
58074
-83886
-54923
16742
-57407
-86204
-74978
60322
-11126
9358
-7034
-25082
94614
26522
19894
25476
21905
9044
25047
58128
85885
63541
35013
2933
38872
-54690
-77684
65347
70442
21466
-43774
-62941
-85523
38854
86593
12235
-21736
-69043
-51074
-95156
-8502
32971
23435
48648
95504
-71149
-63195
4930
91411
-86004
-44741
84494
9121
-97162
-37252
-6233
-29994
32906
86491
-77473
-14746
14976
-78110
59889
-45622
58026
-47376
-25614
-80443
-11394
-26735
-30938
23506
-18639
-97992
-85777
87852
-27394
37467
-79007
-89479
94213
-10645
-91599
53780
22161
43119
-19957
-64714
-51086
-25668
61186
-79872
-65143
18579
38498
7783
37794
4695
21985
-94852
56891
51113
-98380
72983
76259
-68126
-23297
35359
-74178
-14932
77412
26425
24869
-98243
9405
-76405
84522
3505
-46620
-89492
-1287
51332
-88529
-89110
5274
51817
86713
1207
60242
-23735
35099
18928
-55191
-85413
-46726
-69941
-4537
-56228
-12678
19549
-12104
-2580
-4655
-56506
-92145
60741
-25162
32058
-35994
-65512
22775
-83796
55363
49030
-60438
65688
-5930
-95625
43899
-32978
24030
-7205
1957
-71530
-18132
-47685
96636
-64412
-52224
-75653
-46746
87834
80271
38446
34922
73684
90214
-97834
-42272
37268
28712
-72906
46856
39722
83059
-15274
2551
-78336
-4895
79955
-87700
-18624
-16533
-27360
56065
6114
39655
36573
42877
82837
-21454
88146
-26938
12425
-22104
-25016
-14284
-95337
-87856
-77756
59392
10190
5589
-34783
5083
-57125
-27217
-86007
-34661
-34860
-70175
-73521
48656
85089
-77349
25452
25269
-60089
-59201
72725
-84542
-51374
-76288
-28427
-13153
14495
-5657
62092
-86798
-14653
38960
22372
15001
-69028
-85743
-72405
-5004
59250
17498
8754
-13223
71624
18679
48129
-95253
49477
851
-32108
38340
-41990
-61353
81974
-91761
93840
23376
21433
84787
64591
27823
73552
43306
-38131
-93719
-59703
22064
-79439
15423
26729
-35370
-6557
34136
-64539
-30283
-39726
-13750
-68421
36672
23265
-36233
65772
10803
-71569
-66604
-58986
-54104
75137
20357
-59983
-84088
-15218
-24668
-82522
-49890
85672
-48927
62279
-62713
33090
28291
59247
-41594
-95710
74189
89655
-3340
84516
-47428
-24558
-53292
60904
-2900
-22842
71941
72281
-88231
-14200
-2096
-4773
1923
4658
-46623
-11312
24043
-92189
-32813
66375
-95045
-38157
34596
-81854
78914
-74095
14536
32163
13789
-83844
60121
-62862
-39951
-66086
-57045
-2611
11412
9336
20094
17773
-29685
6815
78477
-37551
-8082
45711
27267
-89335
-89176
-9893
-46963
65952
73371
13856
-72246
43815
66592
-87901
4832
-95398
-16660
85639
33320
24242
70222
-50841
-1143
69894
34708
-27050
2786
-48674
-84914
61296
-52767
-60138
35114
17245
48497
54636
-39106
-42206
-7280
23206
26085
-64797
57918
69475
-85952
5305
13457
35068
11230
4012
-17242
39190
59638
-53043
48754
-44921
-80047
-49997
-7562
76770
-24251
22224
-16751
-12703
-15205
-10322
-36241
48430
43666
69900
-58977
32142
8125
-60849
-54205
-82262
-66233
74919
-7328
-96197
70615
-18049
-31723
-80110
-77938
2848
14121
84034
43949
95523
-47683
37035
96084
46161
7008
74659
80677
-61095
54401
-63998
-45113
-71572
-65
-14774
-37945
45241
4957
76017
27160
34304
-97199
64525
93115
2645
-58373
-61221
-48454
89780
-32269
23852
-60594
65659
-16389
-3219
-24608
79752
-91564
-93551
62764
-13713
66348
5981
-62014
88024
21300
-60272
70694
-29836
-76464
80876
-98216
-80038
-85272
96741
-32658
47810
-38564
61669
82781
14492
-73388
-95878
81878
-51378
93556
51037
-33844
48585
26607
66592
61076
20679
98419
94579
-23002
-89181
-39870
79762
9280
-7596
-76575
35791
70442
-65337
82153
4023
-95660
40153
4794
22948
45019
-2962
84815
-6305
-88214
-43344
28333
11119
-26435
70248
-68234
-7293
68481
-75854
-9126
-95305
-69416
37216
-12307
1414
19961
95982
-81325
-12211
-80717
-43235
7191
72376
-77551
78702
51867
84107
-77671
61052
-8662
53199
62255
-66570
28905
-28713
-86825
98808
42668
1517
-90472
-42298
35878
35870
55867
-83675
-30280
44511
30323
22549
53290
94107
-27754
-51922
8439
-7206
-68215
21397
-54910
-58673
80251
81628
-50393
-9346
69192
91636
84333
-2040
-66051
44431
-33641
-5356
39547
-63722
75609
44892
53236
35972
-10072
63825
74131
2589
54570
-54164
-22664
42383
-15731
-7021
87201
-21213
-78604
-79836
62308
-57952
-19637
-41760
-76328
35197
57083
-329
-15020
-61120
69497
1068
7055
-83465
-30535
-15452
21095
-2094
71361
-69423
-58371
27675
49496
96053
87357
19924
11293
33238
-8197
-95956
-44493
50109
71161
2845
6106
35818
-78971
-61275
-28775
39703
63935
96286
23063
-36505
30072
-13508
48906
-8725
-72202
-92957
41158
22417
48405
85475
-36041
-18582
62472
-57583
-78294
62486
19900
-54973
41669
26255
70557
57703
-84713
71950
-47759
33600
60042
94877
-41757
-83969
-54091
95994
86683
18938
-40370
81765
-35384
56843
-86723
94663
-15233
52168
-51445
11775
-98179
-58662
15801
69258
54024
92668
-15443
83533
-80908
-78190
-53816
93442
-6078
-83293
23699
53245
-30109
66421
88983
-96230
17626
-87804
-94133
82117
12095
63326
-21848
-59994
14495
-1442
-59943
-26649
-37631
50371
84174
-36125
61508
-59540
63216
-89108
-6044
-92942
70639
10745
73307
-52446
-4618
30891
63780
12373
67456
54074
-5926
92782
85764
35136
-59713
7792
28556
-21470
-11302
19001
-66908
-69225
-42249
-74273
52525
-82730
-49454
-59738
-10287
8864
79182
60507
79249
69863
-4640
53583
70330
72922
-98423
50931
98934
94798
-67968
-94579
-9474
-78070
-46803
-747
59693
-29201
78226
41326
-63440
42690
77061
-58556
-49382
18392
98520
-12546
-62956
36125
-56103
-73824
99121
-14336
-84044
-12607
74144
24510
48183
-68957
-24901
-41206
-48210
64948
14780
-7530
-14675
-39968
36302
43009
-49876
-73135
22017
-54627
99980
-41916
20184
86363
-72904
51465
98237
3222
-65881
-50025
45781
21688
26237
-87735
79533
55309
30993
-55303
-76909
46690
38730
46520
47042
65177
-6622
-34329
3189
53453
31820
16885
93276
-37476
50098
48181
-2068
-17003
14999
66458
-38127
-97537
-61796
44434
93183
-99580
13854
39613
-55898
66489
-60932
35017
-3452
62731
-21898
-29588
-79532
82631
45361
-10244
95460
-12603
-64297
85486
-37564
-29518
26331
29673
53850
51129
-73254
56710
-12013
68622
67741
29287
-5772
12887
20923
23665
-87090
-45065
-77733
26663
94736
-36297
76696
25124
10999
-14637
-3971
3061
-42400
9631
-93969
-24624
-52867
-95916
88874
39733
20966
49531
44451
16480
65799
-56907
10189
46312
-82504
54949
-72072
95479
-56022
90874
-49581
-43162
74876
9948
-41518
68725
-6099
-70798
35819
-85916
-35860
-72818
-93894
-80016
76108
85238
-91196
-36243
-3245
-19056
-51688
42813
4530
1577
-19375
2858
69070
97506
68921
-45786
80317
-12745
-80376
-71396
8908
-88787
30794
-49742
-81219
-34024
-21026
9182
30926
-53818
-3046
32098
-53196
-26101
-29684
57573
21543
-48726
32860
8368
42518
1565
10637
-79551
-53060
68930
54434
-71473
-55094
98914
87773
-69797
-81020
-37986
89890
-70480
-95384
-30344
76091
37879
-37432
-95685
-25483
31673
60473
94600
-63385
57521
59364
-12673
-26222
-65651
51066
29830
-10844
-51455
31428
85881
43927
-2872
-99560
-37458
89910
27641
6439
-48285
29760
96770
73396
-72249
63973
95875
-60449
11874
10925
-63607
-27169
50785
52088
51045
-27825
-96062
-2208
5353
-39649
98648
40442
46910
89963
61755
56764
-87835
62824
51984
46328
6920
24955
96817
94087
58108
85540
-74696
9089
36886
57879
-44179
-92888
-55769
9643
-70839
93668
-34027
-83349
-55897
-33367
66071
-3573
-90682
82933
49484
-63884
-32707
52853
32697
-35008
39740
21575
-10467
-1918
86330
-55974
6323
-53380
28737
68210
-34172
26612
-58606
65864
78758
77728
-37067
-12594
-77804
46910
3106
82320
10859
5696
19141
-38282
18879
-98907
99634
66278
-91816
-9181
71909
-42042
-69684
66496
-7244
3743
-95430
-64000
-21357
-55459
28128
-16647
16836
-25677
-10022
-75454
-18727
10715
52984
-7350
-39769
24763
22458
74117
70025
-52573
-6933
-87680
-80114
90355
-24169
-42538
53120
-58278
37609
-58693
67218
-76359
8358
68405
33381
-37083
94848
-81429
-64329
-72948
38040
96982
-64088
-89233
86803
24980
-42006
-42163
52631
33883
38789
-27744
40931
80714
-82619
-13248
73353
-63013
-7935
-38042
28616
25397
51144
84876
63882
-35170
36073
36719
-70538
-84018
-68961
73014
30579
-40609
-69673
-13459
82427
81312
25440
-79382
-48041
32136
-98066
14160
-71747
98823
-59445
76850
-3582
8184
7963
-95921
37885
-95629
-68150
39803
-86150
38144
-47468
39391
83160
-12698
82288
1239
-55168
65569
93338
94585
59138
-52879
63420
-65739
-9395
70799
34680
-43432
41611
78459
-9004
55275
-8361
-17744
81283
14008
11932
-76231
40460
11948
45067
-46562
-3879
-48680
-62792
72118
77279
21458
34194
-28256
-95644
29112
-70723
74765
-58766
-4076
32014
-60748
60950
76123
90018
82857
-3307
-94192
-91301
-10488
-69203
84358
-75720
52235
4419
62722
-89200
72251
-60114
-6914
-38741
64836
28574
30602
-29507
36193
-36950
-72306
-8704
79286
-59210
71978
-40787
38268
19389
38654
78934
214
33985
4869
22627
76419
-95924
-70436
-25241
12717
-23071
-82335
-5090
4254
70340
-80393
78470
-58670
-27229
74277
72598
-89177
-87456
-97762
-5665
56816
24700
76379
-9474
11242
96673
-40348
-68805
9862
-85748
9135
-84798
45413
74197
26399
27451
52450
-60772
-71379
32520
40904
-60782
64164
68571
61732
-92639
-22266
-33039
-13322
86905
11916
-3986
92545
-46216
33867
15190
99394
95093
71090
13029
-61123
29994
-83728
73677
-62222
70011
-32654
202
-37265
43303
-90102
92579
-52481
77002
96171
12351
23872
41548
6417
21920
94930
32298
43134
-26495
-92372
-69601
75486
47304
24392
-67154
1804
-27608
47806
71311
-57491
54295
93871
-40204
42874
-9114
-29800
-85130
-89636
-70462
22854
-11935
12464
-98875
-41752
86488
-54934
28410
-1728
-65817
-33963
-37588
34036
-43421
-60936
-27351
-59775
78592
-1195
67928
4943
-49169
89675
24756
-27233
3057
83739
-44764
77856
-39683
-38585
-17543
47906
71114
5846
-24957
-59038
24890
-11851
36176
-11261
-49117
-67337
65282
-93666
-85766
32829
-40884
83568
-13986
45809
24713
38770
-4737
78124
71481
-50746
23017
-94856
74264
30477
84849
91695
-22179
-65067
-91334
-98238
-71732
48176
-29020
-81962
91128
-62432
-95853
31496
71577
34222
407
22225
-72699
56921
-53699
-44603
31566
-51860
32817
-45322
24185
52008
79950
-11083
-46890
-23071
98244
19576
-23999
18533
-38299
-91305
-77133
-20522
-90164
94513
-93819
-10151
-40278
-45269
30915
8359
-53778
-5672
70249
-55167
-77615
42037
-51203
-62208
96315
-35445
23240
-758
-2091
-46921
95026
-10463
48172
28742
-7495
61397
-64770
-34374
-14066
20890
76133
44586
-46644
-74316
97629
50885
-64107
52367
41844
-69001
-68533
-53461
19341
-82204
57512
-51916
87568
32913
-42821
55407
43250
-56926
39488
-50415
73820
-45762
26394
-79638
-83654
-11250
84591
60414
-20445
-63387
89376
82484
5152
42938
-56284
-24600
-69349
-7664
15744
74395
-81690
3510
-31579
89930
24740
-56918
-26202
3612
-78056
-7847
-75500
-77452
-27384
67970
-20169
25255
30349
31608
16939
-20281
36922
-32698
49686
-37986
10471
-68180
23746
56439
-27047
-58424
9179
-63979
-67889
-37360
-76858
-73209
-65365
-42884
65179
55443
-2116
88961
14913
-2417
-98268
92919
-11419
-81968
22186
-55524
97239
43641
-32673
98417
-3903
-19659
89957
63554
-41660
92671
80800
-1469
-2576
-3298
89789
-51306
55008
43631
11610
34922
-59216
43802
-39215
-54915
69405
34983
-90972
98561
7159
92137
-62266
-85539
-44859
-32296
8452
44746
96373
-13827
14223
83614
6078
-20410
-77658
81638
42196
96569
-8092
-71829
-8569
-86139
54115
-57129
-43783
-46860
-84916
-28303
-90054
12477
-15683
-24059
70338
70135
97685
35679
-34358
85351
-67617
-75659
-6073
89402
536
36708
-99964
91662
62686
-1325
94362
44266
-86984
-52108
-49649
85967
-32132
81129
-33463
-85530
-45087
-43837
-90195
-73320
89122
77605
13081
83452
22218
-36089
-57862
-25045
-1054
10966
40266
-91024
24117
-60679
57513
-41764
92541
-94033
25047
-50954
-8788
96084
76364
-15537
-20648
47619
49716
-94926
-94653
13140
-65013
27962
-27834
84358
-67760
-24065
95450
-67848
74665
19240
39363
32466
-15149
43556
-678
-4223
26691
-74444
9717
-14561
-35618
14880
13941
-75792
-8942
48778
-65813
88008
56527
-17825
37159
86603
-10266
-22231
-69345
91597
37500
-43327
-33799
-33000
-64982
-59166
95670
4043
-37707
16217
-78406
-47521
-22555
44825
86524
-75259
41924
-79828
-25466
27947
-20748
17283
-94167
-15778
77741
-66130
78657
-8246
-70061
55719
-89888
2332
-35792
-23352
-27814
51464
39635
-60579
-42259
76646
35076
23700
10122
-16905
-72798
99217
-57148
-57722
30940
-20386
-73132
41770
40392
51136
-12729
76136
-25757
16868
19269
-6603
-3034
38200
-72002
23449
-77375
-92521
-34062
70382
-84170
70428
56093
32840
51861
25112
-35906
-40913
98384
-77666
-29437
-60793
-34566
-28485
-58413
72529
95969
21507
76663
-59958
38916
-4858
-73434
-10383
37618
-22302
90603
-29466
-21758
74802
15093
51310
-74199
39780
66747
66963
10363
86121
52362
83880
7105
-78971
-54676
-72854
-59085
81862
44087
-67838
-10862
14609
-1169
296
-27612
61591
53144
-51743
-55475
-62745
-51811
6761
-49721
-6242
-62890
-59157
73854
-6983
24698
-85332
-64181
-21045
65761
65224
-32886
-41142
-24717
30037
40730
48451
39603
93092
-53968
-61522
-99422
-2266
-9448
31708
-57519
65066
-2870
58380
76103
8580
-75099
77342
57418
90890
58826
87775
47566
-89864
-85032
-92925
-64457
14707
-71233
-25296
4493
81834
-23037
-80138
-32773
-59175
-39921
12957
-83580
-59672
-37709
85656
24643
-90768
-24068
-99563
63324
49117
19311
12278
-96123
80366
-75806
5913
-32149
83865
-56266
-20013
-50942
-96308
27572
63932
-66964
-52593
-41213
-83612
-57083
83845
70724
-89500
-73591
45202
78986
-35890
-39965
-58474
24505
62534
57811
-26218
-21190
75050
59258
97788
-46632
38317
-71803
-99275
83258
-81599
-99276
81016
6141
11058
-20666
-26137
-59219
-79728
96835
-71987
-82015
-19835
-52123
79240
70576
14405
-10652
-34880
-78765
47970
-95203
28181
57433
64511
-71970
26583
13633
-94435
30544
71278
-72265
7633
-32703
-89382
-90770
34006
55374
-5995
33302
-30209
-82070
6357
-96006
89733
-27891
72814
-28358
-95106
-1157
87379
-3040
-76241
5423
-40003
-86688
25592
-84124
22116
61617
34925
68417
-11094
46018
12166
-26849
23767
19483
96236
53304
-52353
-9071
48051
-74451
24320
66853
1959
16691
68584
15802
-24833
75484
-69325
11378
-28241
88446
-92239
-26844
40537
-43774
60614
97403
-8541
-86901
54667
-28498
-90460
63488
7571
-64553
-16713
-22344
22344
-35149
-40718
-37247
78643
-38539
16113
-9907
90586
-3513
21771
61050
15811
93598
22310
84028
98199
44152
-57945
-1431
-38430
-87115
-20095
30113
97143
-19761
-51089
47448
-12047
35576
-38339
72578
91859
-66673
85375
20442
38865
67134
-19867
88270
-664
-25742
83303
94218
-99864
8760
-56998
-23969
-40622
-55951
61285
25552
32988
56050
-95539
-30279
61777
-99014
12587
-14371
70933
4624
-67072
27402
-24058
43257
-24801
13995
87999
-63213
33480
87146
-65482
-431
-88043
2560
70021
-13100
28173
76506
97158
62306
-33129
-48023
-93545
54917
-39032
2183
27900
-35581
-28579
29249
-41756
-86667
-40508
-73723
-85820
902
17941
-25623
91232
91146
18718
-32875
-90904
-17928
-2725
68047
35199
12486
27205
-41439
-98090
-75041
53313
1641
-4937
61188
23481
10685
-86498
-83012
55752
-12616
-95103
73081
81807
28966
79409
53577
-50779
42696
-43495
-65611
60267
98884
-74398
-24646
7164
38700
-51463
25249
37060
95081
18536
-29571
-46872
45956
-26143
98817
-36765
-52720
-59622
39355
56689
-86856
69329
98545
-27357
-89823
-47631
20502
-60653
-88069
-56755
-83287
-39054
-2327
-90743
8235
46525
99274
-8808
32635
-78962
-40412
97695
-20017
-67121
75117
17721
-82159
-5303
26357
-63916
-17708
91994
50611
52664
-40207
-29755
30058
-13144
-81598
-2012
-95177
75553
-96133
-52552
-48518
-83905
-50272
-95775
-28257
-65857
49894
-77399
94600
75743
-11670
80314
-38120
94498
-63224
70384
-31457
-18193
-78374
-81335
-82915
-82023
-59507
61113
30517
-78342
-51167
-71718
33520
-27272
-93827
-31807
-29462
-64087
33132
12012
40221
65107
-48200
-60009
-88696
19532
30625
89838
92475
80960
22970
-97252
29314
-55791
79713
-87999
-53909
-88743
-10663
78147
-86346
-86197
47558
-68036
-71911
-33993
32772
-59887
10669
-7764
-98781
97442
-27016
-24521
68355
-87715
24023
-81846
-99575
-91731
20936
-29512
12475
53072
-20078
-10339
20670
52999
83921
80603
-7959
-53466
76834
85887
-51515
94731
-53209
32641
-9117
-1237
-34825
-64790
-5798
61320
85285
-3696
92124
-35649
65068
-29635
96885
-72003
27060
-16530
-1313
-72686
87491
29623
90116
22494
-71293
-50044
87505
28647
-17301
-72582
5874
57229
-12083
-63685
-26192
60885
17980
-21304
4069
-83551
-98856
-91262
-19496
99712
67064
37193
1145
-28766
79538
-77755
-86662
10020
65673
32067
79623
-34742
-9676
18103
-80988
83978
-16057
-20576
290
-1019
17985
46537
28542
-89583
96113
86891
75478
-12623
52165
-27280
-48631
1382
-74320
41170
-45462
-90914
-97289
-91358
-91041
-63989
75417
67813
-25956
11791
-41767
17881
82424
44435
99369
-96107
51881
-6537
-98507
-82802
44833
-53980
32521
64885
-10620
381
-39137
30142
-57148
-88589
-50039
10620
-15781
20791
-35145
-62872
99108
65547
92518
-82751
83287
-60750
75685
33357
25759
4678
-37051
-47171
-31654
39656
-71203
60462
9388
-17135
-51657
51596
-23168
-12729
46555
-59311
-4580
22188
-45323
-92949
16160
34929
21029
-58628
67355
17383
30948
99387
60746
-97354
19982
-44808
-7058
60518
91472
-57732
-34359
82971
96494
79822
63285
87006
-58255
-65134
13664
-22443
28332
-56883
-79897
-39083
-57814
97604
-68210
-20018
61110
-25471
-47718
-47515
43655
-40585
-10165
-58337
23685
85181
55418
13304
88700
54838
-60278
-36396
-30436
-85166
6286
-56115
32682
67053
61687
57259
52488
51093
52536
18545
28187
76009
64824
65940
-5858
-75044
64755
-49785
66563
-54119
-79314
41393
18241
56961
53333
-44928
-64577
49167
12915
85079
63323
-5923
-10100
-56925
-54953
-13568
-38182
30539
84320
72589
-41437
57414
55101
10367
58099
77126
-11183
-76367
-16901
-32110
89100
30021
-19386
48561
83956
22247
-91756
-62078
38027
-276
-19627
-36951
-62050
-63724
-26301
-50012
-87958
20846
-97316
-2949
-93845
12891
-86917
61462
-67006
26858
26002
-73112
15682
72547
-84858
60105
-66665
63775
61799
10850
24275
58900
-89205
87681
71766
25263
-19770
-91251
-1638
-44134
54023
-9965
71769
-15395
-58862
84926
-34725
86688
93973
67046
17183
51087
-39446
90815
-1691
32086
-47384
14130
61526
14539
68262
73608
-88175
-79380
81806
-96317
69971
27581
82073
43655
-76990
-81388
54060
88949
-85034
88432
-65265
-86055
-73819
-53501
83846
-49223
-1079
-32880
10382
52750
31600
45743
-40267
-20337
-9601
4014
60182
-55064
-23004
12242
24688
21066
93495
59131
80867
-67556
-1973
68965
4550
-25393
24855
73482
75175
-83761
-94532
-47131
68640
48917
-18189
-94766
86994
11097
-60139
-27118
37761
12773
68421
-59862
-46260
-45371
31805
-75094
-50617
-26342
-43212
-37429
-5257
63502
29353
72882
-63191
-32286
-79921
96785
29935
-82012
-36139
28205
-37704
-49860
20369
10874
93003
-81948
54856
42466
56480
65144
27100
-10396
-99941
81507
-10861
-90599
-26842
52089
72576
-77166
15401
-70493
43856
-67618
46249
-29515
-10253
4264
55930
-3108
62628
17788
46498
-10957
-39337
91370
-38708
40756
-99073
-17853
96230
54795
-90247
39681
-74665
40006
-31784
29507
-25312
-19287
-97779
62197
-52082
-7969
-96973
66510
-28007
73099
62389
-77517
88669
-32069
58909
-12743
81778
-90754
95929
13063
-51158
8204
96299
68314
-94106
47524
25230
-32093
-4651
-13901
40705
-99317
26890
-59280
-60847
23958
19513
27973
-61625
96741
-87601
-39961
52554
-78378
-18581
93958
-49037
23494
-95236
-38176
-93972
59830
43384
-1680
-34749
-99445
71478
21701
64657
53935
75752
-1171
17793
-22058
-2503
-6192
83519
-95205
-7809
58136
-2497
82440
38429
68814
41319
-53772
7288
-59072
45978
73863
-88748
-8418
-57310
5529
6474
-25691
-33543
-19271
616
-92685
39348
46410
2277
-69768
92365
61767
62975
66509
66251
-75226
15411
61407
-18928
9819
44824
97604
34431
68147
-70439
-58386
75912
-74655
-7283
24061
86033
-99306
-37899
28462
-55230
34697
17681
44849
50925
-60714
91999
16409
-77863
51330
41137
-42899
-37526
27805
44266
-49061
-93202
65536
-84523
47052
-63866
-25482
29281
-45101
86831
65399
-74051
73086
-38676
5840
90892
77135
35666
69470
93061
-48891
82607
-80456
19242
-77613
-46568
-15059
33315
-16974
-92850
-96605
-82185
5138
97036
-36194
92006
47467
51568
-72991
-44187
-84685
-91005
86511
-53066
-67288
-72985
-62870
-32028
-20468
11356
74909
79256
-47951
-79185
-73771
47003
13546
14847
-90455
-60055
83617
49133
-10213
86574
58759
-8481
-76457
-41568
-65370
55793
54232
-65352
45458
-97670
74346
14350
-24770
-93322
-4854
-11824
3882
75797
9897
-47778
93626
83487
-37361
6661
-37278
-44670
55709
-99817
65214
5562
-17941
29092
-32962
3803
-50032
-38249
76415
7742
-80833
27118
93236
-19258
-96882
57303
64387
43150
87763
89636
55788
54193
65767
-26005
-33180
-55883
52556
98621
-67072
-47852
88811
37633
50637
-59799
19701
-27604
95356
-80780
-33748
30366
35450
12553
-31174
2076
-53538
-55461
-85441
-58394
-8964
-54367
68840
-39051
68438
78563
50682
75027
94322
-53853
84207
-89578
-2361
-5910
18551
-18950
5649
91182
-53537
17882
49220
49117
-1329
-69685
-70243
12488
22445
-75114
90515
95471
5984
-41329
42221
-59227
71023
63062
20397
-95712
-36153
63466
31402
-70561
98267
88485
-67077
1848
-98970
40216
-32113
-26371
-48436
3
-86566
-18678
30046
-47951
-54230
62702
-88899
-27154
-7592
-11212
-65322
14694
-23655
-46835
72587
-28772
-48268
-77285
-91086
-573
46670
-1956
45366
41789
-31
43761
-37349
-90387
3723
97098
-18720
56059
80643
-14991
23037
18659
32998
99119
57740
88058
62511
86174
96772
73279
29894
-61107
-25249
-53862
-28753
66377
66398
-3788
-68509
16398
-92253
-82574
66748
-33270
-61381
-60145
-99703
-74806
15551
-74988
40001
-39164
-90161
-42633
-12459
-27072
4863
20238
-75554
-3357
24334
-46930
32118
79321
94801
90532
80290
83230
-49425
-9713
72941
-22358
35717
-57320
-48
42615
11242
-44848
87372
-17296
-85044
41060
-95718
-52617
86329
-7553
11578
82835
-99142
-7491
29929
-65355
55066
-75897
-66962
80741
86020
55119
-95982
-49330
12810
-98262
91887
-28574
52034
86149
-32863
29803
-33397
-92283
76122
-60496
49069
-7297
31698
38272
-25506
-63984
65499
-97123
-98719
-93797
-83630
82504
-10614
-53411
90353
-82074
-39140
-55570
-77118
-25076
-23469
-36521
-77394
-45332
69181
38218
38068
-18917
-67198
-74622
76789
74686
80709
-27208
84267
22865
20131
65663
-85766
-59309
45145
-82307
-92449
-48174
-65406
-95354
86021
47054
86205
88342
-72074
-86131
-63123
59179
-55058
70842
-74470
-24003
67340
-13189
-30732
61531
-48478
99214
95096
77731
50091
-96930
24236
-34658
60572
-88536
-88444
-41994
57043
-30652
1831
67988
69036
99027
-99893
-51878
-56397
68868
10236
95354
-41997
92354
50748
-86991
72429
-4802
-60475
93028
80676
-70124
-64150
34133
83925
-80740
48027
-26750
-56251
7760
85959
-81190
36594
58005
44828
-483
-23061
74856
-46550
-79153
-11140
38
-73563
-83240
35329
40376
99145
-64773
-88741
84249
-66856
49329
-72191
-251
71423
72737
60718
34047
47895
58367
-91336
-513
24967
-15042
67265
46199
47686
-94669
-32826
-15039
83774
78344
58581
-22169
76492
37721
94555
29646
-2204
54574
-10213
47295
73042
58773
85435
-61805
-84453
44252
49337
74235
65730
-48856
-28806
-17430
-40282
693
-59197
35807
5384
-53013
-72831
96210
-63957
37209
92354
-11142
84756
-32304
61126
-72775
42481
32415
-51024
-89947
-80874
-92122
-60393
42100
-38238
2585
99258
-65597
87552
-60653
37776
-9533
85258
-54060
40380
-34303
86023
65369
-38433
-64560
80981
-18409
-3704
-85484
32866
-79917
95558
97838
-85932
53217
3807
44927
61065
85047
-39463
25435
-75208
62700
-38091
-16052
53750
67091
73915
-98432
-29803
-51858
15089
86800
20391
83153
74533
-66579
94816
49749
-31446
45609
-2599
46069
36767
32351
18801
-31800
-11286
20609
-12722
39195
-35132
33020
59521
-59670
-5842
-27766
72200
49979
39554
-52204
-82195
22424
35556
10689
-26741
-33945
43671
-54561
-94224
55143
12460
-81171
-80802
-28151
3285
62850
3756
-10839
-57513
-38498
44938
68071
3998
-20212
3170
-15450
-87190
86256
99353
91553
9831
-1038
67508
59877
-60197
59015
56472
97263
27385
-5927
51049
73186
37010
9363
-13612
42661
-87573
-90102
98089
54167
83241
9739
-40160
-40144
38505
-45763
-1155
-89547
11116
-9933
-26739
15831
-20944
81041
94992
-19351
58330
-68265
43889
63484
58190
70351
-50448
-70183
-40543
90639
32
84635
91942
50988
21900
-76698
-62683
31611
-21899
78920
75114
81989
89463
-95446
-35335
-34234
1994
-62350
-70049
-9694
85411
18809
13091
-54619
58938
17700
-10404
-24651
-45657
-80735
-70180
53975
35238
-6400
-74038
70234
-38855
15467
-58098
-57053
87853
-46076
53285
35286
9396
-67815
-2604
3551
-52623
-38330
8120
-11430
-9261
-64472
79356
-9883
-19624
69881
-20123
-96193
68019
60109
92103
-73827
-27703
-41944
-75749
-36151
-57132
91578
-31128
-37449
-39126
-71688
-52835
71782
-69864
-15081
51457
44271
-13848
-60697
92609
26990
60227
51467
-78552
20362
38895
7249
7406
-15454
55992
45938
49191
16213
-98707
-11033
-86820
74030
21762
78821
-59401
33643
-76717
62200
-52009
-84504
38280
46328
-97276
-14483
-68141
68777
86140
87441
-46890
3701
40428
-30135
99234
6014
-87814
28305
-93605
-83933
46207
-41995
65911
3857
46226
47804
-78235
39427
14143
38770
-84662
-85097
47383
87185
51174
95886
47457
-39669
15893
18528
-13010
34231
-40974
-92614
97547
-21675
-52394
-90859
-32945
-33025
18686
-8076
79571
-1425
-68341
50426
38081
42535
-12894
66021
-7995
-46207
11123
76971
-66207
58643
12055
-66897
32733
41086
-52461
-608
-17573
-34860
-99334
-74385
-68599
78947
97326
26411
-10449
-48798
77255
46074
-64792
567
25996
-82826
18285
50723
72029
56097
-98739
75211
-54412
99207
-62983
56420
-75264
-25617
8955
19769
-85071
3517
-29049
-58020
9554
25767
-32790
-53401
54479
-15854
85343
-13459
-19240
-30392
72576
-77117
84638
-104
8474
9828
56315
74699
-743
-31675
1454
-75970
-92126
56758
67779
-17311
9792
-51982
-14895
-55094
22453
-81405
36893
-5001
-61966
37716
-36579
31838
99619
-19179
-88810
94195
70561
-68027
-11994
-44810
51851
-52257
99486
-65419
-52305
-89245
85255
-39003
-25119
11711
-33530
90073
35950
98842
73946
35869
-30933
66622
-98943
-92366
63526
31071
-69446
63845
49086
28172
-75930
74126
-15409
23985
87496
79010
-84667
76806
55403
-20938
-52142
53016
-285
-84399
-62022
-64334
-43157
69356
-64437
8232
49774
-73272
82987
-3201
-95263
4524
42505
-63620
-86515
83514
-72650
71560
60138
73965
-32500
-53252
-12697
-98830
98636
-58289
40007
-1313
40454
-92839
-98523
29524
88305
88451
-39656
-86867
37466
3854
94257
34273
19577
-36420
-60319
-77574
66592
-77985
-31688
62257
94669
-30724
47368
-32859
-49314
79770
-280
25016
8484
-98515
-22316
52486
54032
-61990
89778
23235
83273
84263
-65809
14768
-55392
97281
40392
762
61915
30696
42853
751
-17746
65275
80543
26589
-13624
-27365
55267
91081
72648
97727
-60370
99401
29072
79828
-99208
-13441
99762
-1202
49645
-66318
-3256
-944
81430
-96118
18720
97908
-28457
-25624
-2093
-30921
-41583
-43424
59447
65156
-27609
56468
42154
-76005
-91298
-4946
65935
-55202
94366
-33351
-42347
-52360
60501
-22627
63858
-65173
73211
-11083
38960
-14476
-63312
-63346
-76770
-95140
15809
-81665
33447
68574
65609
55264
6783
48752
57204
-4760
-46023
33264
-64225
-73689
-4747
72364
78043
-20708
-85641
-55026
-92847
-13132
-84460
82466
-97153
-58656
-10042
-76986
-72032
6033
-44450
20589
-2326
-73005
-29160
-38129
-69327
12867
-24950
89201
-11479
-12754
-50633
7436
24264
-36344
1152
89437
-18614
23622
-44486
-17656
-99826
42264
-23845
-63830
-14882
-9274
48013
36666
65100
-62426
55845
-4710
19575
-62088
-93075
31424
42925
-5858
11037
-33669
25451
-40261
11561
9573
64959
-81754
-56076
76452
56974
64843
77538
32412
1970
45918
22091
27189
15739
-66883
60747
71620
-63081
10850
-27530
-27112
35340
98049
-21783
61283
-28895
-2940
95931
6148
87005
-16607
-97709
87149
-14681
-67244
-59501
-73738
63500
-4738
87858
-17219
70559
42586
83432
-29705
-57477
12120
36674
-61672
86052
-88232
-63403
4315
-13748
-88508
-39665
71918
5745
-89078
19561
-4290
26531
42549
70520
-72038
-48220
-32089
-34909
35910
47336
-43083
-64401
-35297
34299
-85153
58166
-77787
-89726
-32854
-25993
-10966
-93095
10460
-41082
76822
45340
74004
30820
65365
91009
95555
90153
-4899
96995
69579
-87138
5535
-84775
-1934
8231
-94519
66757
-32766
25629
59254
30761
-45823
3898
-75597
49203
-85176
2606
-59793
-93223
-42493
21070
-56706
-26657
5444
-28244
55242
53238
-13052
-40191
-26153
65278
87094
21831
-49808
-9492
32521
70628
-61325
84295
84539
25088
-22474
66060
-70635
16183
43093
66930
-38009
24938
22362
-77112
1952
38192
-12281
52090
-80023
-35286
-76542
-91726
20191
-45323
-22883
84635
65228
-32456
7746
11840
-55999
46236
34104
89171
-7054
-12133
52884
99978
92206
-19406
73534
-61276
-82759
-9680
-93345
-64758
-88696
32561
3236
-88688
-56808
94692
27186
-3686
80747
88135
32742
-63717
-15136
-30860
11271
-59527
71918
-29035
61963
-48627
61692
-97612
-58174
-46586
66080
78701
59747
-49619
-14989
82628
48178
86339
82510
27411
-73526
-1722
50659
-51748
-83828
60946
91257
-90499
-91868
10917
52421
-34943
87669
-53637
51042
98963
80481
-10536
-41554
-89843
18678
-42012
-59008
-46674
80376
-29840
-74487
6698
-48697
45783
18438
-62628
-17427
42751
-30241
-50409
-14138
24895
-77089
21274
69644
22874
-97647
71137
-39042
-6934
-68685
-8296
-78611
4632
-84966
-37909
93347
78920
47714
74872
78960
-57455
11663
90086
-13678
32681
-70075
62735
-64448
15712
70240
78233
37075
8067
60593
64610
-71662
-15647
-34346
8665
-42344
-19734
6709
67370
49764
-22477
-12588
47505
12221
-70891
-43368
-98480
-68608
-72586
-78951
69051
11784
15647
-27490
-23439
18552
-69428
-98310
55461
7975
60547
-87294
38746
55465
79580
-2839
109
8886
-43169
98747
-51444
-76294
82250
80626
93573
11065
-27151
6648
-24903
-93156
77376
-11590
-15761
-933
-80355
-78683
84804
2121
72744
-98495
-3968
-71049
68708
85478
-9467
-68474
46191
66974
-81567
-12723
22317
-28903
1090
-18782
61315
33415
-31735
-16247
-77377
-94058
57975
-70601
25941
-68472
80708
44417
-69435
-35729
48462
73190
6296
33416
30510
13301
-19960
22066
70631
-355
-59777
-93111
-26696
7887
-82760
78692
-59631
-58607
-64062
89831
-24222
-27806
5411
66565
23886
69638
-84263
82901
68606
-35027
-80772
-11824
24019
4932
88831
32997
7347
-58089
-35371
-91975
76165
-12895
-38864
-38786
-69257
-19726
-29020
-35729
94204
16443
44586
-75163
66132
4793
-6847
25369
8003
36924
-13393
-21513
86307
71571
14054
44763
-99499
20950
-14527
96298
49235
14544
95341
-47728
76385
-68793
-41435
-94831
22498
40936
-18155
40398
-1401
-60076
82336
9751
-8030
-76607
98941
96871
41753
-32946
-28932
-27648
-41227
52584
96935
11492
-8678
-86126
3651
-24531
-76207
95124
-82506
40074
92097
-46846
-19134
-1514
3325
-28505
62319
-79210
-80777
-79729
-66168
98959
-5999
71342
55611
50818
63252
-73040
-1308
-60795
89210
52766
58467
32320
86245
11113
92393
4928
-98765
-9065
-99246
-56709
-25559
56391
-25428
30497
-83764
-37342
-70953
-15717
54862
-22176
-56444
20002
66341
75700
-88993
-14785
48952
16662
-41207
-80805
82419
-49429
-52546
-14078
-9157
27730
84438
65336
91771
25805
49703
33464
-11621
-94326
-41657
27461
89298
80270
-60241
4463
-35310
90813
-5829
72357
-63966
-11320
20110
38513
19018
-29965
-78894
-14828
-16793
41153
-22115
68478
29854
-51777
-33617
-23766
55533
79915
-72552
-44076
-22691
-2113
-19466
-63080
87572
-71907
-53988
81128
81287
8472
73103
-23254
-46708
86748
23018
-15316
94733
18236
-17951
1285
13785
-96618
81122
-79735
1556
-51739
38807
62952
41295
41827
23432
-11485
-33038
93465
-81442
41580
-99626
-52732
23682
70106
43695
-61467
-3740
-83194
-67610
65446
99672
-16187
-31995
-9692
-63718
-28671
-41076
-40035
-51726
-35082
12385
43448
93747
-66041
79459
25259
-32995
-24198
-67809
-73012
94562
81047
98139
76024
19270
-19688
-98224
-28966
-12705
-17779
15862
-6247
97852
95439
-46281
-29216
-95326
78430
82821
-18677
-65870
-38310
-51897
10731
-5274
-83878
56686
-85578
66938
-15635
72231
76494
-99801
-9493
57321
-19348
-26038
69174
56941
89065
-51420
-95790
9470
-41495
-47622
-99745
-47706
96356
-41379
63535
-37112
86354
-14140
-80568
-25716
55091
41429
67703
26548
-89416
49538
-66417
63310
-4399
-13232
78077
-59582
32276
98099
90825
-60405
35974
-48746
57899
89538
39434
-73353
84551
-52074
-21277
-37586
-86521
18776
-43864
47757
5332
40627
-51133
71523
-52623
-65479
54373
20827
78324
-12968
4362
49986
865
-74197
18404
70566
6180
92141
-30489
-30183
-75669
-69880
6960
14549
-1570
49739
62739
48441
-79428
-88837
20607
10866
-97197
61760
65424
45237
-2532
-2752
65649
27304
-30992
87049
-91668
-56352
16171
43624
-65136
-23995
-1380
3159
-96770
17554
-46043
53458
81424
-71751
27702
-15030
28965
-5916
33504
-33421
98445
-97835
-90600
54712
-49138
-80082
-4213
-71153
-4399
-42867
45336
48678
63788
-77489
-19537
43260
-36531
14134
-33980
63501
-46913
-55259
-12113
-50651
-13860
17416
4963
-32234
-50224
78608
-85623
-26107
-8315
-97700
-97864
3806
-38864
-80077
74515
86888
-7368
-7250
-23424
-71182
-1794
17843
-78400
-31251
79117
-87717
-12432
-57260
-61408
-13259
-68453
68741
7178
-29468
-96454
70963
20678
-5405
-43767
-44107
78811
-11607
-87994
-70602
-17493
-16088
25929
-32689
-17639
111
-99077
-96846
-17451
-32657
-4684
63869
-91962
-67942
-53195
-14354
-61806
-94297
69758
-79178
67085
-3278
-98546
89830
96123
-11583
-48011
79814
-13500
-12830
96727
389
2931
-61712
-46849
19018
-87638
-28748
-90467
81897
5990
-31065
-54242
54385
84651
-93739
-34074
-21918
64652
71454
48685
-75781
-63847
11671
-39117
-58510
-32155
87949
76705
59325
-78542
-48727
-77314
-29299
17724
98991
62474
21851
-74529
-80159
-17542
-20709
-64859
36096
33937
-58292
8624
22770
29016
53041
-34304
-86017
-13382
96282
94114
16629
32446
25499
29430
42988
37601
77214
-35429
612
-54897
41301
98745
-566
-50242
2503
-278
80986
85608
-68468
-36859
-26722
-60573
-11820
82313
75156
63710
-37663
-44637
-33939
-68486
-99755
92892
30578
3906
65381
-80093
-28863
-62583
-80339
79858
50422
48351
93342
-12834
95845
42863
-67950
14976
-54205
83128
-64256
53948
44068
-41114
68491
17579
19998
-17140
73973
-74647
81229
98305
-26127
20732
-97104
-60972
49685
-50209
-36431
54572
45678
78187
69762
51777
1582
78689
16995
90993
-42368
71702
-83456
98240
-78980
-68805
-97162
-51089
-56458
4744
55670
31799
-64847
-98491
-31038
-63390
5297
-81675
42709
-66105
17518
-42913
47200
71264
49892
85114
63214
-9847
-84857
66932
-26904
-59112
-31404
-98145
373
71251
58755
-72328
37369
96530
-34151
-81770
-57601
62898
59098
-52372
94513
-21773
-29797
-38277
-54908
-42321
-5452
65879
-24079
-32584
-52076
61587
48413
61516
-79568
95627
10970
-3593
96788
-35377
-14778
31430
35866
-6169
27793
99427
9271
-66616
72733
-51566
95730
-85615
-24194
31367
-143
66434
37728
-38175
-59220
-63494
25416
13511
18626
61482
22195
64094
-77654
19932
-73510
-71516
82114
52506
-76521
-15700
-65405
87036
-87263
28534
-53354
30930
52467
-93718
-71937
-82647
45004
-45327
-87624
87230
-13937
10160
-20391
-12483
17034
-54366
-47438
-7052
24467
-62895
-96133
-74407
23311
-80591
92387
-35980
97868
61849
-22908
17962
-93618
-3425
35384
79912
31975
11086
14085
31208
27263
-87417
-43405
75619
39028
-93647
-22977
-39853
79834
53854
8296
65636
23395
88764
7718
-42762
-52902
8436
22906
21329
-21302
-9950
40097
45030
40955
25330
-83614
-9986
64348
-79853
-25529
-25342
-21508
-58725
51880
16678
-17678
46071
12770
69042
8989
-8819
-8729
76334
-68986
9904
-54545
-9943
-33950
-79233
-66035
21798
-20301
-17190
70876
-59548
-90803
-62910
37272
75081
13942
-66163
44041
29802
-21337
14210
26073
88953
-35025
-19049
38151
81036
9527
73860
-24908
-37754
7456
-37757
94043
-76828
57736
99751
-82850
-85658
19692
55126
-28613
-75561
30375
-71515
-74595
-26565
91737
70734
81615
-29547
98595
-14448
47499
-79918
35342
-25436
-72335
27349
-10741
87767
41619
10912
28309
-84216
-29203
85595
-4941
-64960
-63950
29829
53913
97257
-99967
20084
-98194
84845
99702
8330
24745
30124
-21795
-26058
54996
-50471
55106
-99932
30259
19250
-21084
-86974
69758
-28326
-32760
3184
-24823
-39148
-4183
-52476
20293
30430
26572
36279
40095
-68376
-89166
39919
41222
75055
-69657
39785
-82358
96251
60088
58242
91808
-75151
-97214
-77021
-22590
-85866
-22556
-56569
28275
2849
-6634
31083
5728
-45190
83
-4847
85538
-81387
20722
11632
-89312
83558
6419
47867
-38190
56128
6452
-25204
83040
2894
-80861
-97427
62376
9772
-54770
-31933
32607
18467
91574
-4840
92303
-89537
92162
95875
77758
57871
-48144
-27530
-86033
30073
66470
45092
12546
-83465
-2393
16397
-76362
23666
-13727
99751
-68721
70521
-92765
-57621
7122
-6946
-72725
-3271
-87954
-17491
-86051
-94104
32373
-39478
-47024
-15186
56519
19942
-83837
-7768
-5233
-58403
-81747
86856
32615
81264
27762
-73640
-65897
88410
-81167
24047
94267
-30831
-25734
-32081
33922
-66342
-38051
85111
-71342
-93431
-95842
92332
-76151
-49644
-74364
7967
-25825
-72365
-87536
-37029
49831
-19177
-74549
10062
64052
63844
1849
-3374
-75239
-15796
66345
-23274
74248
-9623
35630
-39251
39259
-32586
-53400
-43789
-43855
-9846
72379
-12968
-62223
-61837
88226
31946
5226
29355
38108
30467
-85989
-5958
-26748
55724
-12722
80487
-21634
3564
-41057
-50788
-52851
81618
79450
-58923
3458
-17125
1282
-37692
-15921
-99552
62510
-37883
67898
-98529
4495
-95879
71725
75620
-71348
24321
-4374
8211
58190
-64551
56091
-44715
75096
53070
-79289
-65891
1293
38558
-18719
-79914
68309
-16982
-41989
-8789
48219
-64678
89176
-24398
5870
-64499
-91362
-22794
55367
-71685
-92758
-19297
22378
80618
-70786
-97792
89445
52361
87125
87101
-87243
33133
-90472
26775
34440
-69659
-61655
-11370
-74146
-7748
-27876
-15407
-35896
-82102
5765
64413
83411
72311
46380
-55024
-66498
-19890
30109
945
77158
29753
17884
-7938
28611
26463
-45258
59608
94923
41302
-38349
77071
68404
93895
-11992
-25082
19735
-33955
90281
-72957
18928
-67991
21787
-6699
89794
-57834
25831
88290
-11753
28100
59402
-72180
-22619
-73277
-54903
-44544
48588
-38035
-83006
-20645
1084
-15904
-2530
69240
-99084
65878
3747
-67558
88421
-2973
7910
54515
3381
395
-72355
-40305
32479
76414
-22509
84128
-46857
-89423
97844
69414
66699
-46118
74120
50811
-28186
-23032
-40579
43832
-84818
40860
29340
-47736
35885
-89368
-98082
4423
-76500
-36062
-72680
-93034
6267
81860
59857
-63170
72846
12356
-95628
44349
-96126
42923
-25568
2290
-86723
53845
-49187
-56670
-69646
59972
25386
-60699
-41724
7968
98418
25840
-51006
-99057
34077
79039
67793
-94035
-6270
60255
-72665
40744
-82951
19861
85875
-48837
-11954
-45649
-60069
52805
-39725
-45467
96349
91717
42957
36394
50583
-84875
38734
10581
-20127
-68608
-32861
-27481
17112
66720
47331
-35016
-8778
-71848
-26648
-16637
34653
94283
46746
18634
85875
-61384
19366
-73113
7910
-49581
88782
81905
-44080
-2688
10779
-825
-81290
17902
-62675
68540
47851
63822
25523
-53025
92946
33263
-49227
-40027
-81024
59576
82638
64630
-26240
6721
39096
-62959
16048
45070
-35136
-95908
15816
-71576
-79848
-57524
14715
83866
93899
-84051
34422
-20347
-35701
89678
13381
59233
69478
64269
-9323
-58096
-88425
-93126
64468
-41056
-93255
-73173
3124
30494
71254
-46244
-61297
-943
61598
-25344
-41819
13274
8307
-4824
46912
81318
47713
46095
-34504
-44723
-66261
-83072
-60141
-75318
-37888
-40284
-63036
92951
79181
-69780
-63404
-77979
-98132
27607
-16738
96053
27898
71328
58484
-12586
76614
88264
12064
-86469
-71516
-52229
70085
-2952
14434
42273
72291
-91175
41490
70788
-25863
-23137
97862
82329
81988
23832
-13670
-27091
-50074
85530
-45909
68909
-7838
-7845
88742
-2542
40580
-40016
80379
3431
47646
50401
-90833
12408
-52564
7525
23441
77401
82265
-59521
-18812
27088
-34598
-25868
65979
59872
8569
-75993
-40060
64243
-25428
-30637
-59653
-10141
-7517
2341
8543
65701
67617
-33740
-80575
-18350
-10430
3486
-44520
61523
-17573
42816
-71822
62505
-12802
85905
23685
23319
75420
16795
-97628
-53460
-15035
85080
-36467
6384
25484
29733
-21409
-16917
-89402
-71899
13160
-80819
38705
-68811
64605
31293
-39824
91591
27875
-10559
25588
52957
-60343
9862
-46025
46180
67097
80653
89250
-56981
6212
25906
-67889
-94082
78458
39322
87656
99683
-21797
98297
32814
33648
-59065
-17218
-92842
44679
-84847
97819
77262
63088
-69485
-58380
-80995
-32815
-87141
-18653
92648
-28148
-66109
-12762
-21040
89205
44895
-52570
-98183
63791
2191
-39260
-82778
-6622
-36749
51074
78848
64794
47294
83884
-21386
8511
74596
-94367
-71939
41453
-14227
33250
-12424
-64976
-72149
22325
56308
-73379
89544
82710
-61110
-17521
91065
-65413
-79640
-6659
-14577
-44797
-7063
95861
99756
634
-36449
18359
3730
43339
13235
13296
-84841
-39293
-98460
64018
3957
-13570
6315
-56116
9342
-57616
-21889
74347
-60948
18450
-9740
-86003
97046
-91674
22911
-35715
-82945
96489
-87276
65648
-75255
-30699
64816
22171
-17977
33232
37363
-78097
15920
-78796
62309
-91406
53614
38460
90521
16635
-59050
99847
-72466
-21622
32435
35404
-62798
91522
66747
-99621
89826
-53181
51747
-8052
20493
-40728
13902
27206
30679
81946
78113
53933
61144
66575
89458
81705
-33500
11427
-87394
34128
65766
22161
-83975
84079
-99995
5966
11616
86842
12265
76610
-13013
65549
-42570
14115
-49217
-16354
-52809
-528
-47104
-26622
27190
-14072
-29725
76056
-43448
19813
-35999
72598
19270
-6856
-14841
-39826
-21003
-3295
-98582
-67620
-5049
-71350
-68295
-88625
55099
-68126
66987
-67087
61471
30641
-3689
-43051
-50570
48989
27170
11004
41844
-3464
55314
-94524
70309
-21053
-94975
40366
6958
-76796
99694
-56374
34732
45503
-45842
-86143
76281
78676
62016
-1921
-84787
52853
-77187
-27653
89664
-75263
39022
-75868
-41427
95298
-64456
53674
60467
-2112
-17422
-72283
-82667
40832
10583
28582
-94527
-40356
23575
-24039
76142
89792
-97976
-35757
-62370
3262
57722
87422
86019
62799
-79065
50910
-33090
-65561
969
66367
-66942
-42701
36742
11325
48727
-2382
-68601
91760
-89029
39277
58662
-47630
45091
-3499
-10555
-47922
91231
-42377
-26756
-79610
84635
52894
-39702
-17471
97537
-11707
48493
88207
-99460
19319
-6420
96027
48216
2949
-45679
-45652
10885
-64477
39188
24151
-99205
90848
-653
60997
-30281
31809
-57730
-15843
-88925
58425
-71538
20173
87379
5830
56021
59770
24043
-83990
11857
16066
23647
12869
78235
-16982
-72301
56140
-20068
75625
-1567
42728
38366
-17456
-30792
19757
-21120
8404
-82015
-85643
96068
48570
35037
63001
-43709
24093
-82837
41099
43136
-92065
-67866
-51437
-25511
90026
14794
71716
-61735
15906
-22185
96282
-81365
79785
65166
-37613
76650
-27762
-15336
-43481
-71341
44563
49734
-25467
-39588
89433
-50061
69163
1950
-19734
-48442
96769
24365
-82333
-87084
88659
43208
-29444
50402
83626
-71892
41525
-40312
-34619
1731
21343
55793
86329
80761
18501
-4546
33954
-66705
83957
76106
19461
76617
22510
37832
23748
-67549
47591
18505
64124
59040
79354
18138
-75777
-57182
-29460
-33781
41513
-31530
75865
20938
16865
-13082
86400
57325
-66898
52562
20137
63758
-26701
-3687
-6993
-95792
12232
92881
-55186
-256
-86089
43670
78665
53976
61456
24223
-97640
-34019
41833
-44500
61805
-48537
-92938
65819
42497
-89535
-9855
46106
55936
-17882
29382
-91401
24238
42156
-50579
-44012
70964
34429
-4700
-69130
-53557
-52097
29273
76924
-91964
49622
-52463
-15508
-42831
1727
-93464
-35095
7668
84765
-28827
-52927
-85022
-63599
-9543
7843
-3693
-766
-83564
-13330
82184
-27844
-68316
-55900
697
-96844
36332
-10627
-39173
64873
-90307
-8104
-28725
-84121
31059
52492
87930
7974
-46386
99613
7348
-11697
42378
34954
70446
-23650
-69090
99971
16876
97442
37934
44857
-54932
6946
-30675
64013
43890
98266
-50957
43178
31665
-17885
51319
-52818
-72493
-48592
52457
78275
-50203
-12044
48623
-53299
-13470
-29087
-86151
87612
-36453
77964
28867
-65664
32831
78317
-90585
-90660
20237
-72766
68828
77076
4243
18130
-32689
-90176
-61599
74511
-21860
40963
27216
-92139
-89239
-72491
-34264
-48753
57503
81019
-73166
23992
21894
-72039
-53861
13695
-53700
89822
17154
-49852
-34670
51165
87391
10240
-31356
-40708
-48561
21633
99922
44293
52864
-9326
71807
-93542
69045
32057
30117
-11515
40822
85145
17651
-49875
96152
-42696
-13179
41061
40036
58587
20958
72031
6823
64526
4101
-6466
24854
-39040
-32455
33609
-17701
36170
67537
-61957
-78272
15568
-98443
-81545
3767
-63808
-92173
-15656
48835
-53320
4607
89383
81415
85700
61642
-58906
69993
71301
21373
85769
-5597
57517
63570
-86524
-39194
-3418
54095
19647
-75542
23954
-61472
93159
-3497
21741
79697
3678
72521
74383
29093
65042
-11068
-8754
-18539
60011
42356
41281
26664
39070
69854
34655
94571
2399
61289
82565
-25650
-56781
-96125
-43306
6107
-20829
26290
-24516
-20269
-82804
5687
-16307
-51993
47764
-87648
-79798
-65648
-79113
-99861
-63679
-88821
84607
-68782
67282
-87947
51218
-1992
-71666
-78722
-9051
29038
80699
-52659
98639
-5086
21364
56625
-90184
-76060
-75155
-26626
-86736
-23658
-53739
-75700
4188
-87632
-20524
71560
92171
64174
14644
-32011
-45338
68054
55644
-1021
-12026
-92247
46646
-19830
-59680
50470
58802
68067
-12709
-41739
36772
-51869
85506
-70793
-24183
-51083
70677
-87705
-91033
-18221
-32902
86253
38674
95393
-99631
-4993
-39414
11686
86501
49268
-82750
12263
32702
77927
-82372
85026
50899
-30204
-92913
79908
49180
6898
77642
33159
96070
8989
51699
13772
-49152
-27297
80744
-80623
-21197
-4598
-16857
-44817
-57266
55124
35049
44658
-52673
-90144
59369
-37322
-46147
82085
-38462
-67174
-70142
-75587
-11850
-13276
-26666
77900
-58869
-98511
48007
-49013
-78641
17175
-22475
-92752
-51267
-35111
84809
-11588
14456
-35642
73862
22048
20020
-35474
33464
88077
-460
46146
-76792
-65705
89069
55559
-78735
28293
-14646
46263
14413
-41737
-93559
-99084
-66359
-40652
32642
-7191
-65160
-8304
52040
-45377
-58238
-57866
-74968
54841
85245
-34793
66127
-82259
-68716
-58065
-33464
-43872
-34333
-59215
-62942
-13252
78245
-99185
-62737
-82448
-96635
57384
-57751
50020
8592
-18163
-61648
89304
87948
52785
53231
60312
54690
-80915
-64612
31198
71798
-43282
91613
79620
32215
-48260
-93048
56676
-17582
93607
25667
46158
-66527
-6448
-68597
-70107
54337
-50223
-34608
-2666
-76831
-31158
45948
-91594
27830
44425
63828
-56520
32556
-8171
39607
-37433
12726
-56553
-27324
-11834
-69562
74470
-88423
-82270
-59751
21102
73206
-97264
-55575
75067
53247
73128
-12346
51880
12768
70621
-54273
63902
-21941
-32488
-94022
-86773
2141
57073
-24989
16418
80734
-80374
-62527
85704
-2201
-48505
-8988
53410
29150
-23507
66939
80376
46877
-4010
-95742
19334
-60175
44111
-5672
-65505
31806
23502
-78290
-41218
-45184
-30125
76892
48043
-64084
-25447
-71602
-23417
-32907
34873
-57509
-77388
-21142
-56356
18934
90275
-63620
-53413
-38147
71995
-47074
80885
-70673
-84317
-40379
-69204
-63237
34732
-66801
72188
-42637
-85346
88896
60793
-87777
51550
-22553
-17404
-28946
-43144
18527
75241
-90552
-61297
80945
-7784
-72449
-87138
75223
447
47203
49514
50139
63872
-5900
31430
62494
17940
21810
21826
29493
11324
-8047
-70414
65902
15391
-9975
-85930
-54736
-98747
585
2795
86272
21678
-13173
-24563
7072
36176
13571
34119
31954
-82260
-83727
-52551
-66438
-84724
57174
-67484
88609
-85925
26370
-55786
52310
5472
-7220
-93267
-58769
-24103
22940
-90551
-90899
18672
52322
-87982
71933
59164
78633
-43486
-51237
-59113
-55994
6737
99857
-58377
-75798
24220
23326
-10836
73047
71281
96433
-98027
99120
-67622
-77292
-23937
71400
34243
-12314
-32325
45148
23978
39809
35034
36093
14242
99962
6407
-23642
94595
11654
85186
-64756
72945
57
99125
-40621
-29305
94762
34036
-8771
15905
-13773
24854
94653
-701
-99819
-88854
91818
16810
-9608
-64168
-79985
-88852
55119
-60714
4191
9166
-41574
94339
14406
11810
-43963
-94301
25818
38747
51374
-21576
-62736
-13457
93508
61945
73803
-53017
22475
-3918
-65296
43846
-82501
-25609
79765
86228
-36472
91398
41080
-57018
72253
-39496
52107
99019
25986
27684
-27444
39797
45116
-70447
75891
12546
-65197
-25963
-5051
52999
75535
10318
87750
-4232
70043
-2564
-32821
71894
-73108
85946
44077
45365
-89413
79959
-13542
70825
-27282
19349
19653
11661
-67435
-66306
-87426
-97297
91855
-86627
93148
-82725
-78515
-47584
73558
-26557
32174
-90616
62897
-99512
31178
13450
-11245
20391
83019
33350
46327
-25213
24693
-9311
50234
19210
-44282
86849
75794
63623
91767
-75228
51166
-56764
97187
37981
85399
99610
-72001
-14547
85030
65111
76551
-55814
-9968
-62966
-58502
-25554
-3892
-88275
-44485
7151
-48266
74671
16089
-77578
43611
-30946
40232
-54834
-99916
-78738
-51250
31916
79664
872
3162
-56027
6890
65522
-30258
-26416
99450
-39881
-5123
22200
-46169
-83213
5199
-33538
84346
-50596
-58142
-68022
-40850
-99792
28747
8363
-92349
57560
-62534
70163
-66639
45238
-16517
53928
21946
65808
37465
37448
96729
-72616
8925
16668
-32298
-51177
-59084
-66345
-77701
-90250
52782
-80948
-74975
-41495
11683
73258
30563
48632
-97616
12309
-22476
69355
53727
-415
-40371
-97710
-86875
39085
-60930
-65874
56516
-61478
-70746
-91776
15121
27303
30078
-3989
-82672
35691
36431
34824
21627
-76499
-26876
-18105
-32222
72099
34266
94460
-78292
99846
58355
9742
-1733
41294
-61046
-5065
-1170
90127
-97022
-8456
-87361
14448
-45353
-85859
89613
8259
27509
-2456
14645
96518
7335
-24611
-6311
98102
-44504
-7703
71234
-46070
49174
-12944
-88926
82963
3524
-79886
39794
81582
36974
72921
53562
12386
89863
27297
70767
91997
-62993
90916
-99594
-13178
84289
-2751
66055
-71170
97224
45672
56045
51129
-46319
-25403
-82135
-30926
-60581
49223
85558
-44016
-95445
-10036
-66648
2707
58236
31787
-12946
19834
468
-37859
-1738
68917
31730
85256
64687
-1214
71396
-75862
67370
99559
22325
-35809
-99686
87114
-64510
-94258
27834
-94800
86317
-59978
-21747
-29680
-67477
-70703
-89663
14996
57913
22114
-68371
-97493
73004
42976
36986
86413
58469
-77057
60189
-70643
96035
-8233
-9214
47124
-7502
79859
-71420
-69057
62721
6777
-62503
97111
56017
-3407
-25077
51497
-74358
-60493
42657
-1854
-9944
-48463
94492
-82743
22994
78622
52253
-60935
49867
-92037
14820
-65479
-60927
50620
-68877
-59559
21827
-62117
83729
27947
84112
27064
-32022
93948
-88054
45867
-42413
-12306
-22582
24552
68140
26291
36109
-89970
-96545
-9176
4683
80588
25668
74699
-22360
-43216
-72921
39451
29380
-81010
-34015
61771
-75027
47369
33442
-56414
-48396
47809
1617
-78158
26461
42457
-77238
11506
-79953
67875
-60858
379
2668
38891
46425
-88357
-13221
-40547
-73260
-999
70785
66195
-2550
99143
-44626
1471
10032
509
35443
90610
-19490
-75337
89137
85062
-3214
-94131
-11764
-23570
43219
-97717
-38785
-81192
-14765
46060
-69687
24892
55278
-49672
98822
26244
81199
-28041
-37928
-78056
-9422
-82159
-21116
67717
-13052
-253
-74023
-503
-75098
-58112
-64310
-86083
45169
-79838
-74787
7263
-48429
-67381
-2116
-57156
78967
-93667
-24535
-49290
16195
-10991
6351
-65033
47035
-25544
-24269
69875
-7933
-116
-66615
35155
60929
84850
-65501
-60989
72289
61263
89925
-42407
36594
44484
6931
85920
-30738
839
-51093
46785
1238
12255
85071
76173
-8324
24636
60475
-57302
89114
-592
-72938
46103
28768
-24306
44675
-84259
-14133
-73442
-42410
-89324
6897
-37767
96356
63119
95257
-45369
-19341
-98779
-60858
-57773
-17136
-28451
-55659
-66040
-22976
-46219
-16516
-66037
39758
-69041
-20238
31284
-85821
4281
-83602
-10006
99444
28311
-20537
67865
-81291
95791
-54598
21139
65835
-72559
45514
64576
-33216
81633
-76414
58947
-2577
88770
43542
44332
80703
-23071
11048
96147
33804
-22629
-38554
15575
-29248
-18228
58064
1651
23713
-39499
-48489
-96326
2053
-17847
75297
-95057
21216
-8108
59753
-30269
-61058
-27703
69700
-54933
-71476
-65754
50110
-91747
48656
15238
-22045
7848
-95303
37635
-95399
302
-23728
99397
-2838
-88833
89038
98156
-12064
-92142
-89784
1622
-47735
-69726
-71738
88973
74202
-88861
34481
-34416
5488
64863
60138
-52932
32882
-93454
64887
27863
53905
25118
86360
61434
-56079
2060
96504
83736
-42334
65184
77631
-48530
-94649
-70537
40324
-1655
-65129
-63488
-17440
-28049
84930
-44748
76702
57835
-58517
-75661
-54386
39929
-15212
32636
-61256
393
12056
-36791
-34450
51379
7889
7621
81467
2872
58905
-58517
13623
-35023
-36754
-49220
14780
-24873
-38097
-97828
50867
29486
-6461
-70774
47559
61518
48601
46971
-84868
29839
61705
7569
-22824
41488
-48999
41405
-68417
-91292
12317
-96146
-59235
-38821
-38858
58164
-85125
-6552
-87878
85622
-51275
88692
32436
46412
1155
-11266
2242
86266
-27853
39789
-72995
44554
-88905
-16332
-59274
-32251
-37286
54048
33787
-34355
-25010
-14463
12536
74010
-72606
-76110
-94245
-85745
31055
-87417
-33456
3000
72113
-80685
79499
88291
52499
28627
-8669
-87976
51747
-50693
-48805
-27850
-90363
53018
43453
71019
-75709
17068
48032
76303
5857
-59780
-13112
-26722
-64626
-1164
-79188
-27248
-50569
22659
30482
56407
-97034
76777
30103
-8844
-792
-96350
-88565
-55305
45149
-61844
55160
-87279
-64536
-5001
31556
93719
97429
89193
-49620
-17195
-64454
-96949
95216
3405
53030
-17453
68430
89547
-78473
-56434
-3354
9574
-71928
-53910
73340
-619
69255
45085
9116
-49365
43812
1078
-38952
31408
30117
80446
-69139
-6754
-39082
24842
46532
12469
-1762
24928
19604
-98821
79149
98116
-40604
-47916
-40622
-82722
-83666
31353
-67031
-99639
-66913
58328
75185
-98310
34556
-17144
956
-8309
80606
-93336
-51841
4387
-3106
47123
62857
-71612
90187
-86527
-84271
-12687
-56360
91389
45736
11898
-25005
14846
32525
-16539
-73072
87077
24927
57211
17956
-4142
97453
10668
-52019
74915
50730
39200
-37969
98315
72188
-81445
-9287
-93366
90483
88203
17574
55694
-47017
95153
-98656
69990
-59878
41962
57983
-90017
20140
-51943
64366
-66371
-14931
435
-46162
-14824
-70594
-40985
-24524
-94896
14000
42216
-26898
43438
-27874
47896
-54748
59672
-23465
-51246
84537
-30671
-30221
98388
30032
20939
29895
30920
-7477
5705
29299
-25939
51502
-23594
-17320
45223
-53470
85564
87399
56927
-3754
77794
98005
97880
-33792
-61787
34282
98320
-86975
44625
-12231
-73906
-29977
-4164
-7958
80079
-76340
-56897
-63757
-40441
-48613
72530
-62427
48918
-79501
64579
-97694
-98680
-3869
82707
-2963
17929
97493
22253
62490
91748
45064
-34173
51044
-38986
-50378
18759
-55651
16115
53204
-54141
-2496
-47020
93880
-36330
81186
-77028
-45868
97292
65287
-27770
-87008
-51752
14801
65293
86806
72305
13716
-81641
9815
-69370
-85691
-93377
11435
-42466
-36016
-71875
45862
30480
25160
27957
-95834
-97828
-26119
44761
95096
59749
46745
33019
72410
55948
6685
-92494
-36645
55658
61161
-58456
46559
77865
1055
-36417
-24385
-24960
-80551
-73250
33677
-47415
-83343
-60388
48564
64320
71293
6407
97278
95002
-96040
55184
-24528
-66241
-8357
83287
-39280
-16794
74411
50447
-9465
-16756
65836
-89330
18849
-39151
-5420
-99148
32624
83951
74330
-57291
93392
56727
-22836
-15164
28102
51434
-62912
68765
56386
-8431
-74910
-32657
-40764
-84743
-1811
-45147
72667
942
-13451
-87792
-23225
40339
-22688
93875
-83200
-85956
74229
-12054
-51312
95784
47372
68023
2971
64990
-76763
59242
-49089
74850
-71339
-38483
40918
-94828
-49829
50985
3992
-19930
-25199
-11687
-1122
43448
-322
53801
36673
70226
70856
-55414
89249
65533
-81657
92117
-64830
6398
77940
23769
-45936
-96848
27904
6595
82435
71037
53505
-37719
-72675
18489
-24377
34355
54736
65051
5069
9190
-40386
25112
33547
-66418
-10536
-37666
-50391
56264
-92249
490
21197
93865
29865
-24442
-3499
-63218
84115
29730
56737
79810
-21322
24334
-93369
-61947
-17604
-18862
72874
51775
-41583
-34453
-27419
-29439
33502
39522
-56352
75059
88944
-42871
34885
-35296
59767
22485
39181
-77093
58539
78227
34868
-97908
24777
-74167
-14197
9370
8187
28778
-61140
-51273
-66218
15796
30343
-40253
-8451
63082
-55141
52830
-59037
48169
-98239
-37747
38381
56618
-90462
46407
-69899
20051
521
98973
555
33082
41299
44485
2966
94583
94723
-13438
62648
-26396
-27662
-11343
79568
-66829
-22941
-36623
30137
17517
-65035
-23056
51184
18819
22513
88079
-461
78482
-67708
95089
-89468
-10888
-21754
-48027
96653
-95219
-30664
-70163
54621
97473
-34035
56171
-85744
-38448
69279
-10137
80589
59300
-37566
91199
34537
-59641
73142
40172
38122
-79230
83446
50412
-66138
-16873
-94867
16274
8393
-43112
-24248
-67482
62708
89123
4198
53562
27587
-30533
-9939
-77878
-89241
-63613
-35722
-242
57202
-33959
-20696
67744
-8910
-67444
3298
-30907
-54412
35196
-76206
81050
21418
62605
11683
43421
34279
16391
-22509
-30892
63878
-99123
-69790
-84707
-55637
-63560
-70106
-19180
37409
10512
-70276
-66918
52451
-31386
45017
-16440
88822
-63855
-73986
95152
-29453
-26685
-30518
-43060
-86109
-1337
8617
57670
92482
93209
-75158
-18909
-41754
-20894
33903
-43763
88569
-41458
56317
-65285
61858
-1972
92211
83903
17923
-75551
42136
93804
32795
84969
-86451
92705
51723
-74004
36833
-37449
47093
-82727
-28285
98307
79488
22882
93586
38280
2744
-2957
-64431
28028
-65069
-85744
-75402
15349
49742
-31990
-36191
62768
78582
97181
-99158
32510
-7485
-16279
-92141
-72948
-38049
53899
-86563
-1971
-63420
-51240
44022
-59642
-45630
11509
-68849
-7307
-55072
-14314
36364
-39265
68378
24849
-41323
19317
28617
3230
57034
24738
91361
42094
42835
57332
-58284
-77468
37781
-67740
38547
-40012
-98624
73092
-81676
96983
-10427
-86140
-99089
90600
-24667
58848
93378
-34274
42917
-21270
-67787
50343
90718
-60753
-79304
-90083
-85328
-91895
31784
22119
-22378
40769
76592
-16593
-13483
62494
50124
18939
-15217
15886
-43863
32362
180
-42448
25128
-30387
51032
-68420
24898
7648
78559
30160
-71098
96932
-24236
40407
27709
34842
-42087
94808
37870
77982
33273
-42727
-36227
67741
96537
7725
3310
-11084
79886
-68895
57671
77606
-77752
-85761
64660
50042
-597
-82179
52100
51119
68286
-31930
-13583
-40547
94396
81378
97149
33450
-50680
1668
85847
-22043
21310
-93840
-18787
-2558
-93467
17543
16732
29298
-76160
22128
59058
84575
52995
42341
-17387
40961
99491
24151
-53972
68896
-71418
-75009
26267
-73754
-34918
-52349
79004
10720
4930
24128
21256
90961
50538
-9862
5174
-11917
-90565
-28899
-28614
-97333
-19350
68079
-47281
34663
76843
-12651
38671
81399
7812
-58049
926
-60922
63676
41072
-55769
20947
-6414
-21651
74558
-85040
-25975
61762
72805
88310
9601
49771
59306
46595
-24799
-77530
57198
15442
-14128
75603
-34432
-84139
18372
53124
79271
82416
55826
-95321
88638
-3531
66659
18381
-19782
-64392
-84281
-24938
95816
2447
739
-21957
70673
34216
-66938
20856
-44897
-44537
-52518
-56940
99737
-26406
-77130
36494
-70550
57914
19088
31206
-11328
59648
32656
24517
22449
59586
28927
61450
-82824
-79127
77150
-49039
-81124
-77712
-48556
27426
-52431
-44101
-98369
78548
-83528
65106
-98709
2972
66785
31736
23392
-85226
38450
38508
-18283
64558
57215
85563
42051
86668
-42279
85824
-65643
-54118
98052
51130
-9797
-19725
9567
-25976
-55906
-99671
-37528
-62973
-25042
73587
10136
-58056
-90857
36849
34922
-30144
-33007
33950
61946
87806
-12650
-79727
-71288
64885
77295
4784
-61541
-83260
-69016
-61391
42882
93887
58530
-62898
-20490
-18326
-60409
-68347
21595
-94764
11416
-30263
90981
71822
-95326
12168
70552
-1977
86543
-37094
79143
-88827
-19880
78467
32318
31618
-78696
17701
95131
-61087
-79876
78917
279
74251
791
-14473
-34621
93354
-12078
14633
-59731
-57022
320
42506
73346
-13593
-50928
-32427
-76211
-93025
5276
52926
-47010
57428
-91618
-53513
-75642
-83594
48321
16479
90302
-66965
73941
-70648
-86489
7156
-12515
10019
69420
80989
85379
27275
34755
45280
33964
93546
-82733
-2216
82405
2700
-32400
61149
98172
-14082
-74431
-90944
35308
-92446
-16189
53732
83504
74386
-2714
-12361
-82376
-98129
88277
91980
-39559
-90299
57747
96407
68319
-21412
-61375
15300
-58850
-57314
-12164
50356
10470
52512
47907
4884
17589
14031
69238
17948
-97786
-39880
-65895
94049
-70489
-89037
