9900
91760
-60979
30481
-42212
-38108
-68931
14253
-20200
-51212
38203
19672
-29024
-41451
79377
3661
35819
65626
27422
-91551
83197
-16008
8814
-68583
90129
-19866
24820
66453
59618
-54498
-43482
-73751
-30122
-20543
-78603
76044
75144
-73257
1256
-7767
-3536
99508
14740
-80045
7409
-51338
-10630
45462
56191
-73366
21885
75304
20587
-62066
70270
42815
-16435
62513
-53098
-1796
23949
85751
94767
98308
35533
-70663
-49025
43632
43127
-93559
71650
-94182
15710
-93037
-34924
-95336
-42477
87070
-89784
59973
76551
-96142
70055
8186
-48168
14868
15976
71580
-88390
-29459
-43128
-38641
-98621
75913
10151
81033
-80174
-64198
-24961
-93695
80029
-95395
89281
95429
-19434
57716
35662
-4117
-24710
96882
24526
-76128
80310
-67306
21361
34652
-37322
29423
3776
-22410
-73973
-71938
-99617
-71981
-18697
21944
-21663
-65926
-93992
90538
-19704
-30077
-93520
-89929
-11049
-57170
-25907
-40259
94230
-46255
30489
-17898
70498
-88023
96960
-34566
-48082
34576
28729
-94078
-46630
74575
80628
32967
-4370
-309
6558
45417
-14797
39964
46228
95916
87534
-60613
48289
-38276
-97990
5849
-54731
-54639
-1343
-92212
14437
27309
-20330
-9244
-58791
-91069
-40846
-25252
40855
-32782
-2358
20205
27817
-3218
-7287
-9860
83116
-31360
-20561
85171
67192
-3037
78214
69612
-16281
-1329
9276
33866
4420
-53548
75042
-87710
96338
36380
56256
56983
-90378
55507
-38830
-51836
66050
50850
-20125
-9455
19102
-60010
13125
-15128
-19499
-39328
21290
-73598
-30343
-71563
76579
-20453
-75852
8662
45362
-16124
-10259
81834
63181
-21929
94099
-29690
54322
30660
-52343
10575
57121
27146
-72914
-60361
11643
75074
-32248
-7517
25653
-17387
-2548
-99475
61689
-68850
-96180
-39675
-70887
-52854
-26243
-70862
-32720
-17268
-47580
69751
-67113
24493
-85987
-59568
-61951
96881
57864
-53797
70324
72116
35856
19604
76581
-78525
-84583
33401
-30290
44231
-43322
-80500
-66130
68891
7716
-74249
-9539
67391
-59146
28297
56202
6310
-68899
-83938
-10284
-88278
-42268
98846
-70847
16416
11174
35036
-63970
-27579
43612
-64034
-25292
-27945
8071
-65796
96835
25536
-86090
28001
-90018
-54291
48565
-34449
6690
-6850
-71790
89727
48916
72150
92109
13061
-17642
25873
12571
-28334
-64506
-33003
99351
-22540
-7948
-91775
-87802
25528
-14403
95235
61445
-73328
-40375
-33402
-91375
-31345
51933
87688
-1805
4304
23261
-79159
-10490
-6601
-28382
-32737
28198
-53297
81204
-73817
-76425
-30637
15908
24406
-9457
58184
-38775
-57427
-12287
-34617
82773
-5813
54023
55897
4370
-484
32843
74043
-54529
-97681
62354
59392
70209
60838
33990
-48810
36104
-48954
-9634
-71072
-86721
-54930
-14612
-92797
-20945
-80475
25986
-20291
87665
56524
-43198
-71185
-12914
-22158
-26943
92795
25589
-21882
-40169
81544
-73385
37735
73030
30562
6627
-83816
95301
-79489
-63591
-50033
-74648
-72292
-37299
-47892
-467
-46266
47419
53447
-12891
-91147
-86079
92450
-88963
-38701
-79619
-25538
-77272
47962
-59389
91529
19819
54683
44155
52660
54788
-91942
-21162
82531
48568
-76585
-57557
39934
64440
14632
-52366
-45467
-83089
22081
59099
25024
-12566
49238
-53492
74996
24741
-56425
-20106
-8783
-14674
-40486
11603
54376
-78856
76055
-5634
-79334
-45889
-55092
-49554
38156
-39150
-5247
95952
-63209
-31102
-18714
-37248
90587
-39835
-10728
-65243
-70956
-85241
96002
45990
76676
-44625
-90592
-15987
-67312
-88119
86047
-63306
-24793
-97931
-51359
93683
-42275
73579
43996
-19328
55190
20616
50274
83358
43677
90234
-92229
-85426
30484
-64955
-41618
-37781
83206
20143
96351
36260
-26280
93838
-49582
33109
-83681
-1492
71693
-62398
38027
-39276
-98596
41839
-63104
54588
-54226
25503
35525
-99378
34717
-87193
88277
41813
28939
53101
53843
87040
83303
66370
64091
-62954
43279
74842
-67916
-95369
42896
-54492
-53215
-7797
98057
-83638
-87017
-33335
19629
2823
91720
-35098
-1946
-47457
-84899
34392
-75561
-80960
-83069
97861
21946
-83533
-36323
-20275
83497
-37889
66263
79985
-88392
-59494
-67238
28510
61694
8525
-14565
-68582
-38923
-89565
60047
-18614
46839
-54515
23097
-50787
57256
-70379
-87005
93401
-59149
-64003
-5013
22080
9773
4596
-35724
2014
-9451
-41996
-76802
-6542
23421
-34437
78224
-37577
-4030
-31837
80530
-31091
-83466
-84960
-52617
-19447
-23137
-32618
80407
-62634
-60967
-89259
14298
57734
-61482
33714
16848
-76359
33222
80323
8350
-70168
-66223
-69578
18644
-72433
-60543
85454
54489
32757
-91395
54012
27143
-23463
17776
54806
13652
-326
3017
-70794
93285
-84413
18587
77554
28615
-76078
51236
22963
-83400
42788
6186
17780
-44769
-65057
-75071
-40935
-9380
-68806
42
49385
7034
80461
-8170
75498
-50495
-67663
-28856
89944
10408
81491
-44456
21505
-36824
-82982
96723
29120
-30228
-59150
-21824
4051
-22363
-68875
-9667
12828
85753
-86410
30984
-95951
-88613
4585
53595
50144
55990
39474
-66194
51458
-48638
9672
50912
-81094
19258
14086
63472
92939
-96348
48206
62757
10835
76559
-88230
-17266
36200
-9957
8673
-46940
-44786
-40974
-86750
-21237
77074
-74539
-44977
89399
13061
-40239
-23911
-98452
78360
-45808
-6060
66525
1105
38411
38023
70134
27176
75101
-99693
-56715
8000
34547
42621
62259
-97979
88736
-29670
77569
79134
-57779
-22698
-15891
3215
-50867
10017
-62172
-30417
-18545
-43786
16561
33728
-14803
5128
36516
78000
-10719
9612
-6770
-85973
68183
-58466
-70424
-5093
-22691
92945
-71405
-76611
10422
-85610
21626
12001
-15857
-10297
92755
-6850
-26679
-66415
-74235
-22609
-8843
-95620
10340
-49074
71389
78745
16599
10476
8831
-66809
2075
-47126
65301
-32735
-41888
-67786
-64113
-47033
61393
-43930
92963
-43064
-35087
32426
-72774
21225
47649
-26703
-33717
-49004
-47682
37723
-65467
61728
9063
-90986
48870
-12807
-81892
-34472
16681
51436
55745
-49673
-18340
-72366
18818
36200
-48689
57878
-9518
53970
-51736
84644
19532
75470
96020
-77137
-99334
-55362
-38568
42015
-18637
-55225
-11770
-51690
-83618
-67668
80074
3166
-86699
-95224
-54044
-99087
94886
-64281
-79184
45475
-99917
98178
-62751
-22672
98169
28502
73804
-92066
-3603
16288
42336
-91762
99842
62967
75828
28133
-41848
99589
16185
-90095
-45650
-64029
67982
52539
63720
-46895
-81933
64008
-42069
-83889
-73835
50122
79701
39322
34631
9417
17898
-57018
-44078
-12886
-32518
-15307
-33117
-20614
73822
82417
84835
75482
-75487
-64084
76260
-49082
71611
-53615
-72650
9283
-97289
-28986
-35110
82341
18295
-47103
-22258
-87750
16142
82948
87495
-31849
54731
18486
-37315
-71939
-99691
37983
28384
43431
-93710
-77696
-76312
-22734
-74590
-2035
-1142
2729
44328
-28344
-43322
-52820
91944
21564
11229
-49795
98795
10642
70496
-3544
-61440
-1325
-72860
-10164
-67010
-88774
-24302
-3831
-42524
50229
49307
39944
-59679
11704
-87480
-82719
-53201
44606
-71569
96366
7897
59486
12481
-99158
46558
26566
70081
-12284
19630
-7082
3279
67718
69841
-72421
-26269
16605
16679
-35098
-17451
19972
50186
10760
39896
57297
58255
-42643
28423
63900
-20564
-27245
6167
-65848
15987
-9627
71725
-85649
-63812
33720
32777
93998
9121
-31391
-48801
-88182
46499
-37136
-33658
-17475
42603
-81778
37130
45729
-12374
-28177
-81188
-89352
-43103
-76109
-70103
-5803
-20611
83551
-35385
-16085
-16806
42162
-72628
68401
-29016
3815
90169
-38162
64363
-33017
-69548
78822
8092
13416
94099
44129
-44819
-27067
82484
-52908
84138
19899
-27798
-91089
-3653
-29922
-4367
-510
-12794
438
12546
55821
-83343
55193
-11549
-4958
-20155
12646
93974
-43975
90990
97819
79217
22288
14303
70036
19277
-86467
-25902
-35807
-58472
87633
78573
-34622
54662
68907
-50176
-69887
35812
-29930
12971
-51731
68237
1760
-32227
19758
-66635
-14600
-60938
71114
36579
87746
11086
-43341
-67077
-38469
-50225
-59894
87033
50436
-54595
76980
-95110
18317
74967
-60457
-20428
-70817
-29483
69170
64902
-38651
-21872
84311
-37142
79128
23809
62277
-70649
35942
-21279
-25498
-96284
-81921
64688
-95839
-19018
41499
87442
-47779
-5606
76843
27347
13908
17438
17146
-84469
-75633
-93959
83968
63197
33027
12379
-75260
-27751
37448
10527
-10006
-84159
41202
-91042
73248
23145
24654
78301
-24223
-4232
-67525
-98458
-35227
59723
-74526
-5068
65125
-9544
58131
45575
-41906
40367
40573
9560
14914
-59843
-78966
15079
-187
86698
52117
-51536
31818
86723
-29431
96316
80859
-11022
79447
-50157
-81377
-15351
-12525
-71346
-64373
-79075
-3860
28107
30568
52367
56838
96059
7740
26662
19446
83861
6488
43544
-12263
-54419
-43267
-73240
24081
76511
-58196
-91927
38813
-96987
-93495
-80800
71380
75017
-56341
46663
-5634
60980
29059
46446
90767
2532
35622
97980
-2047
-37252
83896
-28780
65613
95669
-69769
-40429
67845
-45070
-31
-15691
71761
-98638
52803
71767
-28412
-89761
36832
-5097
-91814
-52413
24634
93591
-75312
-26022
-11777
28833
89376
87554
-72429
-38620
-59880
8527
11126
-36835
52630
1467
-72878
9809
29858
-46726
-45020
-92810
-98712
12844
-75388
66930
-61104
-77588
-96558
60987
-73796
-37115
31039
94045
-18850
-62843
28597
76058
53299
75113
55204
96875
88735
-6601
1771
-32731
95078
-31893
-73889
-63753
-14268
35657
81594
61840
-92885
79377
39651
-21411
-73641
1425
7381
47856
-45297
-37292
-92945
-85124
-8839
85752
88793
-29827
-93350
48030
4429
-88204
21482
-96838
66569
-64176
-66672
-60918
-73840
-69272
45567
-85085
74135
-58331
80812
-37082
-11501
-9923
28779
-5614
22108
8922
-30555
-90637
84926
61529
-30856
-51591
37149
30061
37163
-95901
76418
37476
-70899
-75750
-59898
90882
-68695
70042
-67303
-9143
79271
-67573
-31888
-80358
-24446
51182
-47479
25333
11617
5491
16796
-47779
91797
-30937
-45536
30231
69294
-23542
-75018
-96240
30522
-78786
21174
-21666
23899
-64484
77333
89759
-62140
11873
-58768
-12418
41488
-25914
33655
46612
-23105
-76179
-87176
-76118
60173
63287
-7289
-10275
-77648
-89998
-47480
13851
-41937
-67024
-37095
-38903
-43238
39923
95390
-49913
-91222
80772
88874
-90037
55477
44771
-61114
41002
-34867
-50344
44706
-89803
-21705
72360
-80170
-7808
47619
-86173
-63853
44286
-8819
44378
-58710
-2424
-22898
14255
-88904
-33156
77599
41732
41134
12418
-16820
25557
-40071
-51798
-54447
92578
-75822
-57551
89268
10052
-83292
55779
64830
-45919
-59884
-61350
23447
92859
-11790
-56540
-57411
-49502
-26116
77443
9569
31050
-43831
-60275
-14306
26615
-58343
88884
-4906
-76395
-8394
9888
37227
-91740
24582
-64264
-60777
-39280
36400
-48320
67049
30494
-17879
64797
2525
76739
80218
38259
98134
87887
65072
-13073
2298
-59514
5759
-60896
81194
-97393
12500
19648
-6499
89542
-37610
43537
91032
-96852
50583
-40861
-95412
31166
43773
51058
90315
74339
-70073
76652
43752
90366
16766
55951
-56533
94372
98363
60849
-41362
-13209
-64881
-27878
65752
-7151
-79342
-4213
-89485
-4243
8203
96482
66091
63679
-1543
97493
-95963
87763
-42948
-71204
81593
-87886
41443
17707
-54322
-86030
-55469
96029
40593
-42075
-76208
-76308
5394
58097
-50453
-87843
90171
-32704
-44600
95609
-37779
-42739
-26421
-78859
-43400
13791
-97889
29619
-1033
39187
15266
-99359
-97466
16913
-30864
3775
13474
-2143
-84085
-5185
63963
5078
71908
33477
61240
88552
51656
86798
17639
-53408
-21910
-62867
-55393
93548
99657
-84817
19284
81170
-93378
16672
-22378
-49471
63844
99111
25543
-77693
-52956
50572
10167
-42224
-41445
15002
-87074
-3204
-21397
66400
-53451
-76337
-77413
95377
-73871
-36683
-45524
-3893
31837
43852
-67655
79541
50002
-90853
17865
-12287
-64810
48163
-91275
-1071
-45617
50061
16688
81141
62882
76354
35896
-63469
46125
73626
58840
22432
-3427
-52692
-73705
-56822
-91860
24324
51521
-39688
-79430
-58830
-50929
44905
-97721
86911
-38731
82553
60875
-46597
46217
17474
-70606
60786
-31669
29791
-79369
-94723
-68139
39692
45084
-6156
-61600
73577
46851
59393
25904
92637
-90387
-47536
-65059
-87081
-57972
8866
93120
14192
-94074
-5439
-83338
59117
2697
-94962
95956
-71712
44677
-46986
88423
-41427
-32885
-61053
77542
-41238
14208
-99250
-61705
-1504
-59779
44114
-60518
-88913
-64633
-7075
92918
-62322
-47194
-16672
88190
9967
-57948
84709
74816
-78400
39267
-72993
89482
-64882
49883
99677
22393
-82556
-51408
-62055
83743
24082
93612
19437
-68336
-91159
38750
-27483
-21047
-80862
89934
17199
47934
69502
11675
20847
13375
66760
54644
73263
8454
-99433
-68817
-15052
-50657
75376
11145
-50644
94580
71688
93243
-25085
66484
9254
-24331
31764
-30304
31143
-59079
-580
-9934
21147
54103
40715
27498
48653
2433
19860
25654
-67871
-16054
54180
-4227
35605
91967
-93873
5576
33194
-74206
50469
23373
52892
47487
-69756
-88934
-14964
18030
78919
-18086
96767
3748
74524
26439
-49217
-3147
54452
72045
-77793
-26454
-92717
91863
94364
-83718
-58361
-41576
58975
9705
-46347
84471
-99873
-54726
-27057
31864
-22812
-18222
-89823
-85373
25510
25771
-70389
-5452
67284
-64463
47881
-38850
-32144
-62531
-11538
-30980
81815
-74261
-8848
49942
67999
-22310
97820
35660
49113
-80961
80426
-12446
10869
35494
-65429
33576
39877
66183
12831
-87451
90138
-35391
4771
-27680
-11958
-86283
-8569
28618
-33516
-20478
87486
-26805
97818
-50920
-6290
65191
-41204
93051
91880
89293
-98522
-76138
-46287
-42692
93903
-38279
59455
-69934
-91870
-66319
-95937
38067
41738
41347
-46573
-54382
-22841
34949
-19686
89567
-96307
9496
87655
-79539
7883
8005
1747
15807
-98999
50675
-39123
-20594
-77910
-76798
-20400
-99591
46225
-56376
24782
71018
-44512
-72282
21128
63841
69276
-48122
-31265
-20673
40812
94067
-7867
-24655
90304
-16364
1517
-86601
34703
-40506
46433
-28464
-76872
-78315
67313
3588
-99958
-66921
-40311
-34994
-42401
-12314
88732
-46749
32803
86520
-46531
93091
-47757
59933
55180
-93093
-92384
95316
94925
-44683
-66926
-51383
24276
80189
74569
84591
-50531
70800
-44801
66614
91320
37731
55530
48041
-66783
-8147
75229
2344
74029
20594
-6450
-51843
51297
-83666
60658
77980
50397
-6438
74821
-93125
-75850
18205
-9946
97612
-2591
54354
47710
5908
-81142
-61902
64513
60329
4996
44126
85101
-34036
-79396
68556
-32977
-74912
-67386
-64629
20998
41415
-3143
-82316
11135
13464
-16298
-20881
4415
-68674
-2557
-25377
62751
94768
58903
811
-78607
49288
-76434
1770
-87263
91587
65051
-35222
-70409
83348
81341
59549
43513
-80283
15018
81569
-68242
-90005
50633
-18645
29629
31652
72892
-51889
-68941
-95056
-99846
75438
-53213
-63031
-14534
57084
-56153
-8543
86987
2988
45317
95383
-99839
76347
90222
23061
-41143
2710
60128
-36472
-93602
41513
-57174
62781
-23404
-88762
-98929
34773
39506
66989
89092
-21659
-40419
-50562
-9580
29292
-45937
88120
49060
-64527
92006
-64083
-48752
94521
-12296
-80380
67379
12450
74308
-30870
29062
-44385
98084
-95785
51488
86353
13472
3513
-57957
-42242
29660
-36993
-34153
-92304
-9999
-92221
-23016
1516
-69992
-74540
76171
-74994
-46078
95455
-30362
-27906
6982
-11270
31212
-18671
-29134
87630
27856
84286
-6910
63582
93169
83578
-64273
15992
43972
-1485
53342
86582
-25968
-87130
28281
18673
29650
21982
-60197
18116
-58496
-1014
-9499
10872
86763
-12231
-36434
60305
14909
-24268
43415
-69452
-66078
-19016
81724
30067
95812
41742
-68346
-62345
-93330
-38967
-3427
-51959
85010
-37540
-30789
46973
-39770
-16683
3228
-32197
-94936
68730
-91055
32299
-89278
59582
-89740
-66692
-60214
4128
33206
-66542
-42336
-33951
51156
19594
-84038
61344
-79768
89515
-90307
-30509
17436
25258
30209
74788
-23047
98585
54775
-79898
1117
43182
11687
-77134
-30133
3116
20241
36706
86365
59760
-87883
-25751
75220
-74790
-51281
-86322
-4080
68502
14778
30787
15899
94854
39445
11558
-34081
40014
30722
-37805
-83656
-70213
-13141
98404
53348
62097
8416
83654
24791
-94673
-7045
-76743
-30100
18849
86373
87524
-54923
59202
68081
-71150
64243
93068
-29530
-74739
35873
-55682
-80486
1749
-12373
25384
44089
44093
-61700
-89578
-97755
-11805
32501
34583
32759
-23350
-24071
-78359
-28636
-8810
-15387
-70910
32892
11555
-43235
-28675
69835
-43967
-92799
-4832
-69342
-77424
86207
46726
49584
73973
-15997
-70867
-9783
83190
70601
-64354
-5239
-45192
-99694
43061
-33518
-15534
25844
37836
61104
80717
83468
-74104
71966
44794
27216
88191
94050
50800
-91009
-58555
81043
74017
-42311
-72430
12987
45080
-59925
37073
10839
-9518
-69918
93447
-59013
69750
-81855
97758
-43502
46577
-79538
10894
99587
36978
37862
89767
-36688
88191
-8303
45693
-61544
52403
-92560
23216
-91300
-40555
51411
-21354
-56225
-26987
-40345
89032
24454
75429
21964
11526
40607
-43087
29381
-21624
-82339
-71235
-7351
95650
-44927
-358
54262
-58222
9109
-70843
-12059
-40279
26835
17372
77400
-8236
26978
97406
12304
-79225
-41344
-63107
15228
25477
82107
57346
80715
43597
-35367
-45634
-37086
22052
20887
2121
-95191
-62788
14350
-98279
-70720
-28546
-142
-67488
-29040
-11015
34165
3137
20732
-76570
31497
-27791
-89419
-31401
-45886
-4633
-23635
-71364
51353
-23297
-23965
-97646
78477
-66447
61405
-22551
97763
-71832
71924
36368
19087
46466
81225
-49825
-95381
25507
-85163
99040
44964
-85450
70110
-58150
1396
34241
-87098
-73284
-35383
32292
32702
-85597
-47995
-81426
-19497
66440
-96289
63004
12473
-78519
-89626
-15633
49004
49938
-29338
82793
-28972
-39384
-79581
6179
47098
-30638
70274
-1458
-571
88228
27911
48068
-62073
67753
2361
31626
28147
29420
-49118
79397
-30355
15843
23859
33237
-77190
-55943
-44156
-53325
71958
78583
1912
-43102
-33051
58894
33343
14965
-33727
87171
94069
-96419
-37518
-34889
42919
-33395
-34885
10962
61878
-94932
77073
70028
-71531
-44682
-1881
74007
59693
-10320
26084
77228
-45665
-85626
-77386
-57615
-97111
44162
-52288
89220
-10270
-23189
-87825
-19481
12895
-45448
-8918
44552
38328
18479
-39384
-82645
-15835
-14625
87963
-44554
20929
33590
59274
12953
23153
-22272
-62468
94232
2590
4541
16336
58358
-41187
61021
-50582
29375
95408
-7910
-47928
-27277
57766
-94990
-45838
-31990
-79971
-45824
27472
-85720
-8664
35958
-12715
37279
79307
5561
71769
-18533
-8285
30425
22213
-65298
-3549
57964
32040
-28871
96761
-97594
-49114
-42125
-44145
79766
-84209
-54759
-80019
-58656
-25586
-42190
-98245
21714
-30856
40318
-57564
-8442
50820
83387
-41193
72019
-52326
47251
59495
-17264
-57340
-51163
-33902
32935
62913
23918
75359
95633
-13576
97236
48160
-79693
36042
50831
32151
15253
26048
-45068
-80971
-29701
-6301
85023
12606
88162
-32085
-71107
59848
-19176
-28721
-7052
59745
81272
25851
87855
84048
-25983
44128
93385
-67724
-85549
80677
-66347
81098
67205
-33413
6216
33034
9893
19022
53892
-86160
-2035
35095
32641
93400
83742
-19506
19802
-6462
91484
-71427
78962
80438
51430
-63376
-72127
33025
3280
-84279
-15105
-5155
-28833
27248
-89109
5230
74592
91175
14904
20265
48805
-99141
-56171
55759
-72803
44054
-82985
-85417
-95281
-12302
-78138
19050
73907
-89048
-41727
2184
43629
-76762
87246
-69752
21095
-68353
-57406
-88004
-43639
54813
-17655
94771
28056
-91567
-28589
74328
60520
95883
64924
-78793
-24513
-34779
29525
90848
85128
8921
-59724
-27292
66800
55123
41685
-21700
-28447
53026
-49717
62537
-7079
53064
-34808
67575
-8730
-77456
-58908
10298
6016
9407
11981
64762
31235
-92669
-61684
38091
-46137
-32440
-76240
17045
9502
63433
71961
-81965
52009
88068
-50334
20855
-70505
-48986
97004
10538
-17861
87782
58564
-3280
-28855
-64274
-61072
-81238
-37458
-68941
-20581
-17675
-35895
-4763
-6886
39536
9417
59138
38618
44956
-29532
73798
32169
87516
-9616
77373
80029
77915
-16542
-49352
-95324
-81652
-31134
30302
-91478
-30835
-38457
88794
81505
77989
24372
49586
-30992
-32148
46734
-51976
-47558
1226
-36903
-59303
-49143
-44265
-39122
-97774
-66217
94370
39003
-46077
11257
35021
92311
-9124
-89880
-33259
94688
64371
-11474
91952
-65357
-85896
99882
60239
42087
37120
3007
99779
-96729
-70147
47391
-12164
-41206
-76529
97007
-71636
80657
-54669
-9960
3337
-70084
-14759
58154
40562
2697
-70892
56364
42729
13514
-99285
-75964
-57409
-63518
-58228
47231
-25139
71836
5408
-93634
-85154
-57881
-43718
8254
-53398
38514
-59479
92034
-25155
-70880
-72788
51679
-26633
15784
-40443
26660
-44628
41292
-64858
67364
96363
-98956
93640
-75487
41756
-34713
28763
-48170
-4605
27557
12888
23585
-83615
2723
-23502
-83637
97401
-93
69482
-68171
-81424
-89872
-79870
-97886
-26227
-75789
-46775
-28069
-73759
-53771
-37419
92611
28480
-15182
41871
-80777
-59923
66262
-97176
33569
-63276
-1641
44266
-26726
19568
-51090
38569
-32199
84429
8819
97880
10685
39464
75540
-40265
70674
-11342
78961
-78550
-91581
65395
-4137
39590
61565
-87157
-63336
-31740
-86468
-92012
-51836
-9864
-94315
-12380
-63610
51611
-90722
-34001
12252
71972
79485
-59255
-87564
69045
-10100
29512
-20384
73425
-79770
-3320
-49994
76140
-66095
-25976
-37753
-97445
89736
-65231
14650
85611
-16413
57911
20100
25101
-74459
-59496
-8379
-99346
52194
-59326
-38142
-43099
39819
-50991
-74309
-63994
63128
33398
20777
37844
85584
20851
83030
21651
-72456
-97406
92760
-52806
-1642
-37738
38507
-44153
36768
4089
-82582
-23443
32518
-70572
-48278
98729
-3367
-5235
-88397
-21838
-61802
-19509
83676
-4017
-76205
46677
-52862
29378
-46459
4632
-40347
-60702
-7316
-44793
32799
-26490
-34405
19165
-38271
-30115
14311
-63490
44043
90715
29292
47035
12488
-59506
-31241
34292
-64444
13007
-13741
32152
49067
65555
78323
82632
-1536
-43359
93753
-41958
-28298
17182
-24415
98042
64046
66436
-6771
-92822
26190
86257
59693
-215
91322
-84068
23178
69746
67826
53538
-71248
-50789
-97400
38143
36214
-27170
-96196
-61672
46955
82293
91766
85940
14879
-88162
-10273
-38517
-23925
11838
-54564
-82505
21214
9762
84520
75975
-56348
2464
-44916
11507
-92907
80156
-514
12713
88952
10279
-95212
-62011
54450
-10623
81315
81376
-42449
-6913
32632
79552
53292
-72760
-85262
237
-47650
83065
87930
-81373
39490
34216
-98783
7907
22274
31302
94612
89252
-83071
95774
86334
-96601
95171
-30150
-95109
32104
81532
-41756
28276
-18512
-38412
-96758
31835
28871
5331
-20869
-26748
-93049
-64050
-81010
52127
-88500
18734
-86367
54222
-10552
37242
-87681
-40985
2611
-383
45915
-88505
-79201
-45498
30457
24849
85609
-74552
66092
10690
-18868
61356
32250
-83150
-48689
-56951
62107
79210
-54369
-95600
70624
74012
-7369
-1898
32561
-64637
16891
12672
-37649
-97320
5029
-48054
-96008
72686
-16426
77236
37448
89899
24334
75849
-25923
63971
29623
39245
-22925
48658
-19813
-30270
-80947
22838
-29769
-66793
97813
967
57639
-51474
96187
-99692
-20800
63304
34554
37307
23164
71952
-13800
92293
-49200
69056
-46132
13596
63770
-30220
-70727
-94423
-43274
-48951
94297
-84786
69296
-37327
-40139
-91843
-52589
19991
-12528
88627
34016
40169
39588
-2731
-61221
-35321
-29244
-77915
28287
-98810
5600
-54879
-12143
80737
24807
85688
-20783
-56196
-12921
-59286
-36659
37718
-58224
15739
4945
88460
53622
35667
80889
-59196
85045
87861
89511
-67396
-52209
48986
-34353
-16273
35185
-27799
58991
-7839
-27532
-79530
1052
28232
-74114
-80876
69624
72215
49929
-85768
1920
33831
70716
-98452
-45310
68996
41781
972
10027
-6958
44520
65568
23358
76699
-53279
-2890
48609
-8522
67621
-90724
11282
82964
72054
69175
-80713
-11478
84854
-81853
-68206
55159
13219
55592
-29805
-40079
-39103
-37579
17863
-8880
-6059
2107
-55377
86902
-10227
93577
87851
31673
6845
-3905
-7467
-51249
-47484
75409
-76629
-15467
-15155
-550
-49884
-86980
85425
-96358
44643
-54320
-21510
19086
-19831
13414
40899
-66965
14693
-34910
50043
-714
73927
-91038
-36344
89602
58162
-20597
19592
-77689
10863
8558
-25166
-39780
82558
71318
67867
24978
9896
18608
-72107
41324
-54416
-55081
75698
-13698
25959
-5636
33254
28577
-53601
-91601
56138
83344
-91913
16076
53821
-88158
30613
-25980
66341
83620
86003
-22969
-42733
71378
77776
-97205
80388
98290
-86138
-89284
8452
32846
2491
97856
-98194
43724
6769
-90331
35534
33131
-77191
-35990
999
60124
32197
85031
-77360
67259
-94310
-65959
11129
-92312
-7772
-59890
69707
3654
-96861
-2519
-47570
8976
27716
85907
-99420
20435
-7733
93695
66578
-73652
-33045
-18729
-8225
53726
48376
-7032
-84491
80047
90867
41575
-84251
-20831
13957
-44674
71463
16296
2823
-38664
-49090
-32179
-40002
39652
64954
-65538
-12060
17449
91607
-27313
93217
68679
-41533
32657
91225
133
85373
-9331
22878
-47619
56537
-50978
-83770
-36544
-10848
-84312
-89640
-66137
-7276
78393
59744
-65289
-79343
-67462
44578
53040
-45362
92113
40235
67570
-78653
-63273
84034
91533
-69723
-8847
-17666
47715
-95923
-93747
-99471
-70468
-17482
51835
-58814
30118
-68699
26533
78745
58439
-13789
-52755
45747
-76863
53158
-86495
-85995
-58176
17742
56477
-55203
-82717
39435
-64962
-61645
73348
6811
32830
79455
-83930
75505
-35535
-83403
61370
51889
22299
68651
93582
7512
26220
-78901
78547
-78279
12825
-66493
15433
-91742
-44521
-60198
-1399
67485
-69322
-53123
-9810
35794
95961
-72200
-76383
-34870
27790
24448
11776
-5106
14350
54188
30251
45934
76818
11588
30571
-71715
51023
-26638
-88642
14586
-81840
-79147
-25405
7529
28848
-92939
-71298
-25824
99312
-31088
-6135
-46658
-69253
69651
-18344
63829
15219
85156
-8793
19592
28023
93020
-9662
-72944
-21644
-78254
-65936
58201
-70363
56915
-59715
-65463
-39896
28525
-82781
33568
70014
-98902
59733
-37382
49951
-84901
-79385
-91598
58744
83018
94173
-33055
95618
93905
-54962
90372
-97536
34824
4852
92539
96533
38233
-99437
50606
-23361
-77967
99780
-23670
3124
-3377
67806
-7575
19991
70590
-1729
-76912
-38313
-53409
-66884
-39343
-55451
56928
84579
-68655
-67249
-40631
-16727
5028
-36866
-7499
-49547
-21804
-18232
61277
75015
-29951
-33037
-89328
4551
-45918
77511
98303
-70234
48298
72207
96436
-40781
-71355
-37716
-94365
76732
21633
-94699
41369
3038
-43958
-14866
10001
-81428
-1330
82308
23206
-20360
8447
17315
-25246
-75839
7798
469
-37836
65017
-13707
57911
-17024
-86927
-45947
-81479
-26415
-28765
-33986
-98575
41130
43996
-1755
-73827
-78662
-49980
60399
-85453
-70931
48203
27236
80999
-91169
-654
63583
-94535
-85973
243
-13006
-70729
-12702
-54706
73766
-42922
18519
11314
55903
-28247
76567
56708
-7074
76220
17719
78350
58529
76816
-40891
29639
-90203
-10510
52064
-78277
-5812
47482
94884
9431
89689
-37539
64317
-15917
-41001
-22928
3549
25660
37402
38330
-16888
37277
75677
37364
39884
55113
-27446
21855
91727
-47928
30553
-41982
5057
80284
35600
-83393
-75088
68910
-57944
-9647
-70407
24666
47760
80292
37084
51220
-94262
70289
-48727
-43403
59572
-78795
-78505
-77594
99937
-56595
-92364
20903
-49242
40047
-94794
65213
25393
47432
27631
-50506
-99309
-67538
6303
-31846
-9058
88065
-73181
-77968
52649
82723
-86580
-31639
86064
-57040
-74229
68270
-76264
58652
-67384
76673
-16815
52328
-3887
-69806
95957
-58303
-69521
47649
-24947
-77323
-73643
-6710
-69614
-58478
96242
-61390
-92720
-90531
12837
-63092
32967
-70036
45328
-54391
-32021
22625
-44282
-63014
39404
-76221
-27362
-20381
-78576
32954
58345
-5315
47227
25447
63616
-77592
-38255
-78114
82230
25420
-47566
-1855
-69268
-43542
52260
-38342
62340
37412
68239
84884
-75986
-31963
55841
89974
-71714
25326
-85615
84478
7582
-55618
-25599
48886
12543
4509
-58627
-27658
-11477
84678
-86943
-89450
-59818
54575
-81257
-52659
-21229
64118
-21252
-5653
36547
13034
43236
-39441
9832
17650
88948
-66042
-19241
-88034
30638
71265
-36916
-83320
-9078
-14927
-92905
9126
-19073
-38078
-95563
42096
70241
-63247
63546
-30360
3492
-33845
27497
-16566
-94018
-84796
-73114
-60462
-67605
-52399
-90878
25637
-50422
31586
2358
-74019
-83547
82047
-27157
14068
50126
-54466
12982
-23796
84900
-1249
-59615
21656
-93963
29188
2340
16683
19453
41808
-48589
-8997
10061
-25702
49841
45585
48583
-95410
61762
45808
-24890
-42208
-77314
76512
22234
98350
9729
96374
40432
-10766
-61729
6786
-90607
-19488
67637
-94796
-82495
-3870
-31846
56683
-94969
1390
-32139
-53476
10445
97856
-34392
68187
-8867
-22663
-2390
41993
-67573
-30956
73907
-35109
76274
20225
-68080
29250
34326
16992
70038
-20612
85545
-37925
-17229
13303
-84439
-47264
-11744
11229
16934
-1542
-3277
16001
-78687
-10741
-70320
79076
-9072
85032
30719
-66909
10879
66065
23194
94017
44112
30859
75229
11597
69987
16668
5664
-35152
-38064
22755
70496
-47723
40465
-34351
84537
-56331
75325
-19896
-46480
-33794
-86609
26510
19180
-97
52869
15085
9861
-68046
77508
48555
31733
11143
-83047
45281
82476
-87543
63355
-42501
-41281
37392
-2964
49675
20736
58690
59549
91337
-68312
-6362
81905
-54485
48625
-96953
-73830
-51043
-91519
-15423
15520
-47842
-60480
-39829
-81856
-1929
-34230
29665
89201
-62184
-92032
6380
-44030
42704
88825
74704
5150
40680
-89001
-93005
38066
-82723
-63564
-5787
90469
-29447
-81990
46608
92486
20365
3217
14333
-28348
66829
71668
73024
-91946
-79800
81373
86210
-53189
90114
-90017
49065
-35685
-86864
9874
-31322
19725
-62193
-9816
-32550
-24078
45921
-14690
62566
-67842
38277
-21681
70221
-57577
97585
-27358
3336
-59435
54799
-62812
-57881
17514
47602
-18640
-59745
-57125
-16652
-96117
-30284
-69652
-59987
-18036
-7548
28378
16786
44024
21549
-80574
30567
93356
55004
-53985
-48158
13491
72435
5105
-89826
-25032
51606
17656
-64264
-86507
2899
-36705
-64950
13257
-87189
22390
-41854
-49591
-45375
20696
-80354
71021
80030
88812
21574
-83317
-82977
-62970
21317
19489
-37188
-37651
38886
83819
-68747
-24648
12903
-86251
-20453
77649
2652
66379
-78536
-86693
19107
2924
33052
79536
55168
-44452
-19835
65411
-40875
-77064
25706
18341
54911
-91675
-90716
21027
30223
-78847
-78471
40460
36387
52091
-39545
-27440
14625
70911
53194
2243
45391
26185
-22774
67969
-19502
14747
3875
66028
-9278
-92534
67826
74321
43878
3506
-51111
-1111
-84207
-85623
11632
-30405
-60776
-28143
44681
95646
83374
-84185
75229
-78947
-87265
3513
96727
-54925
95717
21845
-49603
63925
-25110
-54372
81079
15631
92891
88533
25150
-21530
65381
-41442
-74078
86429
-25264
26301
80951
78452
-72716
68948
56477
11402
-4005
36403
16491
-64765
-26827
-33785
-40776
-9724
28274
-97935
74373
3547
84608
98354
51338
36092
-74463
59010
-7652
-50842
-3865
-33088
7415
3173
-38641
-97021
28526
-70800
91256
71566
94252
-10062
-514
10914
48038
58918
46840
52206
-31329
-53541
-87926
26978
-74345
23127
-99609
3233
-76207
-66408
-94490
85013
-45312
7477
59392
50012
49741
85156
93540
-25313
35527
19988
-99593
-5756
-2712
-73734
26155
8057
-54912
96874
-1157
-13135
9409
-32997
-25536
-67540
11366
-29491
44211
-13586
-94016
37318
-43200
-83887
-19298
-53961
46147
-25610
-17000
28926
49697
-18793
-95688
-5243
62918
-51080
49030
-19641
84726
59324
-42449
-54157
-40302
-7276
-49647
7657
-4502
-84142
-3802
86817
-10567
-97188
56906
42091
92481
-54404
-75734
57553
-93244
-89197
-23221
-90024
64412
26158
21940
96550
44280
-8335
-49030
78525
-51469
69103
-69914
-94811
1938
92700
-1468
8552
-19814
-42086
92363
1399
3788
99375
9956
-18070
33598
-14248
-63848
-75355
-55465
-81098
-8549
83926
-45401
1959
88431
52122
-6111
66864
20983
60031
-84938
27094
-35815
-33116
42446
80844
3406
48125
-475
86214
88969
76147
87809
77547
23937
7208
53964
-94294
-25955
-48872
65746
-62364
12795
-58789
32535
-40057
-77346
-33849
-90922
92602
23346
36594
15186
-9356
-46596
-12971
68315
33256
-48094
-43957
36448
5659
-37356
-35079
-25557
-17707
-16170
74505
80125
22645
20140
-78194
96966
-45985
68385
64652
33089
-28783
-79629
-87857
-58070
-27564
-45986
48057
46557
18446
-23037
-28710
21132
2868
-203
43319
37021
72348
58401
-92115
-46946
-38608
-1193
-43601
-48154
53695
-19143
67244
42505
8429
98366
87692
-53961
-20149
-28316
-67048
-41999
35778
-58768
79993
-12503
-74904
-98909
-45544
-42378
21685
89979
-53851
-80591
32591
-97310
4468
-27153
-66943
-82696
65857
-15078
68362
-3976
-6444
60142
-54382
-28471
-95425
-21042
-67657
-5853
87045
70528
-97210
54236
-87915
2380
-78394
-63154
81331
-51412
-80403
-38169
-96712
-52176
39926
-78707
-95120
21617
38282
2860
-83103
29103
-27301
11933
66219
27850
85840
72116
68619
6937
99418
63654
6265
30315
76006
-9195
91954
63960
73003
-27014
-52848
39746
32419
-5330
-56620
-62803
-79082
54805
65798
-52552
21649
98087
79731
-4360
-24202
-54372
91606
-91280
92653
-80652
-10415
-14418
4920
8160
-16998
-12667
94821
40208
-5517
-3870
45660
-14566
37457
-49139
-69736
-92348
-6754
4606
-99277
46254
6362
94105
27673
94687
-89443
79944
2463
84138
19831
-23948
-24660
19324
68216
-94432
-49195
-51771
-34933
42594
78343
-38527
86461
68222
53469
97890
63964
-97824
-34030
-18788
-5766
63990
-4336
-24627
44689
8296
60199
44422
-9728
-15307
41049
-12486
-54669
-28757
55250
-97534
-68254
-60606
61812
-95798
-32592
-60970
67601
31388
-39629
-4736
-73550
-91641
98003
62800
-7084
-17877
-27765
24232
98290
-84060
-30707
95224
-91715
-38319
-80382
9105
-13463
-38592
-71249
1704
-64031
-6665
57523
-70294
-69989
62753
24237
91702
3269
-21100
-8262
-30340
-3553
-49541
65372
-55376
-27934
-40859
68598
-40534
13086
-94807
56435
-86691
47713
26739
41479
51250
-13933
51696
-18035
73472
-82721
-35886
-22512
-93718
26188
-71680
-27547
58902
22890
89245
31029
18949
-29337
64052
42521
-50988
-69823
11453
37278
-17266
-33578
72782
-93976
-66453
-19945
-13727
54194
-21590
-22181
4862
27251
-68858
31183
-43067
-9124
-8232
-70644
68506
59134
65161
91713
-9299
86409
-23247
54991
-8156
77680
-39087
90868
-39576
-60632
-38935
52702
-5623
74382
-11017
63713
5519
-33496
-38578
99652
-27554
99459
48847
38070
-30267
-95044
-96634
-76898
-73885
-15909
-96477
-65200
14838
73754
-5741
68955
-34815
-19389
12090
73215
-24103
20215
-688
-12548
-9651
-74421
-47659
62405
-20688
-56500
56946
-39725
-22523
75171
-56978
63191
-70779
36820
-22135
-8185
-7537
79072
-30408
-42534
-11539
-75189
-47682
-11569
-36994
-79048
-91868
81446
91334
-1616
30805
-87054
49103
-40511
23896
54790
-36039
47043
59370
27341
23077
77558
-43657
7734
-21702
57671
-58315
85644
29074
5681
-41507
77667
-51899
-88320
28551
110
-83440
-70223
-75422
-23378
55265
90038
-88627
59845
44545
96790
47508
79785
2590
63408
-39606
-38285
-80332
-60961
-22081
-83433
-33064
-18183
-97634
-65618
54433
-57230
13734
-49488
53491
31326
-2237
-99907
81641
56916
48584
-9638
-44770
-5778
-12533
-4039
47384
55148
-83234
-28048
20370
43640
16613
-29428
-67675
27076
67353
-42945
4690
16400
-27496
97396
-24658
-27577
33318
72003
23595
-95479
-94396
-14016
-25153
-33916
-55573
87854
94386
60731
33061
-18031
75849
-84951
78473
20001
-54070
318
-58863
-13478
-53268
91272
18841
-81935
20445
-29715
45942
-88479
-49361
75541
-84815
38434
87968
51172
-91745
-37701
44612
-61403
-73826
-78033
-90223
-10046
-88402
-71277
-5049
9519
93545
29823
51706
-21337
-49631
69347
26365
8207
90772
54641
49197
-58058
39118
-8648
35991
-77762
-91044
70545
-88377
65620
85352
19250
40878
-56166
-11210
-79712
55855
-51994
-95174
-22143
-14010
-43676
77011
94287
-43051
87831
36712
-49879
66253
-85124
28190
52867
24181
82831
-97101
13054
-93670
24679
23354
-23021
-99372
84668
-32013
44968
83056
-30775
-84410
46917
-1153
-73588
-80484
-28576
99194
-4181
-37286
69460
31440
73841
63739
59568
-92850
-94731
-65591
-8660
99818
-43877
-67720
-84041
63148
-31628
23583
47915
-67846
-80895
-25452
43810
12158
-30187
91298
-70110
27318
4504
-6231
6452
74711
53031
14419
37458
43615
30681
-47313
-28226
-35466
64605
-15445
-97297
-40128
-47297
-37070
-30554
17538
-30583
-82912
-62944
-69330
-85562
45278
84324
-9715
59106
42399
-2052
-30201
38125
44726
-52288
32274
-25410
59729
93965
27637
9652
7766
-53419
-67528
70488
-44456
19216
-59926
73566
-50762
43153
-9202
-53302
-3440
-89741
-29533
-8528
50087
24370
35215
-33324
-33264
-35306
16039
18351
35989
-39991
-54434
-44717
72297
-8438
45831
-69594
34693
-98182
35016
-72054
96099
-32556
88797
-66979
80150
91514
27270
50844
87684
-19350
-59313
-34846
46018
16847
-81286
75407
23114
38452
-5622
-59836
19163
78547
-51218
-9590
-90451
-45108
-15479
55634
12496
37041
54362
-77673
-84896
61438
-59699
-89953
7335
59878
-44451
-88095
88719
43080
67492
-73087
6082
3265
14400
5367
61088
32346
32612
-11699
27804
-48350
-33736
15879
-84940
49751
12526
-14308
-23221
3454
-60765
-57437
11876
79634
-75859
-43063
47613
33881
-89017
56382
-88954
29649
-15722
-62032
1532
-8310
47703
93680
-56537
-69107
-70296
-79504
-38164
86970
-94865
92333
94671
-53968
-25045
-81238
88970
23460
73685
32978
-80894
-41515
-76366
-11201
-87828
-83946
-24264
93912
-66436
-70006
26330
88020
19013
-8274
57010
-58850
-25614
7760
41803
-17647
8031
-46306
-98168
-39326
-79211
30809
31411
-56483
84320
90985
-41178
2888
-73905
-48439
70480
79396
-73592
-7134
78244
58833
-62075
-65482
22564
-4271
-19793
46451
-8506
-97947
72981
-18200
46400
-64045
36489
39187
-13643
56073
95959
82584
-72388
-17125
-28701
5071
-95991
-663
-19938
54452
-31686
88796
-37916
-72894
28480
-64113
73974
-92199
9832
-88950
51087
-78629
-10683
-42967
-82011
77079
20796
-96229
-88835
59741
-68756
46214
-88085
-53391
31543
-44216
-90267
84250
-83470
17497
65859
-2982
-94747
79116
92822
-71881
12607
-8268
-24798
17656
15385
-28061
-17415
-40468
-93019
-19890
-63947
-64349
-84941
-55476
82065
9408
-49057
60733
66020
-46874
-80613
775
-74116
30544
725
90556
67539
-65859
62660
-70632
9073
-5432
70612
90598
-48419
-54699
-9172
-16959
42753
26344
-5544
7032
46553
1616
88344
58827
-61353
-84224
-61244
41106
58711
71293
38554
-42179
-11974
-60365
19110
-44362
86305
-96157
43725
-25117
76552
69623
-97483
-35193
85244
-32457
32468
65096
45754
85971
-7468
-55093
17382
8864
76192
-73221
44901
62752
15822
-28951
95511
89658
26153
89934
-15628
46216
-84199
60843
62338
-99761
-99855
-8879
-45840
17738
-91498
-46915
50707
38303
-94009
-93797
-9414
-81613
-46068
17771
24431
-45415
-48001
-4543
-46131
40421
90609
-92762
-44423
-85921
-15557
15900
-69314
80915
-47133
15615
-16183
-2490
60391
-30649
-32066
-86141
4777
79274
23476
-94318
-48138
-61473
-3372
-99318
-76876
53436
91209
78334
-98776
43649
-48988
76371
-40606
-76755
-86128
77746
-39226
82766
-54356
46040
21559
69655
97930
-45878
-91103
91433
-17148
-27546
58915
-70348
-86794
-69739
66136
47671
-52965
96349
-41855
73571
81223
-73133
-71856
49309
-70146
63278
-66413
-44317
-2832
-67850
-11717
80262
88594
-80742
2953
-37803
-68902
71841
30356
-9190
-38505
-94663
-33671
-63938
-34902
73516
94687
7495
47205
-23888
72741
41410
-80450
89949
4267
-83972
29167
-84871
-53574
-36438
93678
86639
-21743
-84888
-16700
-56609
3469
-10850
5517
-3378
72244
49087
53259
-84482
-53794
-87637
-8474
-48999
84608
-36043
7428
-55161
91606
43518
3649
21919
236
-61312
67851
37945
-2806
4327
-54435
-5662
24186
-9191
2198
-39511
72503
-14121
-82251
-72874
25268
-72133
39604
-58118
96837
-7071
33534
-75166
-18
62626
-59379
67301
91335
-83396
72292
3421
-38712
-75635
-91354
45490
-23305
-24066
-37614
-64302
-9813
67389
-94180
81085
60347
47970
80936
99708
-49015
1587
-10267
70705
-47836
-59197
38084
-73654
94814
41589
84244
18255
52588
57438
16572
36059
-70285
52424
70484
-94168
15797
57363
33760
-98749
-88873
-60745
-26455
-16738
-56242
-50588
-40134
-6396
80166
-3318
25140
-85657
-18641
28981
67086
-63723
-82364
66128
-46355
-19575
18105
74058
-83684
-39138
-52640
-71787
-64920
34783
47928
47883
-18789
17273
-21005
-54165
73171
45010
73571
-3134
-44802
67314
-74368
26085
-21772
7711
-26728
18394
-99856
93256
38675
-52969
3244
-51433
43682
-8862
-50599
95209
-45820
-46057
-30536
-67238
58165
-60664
56408
92665
71795
-67009
7340
55451
89966
-29346
-19448
44107
96651
33832
-43976
-13601
-87019
-36264
-8899
-23835
41409
687
-80859
-33027
18524
-70645
28358
-59264
-2349
-55885
91798
-93090
-35490
70831
64106
-11386
-80374
-69100
64201
-69570
-87389
-22050
-96787
-34798
29690
-66891
-30955
-79063
45080
97746
-83574
-16013
-75905
92795
52268
-77890
-48487
-13910
-57417
27944
58368
76364
5976
81903
-94103
-18139
47846
25828
96942
31760
59391
-47746
27382
80100
-20416
-91573
-30206
-27341
-3936
43393
61783
-56660
42793
-77773
27332
72928
68500
-98593
-11505
-57054
-23103
-924
51904
-62201
24784
-16559
74953
47820
-50593
51032
19280
16663
18720
-671
-17445
64854
37909
89019
-15337
29316
81323
-17043
-75067
71498
21105
50347
-10174
-72702
19187
92708
30065
7318
21239
42168
46855
19335
-83437
24903
8434
-502
-34391
-44507
64295
69708
68545
49001
-98297
-39977
88449
95076
-68755
59724
67659
12079
-99754
-47600
-49357
-27746
66669
71428
14172
64337
98611
-37460
-43282
-83800
-75448
-7055
-28747
-51562
-61224
53889
-23015
85519
64549
-64364
97654
4891
2284
73802
62679
-80371
87735
-48848
-37932
48780
90879
-64030
-99515
38736
21115
44682
-1118
69481
-79671
-95098
78073
90937
-43144
-64984
6282
-59710
21552
-81705
26626
39578
-57154
84818
96019
-86213
65536
-23467
81836
80183
-14743
-76076
71770
-79544
-2318
92964
35643
21894
48030
28345
-84326
14833
-41625
87370
-18196
30702
-25334
81681
61030
-19569
56748
67374
34425
73739
68392
-78229
97771
88781
61110
45594
-94573
-50649
57785
71323
1649
-16153
-68379
3706
-81304
-11070
-45494
-85387
38424
-95507
75458
-68069
-94820
7307
21811
50383
-23587
66433
35010
60780
-2031
93733
20885
99139
33748
-25196
57602
13375
-76447
5666
-90023
83818
11501
57453
85578
-80056
30624
-2998
4853
68321
87600
97185
-32307
-80292
-54628
42453
-83993
22343
-63997
24475
94053
21172
75998
-93716
42745
-22915
-11744
-83371
-61224
82151
12841
30060
32190
74276
-34527
-57187
-43561
-56462
34423
-30814
4497
68514
-44938
-12207
-26820
13235
49601
44687
76954
27741
37547
41762
-63479
98089
93109
-12123
84810
-95491
67301
-94252
-63507
-41610
-12865
-75577
-81061
42222
88483
7292
12095
-54435
-25725
42445
84754
62875
-41602
4096
22915
-94461
34462
90301
14335
-91853
-6677
-97574
54242
-5903
94314
-68974
70970
27432
-81803
80661
-63373
35728
28152
-76999
85477
-81045
-81403
6670
-58569
-65045
35733
-85042
-91730
36593
-62308
-55821
-51818
-45776
-92921
37155
-18933
-3856
-37227
-18681
32164
-39569
-13745
-90119
-43715
-29855
27942
67676
52640
64664
-56409
7621
36880
19008
99101
-30762
98289
32961
55939
-3732
73431
-11577
67364
10798
61097
-24930
84625
78662
53745
-58634
-53314
-76948
-90364
3974
-69830
-64098
-61368
-87283
-90550
78892
-93273
54580
-92895
-94929
-64753
-76592
82877
-80294
-86045
31747
-19616
40424
26881
-40446
-93335
70069
-53648
-13967
50256
81641
-54362
2794
11771
9743
68532
-18020
17727
-30653
12879
2896
95478
-14710
91196
-53881
-10759
66300
19415
52928
90938
-51748
-49217
42453
513
51144
54882
86021
1729
-72757
5984
-72883
-63658
97040
94046
-79825
-72290
-14926
33450
-77420
-46671
20846
96838
51789
89598
59578
90259
14005
6723
-37649
20891
87603
-63896
-15199
-57413
-39908
-60231
783
33707
34741
-91970
-27914
-50068
32533
-52103
72768
333
-97367
38396
46938
-23271
51282
66468
-11357
81504
-54295
-75146
14271
289
-39646
93524
64012
-45679
-72818
-99173
2093
-72886
50618
87773
-95039
-6509
30389
66294
92280
21384
-72209
62349
-27908
77030
80061
-10967
-52662
55669
10554
-69459
-59356
2130
58119
-22415
40351
23064
-14414
92159
36311
82155
-32972
94631
-57789
96096
5781
-69889
45603
-60788
84138
29627
-39786
-28312
62718
2213
43208
45726
86159
58489
97352
-29070
32559
-37345
95671
86416
79692
-90939
10332
-89682
-17463
-16872
-66923
72093
78474
-32416
-11736
39282
3791
46390
-68616
19723
-19464
-37662
-99629
82624
-65177
84117
-54680
92968
-26558
96575
55446
87941
57815
-86450
-15905
-94707
11931
91205
96379
97622
28299
-83660
-8119
-53027
-11724
19738
6688
-93966
-45875
16467
-58812
70276
-72126
-77313
97397
72837
66828
-91982
58593
-55751
92603
-17071
-87943
-16736
-76651
3919
-92320
33534
48088
-3388
36480
-28668
-37220
66215
10807
-9060
-51947
48360
-79761
-39082
13556
98733
21324
-13270
39660
-99034
86654
37161
-76398
90063
-65738
96005
85597
-58238
-29900
52089
27597
67190
-90369
63894
-98647
39960
52143
94060
-84064
-96764
-92636
-64495
-33647
60320
37145
20369
-30042
32917
-68846
22322
75803
-74837
50867
-17310
-49443
-66240
-20437
-85249
-87731
-7323
-12851
-44861
-98717
7893
65855
65675
-16208
96275
-7861
61314
-27332
74719
-53357
-50962
-115
20372
23521
-10985
-66167
62113
-71971
32463
65843
71010
-18985
-31197
35089
-55206
-828
94236
-27538
-40753
966
14130
-79557
48259
-84636
-6962
-47279
41674
80601
83962
51794
51085
-1208
22504
74669
-807
-755
-43044
-22529
13924
66030
78582
-40809
-42145
14384
-76192
53010
4273
51334
-2032
10725
97301
14820
-87942
-92806
-95151
-39053
-25770
-59471
69073
-6947
-81783
89991
46753
-17913
-23117
-37420
22724
-35489
-72492
-1810
-97293
50378
-23781
-28117
-87563
65792
141
60036
-18153
98868
25166
-97962
-53623
-3029
72848
-39934
-75499
-18066
-49451
64499
8124
-48741
-45854
72511
-75217
-13739
-49534
56999
4903
-72165
-86541
-34311
89057
72950
-63246
47765
-10438
3276
-26530
48140
7266
-43374
-39797
-63516
84544
9119
-68634
-49928
81122
9691
10688
-88708
-92449
-72234
88185
-63842
-56564
65077
38666
22089
83607
1223
88942
40643
44035
3446
-28370
45110
-8512
4376
13064
96012
69222
48293
-65221
-33293
-9970
-81789
50098
50112
-86451
86270
-5046
61168
-98418
-61549
66754
-30007
-99061
-90837
-770
88351
3496
-54171
48184
12018
-45716
-38324
88324
-93131
93276
-48792
-52995
4521
17910
12464
49681
21608
-44729
15197
75239
97406
95337
-63271
-59864
-45838
55133
12054
32113
-97246
56769
20796
-6381
89100
87598
-31558
-47419
-78039
80944
-89090
-34841
72691
-49501
-73729
-21453
-26552
80422
-34761
-19646
-49881
-23041
2671
4857
18198
-58165
86258
81678
-98330
45920
94883
-75142
88014
-65215
-49301
-75395
77813
-78787
-64246
31817
93068
61348
17871
36108
56343
-16025
-20254
-47971
-69493
96203
99519
-41598
-68781
-54327
75005
82012
-27091
32838
-54324
-70800
-32975
58026
-98306
1234
-20174
51935
-24836
46512
-15491
10088
53913
-22920
-56770
95323
15555
54439
-98622
73917
30229
51695
36247
-72
-30262
-48636
-69616
-53893
-69107
-51004
-3739
9006
7148
95553
-22985
75921
83498
76268
-97680
63408
13171
-13857
-77815
-1915
-48598
51846
68261
-89238
-16353
48107
-99685
-99719
87900
13598
-93359
71618
-17506
87613
-61373
89576
96609
-57115
-27677
-87208
40980
-44171
20635
26407
25196
49020
58862
98759
-81579
-47297
63100
-89946
-23742
47592
13988
60964
-86491
88589
6532
78062
-7109
-58532
-72101
-63940
56255
-55071
23376
-91933
-18306
19508
90060
-60393
-81014
70594
9602
4673
11080
19062
57166
-1863
47845
-88765
99707
-27551
-19739
-61168
65183
-31459
76316
-83135
80737
-97678
61621
17439
56283
-19590
50479
51491
-66982
-35775
-89240
-32220
-82558
49856
57170
24602
-55665
46388
85570
-82226
-64394
-9575
84903
-91424
-40919
73608
-82537
-35148
-76038
-80662
-75195
19323
-89961
-60904
-86257
49433
95667
-31727
-65100
97720
25862
-79017
40547
19753
-80406
38374
99438
47986
41702
16594
16413
14520
-43576
-63108
73951
-18934
107
20016
46044
-69113
5017
17374
-71002
-93906
47113
-90317
39757
-53888
-45559
-91564
-24623
-50156
-79945
78071
49330
1975
-84375
3102
-26524
-99907
66349
-2512
-97825
90473
-30678
-66891
25746
-68876
16997
-69651
-22793
34109
-63328
-41010
83906
-7858
-61668
71769
179
14023
2176
50904
-89141
-98646
-48430
19126
13467
-52030
44897
16442
34807
-78672
76613
25698
-85110
83539
40063
29208
17667
85587
-92678
-21677
-3411
-25525
46067
-35763
-85283
66321
-80844
-7972
81732
80419
38331
72176
12324
13615
-28614
74728
41824
-31618
-11656
-69551
33964
-70593
-76907
-75333
-94749
-64468
-52438
-44422
-18569
-26149
62735
-61258
79874
-5853
-15242
98543
-13316
-26135
18612
66514
3334
-59834
-10336
20528
-81630
76118
-67500
63329
9926
33184
99217
-95180
-42619
69149
-23745
-7791
-57043
-38617
33425
-84050
3760
2239
56903
13162
-84486
-52933
51021
49737
-69279
25226
31041
65229
-8325
75493
41682
17837
-65463
-78699
-67517
-53771
-46128
76955
-94769
79417
3976
70207
-40473
63031
17710
2360
-98281
-43000
-5580
66420
92614
62531
-61992
17222
-60004
-57489
-77230
106
44094
-73630
-5977
85365
29620
55994
25627
79133
13164
-21321
14915
20002
-94312
57012
-44423
76569
44146
59136
60904
86867
67423
1565
-12666
-7250
76913
-66092
51938
-67528
55943
-86093
97107
-89477
52239
72869
-23024
-45015
30764
95148
6366
-50203
-67789
-72131
25572
39595
70798
14200
-51558
-97762
63939
68034
-57568
-77587
95375
-7039
74475
19552
-46484
96051
50202
27077
-49550
38827
78823
-55375
77466
62250
-41352
82101
-1955
78550
25045
-98337
-6277
63129
97333
62698
35991
-46631
-12303
40451
79295
6927
-26278
-35656
33162
51974
38246
-78209
1626
99890
-11579
18017
93825
49259
32017
82114
40896
-41211
-18460
96269
-19477
30988
-89083
50880
-69400
-30367
-33734
-44015
-16042
-82580
-2559
-35524
-59062
-50692
18585
13866
18164
-69501
85819
41087
-44448
-1177
71782
-57408
34073
-25402
30936
10527
-91096
-77367
-17640
-1563
50554
4643
98224
86395
-84897
32423
56569
53717
36142
61892
97422
-32516
2887
-82594
-75230
94710
-54159
59593
12782
46547
39777
-20572
47107
13591
-41764
55568
-89667
-3201
55539
55820
53464
64562
-14866
61359
64924
-23418
21188
74752
-47052
-96981
66565
-91915
-35555
43064
-77350
-40953
-32902
-42800
46757
75950
54276
99056
94018
-51778
23710
3033
8623
11934
57030
-93164
1352
28768
-64152
359
86634
18690
-19252
33874
29498
-45824
56368
-42298
-58562
-15596
20337
-95197
-62360
86604
58466
-4436
-42444
-86139
63551
44490
79143
30729
-33220
56057
66806
-30653
62454
-1389
33929
-83493
34571
74551
41364
-18574
37253
-18858
-46683
-39877
-16783
78810
13821
-16716
71950
97459
50837
-15999
23393
-91009
64194
-28189
-87386
-4076
-10574
12121
-13152
-13779
-23850
-60013
-14447
-53072
55770
80783
-65082
-60264
-31537
-97709
85322
59716
23530
-30779
96891
-85477
-54042
-75414
-73223
61658
-9212
44985
72122
-75013
44787
-71781
-63366
-22525
-87030
2754
-112
51881
-84239
-55901
-25188
-74658
62944
61905
-28195
-963
-46209
-17160
56543
-79087
-23699
71282
15505
-15107
99229
30793
-4812
75724
-21030
92042
39152
-47978
29995
82754
-83199
40779
14801
96216
1742
-22497
45677
85319
16986
-98478
-83522
-32586
85459
-8805
-73016
-34827
8392
-73488
-239
32918
4856
49717
41094
-38490
-66299
-67202
75258
-86009
36808
25283
-51442
-67669
23294
-40545
-48213
56047
-86817
8900
-12884
19729
-53169
73408
-84391
-31408
-69650
5092
23503
82079
36938
98134
19899
-15355
78324
-55243
-67771
-72940
9456
-35740
-54775
-17661
-75834
67254
6720
-98390
-1419
79860
61181
23898
72007
27853
-91436
7639
-1984
-12005
-23659
-37004
-82448
-36338
-95690
32585
-88536
-22537
41678
-72622
65673
35699
45118
-75097
-10633
-5326
-96342
51732
74669
-44125
-98139
75476
31659
47934
-22805
-9041
12106
86189
10439
-4435
84207
80792
-20843
-73419
-53154
-11829
62434
-2297
-5146
19014
-36049
-86637
-94854
42338
-29611
7988
-20576
28571
-16318
-75316
24514
9406
-44447
-91972
7203
96112
-91368
-58240
-26773
64664
19371
15526
-98781
-51158
23933
97257
-11396
13649
36215
34414
53193
-91784
67841
-4454
-77299
-6922
-2002
-91378
-54737
86996
-85196
49472
-78390
95227
27992
-55753
96609
86207
60904
26659
-51345
-99646
-71774
-7466
-36899
80902
-47885
-31837
2573
-49901
42137
-79470
16531
-20671
-6615
-64964
-32764
18851
4397
-73015
-53594
55760
6437
-66748
-79289
20751
21038
52760
87465
-36706
-1023
24938
96282
8031
-3310
-43182
73762
66464
92440
-40457
59286
-68667
-81876
-65595
61578
9620
-75765
11598
-1628
-39011
-67210
-75782
98955
18052
60473
-80852
11837
-84435
60744
89524
25984
34754
42116
-98006
-79696
-31836
15837
-1171
48887
80172
-5934
-16008
-34341
-24996
-19243
16349
-85262
-35673
-73974
39394
-84240
51225
-38867
-34315
-42399
-15708
-61614
47756
64050
-86071
-80568
72605
-38615
38303
-69609
-26505
-67339
-42045
-86871
-58436
58912
81565
95813
-7813
89440
-4342
-3274
-4306
58829
81387
45642
89549
4462
-78007
-2186
-80243
-94036
-79196
-42601
82616
33320
-40681
-82733
-63062
86888
57193
90270
-18139
70636
-63566
-76711
24850
-97825
35495
33748
-89899
-75671
47237
68212
3339
90977
-74793
-39632
-69469
25632
56163
-36811
84758
-1039
-42505
-58838
-16380
-97884
-72437
-20274
32876
33602
38867
-93444
-5816
-24038
-82140
-31216
23299
70202
84352
70436
-43304
-29703
34944
-3980
-68280
89841
-34275
89824
-20873
86795
-83878
-15665
26148
-84621
65426
-35089
-33596
-13142
72025
-90853
-27975
77369
26194
-43050
81652
62787
-98931
35124
-74716
-27916
6362
-23016
-46887
-96362
-78033
44056
47546
97538
39089
-40323
16415
-57037
79586
73766
-74484
46134
-39448
-59317
-95989
38717
52790
-24289
-81243
47571
61337
-26929
-30532
98091
72673
57640
-52536
-12527
58410
-79595
-67540
29506
-8890
-36667
-17228
-58281
-29880
24363
-83794
-89957
-10640
23263
52386
-9154
26414
-70302
67375
-285
-61163
-41025
-7485
-65580
-99683
29516
-33610
54613
-21227
-62320
59396
-55914
57763
54719
68133
-59455
15737
-51872
-1525
-23884
58134
43471
36599
56265
40630
-69281
-81095
73744
48536
25623
-6398
50270
-38486
-25763
17703
63614
-32494
-75215
50292
-7418
72411
-82544
-58197
-27131
11834
-49928
41112
7065
71165
22731
8722
-71459
59151
-31923
9552
-4801
16810
72904
-79131
86127
84121
-63921
-45287
-22541
73705
415
-99290
-99689
-28244
8481
33356
13954
98729
88076
40465
-92187
-45853
74663
-41511
-57524
-13820
7532
-89955
12631
96870
-37496
26251
-65214
62910
575
-36486
80863
8870
-17811
74312
-45146
42054
-58201
-12781
42467
-23074
33088
32336
-56435
84786
-31193
72011
-74953
-86127
-16146
23547
-17953
53252
-18907
-78143
1764
19088
-13019
84029
-53803
-57944
-9815
89997
-24795
17331
-54570
-6236
57530
97717
38491
-51454
72420
35932
-13389
18453
2923
-98326
-27641
54252
97665
55097
92913
62740
-30378
-2896
59932
32465
-18805
53953
64775
-81605
-93058
76699
70760
25458
74820
14835
-30995
-46401
54068
69227
-98083
11784
48800
-88100
29662
39663
76319
35077
57743
57609
-79354
51535
7893
18678
-91403
-52740
19572
56034
-54003
-59412
77523
74583
-38081
58508
58338
29436
20608
-51493
-46313
-26514
-29800
88346
7827
71801
-41446
46480
-66460
-44750
-99602
-10249
-29
15669
2442
-85370
7422
63543
-62785
-76324
-32112
-23097
-6416
-73146
-20372
17062
-57635
-24339
-70919
-9089
24029
29855
26423
-36220
-56086
98168
-32800
12455
23766
47981
-9943
10098
-99236
37044
-14297
-63292
43026
89811
31695
16873
-31878
-91900
-56618
-25964
45687
92418
-11977
11259
70044
8820
69139
-48176
27104
-23694
70706
4823
84910
-18632
72871
-90328
70489
26662
51282
-78717
46381
65521
36416
-54581
62240
-12118
22381
-1759
86824
10281
-66967
81886
-16858
-42794
41943
-91348
-13377
44499
95890
40514
-52852
-66359
9579
-45958
-87065
-40114
71246
-72624
-84122
-99216
-6141
37049
5732
72737
-71408
-78179
81914
-62594
-62981
82419
28877
5438
-68564
29496
73665
-21324
-41807
5964
82764
-93824
6876
-2839
-99099
-4648
5127
-59072
94811
61934
46200
-53774
21121
66175
98783
-75544
-46521
25528
-76804
-29617
21796
-78716
81629
-90445
99631
31990
84933
-47497
63373
36368
-49239
7727
3333
39278
-52716
61978
-57680
-62510
6826
-79361
-3188
-37683
91593
48738
28079
-14394
84683
80355
-41256
-85718
-58776
-26252
-96031
-83920
-67719
28661
74576
-88505
44311
-18514
81421
-45665
-66654
-38936
-45777
42833
7005
88104
-2001
-45780
34615
50057
-46018
24669
-53084
-26315
-23822
58042
-92502
5632
27675
-9813
-98632
56545
-81740
33781
93104
97997
91318
-22107
-95610
-64079
-46330
61781
-64704
-55220
-242
7838
54493
-984
18152
52250
29074
6131
-48969
62292
7087
26878
-44144
-72177
-15263
82641
-6954
-36241
-16368
50152
-54812
-50040
59624
527
71202
-71038
-84298
47317
-19589
-8410
31272
-51088
78053
18631
-69001
56173
56031
67983
-51104
-40622
89337
6565
-90163
8402
74957
-13704
80467
34155
-76469
-79061
-75755
34848
92722
-227
-30523
-34674
99867
-78317
-64118
-48530
94191
15173
-44610
-11546
-40199
-55358
81614
-96117
13846
92608
71941
6008
47305
-26172
-70046
-50940
10731
-68374
33125
54690
81920
-17774
18281
3034
-94940
-39641
23851
91488
21092
71565
34920
77198
41449
51686
-72795
11331
-78770
9602
-67768
89815
-82861
-32927
-5468
-28422
28715
39845
-30638
-38616
74800
-78951
64186
-80437
2999
-55208
-28175
10541
-80195
-29733
78076
74199
73216
-36829
21875
-59317
-33750
28031
92993
-61349
29672
36666
85064
13669
22938
-11227
-53087
-57557
-62877
81917
-45951
85395
81951
-84104
-41417
-99080
-32460
-12239
10898
85482
13505
-35795
74015
16969
-28428
15561
63823
65209
32312
-54078
48055
48258
-5749
-12639
-74510
35143
70829
51649
43425
15905
20020
92094
-89517
-20264
-2691
66236
-6721
79741
83389
-39535
-11026
94375
-38987
-67760
56054
-1144
15236
40691
4256
57451
-69226
-82012
-40149
-91188
58106
92776
-32406
-73581
-79342
-67416
16136
29103
73635
-23714
-71252
58508
20045
-9832
90423
46576
93460
60908
53162
-23497
-31268
76089
-7579
7721
-72781
56725
-73462
80245
-6455
12824
-49856
-59187
77755
78596
-58156
-32419
-34164
80400
46713
-93399
84788
-73648
-56464
59010
63699
27330
-15933
63652
-60098
-11593
58027
-93393
3450
-28389
2129
-36928
-84793
-3805
-99535
92588
6867
79763
-85541
77208
-76144
-68566
21460
19256
-19553
96426
-49063
70370
33387
-92985
-67325
-83186
-94253
-16724
58630
-13203
-24705
-33692
-61933
25826
11412
32172
67102
39521
-83326
-98222
21050
-11997
34234
-28087
18783
3
-14531
60877
-9074
-96392
62096
19565
10507
-47889
62796
68602
-84727
10117
-33519
-64502
4708
-89634
93531
-62999
27848
-84571
2157
-76515
879
28896
-33559
-52267
15943
20270
52097
-3923
-53839
94688
-33208
-48096
-61274
49970
8546
88459
41140
-82971
-36326
-74470
87526
93178
8082
-73455
95682
73868
-41323
49017
24428
89739
69769
50405
-79256
35665
-36928
18144
-36675
-10846
-84947
-39051
-26635
-52027
-1933
-70631
-9664
-71303
19033
-44679
-8392
6294
91098
75100
56255
-70142
-20647
89845
96132
11724
4466
76168
46501
-84504
13484
93302
5358
-21689
-42294
45415
25600
66323
-84415
-13230
81101
10500
75459
12844
30848
66018
18682
78763
44473
-58089
46096
-34315
42806
20016
46059
-24790
27533
40816
-2826
34442
70421
-49583
-38886
63557
94181
56728
-23667
18142
9908
64915
-28607
95035
25120
-44302
-83012
-65525
53386
-32768
-12537
66388
15070
-82436
-27776
-92904
-48016
91416
3403
-9309
-52478
-84915
20069
61748
-53406
-91815
-55336
48901
-96784
43798
-68213
-97927
-37314
80120
94705
-54814
-89968
-80029
92706
79916
97154
-33817
94022
-69015
-45943
84569
67501
-55175
-54063
15311
-78724
15189
-64506
-36809
3011
-53640
39919
-41003
93226
70316
-1100
92055
32712
-2259
92928
42582
52694
31227
22145
-30165
91064
-58687
76684
70508
56059
31069
95390
89218
78685
9164
64830
-25048
-79291
72691
77310
-72190
59155
67276
54367
89239
-21934
-32853
6548
29933
35082
58348
42079
42816
-71886
29116
-82152
-47714
-56829
-88384
51661
82210
50856
-46043
7874
-94773
-40046
66565
-47527
21304
-45849
-55437
70797
73538
-84134
99619
45144
-68682
-25002
59193
-41291
42285
23380
80812
-66432
15626
20108
-65129
-32775
23056
63111
-92708
-30297
-6114
-96685
-94795
-38695
-45945
-86064
-43432
-3961
16274
-3160
-87354
15896
-40053
-98212
84785
509
19908
-2823
51464
-70982
-28692
-49303
-95776
89093
-51639
45221
4416
-28537
-92843
82632
48713
-48385
49587
42367
-61312
96198
-14260
29853
-67142
-94675
14090
9291
-28765
91010
-33103
79069
10922
76594
81877
26943
3341
-44984
-96388
75790
99708
-79213
-34480
13187
-64915
21030
19072
-98102
-81989
16889
-57035
-32399
-59781
-46611
-7123
24123
75422
-64979
44661
59925
-44612
79408
37831
-68256
96515
1883
72765
-65555
-30661
-51646
10417
-59193
2293
57423
-30092
-15319
96016
-59781
-15577
32720
-74457
31546
-50759
66027
4634
29236
-41923
72432
-62345
52205
-13977
22600
-14714
18309
-93853
-33430
-52178
3867
61393
-35515
24391
75725
-9759
-19433
-85955
-18917
25544
71131
-97891
-56470
86684
92447
-44289
49060
-23790
40947
17361
-43908
99985
49918
82812
-89649
-59342
-20438
12468
61542
-27753
84479
-64223
83352
-4379
-9970
-6555
76237
48351
-94781
-81590
14237
-33696
83806
-28535
-92650
64437
-60613
33977
-10020
50965
7309
43923
-44437
-83715
-24599
-46498
33977
97132
-98818
-66949
83127
67448
-66333
-84081
-50699
32588
-96887
96392
-81307
-88577
-16368
-50546
-33673
-71919
57653
91784
-26396
-13500
-22872
-6648
30983
-74347
31867
7572
-46491
27158
81975
-34862
97229
-67927
-48759
64463
-54629
13850
15066
65900
83094
48218
37820
-33499
-88327
-2796
96383
86783
65359
23022
-26524
-98930
34103
-24290
82153
-23456
48967
31526
56195
-57846
84173
-49682
-90134
34316
-23375
13820
94158
29411
89654
-59758
53095
-50324
12383
-1372
-18390
-48528
686
1140
-59561
90896
-18296
-26228
-59601
32014
12276
-40361
34947
-44171
7298
57693
82728
-34201
37832
-58087
87303
76417
-69561
-6407
-13743
32300
57133
44914
-62961
15619
-34700
-59331
51415
67868
-63640
-27407
-94693
80566
-81339
-99522
42075
-65795
62078
-79101
7098
88572
98970
92621
-74577
15391
-2439
34413
57554
25572
21429
53045
81558
59230
-64092
-71025
91222
23206
-65735
71673
41736
-8994
33482
55200
49934
-18525
-980
-26536
-91413
-39985
-6790
25334
-66350
-95065
31925
37515
74394
14440
88709
-23171
-95345
23849
66206
84611
54306
-60371
-47426
-88836
-49600
34439
-47150
-4371
-13441
-83542
-39176
87894
67445
-79348
-34464
-83217
-95069
81143
-48117
17092
-54769
-83220
67509
69866
41519
38196
-51696
-97251
-5503
-38268
-41242
-2569
21560
29580
88351
-21425
-99568
17500
-50461
59500
-72126
34995
92887
84517
48724
-77018
42820
75542
59656
-51286
40470
-79487
-67404
58750
88512
95230
52722
-87817
7164
-66592
30957
42537
55216
39718
96988
58671
43373
-95589
36747
51608
-36400
79499
-18347
-722
92427
-11422
-27794
37156
51518
86946
61021
34971
94591
-20032
3654
15953
20345
78108
39461
-10265
44784
28700
76439
-69171
16418
-87900
-18798
-70644
90953
-49293
71734
-26961
39742
-58723
24891
-94129
-46985
-5983
-94903
-18054
61873
-19482
26022
-63233
31785
22871
25737
34777
12611
-16937
75022
13878
-63218
20387
-92413
55586
46303
64707
-4129
-69227
10841
36205
-70894
-75755
33935
-79114
14712
-18423
-25728
-95371
-36505
-47268
85121
82039
20583
-6646
8568
-92200
42113
-30646
-26172
9412
-71760
23640
9722
9610
-86604
-738
35275
68890
74502
90622
-83775
-41637
36262
-70337
28840
46955
-2288
86993
-21111
-38604
20429
-66114
-77486
12071
-80091
80432
14481
64984
71858
62105
19359
17910
43791
13891
39449
99429
48624
-9356
-49654
-45574
95115
-94979
90533
-86766
-81932
54495
31469
-81776
96647
-24677
29623
-91535
5502
-46827
15687
8333
-30941
-12316
41816
-45396
38687
-72776
54264
-28862
-90896
21352
-77809
87881
96889
-98152
32128
39609
-30413
90052
34343
-65113
74177
-42517
-72381
-41481
89250
-17126
-95571
-25793
-384
-23405
40198
-93830
-32667
-60133
-56720
17446
-55219
-84579
-65230
-37893
-21354
-86786
-76225
16199
-80108
14526
53072
94123
60417
31431
42222
50924
59665
-71466
-30516
32758
84516
60355
-26544
94708
74133
61614
-99598
-73468
36528
64904
-54787
-74853
-40896
-81925
-49805
93045
-15163
-12553
67022
59318
-16380
6554
-82848
-23454
-49607
-31556
69532
-9738
59880
69396
36397
-70687
85457
-98742
48644
-49566
-74878
-67431
-1681
56639
-70650
-8928
-45595
75615
-96453
-98298
97950
40517
75522
6536
-19105
20585
-60145
75233
69843
-46283
59808
43284
45525
90649
57930
75545
61451
-62005
2158
43746
16940
45342
-49845
-65400
-92383
38142
38061
-8809
-17911
20742
96964
63603
-51817
5310
68879
28453
4182
-13004
80887
80966
49549
14837
81976
-27898
-54402
-8856
-89158
77465
16776
94408
85886
55168
-48212
-33540
54772
38704
-63956
97045
-5783
37664
96143
-97181
-13667
-96652
50562
97716
69490
-78015
-63527
-11350
-81279
-5252
67571
-85384
15367
-7868
-90182
73401
-83523
-33207
28233
-29139
-55675
-11817
69865
-48688
-65792
-21885
-41612
-53479
34044
41008
75995
27020
-82421
64511
10563
89340
1839
90001
-25527
51425
-78863
-19399
-5081
-21550
64977
-16637
-32210
91679
-74409
-18148
-82061
-947
-87544
3164
-15673
-29586
-96972
-62281
25310
-13795
89516
79099
-73456
-92012
-26606
73990
97214
22314
3080
84616
11981
-80725
84810
-98063
94030
87573
-8744
-97225
-88322
-19411
-73588
-36411
-91096
-60675
-79094
-86845
3305
-31446
98132
-14530
-44724
-47627
77757
-55499
-86957
85198
56373
55359
-65193
-36976
-62973
-89828
78023
38942
-10798
59094
73676
40728
-57246
-79853
59213
4409
7071
-16518
22926
99919
-29105
76864
41267
-98984
-86684
-4786
-46685
33782
-83855
-33839
36744
-52977
-80967
-13027
38642
13252
47268
32574
-14181
46988
47243
52701
41605
15916
70898
-97076
81216
65877
59733
-23570
77064
-50022
4763
-83898
77514
-34932
-58201
-55782
-85241
38388
-64242
-83517
-1199
-29268
-44509
-65900
56755
-28518
15149
47525
-61842
-98998
-94022
12795
-23395
4903
-4211
71829
68154
-76138
26098
-17898
-48647
35376
1330
-36982
74706
26393
15715
32918
-95140
-57919
-63145
-90879
-93163
25911
41908
-90535
-78914
-54043
-6620
-97725
-89117
-3220
-3166
-31773
51129
-99363
3189
-81884
-87841
21456
51898
71140
-39225
-79003
66841
-68225
62766
37013
37210
-67785
-94841
-9804
10000
29309
-83082
6405
-79629
42398
2743
17913
8012
-89139
-10977
-1146
97481
-83575
87803
-93536
92528
26154
95381
4695
19248
-69234
-87084
-98739
-34796
-94438
31875
-46190
-93487
34735
-46038
-8290
82878
-74005
36440
60266
-33885
41817
-5053
-5077
85097
20982
19398
38764
79793
98849
84744
96391
-94847
92254
